2 0.155304 0.220886 0.151306 0.19104 0.887207
2 0.0874329 0.245361 0.0531616 0.193848 0.526367
2 0.112549 0.232666 0.0993652 0.227539 0.241455
2 0.16333 0.226318 0.279785 0.22168 0.0398254
13 0.0874023 0.245361 0.0556641 0.191895 0.0176697
2 0.081543 0.244141 0.0913086 0.192383 0.0137787
13 0.143707 0.230957 0.163269 0.194336 0.0114059
2 0.150208 0.228516 0.185913 0.328613 0.0112762
2 0.122925 0.235107 0.165039 0.21582 0.0102005
2 0.0942383 0.234558 0.072998 0.267212 0.00997925
4 0.940674 0.483887 0.0776367 0.908203 0.00647736
4 0.141174 0.230713 0.159058 0.202148 0.00608826
4 0.112549 0.232666 0.0993652 0.227539 0.00591278
13 0.112549 0.232666 0.0993652 0.227539 0.00437164
4 0.0389404 0.725586 0.0510254 0.441406 0.00370789
1 0.146912 0.225342 0.17981 0.192383 0.0033741
14 0.143707 0.230957 0.163269 0.194336 0.00318146
9 0.143707 0.230957 0.163269 0.194336 0.00300407
3 0.953857 0.512207 0.0922852 0.96582 0.00252151
4 0.0874023 0.245361 0.0556641 0.191895 0.00209427
3 0.141174 0.230713 0.159058 0.202148 0.00206184
14 0.112549 0.232666 0.0993652 0.227539 0.00201988
3 0.112549 0.232666 0.0993652 0.227539 0.00201988
9 0.0874023 0.245361 0.0556641 0.191895 0.00197601
10 0.143707 0.230957 0.163269 0.194336 0.00196648
5 0.143707 0.230957 0.163269 0.194336 0.00193691
7 0.143707 0.230957 0.163269 0.194336 0.00189209
3 0.977783 0.509399 0.0444336 0.955811 0.00186348
19 0.143707 0.230957 0.163269 0.194336 0.00186253
2 0.039917 0.807617 0.0534668 0.384766 0.00185871
16 0.143707 0.230957 0.163269 0.194336 0.00183296
8 0.143707 0.230957 0.163269 0.194336 0.00181293
6 0.143707 0.230957 0.163269 0.194336 0.00181293
11 0.146912 0.225342 0.17981 0.192383 0.00181103
2 0.831543 0.048111 0.224609 0.0715027 0.00179958
18 0.143707 0.230957 0.163269 0.194336 0.00179005
12 0.143707 0.230957 0.163269 0.194336 0.00170994
3 0.0874023 0.245361 0.0556641 0.191895 0.00169754
14 0.0874023 0.245361 0.0556641 0.191895 0.00169754
9 0.112549 0.232666 0.0993652 0.227539 0.00168991
15 0.143707 0.230957 0.163269 0.194336 0.00166321
0 0.143707 0.230957 0.163269 0.194336 0.00165081
17 0.143707 0.230957 0.163269 0.194336 0.00161839
1 0.112549 0.232666 0.0993652 0.227539 0.00153923
11 0.0874023 0.245361 0.0556641 0.191895 0.00132275
7 0.112549 0.232666 0.0993652 0.227539 0.00127792
10 0.112549 0.232666 0.0993652 0.227539 0.00126839
16 0.112549 0.232666 0.0993652 0.227539 0.00124836
1 0.0874023 0.245361 0.0556641 0.191895 0.00123787
4 0.955078 0.546387 0.0820312 0.907227 0.00118923
8 0.112549 0.232666 0.0993652 0.227539 0.00117779
11 0.112549 0.232666 0.0993652 0.227539 0.00115013
4 0.0491333 0.772461 0.0616455 0.455078 0.00112915
5 0.112549 0.232666 0.0993652 0.227539 0.00112438
17 0.112549 0.232666 0.0993652 0.227539 0.0011158
6 0.112549 0.232666 0.0993652 0.227539 0.00111103
19 0.112549 0.232666 0.0993652 0.227539 0.00106907
12 0.112549 0.232666 0.0993652 0.227539 0.00105667
16 0.0874023 0.245361 0.0556641 0.191895 0.00103951
