2 0.324829 0.260803 0.319092 0.153198 0.911133
2 0.521973 0.932861 0.0283203 0.0932617 0.0428467
2 0.325684 0.257629 0.316406 0.261108 0.00945282
2 0.516113 0.928467 0.0449219 0.0961914 0.0089798
2 0.765625 0.811035 0.0585938 0.0898438 0.00613403
13 0.32666 0.26001 0.338867 0.148438 0.00549316
3 0.968506 0.563599 0.0629883 0.8396 0.00526047
4 0.322876 0.262939 0.309326 0.150879 0.0051918
2 0.95166 0.934814 0.0947266 0.0991211 0.00414276
4 0.947266 0.519409 0.0703125 0.9104 0.00350571
14 0.323853 0.26123 0.301514 0.151367 0.00311279
9 0.32666 0.26001 0.338867 0.148438 0.00290298
11 0.326355 0.26001 0.330688 0.151367 0.00268555
1 0.32666 0.26001 0.338867 0.148438 0.00242615
0 0.326965 0.260254 0.321655 0.154297 0.00230598
6 0.325623 0.261475 0.326294 0.146973 0.00229263
2 0.529785 0.9375 0.0400391 0.0800781 0.00208855
7 0.32666 0.26001 0.338867 0.148438 0.0020752
16 0.326355 0.26001 0.330688 0.151367 0.00206757
3 0.326965 0.260254 0.321655 0.154297 0.00206566
15 0.32666 0.26001 0.338867 0.148438 0.00202751
10 0.326965 0.260254 0.321655 0.154297 0.00201988
8 0.328918 0.260498 0.330444 0.15332 0.00197029
17 0.32666 0.26001 0.338867 0.148438 0.00196457
12 0.326965 0.260254 0.321655 0.154297 0.00195694
2 0.336548 0.292969 0.344482 0.408203 0.0019474
5 0.32666 0.26001 0.338867 0.148438 0.0019207
19 0.326965 0.260254 0.321655 0.154297 0.00189781
18 0.32666 0.26001 0.338867 0.148438 0.00183201
4 0.980713 0.54541 0.0385742 0.866211 0.00175285
4 0.958252 0.728027 0.0463867 0.491211 0.00172138
2 0.953125 0.822266 0.0917969 0.314453 0.00157356
4 0.963867 0.48645 0.0644531 0.861084 0.0014677
3 0.958496 0.518066 0.0830078 0.963867 0.00141907
4 0.535645 0.848389 0.0634766 0.256348 0.00128078
4 0.325684 0.288574 0.320312 0.300781 0.00102711
