2 0.499512 0.270996 0.353516 0.104492 0.907227
2 0.965332 0.907227 0.0556641 0.160156 0.0222626
2 0.970703 0.887451 0.0390625 0.182129 0.0115814
2 0.5 0.294495 0.351562 0.205933 0.00878143
2 0.600098 0.874023 0.0439453 0.134766 0.00683212
2 0.961426 0.825439 0.0732422 0.32959 0.00606537
13 0.498169 0.270569 0.361084 0.103882 0.00465012
4 0.499512 0.273193 0.358398 0.104004 0.00388718
2 0.504883 0.275574 0.339844 0.419556 0.00339127
2 0.956787 0.922363 0.0727539 0.110352 0.00325203
9 0.501343 0.271484 0.352783 0.104004 0.00276184
11 0.496582 0.271484 0.353516 0.0976562 0.00253487
14 0.501343 0.271484 0.352783 0.104004 0.00249672
7 0.501343 0.271484 0.352783 0.104004 0.00232697
1 0.501343 0.271484 0.352783 0.104004 0.0023098
15 0.498169 0.270569 0.361084 0.103882 0.00223923
5 0.501343 0.271484 0.352783 0.104004 0.00222969
6 0.498169 0.270569 0.361084 0.103882 0.00218582
16 0.501343 0.271484 0.352783 0.104004 0.00218582
10 0.498169 0.270569 0.361084 0.103882 0.00216866
12 0.501343 0.271484 0.352783 0.104004 0.00210381
0 0.501343 0.271484 0.352783 0.104004 0.00208664
17 0.498169 0.270569 0.361084 0.103882 0.00208664
19 0.501343 0.271484 0.352783 0.104004 0.00206947
3 0.498169 0.270569 0.361084 0.103882 0.00205421
18 0.501343 0.271484 0.352783 0.104004 0.00203705
8 0.498169 0.270569 0.361084 0.103882 0.00200653
2 0.69873 0.666504 0.0302734 0.0947266 0.00179386
2 0.964355 0.858398 0.0380859 0.244141 0.00177956
2 0.491211 0.240967 0.360352 0.249023 0.00170231
2 0.969727 0.815918 0.0449219 0.368164 0.0015173
2 0.975342 0.870605 0.0375977 0.256836 0.00145054
2 0.944336 0.905518 0.101562 0.138184 0.00130653
2 0.419495 0.257385 0.433472 0.0799561 0.00120258
2 0.40332 0.266602 0.639648 0.10498 0.00119114
2 0.961914 0.858887 0.0546875 0.282227 0.00102901
