2 0.731934 0.787598 0.146484 0.207031 0.855957
2 0.86084 0.611328 0.0888672 0.228516 0.217407
2 0.777832 0.703125 0.244141 0.380859 0.164673
2 0.761719 0.779785 0.240234 0.237305 0.0266876
13 0.734375 0.790039 0.150391 0.194336 0.0131683
4 0.733398 0.787109 0.145508 0.201172 0.0106201
2 0.738281 0.788086 0.176758 0.332031 0.00891876
2 0.848145 0.627441 0.137695 0.229492 0.00664139
13 0.864746 0.609375 0.0859375 0.216797 0.00531006
3 0.0357666 0.538574 0.0715332 0.922852 0.00507736
4 0.864746 0.609375 0.0859375 0.216797 0.00483704
14 0.732422 0.788574 0.149414 0.22168 0.00457382
9 0.732422 0.788574 0.149414 0.22168 0.00448608
4 0.955811 0.447632 0.0864258 0.786377 0.00445175
1 0.732422 0.788574 0.149414 0.22168 0.00443268
13 0.777832 0.703125 0.244141 0.380859 0.00413513
3 0.733887 0.787109 0.140625 0.201172 0.00392532
8 0.732422 0.788574 0.149414 0.22168 0.00310326
10 0.732422 0.788574 0.149414 0.22168 0.002985
2 0.868652 0.583984 0.0878906 0.15625 0.00288773
7 0.732422 0.788574 0.149414 0.22168 0.00282669
2 0.881836 0.607422 0.109375 0.254883 0.00282478
4 0.0334473 0.514648 0.0668945 0.892578 0.0028019
2 0.840332 0.675293 0.195312 0.352539 0.00267029
6 0.732422 0.788574 0.149414 0.22168 0.00266647
16 0.732422 0.788574 0.149414 0.22168 0.00261497
5 0.732422 0.788574 0.149414 0.22168 0.00256348
11 0.732422 0.788574 0.149414 0.22168 0.00248718
19 0.732422 0.788574 0.149414 0.22168 0.00247574
3 0.864746 0.609375 0.0859375 0.216797 0.00247192
17 0.732422 0.788574 0.149414 0.22168 0.00243759
0 0.732422 0.788574 0.149414 0.22168 0.00239182
4 0.775391 0.686523 0.245117 0.404297 0.002285
12 0.732422 0.788574 0.149414 0.22168 0.00227356
15 0.733887 0.787109 0.140625 0.201172 0.00222588
18 0.734375 0.790039 0.150391 0.194336 0.00214577
4 0.0405273 0.754395 0.0767822 0.491211 0.00201607
2 0.774902 0.638184 0.292969 0.290039 0.00196266
3 0.0262756 0.581665 0.0525513 0.783936 0.00185966
14 0.864746 0.609375 0.0859375 0.216797 0.00179386
2 0.726074 0.693359 0.25293 0.442383 0.00156593
1 0.862305 0.607422 0.0917969 0.225586 0.00145435
4 0.038269 0.458496 0.0648193 0.757812 0.00141716
9 0.864746 0.609375 0.0859375 0.216797 0.00136662
2 0.84375 0.610352 0.214844 0.216797 0.00134468
2 0.86377 0.674316 0.101562 0.34668 0.00125122
4 0.75 0.738281 0.181641 0.332031 0.00111198
4 0 0.521973 0 0.956055 0.00110054
