2 0.461792 0.681152 0.0686035 0.271484 0.659668
3 0.959961 0.542725 0.0800781 0.914551 0.519043
2 0.588867 0.0457764 0.201172 0.0585938 0.436035
3 0.967529 0.587402 0.0649414 0.648438 0.0568848
4 0.956299 0.539062 0.0874023 0.838867 0.0385132
14 0.585938 0.0459442 0.201172 0.0580139 0.0185547
2 0.451538 0.663086 0.0617676 0.21875 0.0175476
3 0.968506 0.709106 0.0629883 0.509521 0.0136337
2 0.46106 0.680664 0.0935059 0.203125 0.0129013
4 0.463013 0.689453 0.0769043 0.226562 0.0121078
2 0.959961 0.542725 0.0800781 0.914551 0.00915527
2 0.567383 0.0467529 0.333008 0.0593262 0.00895691
2 0.481445 0.680664 0.0966797 0.292969 0.00822449
13 0.459351 0.6875 0.0617676 0.25293 0.00733566
3 0.459351 0.6875 0.0617676 0.25293 0.00658798
3 0.0375977 0.552246 0.0751953 0.883789 0.00589371
13 0.587891 0.0440063 0.209961 0.057373 0.00474167
9 0.959961 0.542725 0.0800781 0.914551 0.00423431
2 0.586914 0.0457153 0.21582 0.0914307 0.00418091
9 0.460571 0.68457 0.0593262 0.261719 0.00395584
14 0.459351 0.6875 0.0617676 0.25293 0.00395203
1 0.961182 0.547607 0.0776367 0.904785 0.00393677
4 0.611328 0.478638 0.144531 0.640381 0.00385666
14 0.959961 0.542725 0.0800781 0.914551 0.00345993
1 0.584961 0.046463 0.209961 0.0569763 0.0032177
3 0.956055 0.704102 0.0878906 0.591797 0.00302505
2 0.679688 0.0441742 0.273438 0.0561829 0.00267029
1 0.460571 0.68457 0.0593262 0.261719 0.00263214
4 0.587891 0.0440063 0.209961 0.057373 0.00218201
5 0.460571 0.68457 0.0593262 0.261719 0.00214195
10 0.460571 0.68457 0.0593262 0.261719 0.00196457
3 0.977539 0.739746 0.0449219 0.422852 0.00196266
7 0.959961 0.542725 0.0800781 0.914551 0.00186539
17 0.459351 0.6875 0.0617676 0.25293 0.00186062
4 0.0375977 0.552246 0.0751953 0.883789 0.00177097
3 0.963867 0.407349 0.0722656 0.642334 0.00176334
2 0.441406 0.6875 0.0976562 0.274414 0.00175953
11 0.460571 0.68457 0.0593262 0.261719 0.00175667
8 0.460571 0.68457 0.0593262 0.261719 0.00174904
12 0.460571 0.68457 0.0593262 0.261719 0.00171471
17 0.959961 0.542725 0.0800781 0.914551 0.00169945
19 0.459351 0.6875 0.0617676 0.25293 0.00168133
8 0.959961 0.542725 0.0800781 0.914551 0.001647
9 0.587891 0.0440063 0.209961 0.057373 0.00164413
7 0.460571 0.68457 0.0593262 0.261719 0.00162411
0 0.460571 0.68457 0.0593262 0.261719 0.00158691
16 0.460571 0.68457 0.0593262 0.261719 0.00158119
0 0.959961 0.542725 0.0800781 0.914551 0.00157833
10 0.959961 0.542725 0.0800781 0.914551 0.00157833
7 0.587891 0.0440063 0.209961 0.057373 0.0015564
15 0.460571 0.68457 0.0593262 0.261719 0.00155067
11 0.959961 0.542725 0.0800781 0.914551 0.00144863
4 0.463501 0.598633 0.126709 0.462891 0.00144196
19 0.959961 0.542725 0.0800781 0.914551 0.00143623
15 0.959961 0.542725 0.0800781 0.914551 0.00143147
6 0.459351 0.6875 0.0617676 0.25293 0.00141716
3 0.0246887 0.56311 0.0493774 0.838623 0.00141335
4 0.967529 0.587402 0.0649414 0.648438 0.00135994
12 0.959961 0.542725 0.0800781 0.914551 0.00134945
5 0.956299 0.539062 0.0874023 0.838867 0.00134659
18 0.959961 0.542725 0.0800781 0.914551 0.00134468
6 0.587891 0.0440063 0.209961 0.057373 0.00133133
16 0.959961 0.542725 0.0800781 0.914551 0.00127792
3 0.587891 0.0440063 0.209961 0.057373 0.00124645
13 0.959961 0.542725 0.0800781 0.914551 0.00123501
6 0.959961 0.542725 0.0800781 0.914551 0.00122929
16 0.587891 0.0440063 0.209961 0.057373 0.00122261
15 0.587891 0.0440063 0.209961 0.057373 0.00122261
10 0.587891 0.0440063 0.209961 0.057373 0.00120354
5 0.587891 0.0440063 0.209961 0.057373 0.00119877
11 0.587891 0.0440063 0.209961 0.057373 0.00118542
17 0.587891 0.0440063 0.209961 0.057373 0.00115776
8 0.587891 0.0440063 0.209961 0.057373 0.00113964
19 0.587891 0.0440063 0.209961 0.057373 0.00113487
0 0.587891 0.0440063 0.209961 0.057373 0.00113106
12 0.587891 0.0440063 0.209961 0.057373 0.00112152
2 0.414551 0.0227661 0.59375 0.0455322 0.00111675
18 0.587891 0.0440063 0.209961 0.057373 0.00109577
3 0.955322 0.510132 0.0893555 0.60083 0.00106144
