2 0.411743 0.210571 0.23999 0.168701 0.835449
2 0.405762 0.0677185 0.0864258 0.0916138 0.186401
4 0.943115 0.578125 0.0922852 0.802734 0.0715332
2 0.258057 0.0565796 0.373535 0.0943604 0.04953
2 0.380371 0.0666351 0.13916 0.0962219 0.0273743
2 0.523926 0.823242 0.136719 0.182617 0.021225
4 0.945801 0.322815 0.0810547 0.455933 0.0177612
2 0.0508423 0.779297 0.0389404 0.0615234 0.0118179
2 0.412476 0.232849 0.241455 0.287231 0.0098877
2 0.415771 0.0629883 0.0600586 0.0673828 0.00833893
2 0.842285 0.829102 0.0566406 0.195312 0.00757599
13 0.417358 0.215942 0.237549 0.156494 0.00719833
4 0.933105 0.445679 0.0888672 0.727783 0.00667953
13 0.40625 0.0681915 0.0869141 0.0931091 0.00370598
4 0.900391 0.199219 0.0742188 0.212891 0.00363922
2 0.351562 0.065094 0.232422 0.0963745 0.00362206
4 0.957275 0.628418 0.0620117 0.743164 0.00359344
4 0.416504 0.217896 0.240234 0.151123 0.00304794
2 0.896484 0.21405 0.0703125 0.180298 0.00303078
11 0.41333 0.214172 0.247559 0.157593 0.00249481
4 0.966064 0.541504 0.0678711 0.786133 0.00228119
14 0.41333 0.214172 0.247559 0.157593 0.00221252
1 0.412598 0.219482 0.231445 0.147949 0.00214005
2 0.427979 0.067749 0.0800781 0.0913086 0.00208092
13 0.522949 0.829102 0.133789 0.201172 0.00196457
2 0.36377 0.226562 0.261719 0.121094 0.00194645
9 0.411377 0.210205 0.23584 0.162598 0.00193977
16 0.41333 0.214172 0.247559 0.157593 0.00184155
3 0.9729 0.541016 0.0541992 0.760742 0.00183964
2 0.943115 0.578125 0.0922852 0.802734 0.00174522
19 0.41333 0.214172 0.247559 0.157593 0.00168419
3 0.94458 0.553955 0.0952148 0.89209 0.00167274
2 0.431152 0.239929 0.271484 0.119751 0.00154305
6 0.41333 0.214172 0.247559 0.157593 0.00152779
7 0.41333 0.214172 0.247559 0.157593 0.00152206
2 0.415039 0.176697 0.199219 0.27356 0.0014925
3 0.411377 0.210205 0.23584 0.162598 0.0014658
17 0.41333 0.214172 0.247559 0.157593 0.001441
12 0.41272 0.21582 0.24585 0.152832 0.0014286
0 0.41272 0.21582 0.24585 0.152832 0.00138474
4 0.97168 0.306213 0.046875 0.455933 0.00131226
10 0.40686 0.226074 0.223389 0.131348 0.00130367
15 0.40686 0.226074 0.223389 0.131348 0.00129414
2 0.449219 0.193451 0.245117 0.211731 0.00125122
18 0.40686 0.226074 0.223389 0.131348 0.00124454
8 0.403564 0.226562 0.221191 0.134277 0.00123978
5 0.40686 0.226074 0.223389 0.131348 0.00121117
3 0.949219 0.536621 0.101562 0.80957 0.00112534
14 0.40625 0.0681915 0.0869141 0.0931091 0.001091
4 0.934082 0.522583 0.131836 0.845459 0.00106239
