2 0.501831 0.747559 0.236572 0.411133 0.907227
2 0.516479 0.72168 0.193604 0.300781 0.244507
4 0.501099 0.747559 0.241943 0.429688 0.0256348
2 0.486206 0.686035 0.310791 0.407227 0.0193634
13 0.519531 0.731934 0.191406 0.37793 0.0145493
1 0.50354 0.737793 0.232178 0.455078 0.00871277
14 0.50293 0.739746 0.224609 0.461914 0.00788116
3 0.519531 0.731934 0.191406 0.37793 0.0075264
4 0.947998 0.198242 0.0532227 0.352051 0.00743484
2 0.54834 0.730469 0.203125 0.373047 0.0063324
9 0.516113 0.730957 0.191406 0.395508 0.00573349
3 0.0283203 0.51123 0.0566406 0.875 0.00553513
4 0.963135 0.609863 0.0717773 0.774414 0.00542831
2 0.0549011 0.943359 0.0874634 0.0839844 0.00476456
4 0.0688324 0.481812 0.0869446 0.903564 0.00473785
4 0.968018 0.499268 0.0639648 0.950684 0.00463104
4 0.97876 0.455933 0.0424805 0.808838 0.00463104
4 0.0438232 0.509644 0.0876465 0.908447 0.00354767
19 0.516113 0.730469 0.192383 0.378906 0.00333786
18 0.501099 0.747559 0.241943 0.429688 0.00328445
11 0.519409 0.726562 0.187744 0.393555 0.00326729
7 0.516602 0.729004 0.189453 0.391602 0.00319099
8 0.516113 0.730957 0.191406 0.395508 0.00317764
17 0.516113 0.730469 0.192383 0.378906 0.0030632
10 0.516113 0.730957 0.191406 0.395508 0.00295067
6 0.516113 0.730469 0.192383 0.378906 0.00291061
16 0.519409 0.726562 0.187744 0.393555 0.00289345
0 0.501099 0.747559 0.241943 0.429688 0.00283241
4 0.943604 0.43396 0.0698242 0.716064 0.00277901
15 0.501099 0.747559 0.241943 0.429688 0.00261116
2 0.47168 0.802002 0.181641 0.347168 0.00255394
2 0.493652 0.695312 0.272461 0.203125 0.00254822
5 0.502075 0.741699 0.243896 0.448242 0.00251961
3 0.00146484 0.510742 0.00292969 0.951172 0.00246048
12 0.519409 0.726562 0.187744 0.393555 0.00244904
2 0.0411224 0.832275 0.0696106 0.317871 0.00202179
5 0.518066 0.734863 0.180664 0.356445 0.00194931
3 0.0537415 0.512695 0.104431 0.904297 0.00173092
4 0.958008 0.225281 0.0488281 0.411743 0.00160789
2 0.0585785 0.86084 0.103546 0.256836 0.00153923
4 0.960449 0.665039 0.0576172 0.575195 0.00148773
3 0.0301514 0.524902 0.0603027 0.819336 0.00145912
4 0.0301514 0.524902 0.0603027 0.819336 0.00122929
2 0.330078 1 0.660156 0 0.00120735
2 0.0411224 0.919922 0.0642395 0.103516 0.00118446
4 0.98291 0.642456 0.0341797 0.715088 0.00117588
2 0.500488 0.754883 0.207031 0.202148 0.00112152
4 0.960938 0.448486 0.0585938 0.73877 0.00107193
