2 0.447754 0.882324 0.193359 0.0761719 0.878418
2 0.518066 0.890137 0.326172 0.0996094 0.280029
2 0.43042 0.881348 0.289551 0.0878906 0.0842285
3 0.960938 0.54248 0.078125 0.915039 0.0474548
4 0.0410004 0.488281 0.0710754 0.81543 0.0218811
4 0.959961 0.524048 0.0800781 0.885498 0.00854492
2 0.163696 0.170654 0.029541 0.0693359 0.00579453
2 0.48877 0.873535 0.28418 0.0771484 0.00508118
2 0.447998 0.904053 0.191895 0.191895 0.00486374
13 0.447632 0.881836 0.201416 0.0751953 0.00436783
3 0.971436 0.584961 0.0571289 0.654297 0.00375366
4 0.447754 0.882812 0.200195 0.0742188 0.00256348
11 0.445923 0.879395 0.185303 0.0810547 0.00254822
2 0.442505 0.845703 0.185303 0.308594 0.00250053
14 0.450684 0.882812 0.198242 0.0761719 0.00249481
9 0.447632 0.881836 0.201416 0.0751953 0.00239944
2 0.0361176 0.483276 0.0637512 0.781494 0.00236702
13 0.518066 0.890137 0.326172 0.0996094 0.00225449
7 0.447632 0.881836 0.201416 0.0751953 0.0021019
1 0.447754 0.882812 0.200195 0.0742188 0.0020771
6 0.447632 0.881836 0.201416 0.0751953 0.00201416
15 0.447632 0.881836 0.201416 0.0751953 0.00200462
10 0.447632 0.881836 0.201416 0.0751953 0.00198364
4 0.960205 0.336304 0.0463867 0.479736 0.00197601
16 0.447632 0.881836 0.201416 0.0751953 0.00196838
0 0.448608 0.882812 0.199463 0.078125 0.00191021
5 0.450684 0.882812 0.198242 0.0761719 0.00189304
12 0.450684 0.882812 0.198242 0.0761719 0.00187778
17 0.447632 0.881836 0.201416 0.0751953 0.00187111
3 0.447632 0.881836 0.201416 0.0751953 0.0018549
18 0.450684 0.882812 0.198242 0.0761719 0.00182819
8 0.447632 0.881836 0.201416 0.0751953 0.00177097
3 0.0361023 0.515381 0.0722046 0.937988 0.00174809
19 0.450684 0.882812 0.198242 0.0761719 0.00172329
3 0.0361176 0.483276 0.0637512 0.781494 0.00160885
3 1 0.532471 0 0.935059 0.00155449
4 0.0361023 0.515381 0.0722046 0.937988 0.00132561
4 0.518066 0.890137 0.326172 0.0996094 0.00121117
2 0.960938 0.54248 0.078125 0.915039 0.00120354
3 0 0.509644 0 0.980713 0.00103188
4 0.960205 0.455566 0.0698242 0.755859 0.00103092
