2 0.589844 0.256348 0.124023 0.269043 0.896973
2 0.573242 0.258057 0.194336 0.29541 0.0532837
4 0.586914 0.258728 0.121094 0.287231 0.0166931
13 0.587891 0.256897 0.129883 0.295776 0.0151443
3 0.588867 0.255066 0.124023 0.28186 0.00793457
14 0.586426 0.256348 0.124023 0.29541 0.00712204
9 0.587402 0.256897 0.125977 0.302612 0.00634766
1 0.587891 0.25708 0.121094 0.316895 0.00548935
2 0.56189 0.257507 0.325439 0.286743 0.00484848
3 0.0346375 0.519043 0.0692749 0.905273 0.00427246
4 0.041153 0.492065 0.0722351 0.849854 0.00403976
10 0.587891 0.25708 0.121094 0.316895 0.00370979
4 0.0496826 0.545044 0.0993652 0.882568 0.00335312
7 0.587891 0.256897 0.129883 0.295776 0.00334549
8 0.587891 0.25708 0.121094 0.316895 0.00322533
19 0.587891 0.256897 0.129883 0.295776 0.00310707
16 0.587402 0.256897 0.125977 0.302612 0.00309372
11 0.588867 0.255066 0.124023 0.28186 0.00309372
5 0.587891 0.25708 0.121094 0.316895 0.00305557
17 0.587891 0.256897 0.129883 0.295776 0.00296593
15 0.587891 0.25708 0.121094 0.316895 0.00278282
3 3.05176e-05 0.51355 6.10352e-05 0.9729 0.00277328
6 0.586426 0.256348 0.124023 0.29541 0.00276184
0 0.587891 0.256897 0.129883 0.295776 0.00271034
18 0.588867 0.255066 0.124023 0.28186 0.00262642
12 0.587891 0.25708 0.121094 0.316895 0.00249481
4 0.963867 0.505737 0.0722656 0.949463 0.00222969
3 0.0482788 0.528931 0.0965576 0.903076 0.00119495
4 0 0.53833 0 0.92334 0.00112534
4 0.961426 0.727905 0.0673828 0.532471 0.00112057
4 0.973633 0.745117 0.0488281 0.509766 0.00106812
