2 0.646484 0.651855 0.131836 0.181641 0.841797
2 0.368042 0.859375 0.238525 0.0722656 0.589844
2 0.351562 0.871094 0.207031 0.0546875 0.135742
2 0.220215 0.0983582 0.0737305 0.145081 0.0623474
2 0.384644 0.845215 0.29126 0.109375 0.0541992
13 0.648926 0.648926 0.111328 0.167969 0.0201263
4 0.219971 0.0986633 0.074707 0.156677 0.0155182
2 0.634766 0.651367 0.228516 0.202148 0.014679
4 0.27002 0.0907898 0.176758 0.148499 0.0128708
4 0.0453796 0.518066 0.0907593 0.93457 0.00821686
3 0 0.510254 0 0.979492 0.00765991
2 0.393555 0.870117 0.31543 0.0664062 0.00746918
13 0.217773 0.0981445 0.0703125 0.158691 0.00673294
3 0.0381165 0.517212 0.0762329 0.903076 0.00632095
4 0.151733 0.182678 0.0478516 0.176636 0.00614929
4 0.648438 0.651855 0.133789 0.192383 0.00592041
2 0.440674 0.85791 0.358887 0.0810547 0.00549316
2 0.422119 0.837402 0.327637 0.155273 0.00516891
4 0 0.538086 0 0.923828 0.00415802
2 0.646484 0.668945 0.132812 0.369141 0.00405121
3 0.648438 0.651855 0.133789 0.192383 0.00378227
13 0.359131 0.864258 0.223145 0.0625 0.00324059
3 0.958984 0.519409 0.0820312 0.920166 0.00290298
9 0.648438 0.651855 0.133789 0.192383 0.00288582
1 0.646484 0.65332 0.134766 0.224609 0.00277138
3 0.0453796 0.518066 0.0907593 0.93457 0.00273514
14 0.648438 0.651855 0.133789 0.192383 0.00262833
2 0.368408 0.80957 0.237793 0.186523 0.00203514
10 0.646484 0.65332 0.134766 0.224609 0.00196457
11 0.648926 0.649414 0.117188 0.175781 0.00188446
4 0.0540314 0.557739 0.0743103 0.779053 0.00188255
4 0.355469 0.86377 0.213867 0.0644531 0.0018425
19 0.648438 0.651855 0.133789 0.192383 0.00183868
15 0.648438 0.651855 0.133789 0.192383 0.00181103
8 0.646484 0.65332 0.134766 0.224609 0.00176907
5 0.648438 0.651855 0.133789 0.192383 0.00176239
4 0.956787 0.478149 0.0864258 0.932373 0.00171185
7 0.646484 0.65332 0.134766 0.224609 0.00168896
16 0.648438 0.651855 0.133789 0.192383 0.00162983
17 0.648438 0.651855 0.133789 0.192383 0.0015974
2 0.237488 0.0997314 0.118774 0.150146 0.0015955
12 0.648438 0.651855 0.133789 0.192383 0.00157928
4 0.979004 0.516602 0.0419922 0.869141 0.00157166
6 0.648438 0.651855 0.133789 0.192383 0.00156784
4 0.964111 0.514648 0.0717773 0.883789 0.00156403
18 0.648438 0.651855 0.133789 0.192383 0.00154972
0 0.648438 0.651855 0.133789 0.192383 0.00153732
4 0.0322266 0.518433 0.0596924 0.808838 0.00148964
2 0.27002 0.0907898 0.176758 0.148499 0.00146198
2 0.497681 0.818848 0.0700684 0.179688 0.00136185
14 0.217773 0.0981445 0.0703125 0.158691 0.00134373
7 0.353027 0.866699 0.208984 0.0556641 0.0013113
2 0.361328 0.884277 0.235352 0.0664062 0.00130653
14 0.368042 0.859375 0.238525 0.0722656 0.00128078
9 0.359131 0.864258 0.223145 0.0625 0.00126457
13 0.645508 0.655273 0.12793 0.265625 0.00126076
6 0.353027 0.866699 0.208984 0.0556641 0.00123215
2 0.511719 0.852051 0.148438 0.0830078 0.00119686
13 0.658203 0.651855 0.168945 0.193359 0.00118637
3 0.971191 0.464478 0.0576172 0.887451 0.00116825
16 0.359131 0.864258 0.223145 0.0625 0.00116158
15 0.353027 0.866699 0.208984 0.0556641 0.00112152
11 0.353027 0.866699 0.208984 0.0556641 0.00112152
1 0.217773 0.0981445 0.0703125 0.158691 0.00112057
10 0.359131 0.864258 0.223145 0.0625 0.00111675
12 0.353027 0.866699 0.208984 0.0556641 0.00110817
2 0.152466 0.192139 0.0427246 0.144043 0.00110817
4 0.324707 0.0895081 0.299805 0.159363 0.0011034
5 0.359131 0.864258 0.223145 0.0625 0.00109959
17 0.353027 0.866699 0.208984 0.0556641 0.00108719
0 0.359131 0.864258 0.223145 0.0625 0.00107384
3 0.353027 0.866699 0.208984 0.0556641 0.00106335
2 0.324219 0.867188 0.289062 0.0664062 0.00105858
18 0.353027 0.866699 0.208984 0.0556641 0.00105381
8 0.353027 0.866699 0.208984 0.0556641 0.00104618
3 0 0.540039 0 0.892578 0.00103569
19 0.353027 0.866699 0.208984 0.0556641 0.00100613
