2 0.484863 0.164429 0.337891 0.0710449 0.79541
2 0.484863 0.189636 0.329102 0.119263 0.784668
2 0.30127 0.748047 0.0458984 0.160156 0.572754
2 0.487305 0.227295 0.323242 0.20166 0.463135
4 0.101562 0.37207 0.116699 0.529297 0.0187073
4 0.305176 0.671387 0.0839844 0.363281 0.0159454
3 0.0240479 0.51416 0.0480957 0.865234 0.0155411
2 0.305664 0.751465 0.0766602 0.167969 0.015274
2 0.308105 0.671387 0.0844727 0.4375 0.0139542
13 0.30127 0.750977 0.0444336 0.174805 0.0136948
3 0.0045929 0.480347 0.00918579 0.869385 0.0098877
2 0.789551 0.183228 0.0322266 0.11792 0.00907898
2 0.302246 0.691895 0.065918 0.305664 0.00879669
2 0.856934 0.384033 0.0380859 0.0571289 0.00695419
13 0.489746 0.233154 0.331055 0.208496 0.00637054
4 0.30127 0.750977 0.0444336 0.174805 0.00522232
4 0.117584 0.44751 0.152039 0.536621 0.00521469
4 0.0420227 0.51355 0.0840454 0.902588 0.00514984
4 0.313965 0.660645 0.10791 0.488281 0.00505447
2 0.543823 0.236877 0.199463 0.220581 0.00419998
3 0 0.47937 0 0.851807 0.00407791
13 0.484863 0.189636 0.329102 0.119263 0.00399017
13 0.483887 0.165527 0.34082 0.0783691 0.00383568
2 0.303955 0.757324 0.0537109 0.236328 0.00300789
4 0.484863 0.189636 0.329102 0.119263 0.00287819
14 0.30127 0.748047 0.0458984 0.160156 0.00279808
4 0.489746 0.233154 0.331055 0.208496 0.00263977
2 0.452637 0.155396 0.323242 0.046875 0.00234222
9 0.30127 0.748047 0.0458984 0.160156 0.00229454
1 0.489746 0.233154 0.331055 0.208496 0.00228882
3 0.0407104 0.482422 0.0814209 0.850586 0.00222015
4 0.48291 0.165283 0.34668 0.0720215 0.00216103
2 0.609863 0.16626 0.118164 0.0522461 0.00203323
3 0.968262 0.516968 0.0634766 0.770752 0.00198746
14 0.483398 0.164429 0.334961 0.0710449 0.00198174
13 0.789551 0.183228 0.0322266 0.11792 0.00195312
7 0.483887 0.164429 0.341797 0.0734863 0.00189209
4 0.0664673 0.710449 0.0797119 0.507812 0.00187492
14 0.484863 0.189636 0.329102 0.119263 0.00186062
10 0.483398 0.164429 0.334961 0.0710449 0.00184059
9 0.483887 0.165527 0.34082 0.0783691 0.00182438
15 0.48291 0.165283 0.34668 0.0720215 0.00182056
19 0.48291 0.165283 0.34668 0.0720215 0.00179958
11 0.48291 0.165283 0.34668 0.0720215 0.00177956
9 0.484863 0.189636 0.329102 0.119263 0.0017767
1 0.300537 0.746582 0.0483398 0.157227 0.0017643
0 0.48291 0.165283 0.34668 0.0720215 0.00173855
17 0.483887 0.164429 0.341797 0.0734863 0.00172424
16 0.483887 0.164429 0.341797 0.0734863 0.00171757
5 0.483398 0.164429 0.334961 0.0710449 0.00171661
6 0.483398 0.164429 0.334961 0.0710449 0.00170326
12 0.483398 0.164429 0.334961 0.0710449 0.00169659
14 0.498535 0.234863 0.319336 0.216309 0.00168324
9 0.489746 0.233154 0.331055 0.208496 0.00164604
8 0.48291 0.165283 0.34668 0.0720215 0.00164509
1 0.484863 0.189636 0.329102 0.119263 0.00164223
3 0.483887 0.164429 0.341797 0.0734863 0.00163174
18 0.483887 0.164429 0.341797 0.0734863 0.00163174
15 0.484863 0.189636 0.329102 0.119263 0.00157928
2 0.496094 0.210693 0.324219 0.421387 0.00156116
11 0.30127 0.748047 0.0458984 0.160156 0.00153732
2 0.283447 0.750488 0.125488 0.150391 0.00152874
7 0.484863 0.189636 0.329102 0.119263 0.00149536
10 0.484863 0.189636 0.329102 0.119263 0.0014782
1 0.48291 0.165283 0.34668 0.0720215 0.00143528
6 0.484863 0.189636 0.329102 0.119263 0.00142765
3 0.484863 0.189636 0.329102 0.119263 0.00141621
8 0.484863 0.189636 0.329102 0.119263 0.00139999
0 0.484863 0.189636 0.329102 0.119263 0.00138378
3 0.099823 0.404541 0.125549 0.409668 0.00138187
17 0.484863 0.189636 0.329102 0.119263 0.00137329
12 0.484863 0.189636 0.329102 0.119263 0.00135708
5 0.484863 0.189636 0.329102 0.119263 0.0013361
11 0.484863 0.189636 0.329102 0.119263 0.00133038
16 0.484863 0.189636 0.329102 0.119263 0.00131035
18 0.484863 0.189636 0.329102 0.119263 0.00128937
12 0.300537 0.746582 0.0483398 0.157227 0.00128174
15 0.30127 0.748047 0.0458984 0.160156 0.00122643
19 0.484863 0.189636 0.329102 0.119263 0.00122166
16 0.30127 0.748047 0.0458984 0.160156 0.00120735
15 0.489746 0.233154 0.331055 0.208496 0.0012064
3 0.95752 0.50293 0.0849609 0.933594 0.00120258
2 0.123657 0.397095 0.171387 0.469482 0.00119114
6 0.30127 0.748047 0.0458984 0.160156 0.00118828
19 0.489746 0.233154 0.331055 0.208496 0.0011425
4 0.144379 0.364746 0.207336 0.519531 0.00113487
3 0.489746 0.233154 0.331055 0.208496 0.00113392
10 0.489746 0.233154 0.331055 0.208496 0.0011301
2 0.316406 0.749512 0.151367 0.179688 0.00112247
8 0.300537 0.746582 0.0483398 0.157227 0.00112247
5 0.489746 0.233154 0.331055 0.208496 0.00110817
11 0.489746 0.233154 0.331055 0.208496 0.00109482
6 0.489746 0.233154 0.331055 0.208496 0.00108147
3 0.300537 0.746582 0.0483398 0.157227 0.00107956
4 0.958008 0.530518 0.0839844 0.938965 0.00107384
5 0.30127 0.748047 0.0458984 0.160156 0.00105667
8 0.489746 0.233154 0.331055 0.208496 0.00103283
17 0.30127 0.748047 0.0458984 0.160156 0.00103283
16 0.489746 0.233154 0.331055 0.208496 0.00102425
17 0.489746 0.233154 0.331055 0.208496 0.00102425
12 0.489746 0.233154 0.331055 0.208496 0.00102043
18 0.489746 0.233154 0.331055 0.208496 0.00102043
2 0.27832 0.749512 0.0776367 0.197266 0.00101471
7 0.30127 0.748047 0.0458984 0.160156 0.00100899
3 0 0.4646 0 0.711426 0.00100803
2 0.489746 0.14917 0.301758 0.29834 0.00100231
7 0.489746 0.233154 0.331055 0.208496 0.00100136
