2 0.892578 0.388428 0.113281 0.35498 0.350586
2 0.890625 0.277588 0.12793 0.0869141 0.0514526
2 0.894043 0.351074 0.143555 0.25293 0.0339661
2 0.883789 0.262695 0.123047 0.0571289 0.0196991
4 0.898438 0.367065 0.128906 0.283447 0.00979614
2 0.857422 0.263672 0.0878906 0.0537109 0.00775528
13 0.881836 0.274658 0.132812 0.0795898 0.00680923
13 0.887695 0.377075 0.126953 0.290771 0.00627518
2 0.0712738 0.163208 0.0901184 0.0378418 0.0053215
2 0.892578 0.423218 0.125 0.563721 0.00490189
2 0.0588226 0.16394 0.0849915 0.0292969 0.0044136
2 0.885742 0.303955 0.151367 0.161133 0.00251007
2 0.894531 0.376465 0.210938 0.291992 0.00248337
4 0.887695 0.424072 0.141602 0.509277 0.00242233
4 0.919678 0.539185 0.160645 0.921631 0.00234795
2 0.901855 0.254883 0.0996094 0.0654297 0.00224876
2 0.91748 0.514771 0.165039 0.825928 0.00214767
3 0.939697 0.513306 0.120605 0.883545 0.00210953
3 0.898438 0.367065 0.128906 0.283447 0.00186729
2 0.0664215 0.171875 0.0846863 0.0439453 0.00182819
14 0.895508 0.365601 0.135742 0.300049 0.00182247
2 0.919922 0.363953 0.0761719 0.327759 0.00165367
9 0.887695 0.377075 0.126953 0.290771 0.00149441
1 0.895508 0.365601 0.135742 0.300049 0.00149059
2 0.89502 0.25293 0.126953 0.0463867 0.00122356
4 0.896973 0.446899 0.133789 0.768311 0.00119495
2 0.925781 0.442505 0.103516 0.706787 0.00114918
2 0.862305 0.275879 0.109375 0.0844727 0.00113201
13 0.857422 0.263672 0.0878906 0.0537109 0.00107479
3 0.963379 0.473511 0.0732422 0.765869 0.00102901
