2 0.516113 0.229675 0.202148 0.346313 0.895996
2 0.509277 0.224854 0.189453 0.199707 0.0258636
4 0.515625 0.229553 0.214844 0.352417 0.0230865
13 0.515625 0.233826 0.206055 0.349731 0.0159912
4 0.0426025 0.485352 0.0777588 0.81543 0.0145721
14 0.516602 0.228455 0.199219 0.351685 0.0103455
13 0.718262 0.168945 0.0908203 0.0878906 0.00756073
1 0.515625 0.229553 0.214844 0.352417 0.00749207
3 0.515625 0.233826 0.206055 0.349731 0.00677872
9 0.516479 0.231201 0.207275 0.35791 0.00553131
2 0.718262 0.168945 0.0908203 0.0878906 0.00494766
3 0.962646 0.541138 0.074707 0.894287 0.00398254
4 0.95874 0.726929 0.0688477 0.546143 0.00395966
18 0.515625 0.233826 0.206055 0.349731 0.00355721
11 0.515625 0.229553 0.214844 0.352417 0.00351334
7 0.516602 0.232727 0.204102 0.356812 0.00343704
8 0.516479 0.231201 0.207275 0.35791 0.00340271
2 0.516113 0.269287 0.209961 0.202637 0.00329208
0 0.515625 0.233826 0.206055 0.349731 0.00320244
16 0.516602 0.232727 0.204102 0.356812 0.0031929
19 0.515625 0.231995 0.208008 0.347534 0.00313568
17 0.515625 0.229553 0.214844 0.352417 0.00312614
10 0.516479 0.231201 0.207275 0.35791 0.00309944
6 0.515625 0.233826 0.206055 0.349731 0.00299644
15 0.515625 0.231995 0.208008 0.347534 0.00282288
5 0.515625 0.229553 0.214844 0.352417 0.00278282
12 0.515625 0.229553 0.214844 0.352417 0.00275993
2 0.545898 0.268799 0.306641 0.376953 0.00191784
4 0 0.5 0 1 0.00139999
4 0.963135 0.545532 0.0737305 0.908936 0.00128937
13 0.695801 0.162964 0.106445 0.0866699 0.00117207
3 0 0.5 0 1 0.00111198
