2 0.471802 0.76709 0.187256 0.0371094 0.753906
4 0.0977478 0.482544 0.123352 0.663818 0.438965
4 0.689453 0.467651 0.167969 0.732666 0.430908
2 0.683105 0.538208 0.19043 0.788818 0.231445
4 0.0906982 0.324951 0.10791 0.348145 0.169312
2 0.461426 0.768066 0.291992 0.0537109 0.0731812
3 0.957764 0.51062 0.0844727 0.834229 0.046936
2 0.470825 0.776367 0.212646 0.0527344 0.0444031
4 0.126862 0.495239 0.136902 0.829834 0.0328369
2 0.472778 0.763184 0.190186 0.0673828 0.0291748
2 0.474609 0.774902 0.198242 0.112305 0.0225677
4 0.733398 0.171875 0.0751953 0.34375 0.0171967
2 0.0977478 0.482544 0.123352 0.663818 0.0155411
3 0.967041 0.561523 0.065918 0.757812 0.0129623
14 0.0898743 0.322876 0.105896 0.330811 0.00973511
4 0.707031 0.310059 0.147461 0.620117 0.00735474
14 0.689453 0.467651 0.167969 0.732666 0.00658417
14 0.0977478 0.482544 0.123352 0.663818 0.00608063
2 0.0921021 0.317993 0.102417 0.326904 0.00508118
2 0.514526 0.77002 0.248291 0.0302734 0.00484085
3 0.0229797 0.515137 0.0459595 0.864258 0.00449371
3 0.683105 0.538208 0.19043 0.788818 0.0039978
4 0.963379 0.514771 0.0732422 0.86499 0.00367546
4 0.038559 0.492065 0.066925 0.806885 0.00351334
13 0.47644 0.768066 0.198486 0.0410156 0.00345802
4 0.0612793 0.487671 0.100586 0.766846 0.00345802
3 0.0959473 0.487305 0.122803 0.683594 0.00317383
3 0.000564575 0.480957 0.00112915 0.828125 0.00317192
4 0.704102 0.280884 0.126953 0.447998 0.00291252
4 0.651367 0.52002 0.205078 0.895508 0.0024662
3 0 0.480835 0 0.809814 0.00226593
2 0.525513 0.766113 0.239014 0.0498047 0.00226212
4 0.694336 0.462402 0.121094 0.439453 0.0019083
4 0.677246 0.555664 0.117188 0.801758 0.00185108
4 0.947754 0.545288 0.0732422 0.835205 0.00183296
4 0.471802 0.76709 0.187256 0.0371094 0.00175381
2 0.476196 0.74707 0.21167 0.0742188 0.0015831
14 0.471802 0.76709 0.187256 0.0371094 0.00147724
2 0.686523 0.478516 0.128906 0.758789 0.00146675
2 0.118195 0.507812 0.139587 0.841797 0.00143051
7 0.472656 0.767578 0.196289 0.0429688 0.00141811
12 0.471802 0.76709 0.187256 0.0371094 0.00135517
1 0.101593 0.489746 0.135681 0.683594 0.00135422
2 0.480957 0.76709 0.191406 0.375 0.00132942
5 0.471802 0.76709 0.187256 0.0371094 0.00131416
10 0.473511 0.767578 0.199463 0.0371094 0.00131035
6 0.471802 0.76709 0.187256 0.0371094 0.00130367
11 0.471802 0.76709 0.187256 0.0371094 0.00128365
16 0.472656 0.767578 0.196289 0.0429688 0.00127697
9 0.471802 0.76709 0.187256 0.0371094 0.00127316
13 0.689453 0.467651 0.167969 0.732666 0.00127125
15 0.472656 0.767578 0.196289 0.0429688 0.00124741
19 0.473511 0.767578 0.199463 0.0371094 0.00123596
2 0.733398 0.171875 0.0751953 0.34375 0.00122547
0 0.473511 0.767578 0.199463 0.0371094 0.00121212
3 0.02948 0.486816 0.05896 0.725586 0.00119591
3 0.472656 0.767578 0.196289 0.0429688 0.00119495
17 0.472656 0.767578 0.196289 0.0429688 0.00119495
2 0.438477 0.763672 0.192383 0.0517578 0.00117397
8 0.472656 0.767578 0.196289 0.0429688 0.0011673
3 0.060791 0.523315 0.121582 0.842041 0.00116539
18 0.472656 0.767578 0.196289 0.0429688 0.00114441
13 0.0977478 0.482544 0.123352 0.663818 0.00111103
4 0.977539 0.490723 0.0449219 0.871094 0.00108719
3 0.038559 0.492065 0.066925 0.806885 0.00107098
3 0.975586 0.515625 0.0488281 0.869141 0.00104332
2 0.477539 0.753418 0.220703 0.493164 0.00101185
