2 0.906738 0.181152 0.123047 0.0419922 0.78125
2 0.233887 0.70752 0.199707 0.21875 0.596191
2 0.195862 0.681641 0.261597 0.145508 0.552734
2 0.185425 0.646484 0.323975 0.0605469 0.543945
2 0.4021 0.220947 0.638184 0.0664062 0.536133
2 0.223694 0.214905 0.267456 0.0379639 0.294189
2 0.1427 0.213013 0.0942383 0.041748 0.265869
13 0.143921 0.213318 0.0898438 0.041626 0.128174
13 0.228271 0.215698 0.276367 0.0393066 0.0948486
13 0.342773 0.212708 0.518555 0.0423584 0.0756226
2 0.894531 0.181274 0.199219 0.0488281 0.0707397
13 0.218018 0.716309 0.20752 0.235352 0.0462341
4 0.229248 0.711914 0.186035 0.245117 0.0359192
2 0.327515 0.214661 0.501221 0.0506592 0.0215759
2 0.907227 0.185364 0.130859 0.0789795 0.0183563
2 0.146484 0.654785 0.269531 0.0380859 0.0172577
2 0.176331 0.666504 0.298706 0.0761719 0.0166473
2 0.184082 0.212036 0.168457 0.0446777 0.0158081
2 0.22998 0.652832 0.240723 0.0878906 0.00982666
13 0.174164 0.212646 0.245911 0.0483398 0.00927734
14 0.2276 0.711914 0.197144 0.230469 0.00904083
2 0.896729 0.193726 0.151855 0.0500488 0.00783539
13 0.423828 0.2229 0.669922 0.0703125 0.00666809
13 0.901611 0.183594 0.144043 0.0454102 0.00466919
4 0.195862 0.681641 0.261597 0.145508 0.00459671
4 0.867188 0.614136 0.105469 0.668213 0.00446701
2 0.21347 0.214233 0.249329 0.0646973 0.00425339
2 0.903809 0.170044 0.119141 0.0500488 0.00417709
2 0.126831 0.213867 0.140137 0.0473633 0.00392914
14 0.1427 0.213013 0.0942383 0.041748 0.00354385
2 0.428223 0.214172 0.608398 0.0394287 0.00352287
13 0.195862 0.681641 0.261597 0.145508 0.00322723
2 0.320068 0.212341 0.442871 0.0308838 0.00321007
13 0.174713 0.214539 0.162781 0.0411377 0.00298119
2 0.204285 0.706055 0.268188 0.298828 0.00295258
13 0.179443 0.647461 0.294434 0.0712891 0.00289536
2 0.264954 0.696289 0.301147 0.25 0.0028801
2 0.179932 0.719238 0.283203 0.207031 0.00278473
2 0.85498 0.182617 0.290039 0.0527344 0.00244904
14 0.906738 0.181152 0.123047 0.0419922 0.00233269
9 0.2276 0.711914 0.197144 0.230469 0.00229073
4 0.223694 0.214905 0.267456 0.0379639 0.00217628
2 0.173401 0.640625 0.324097 0.106445 0.00208092
2 0.152344 0.212524 0.110352 0.0622559 0.00208092
1 0.2276 0.711914 0.197144 0.230469 0.00204659
13 0.134033 0.204773 0.106445 0.0552979 0.00195026
4 0.181396 0.643066 0.312988 0.0654297 0.0019331
2 0.141602 0.212891 0.239258 0.0493164 0.00193119
2 0.90625 0.177063 0.132812 0.350952 0.00191975
2 0.938965 0.181152 0.0673828 0.0412598 0.00189972
13 0.286133 0.212769 0.32666 0.032959 0.00179386
9 0.908691 0.181274 0.117188 0.0424805 0.0017643
2 0.114838 0.180298 0.152161 0.0214844 0.00175381
4 0.4021 0.220947 0.638184 0.0664062 0.0016222
3 0.908691 0.181274 0.117188 0.0424805 0.00160599
6 0.2276 0.711914 0.197144 0.230469 0.0015955
4 0.906738 0.181152 0.123047 0.0419922 0.00158119
8 0.2276 0.711914 0.197144 0.230469 0.00156498
16 0.2276 0.711914 0.197144 0.230469 0.00155926
11 0.906738 0.181152 0.123047 0.0419922 0.00155544
17 0.2276 0.711914 0.197144 0.230469 0.00155258
11 0.2276 0.711914 0.197144 0.230469 0.00152206
10 0.2276 0.711914 0.197144 0.230469 0.00148201
2 0.402832 0.241272 0.658203 0.109253 0.00142479
19 0.2276 0.711914 0.197144 0.230469 0.0014143
7 0.908691 0.181274 0.117188 0.0424805 0.00139618
16 0.906738 0.181152 0.123047 0.0419922 0.00139523
1 0.4021 0.220947 0.638184 0.0664062 0.00138855
14 0.223328 0.214661 0.266235 0.0389404 0.00138474
1 0.223694 0.214905 0.267456 0.0379639 0.00137043
7 0.2276 0.711914 0.197144 0.230469 0.00135517
5 0.2276 0.711914 0.197144 0.230469 0.00130367
5 0.908691 0.181274 0.117188 0.0424805 0.00130081
15 0.906738 0.181152 0.123047 0.0419922 0.00129986
12 0.906738 0.181152 0.123047 0.0419922 0.00127983
14 0.195862 0.681641 0.261597 0.145508 0.00127792
10 0.906494 0.180908 0.124512 0.041748 0.00127697
12 0.2276 0.711914 0.197144 0.230469 0.00126362
6 0.908691 0.181274 0.117188 0.0424805 0.00125217
7 0.179443 0.647461 0.294434 0.0712891 0.00125027
2 0.230957 0.212585 0.370117 0.050415 0.0012331
9 0.223694 0.214905 0.267456 0.0379639 0.00122452
0 0.908691 0.181274 0.117188 0.0424805 0.00122261
18 0.2276 0.711914 0.197144 0.230469 0.00120068
2 0.909668 0.208374 0.117188 0.0881348 0.001194
7 0.223694 0.214905 0.267456 0.0379639 0.00119114
3 0.231934 0.712891 0.191406 0.21875 0.00119019
0 0.2276 0.711914 0.197144 0.230469 0.00118732
14 0.181396 0.643066 0.312988 0.0654297 0.00118351
8 0.908691 0.181274 0.117188 0.0424805 0.00116634
15 0.181396 0.643066 0.312988 0.0654297 0.00114632
5 0.223694 0.214905 0.267456 0.0379639 0.00114536
15 0.4021 0.220947 0.638184 0.0664062 0.0011425
10 0.179443 0.647461 0.294434 0.0712891 0.00113392
0 0.181396 0.643066 0.312988 0.0654297 0.00112915
18 0.223694 0.214905 0.267456 0.0379639 0.00111961
15 0.231934 0.712891 0.191406 0.21875 0.00111866
19 0.908691 0.181274 0.117188 0.0424805 0.00111389
6 0.179443 0.647461 0.294434 0.0712891 0.00111294
5 0.181396 0.643066 0.312988 0.0654297 0.00110722
9 0.179443 0.647461 0.294434 0.0712891 0.0011034
5 0.4021 0.220947 0.638184 0.0664062 0.001091
0 0.223694 0.214905 0.267456 0.0379639 0.00108528
2 0.123535 0.200562 0.147949 0.045166 0.00108051
16 0.179443 0.647461 0.294434 0.0712891 0.00107861
17 0.908691 0.181274 0.117188 0.0424805 0.00107861
1 0.181396 0.643066 0.312988 0.0654297 0.00106144
3 0.4021 0.220947 0.638184 0.0664062 0.00106049
17 0.179443 0.647461 0.294434 0.0712891 0.00105762
9 0.195862 0.681641 0.261597 0.145508 0.00105572
10 0.4021 0.220947 0.638184 0.0664062 0.00105286
12 0.223694 0.214905 0.267456 0.0379639 0.0010519
0 0.4021 0.220947 0.638184 0.0664062 0.00104904
18 0.4021 0.220947 0.638184 0.0664062 0.00104904
12 0.179443 0.647461 0.294434 0.0712891 0.00104523
11 0.179443 0.647461 0.294434 0.0712891 0.00104523
8 0.181396 0.643066 0.312988 0.0654297 0.00104427
19 0.4021 0.220947 0.638184 0.0664062 0.00103664
9 0.4021 0.220947 0.638184 0.0664062 0.00103283
19 0.181396 0.643066 0.312988 0.0654297 0.00103188
14 0.4021 0.220947 0.638184 0.0664062 0.00102425
18 0.908691 0.181274 0.117188 0.0424805 0.00102139
16 0.223694 0.214905 0.267456 0.0379639 0.00101948
6 0.223694 0.214905 0.267456 0.0379639 0.00101948
8 0.4021 0.220947 0.638184 0.0664062 0.00101662
7 0.4021 0.220947 0.638184 0.0664062 0.0010128
18 0.179443 0.647461 0.294434 0.0712891 0.00100517
