2 0.802246 0.231384 0.078125 0.0650635 0.768555
2 0.746582 0.682617 0.0429688 0.235352 0.386963
2 0.820557 0.979492 0.32959 0.0410156 0.335693
2 0.814941 0.218384 0.12207 0.0837402 0.172119
2 0.833008 0.212769 0.157227 0.107666 0.0520325
2 0.797852 0.228271 0.114258 0.0742188 0.0465088
2 0.79834 0.21875 0.0830078 0.101074 0.0392456
2 0.672852 0.97876 0.472656 0.0424805 0.0359497
2 0.752441 0.699707 0.0742188 0.235352 0.0209656
4 0.746094 0.698242 0.0419922 0.256836 0.00797272
13 0.746582 0.682617 0.0429688 0.235352 0.00714111
13 0.802246 0.231934 0.078125 0.0634766 0.00654984
2 0.786133 0.229004 0.0566406 0.0629883 0.0060463
3 0.746094 0.698242 0.0419922 0.256836 0.00551605
2 0.81543 0.229919 0.204102 0.0841064 0.00538635
4 0.959961 0.480957 0.0761719 0.833008 0.00499344
2 0.848633 0.187012 0.112305 0.147949 0.00427246
2 0.73877 0.702148 0.0390625 0.242188 0.0039444
2 0.75293 0.681641 0.111328 0.239258 0.00393677
2 0.816406 0.967041 0.314453 0.065918 0.00353813
4 0.973389 0.483398 0.0532227 0.94043 0.00343513
2 0.828613 0.223572 0.311523 0.0992432 0.00321388
3 0.0385742 0.518066 0.0771484 0.959961 0.00300217
2 0.785156 0.218811 0.0732422 0.0799561 0.00264549
2 0.771973 0.224609 0.175781 0.0795898 0.0026207
2 0.728516 0.696289 0.0673828 0.238281 0.00260735
9 0.746094 0.698242 0.0419922 0.256836 0.00247955
2 0.802246 0.205811 0.161133 0.130371 0.00242615
2 0.801758 0.215393 0.0869141 0.280151 0.00222778
14 0.802246 0.230896 0.078125 0.069458 0.00220299
13 0.820557 0.979492 0.32959 0.0410156 0.00203896
13 0.814941 0.218384 0.12207 0.0837402 0.00203323
4 0.144531 0.405029 0.140381 0.699707 0.00193501
4 0.802246 0.232117 0.0791016 0.0684814 0.00188351
2 0.744141 0.671875 0.0634766 0.34082 0.00184441
14 0.746094 0.698242 0.0419922 0.256836 0.00183868
3 0 0.5 0 1 0.00179195
11 0.802246 0.230896 0.078125 0.069458 0.00170422
2 0.868164 0.170349 0.0761719 0.112427 0.00150108
2 0.743652 0.982178 0.371094 0.0356445 0.00145912
2 0.661621 0.970947 0.584961 0.050293 0.00135994
5 0.746094 0.698242 0.0419922 0.256836 0.0013361
1 0.74707 0.69873 0.046875 0.254883 0.00133324
11 0.746094 0.698242 0.0419922 0.256836 0.00131035
2 0.768066 0.669922 0.0673828 0.280273 0.0012331
2 0.838379 0.17804 0.15918 0.188843 0.00121784
1 0.813721 0.979248 0.317871 0.0395508 0.0012064
7 0.746094 0.698242 0.0419922 0.256836 0.00116158
16 0.802246 0.230896 0.078125 0.069458 0.00115967
3 0.0272827 0.541382 0.0545654 0.917236 0.00115967
4 0.0426025 0.483521 0.0852051 0.837646 0.00115395
4 0.820557 0.979492 0.32959 0.0410156 0.00113869
2 0.826172 0.236145 0.116211 0.0594482 0.00113678
2 0.770996 0.226562 0.0898438 0.0678711 0.00112915
16 0.746094 0.698242 0.0419922 0.256836 0.00112629
12 0.74707 0.69873 0.046875 0.254883 0.00111485
17 0.746094 0.698242 0.0419922 0.256836 0.00110912
4 0 0.524536 0 0.950928 0.00110435
9 0.802246 0.231384 0.078125 0.0650635 0.00109768
10 0.746094 0.698242 0.0419922 0.256836 0.001091
0 0.746094 0.698242 0.0419922 0.256836 0.00107479
0 0.802246 0.230896 0.078125 0.069458 0.00107288
1 0.802246 0.230896 0.078125 0.069458 0.00105572
19 0.746094 0.698242 0.0419922 0.256836 0.00104237
5 0.820557 0.979492 0.32959 0.0410156 0.00100899
8 0.74707 0.69873 0.046875 0.254883 0.00100803
19 0.802246 0.230896 0.078125 0.069458 0.00100708
7 0.802246 0.230896 0.078125 0.069458 0.00100708
