2 0.424805 0.397705 0.0673828 0.109375 0.736328
2 0.434082 0.394043 0.117188 0.128418 0.111572
3 0.968018 0.548218 0.0639648 0.903564 0.0423889
2 0.425781 0.373291 0.0766602 0.120605 0.0130386
13 0.427246 0.393555 0.0766602 0.119629 0.00897217
14 0.426758 0.39624 0.0732422 0.122559 0.00896454
2 0.453247 0.378418 0.116943 0.155762 0.00801849
4 0.9646 0.542969 0.0708008 0.914062 0.00500488
2 0.439941 0.374878 0.0966797 0.283447 0.00376129
2 0.428711 0.374878 0.0888672 0.199463 0.00374222
3 0.970215 0.584106 0.0595703 0.638428 0.00371933
9 0.424805 0.397705 0.0673828 0.109375 0.00227356
2 0.416992 0.407959 0.0996094 0.118652 0.00226593
11 0.424805 0.397705 0.0649414 0.110352 0.00207329
4 0.426025 0.39502 0.0693359 0.112793 0.00193501
2 0.424805 0.400391 0.249023 0.118164 0.00175858
16 0.424805 0.397705 0.0649414 0.110352 0.00173378
1 0.424805 0.397705 0.0673828 0.109375 0.00172424
3 0.424805 0.397705 0.0673828 0.109375 0.00160122
12 0.424805 0.397705 0.0673828 0.109375 0.00156975
8 0.424805 0.397705 0.0673828 0.109375 0.00151062
0 0.424805 0.397705 0.0649414 0.110352 0.00139427
7 0.424805 0.397705 0.0649414 0.110352 0.00136662
6 0.424805 0.397705 0.0649414 0.110352 0.00133514
5 0.424805 0.397705 0.0673828 0.109375 0.00132751
15 0.424805 0.397705 0.0649414 0.110352 0.00129986
19 0.424805 0.397705 0.0673828 0.109375 0.001297
3 0.975586 0.674561 0.0488281 0.627441 0.00118637
18 0.424805 0.397705 0.0673828 0.109375 0.00114536
17 0.424805 0.397705 0.0649414 0.110352 0.00107765
13 0.444214 0.392334 0.10083 0.140137 0.00106525
