2 0.59668 0.639648 0.136719 0.125977 0.798828
2 0.600586 0.605469 0.123047 0.196289 0.381592
2 0.0615234 0.235352 0.039917 0.169922 0.0200043
13 0.592285 0.639648 0.139648 0.130859 0.0166016
2 0.59668 0.614746 0.223633 0.195312 0.0134735
2 0.603516 0.649414 0.136719 0.204102 0.0111618
4 0.888672 0.244202 0.0712891 0.32605 0.0108032
2 0.576294 0.638672 0.341553 0.129883 0.00540161
2 0.600098 0.614868 0.145508 0.395264 0.00385094
13 0.601562 0.605469 0.123047 0.206055 0.00336266
4 0.0380554 0.515137 0.0761108 0.848633 0.00334358
4 0.595703 0.63623 0.136719 0.125 0.00285912
14 0.595703 0.640137 0.142578 0.126953 0.00256348
4 0.89502 0.258728 0.0917969 0.222778 0.00239563
1 0.595703 0.638184 0.144531 0.125 0.00238991
11 0.595703 0.640137 0.142578 0.126953 0.00222015
9 0.59668 0.639648 0.136719 0.125977 0.00201988
4 0.601562 0.600586 0.126953 0.201172 0.00194263
3 0.59668 0.614258 0.128906 0.178711 0.00163651
16 0.595703 0.640137 0.142578 0.126953 0.00152206
2 0.597168 0.613281 0.155273 0.131836 0.00148773
6 0.595703 0.640137 0.142578 0.126953 0.00141335
19 0.595703 0.640137 0.142578 0.126953 0.00136471
0 0.594727 0.637207 0.133789 0.126953 0.00123405
2 0.0678711 0.21167 0.046875 0.179688 0.00121689
7 0.595703 0.640137 0.142578 0.126953 0.00120449
15 0.595703 0.640137 0.142578 0.126953 0.00118637
8 0.594727 0.637207 0.133789 0.126953 0.0011692
12 0.594727 0.637207 0.133789 0.126953 0.0011692
4 0.0615234 0.227783 0.0402832 0.163086 0.00111961
17 0.595703 0.638184 0.144531 0.125 0.00109577
5 0.594727 0.637207 0.133789 0.126953 0.00109005
3 0.958008 0.519287 0.0839844 0.961426 0.00101757
