2 0.442505 0.101807 0.404053 0.124756 0.684082
2 0.369751 0.132324 0.258545 0.0732422 0.621582
2 0.691406 0.0843811 0.491211 0.150574 0.569336
1 0.130493 0.0860901 0.227783 0.1203 0.341797
2 0.556763 0.0918884 0.747803 0.164856 0.252686
2 0.266907 0.0985107 0.480835 0.147705 0.0977173
2 0.132324 0.0845795 0.225586 0.120148 0.0939331
2 0.737305 0.0576172 0.484375 0.0930176 0.0639648
9 0.146576 0.085022 0.210754 0.121704 0.0366211
4 0.0688477 0.552124 0.078125 0.803955 0.0263062
13 0.585449 0.0915527 0.733398 0.166748 0.0189056
2 0.419312 0.126068 0.364502 0.086731 0.0128937
2 0.36322 0.116119 0.448364 0.112488 0.0105438
2 0.0639648 0.525391 0.067627 0.680664 0.0104446
1 0.134369 0.0998535 0.215149 0.199707 0.00587082
2 0.611328 0.118408 0.708984 0.236816 0.00445938
2 0.944336 0.815918 0.0410156 0.0654297 0.00442505
2 0.0581055 0.46936 0.0389404 0.500732 0.00414658
13 0.371094 0.129181 0.261719 0.0736694 0.00378036
4 0.0409546 0.578125 0.0584717 0.760742 0.00376701
13 0.713867 0.0812683 0.455078 0.143127 0.00346375
13 0.130493 0.0860901 0.227783 0.1203 0.00345612
13 0.430115 0.0948486 0.441528 0.139404 0.00320625
4 0.0286865 0.653931 0.057373 0.692139 0.00307274
2 0.449097 0.108459 0.37915 0.216919 0.00295258
14 0.130493 0.0860901 0.227783 0.1203 0.00274849
13 0.412842 0.120361 0.354004 0.0876465 0.00267601
4 0.130493 0.0860901 0.227783 0.1203 0.00265503
1 0.445801 0.100311 0.413086 0.131897 0.0026474
4 0.0654602 0.537964 0.0658569 0.517822 0.00260162
2 0.789062 0.0374756 0.361328 0.0463867 0.0022583
2 0.802734 0.947754 0.317383 0.0380859 0.00223732
4 0.713867 0.0812683 0.455078 0.143127 0.00219917
2 0.681641 0.115967 0.455078 0.231934 0.00218201
6 0.130493 0.0860901 0.227783 0.1203 0.0020771
3 0.137451 0.0845795 0.219727 0.122833 0.00204468
2 0.330627 0.12439 0.371948 0.0808105 0.0019989
4 0.445801 0.100311 0.413086 0.131897 0.00193119
1 0.713867 0.0812683 0.455078 0.143127 0.00188255
2 0.0201416 0.819824 0.0289307 0.303711 0.00179386
2 0.727539 0.95166 0.463867 0.0273438 0.0017767
4 0.0301514 0.572266 0.0385742 0.624023 0.00164413
4 0.0527649 0.606323 0.0897827 0.787354 0.00156689
7 0.130493 0.0860901 0.227783 0.1203 0.00154591
1 0.556763 0.0918884 0.747803 0.164856 0.00152016
14 0.705078 0.0834656 0.478516 0.147034 0.0015192
2 0.947998 0.869629 0.0688477 0.245117 0.00151062
9 0.371094 0.129181 0.261719 0.0736694 0.00150967
7 0.371094 0.129181 0.261719 0.0736694 0.0014925
9 0.691406 0.0843811 0.491211 0.150574 0.00147247
4 0.371094 0.129181 0.261719 0.0736694 0.00147057
14 0.445801 0.100311 0.413086 0.131897 0.0014534
4 0.608398 0.0905151 0.697266 0.161011 0.00144386
6 0.371094 0.129181 0.261719 0.0736694 0.00143528
16 0.130493 0.0860901 0.227783 0.1203 0.00141335
2 0.0483398 0.546875 0.0549316 0.710938 0.00138569
17 0.130493 0.0860901 0.227783 0.1203 0.00136471
2 0.817383 0.957764 0.293945 0.043457 0.00136185
4 0.412842 0.120361 0.354004 0.0876465 0.00134945
10 0.130493 0.0860901 0.227783 0.1203 0.00133801
5 0.130493 0.0860901 0.227783 0.1203 0.00133801
8 0.130493 0.0860901 0.227783 0.1203 0.00133324
16 0.371094 0.129181 0.261719 0.0736694 0.00132751
15 0.371094 0.129181 0.261719 0.0736694 0.00132751
9 0.446045 0.10022 0.421387 0.132324 0.0013237
1 0.365234 0.130859 0.249023 0.0720215 0.00132275
14 0.371094 0.129181 0.261719 0.0736694 0.00131702
10 0.371094 0.129181 0.261719 0.0736694 0.00130749
5 0.371094 0.129181 0.261719 0.0736694 0.00130177
11 0.371094 0.129181 0.261719 0.0736694 0.001297
0 0.130493 0.0860901 0.227783 0.1203 0.00129318
12 0.371094 0.129181 0.261719 0.0736694 0.00128746
3 0.371094 0.129181 0.261719 0.0736694 0.00128746
6 0.691406 0.0843811 0.491211 0.150574 0.00127888
17 0.371094 0.129181 0.261719 0.0736694 0.0012722
19 0.130493 0.0860901 0.227783 0.1203 0.00126266
15 0.130493 0.0860901 0.227783 0.1203 0.0012579
2 0.0231018 0.691162 0.0462036 0.617676 0.00123978
12 0.130493 0.0860901 0.227783 0.1203 0.00122929
11 0.130493 0.0860901 0.227783 0.1203 0.00122929
2 0.408325 0.0904846 0.5896 0.150574 0.00122452
18 0.130493 0.0860901 0.227783 0.1203 0.00121975
8 0.371094 0.129181 0.261719 0.0736694 0.0012188
0 0.371094 0.129181 0.261719 0.0736694 0.00121021
6 0.445801 0.100311 0.413086 0.131897 0.0012064
19 0.445801 0.100311 0.413086 0.131897 0.00120068
18 0.371094 0.129181 0.261719 0.0736694 0.00119972
7 0.691406 0.0843811 0.491211 0.150574 0.00119686
19 0.371094 0.129181 0.261719 0.0736694 0.00119591
8 0.445801 0.100311 0.413086 0.131897 0.00118637
10 0.691406 0.0843811 0.491211 0.150574 0.00118446
19 0.705078 0.0834656 0.478516 0.147034 0.00117397
15 0.705078 0.0834656 0.478516 0.147034 0.00117397
2 0.0567627 0.484375 0.0405273 0.313477 0.00116444
11 0.691406 0.0843811 0.491211 0.150574 0.00112534
17 0.445801 0.100311 0.413086 0.131897 0.00112343
12 0.691406 0.0843811 0.491211 0.150574 0.00112057
17 0.691406 0.0843811 0.491211 0.150574 0.00112057
0 0.705078 0.0834656 0.478516 0.147034 0.00111294
16 0.691406 0.0843811 0.491211 0.150574 0.00111198
16 0.445801 0.100311 0.413086 0.131897 0.00110626
5 0.691406 0.0843811 0.491211 0.150574 0.00109482
3 0.691406 0.0843811 0.491211 0.150574 0.001091
11 0.446045 0.10022 0.421387 0.132324 0.00109005
18 0.691406 0.0843811 0.491211 0.150574 0.00107861
7 0.456909 0.0942383 0.451416 0.147217 0.00106049
2 0.016571 0.868164 0.0293579 0.242188 0.00105858
8 0.691406 0.0843811 0.491211 0.150574 0.00105286
3 0.445801 0.100311 0.413086 0.131897 0.00103188
0 0.446045 0.10022 0.421387 0.132324 0.00102806
1 0.202698 0.0891113 0.362183 0.140381 0.00101852
15 0.445801 0.100311 0.413086 0.131897 0.00100422
