2 0.46582 0.69043 0.175781 0.0878906 0.870117
2 0.514648 0.0672302 0.0419922 0.0706177 0.275879
2 0.458618 0.69043 0.291748 0.113281 0.0506897
2 0.515137 0.851562 0.0859375 0.0566406 0.020462
2 0.470703 0.711914 0.176758 0.148438 0.0128021
4 0.0966492 0.515625 0.0855103 0.731445 0.0121536
2 0.441895 0.793945 0.0351562 0.160156 0.0117493
2 0.503418 0.0676575 0.0527344 0.0819702 0.0106201
2 0.467529 0.745117 0.194824 0.238281 0.0101242
2 0.530273 0.066803 0.0703125 0.0734253 0.00943756
1 0.179565 0.0894012 0.0681152 0.12442 0.00652313
13 0.514648 0.0672302 0.0419922 0.0706177 0.00645828
2 0.502075 0.859375 0.121826 0.0625 0.00581741
2 0.962891 0.103271 0.0253906 0.126221 0.00523758
2 0.548828 0.0601654 0.109375 0.0815735 0.00493622
2 0.513672 0.0741882 0.0585938 0.097229 0.00418472
13 0.466431 0.69043 0.167725 0.0869141 0.00409698
3 0.0246582 0.514648 0.0493164 0.870117 0.00401306
2 0.491211 0.832031 0.139648 0.118164 0.00373077
2 0.499146 0.846191 0.141357 0.0693359 0.00367546
14 0.465942 0.689941 0.17749 0.0888672 0.00335121
11 0.465942 0.689941 0.17749 0.0888672 0.00302887
2 0.502075 0.0678558 0.0915527 0.0820618 0.00279236
3 0.00100708 0.514282 0.00201416 0.947998 0.00276947
4 0.0654602 0.506226 0.090271 0.800049 0.00271797
2 0.463623 0.666016 0.189941 0.419922 0.00263786
2 0.488403 0.798828 0.144287 0.194336 0.00223923
4 0.466431 0.69043 0.167725 0.0869141 0.00218201
16 0.465942 0.689941 0.17749 0.0888672 0.00214195
1 0.466431 0.69043 0.167725 0.0869141 0.00197029
9 0.459961 0.689941 0.171875 0.0947266 0.00177193
8 0.461914 0.691895 0.167969 0.0878906 0.0017662
2 0.451172 0.6875 0.170898 0.285156 0.00173473
19 0.465942 0.689941 0.17749 0.0888672 0.00171566
2 0.378174 0.992676 0.756348 0.0146484 0.00170994
3 0.461914 0.691895 0.167969 0.0878906 0.00169945
9 0.966797 0.101562 0.0292969 0.124756 0.00169849
6 0.461914 0.691895 0.167969 0.0878906 0.00166607
0 0.466431 0.69043 0.167725 0.0869141 0.00163555
13 0.51123 0.861816 0.0996094 0.0527344 0.00162125
12 0.466431 0.69043 0.167725 0.0869141 0.00157261
7 0.461792 0.691406 0.182861 0.0927734 0.00154972
17 0.461914 0.691895 0.167969 0.0878906 0.00152302
14 0.515625 0.0664978 0.0400391 0.0740356 0.00150871
5 0.466431 0.69043 0.167725 0.0869141 0.00150108
2 0.464111 0.666016 0.17041 0.171875 0.00149822
15 0.461792 0.691406 0.182861 0.0927734 0.00145054
4 0.0431519 0.512207 0.0863037 0.910156 0.0014286
10 0.461792 0.691406 0.182861 0.0927734 0.00140572
4 0.953369 0.480957 0.0717773 0.794922 0.00127697
18 0.461792 0.691406 0.182861 0.0927734 0.0012598
1 0.147949 0.0891113 0.116699 0.137451 0.00124645
13 0.512695 0.0727539 0.0595703 0.0910645 0.00107002
2 0.359375 0.949951 0.71875 0.100098 0.00100327
