2 0.431152 0.223877 0.269531 0.199707 0.888184
2 0.750977 0.847656 0.0361328 0.0898438 0.296875
2 0.947754 0.746094 0.0283203 0.108398 0.206665
2 0.949219 0.749023 0.0449219 0.113281 0.0234833
13 0.429565 0.227539 0.271729 0.188965 0.0145493
2 0.437744 0.226135 0.283691 0.325073 0.0108414
4 0.42981 0.223877 0.267334 0.218262 0.00938416
13 0.750977 0.847656 0.0361328 0.0898438 0.00865173
1 0.431152 0.225342 0.258789 0.214844 0.00725937
14 0.431152 0.225342 0.258789 0.214844 0.00680161
2 0.748047 0.848633 0.078125 0.102539 0.00642014
9 0.42981 0.223877 0.267334 0.218262 0.00591278
13 0.948242 0.745605 0.0302734 0.110352 0.00587845
4 0.95752 0.546509 0.0693359 0.740967 0.00435638
7 0.42981 0.223877 0.267334 0.218262 0.00415802
16 0.42981 0.223877 0.267334 0.218262 0.00407791
8 0.42981 0.223877 0.267334 0.218262 0.00392151
10 0.42981 0.223877 0.267334 0.218262 0.00380325
19 0.42981 0.223877 0.267334 0.218262 0.00341225
2 0.762695 0.850098 0.0585938 0.0908203 0.00341225
12 0.42981 0.223877 0.267334 0.218262 0.00338554
5 0.42981 0.223877 0.267334 0.218262 0.00337219
3 0.429932 0.222473 0.270996 0.193726 0.0032711
17 0.42981 0.223877 0.267334 0.218262 0.00318146
6 0.42981 0.223877 0.267334 0.218262 0.00318146
11 0.42981 0.223877 0.267334 0.218262 0.00313187
18 0.429565 0.227539 0.271729 0.188965 0.00310707
0 0.42981 0.223877 0.267334 0.218262 0.00308418
15 0.429932 0.222473 0.270996 0.193726 0.00294495
2 0.948486 0.74707 0.0776367 0.121094 0.00289726
4 0.974854 0.543945 0.050293 0.74707 0.00213432
4 0.949707 0.675659 0.0498047 0.488525 0.00195122
4 0.948242 0.745605 0.0302734 0.110352 0.00161839
2 0.739746 0.848145 0.046875 0.0966797 0.0015583
9 0.750977 0.847656 0.0361328 0.0898438 0.00147247
14 0.750977 0.848145 0.0361328 0.0888672 0.00128365
4 0.750977 0.847656 0.0361328 0.0898438 0.00118351
1 0.750977 0.847656 0.0361328 0.0898438 0.00115681
2 0.94873 0.775879 0.0537109 0.206055 0.0011282
14 0.948242 0.745605 0.0302734 0.110352 0.00108147
9 0.947754 0.746094 0.0283203 0.108398 0.00102615
