2 0.206116 0.312256 0.353394 0.143066 0.882812
2 0.229431 0.706543 0.39856 0.0957031 0.881836
4 0.901855 0.513794 0.104492 0.845459 0.030304
2 0.203308 0.35498 0.360962 0.318359 0.0125504
2 0.141541 0.321533 0.261841 0.154785 0.00922394
4 0.91748 0.568359 0.0791016 0.597656 0.00636673
2 0.235352 0.730957 0.379395 0.21582 0.00580215
13 0.200623 0.317383 0.359497 0.15625 0.0056839
4 0.910645 0.727051 0.0947266 0.455078 0.00536728
13 0.227478 0.706543 0.403442 0.0947266 0.00432587
4 0.934082 0.481567 0.0888672 0.775146 0.00357056
4 0.229431 0.706543 0.39856 0.0957031 0.00336266
2 0.221436 0.286865 0.350586 0.0927734 0.00336075
2 0.226013 0.705078 0.360474 0.349609 0.00329971
4 0.206116 0.312256 0.353394 0.143066 0.00311279
3 0.968506 0.585205 0.0629883 0.782715 0.00291824
11 0.200134 0.313232 0.349731 0.149902 0.00274467
9 0.200623 0.317383 0.359497 0.15625 0.00245285
1 0.202209 0.313477 0.372925 0.139648 0.00244713
4 0.898438 0.560791 0.169922 0.815918 0.00241852
14 0.210449 0.312256 0.353027 0.139648 0.00240517
9 0.231445 0.704102 0.406738 0.0917969 0.00234985
1 0.235107 0.70752 0.410156 0.0888672 0.00227928
14 0.233337 0.706055 0.410278 0.0898438 0.0022049
7 0.233337 0.706055 0.410278 0.0898438 0.00210381
6 0.230713 0.70459 0.402344 0.0908203 0.00206947
0 0.231201 0.70459 0.40625 0.0908203 0.00199318
16 0.230713 0.70459 0.404785 0.0947266 0.00198555
15 0.231445 0.704102 0.406738 0.0917969 0.00198555
10 0.233337 0.706055 0.410278 0.0898438 0.00196266
11 0.22998 0.700684 0.416504 0.101562 0.00195694
5 0.231445 0.704102 0.406738 0.0917969 0.0019474
6 0.200623 0.317383 0.359497 0.15625 0.00194359
2 0.21344 0.69043 0.307495 0.113281 0.00192738
17 0.230713 0.70459 0.404785 0.0947266 0.00192261
7 0.200623 0.317383 0.359497 0.15625 0.0019207
0 0.210449 0.312256 0.353027 0.139648 0.00191116
2 0.225586 0.675293 0.408691 0.171875 0.00190639
12 0.231445 0.704102 0.406738 0.0917969 0.0018959
18 0.230713 0.70459 0.404785 0.0947266 0.00188637
19 0.231201 0.70459 0.40625 0.0908203 0.00187206
19 0.210449 0.312256 0.353027 0.139648 0.00185204
15 0.200623 0.317383 0.359497 0.15625 0.00184536
8 0.231445 0.704102 0.406738 0.0917969 0.00184441
3 0.231445 0.704102 0.406738 0.0917969 0.00183678
16 0.202209 0.313477 0.372925 0.139648 0.00183487
10 0.210449 0.312256 0.353027 0.139648 0.00181675
8 0.207031 0.3125 0.357422 0.143066 0.00179291
12 0.210449 0.312256 0.353027 0.139648 0.00178814
3 0.210449 0.312256 0.353027 0.139648 0.00176048
17 0.200623 0.317383 0.359497 0.15625 0.00174141
5 0.200623 0.317383 0.359497 0.15625 0.00170708
18 0.200623 0.317383 0.359497 0.15625 0.00165558
4 0.929199 0.618774 0.104492 0.762451 0.00163746
4 0.916016 0.416748 0.0947266 0.685059 0.0013504
4 0.963623 0.75 0.0727539 0.5 0.00128269
2 0.222839 0.34082 0.414673 0.20752 0.00113392
3 0.984131 0.368164 0.0317383 0.549805 0.00104809
