2 0.584961 0.211853 0.308594 0.237427 0.907227
13 0.586426 0.215942 0.313477 0.2229 0.0192108
4 0.585938 0.216797 0.319336 0.229004 0.0120239
1 0.584473 0.213867 0.299805 0.255859 0.0117645
14 0.587402 0.214722 0.301758 0.234619 0.0105896
9 0.584473 0.213867 0.299805 0.255859 0.00775146
3 0.585449 0.215088 0.320312 0.22998 0.00509644
16 0.584473 0.213135 0.301758 0.235352 0.00478363
19 0.584473 0.213135 0.301758 0.235352 0.0047493
7 0.584473 0.213135 0.301758 0.235352 0.00469208
8 0.584473 0.213135 0.301758 0.235352 0.00444412
17 0.584473 0.213135 0.301758 0.235352 0.00422668
18 0.585449 0.215088 0.320312 0.22998 0.00416565
5 0.584473 0.213867 0.299805 0.255859 0.00411987
11 0.584473 0.213135 0.301758 0.235352 0.00409317
6 0.584473 0.213135 0.301758 0.235352 0.00407791
10 0.586914 0.211304 0.308594 0.251709 0.00383377
3 0.940918 0.579224 0.118164 0.841553 0.00377274
12 0.584473 0.213867 0.299805 0.255859 0.00370979
0 0.584473 0.213867 0.299805 0.255859 0.00365257
15 0.584473 0.213867 0.299805 0.255859 0.00317574
2 0.983398 0.9021 0.03125 0.135254 0.0025425
2 0.970947 0.821777 0.0581055 0.350586 0.00241089
4 0.936035 0.519531 0.100586 0.871094 0.0022583
4 0.941895 0.600342 0.116211 0.799316 0.0021534
2 0.129272 0.813965 0.0334473 0.0703125 0.00200462
2 0.980713 0.828369 0.0366211 0.321777 0.00186539
4 0.929688 0.664062 0.0957031 0.594727 0.00168896
2 0.984131 0.869629 0.0317383 0.158203 0.00153351
2 0.953613 0.821533 0.0830078 0.353027 0.00146675
3 0.959717 0.585693 0.0805664 0.812988 0.00132561
3 0.0293884 0.517212 0.0587769 0.924561 0.00110245
4 0.942871 0.725952 0.0673828 0.522705 0.00101089
