2 0.0848846 0.0824585 0.12149 0.0718994 0.812988
2 0.0953369 0.0820312 0.184326 0.0822754 0.0656738
2 0.108643 0.0745239 0.217285 0.107056 0.0344238
1 0.0870514 0.0745544 0.121307 0.0852661 0.0326538
13 0.738281 0.216675 0.0908203 0.0964355 0.0306549
2 0.738281 0.216675 0.0908203 0.0964355 0.0207367
2 0.0829773 0.101807 0.129944 0.0874023 0.0158997
2 0.100342 0.077301 0.120605 0.0973511 0.00759125
3 0.958984 0.566772 0.0820312 0.782471 0.00622177
13 0.0854187 0.0746002 0.141663 0.0929871 0.00391769
2 0.0780945 0.129761 0.146057 0.259521 0.00355911
9 0.0805969 0.0754852 0.131287 0.0956116 0.00355721
3 0.082489 0.0747681 0.136292 0.0970459 0.00286102
14 0.082489 0.0747681 0.136292 0.0970459 0.00266838
14 0.739258 0.221191 0.0917969 0.101074 0.00241661
11 0.085083 0.0811768 0.121826 0.072998 0.00235558
2 0.87085 0.973877 0.240723 0.034668 0.00213814
2 0.083786 0.110504 0.121979 0.204773 0.00208092
3 0.968262 0.526245 0.0634766 0.94751 0.00187016
7 0.0848694 0.08255 0.121765 0.071228 0.00169277
13 0.732422 0.204285 0.139648 0.0792236 0.00166798
8 0.0830078 0.0734711 0.134766 0.0932922 0.00164127
2 0.0776672 0.0613708 0.138611 0.09552 0.00161552
16 0.085083 0.0811768 0.121826 0.072998 0.0015831
4 0.0805969 0.0754852 0.131287 0.0956116 0.00156593
12 0.082489 0.0747681 0.136292 0.0970459 0.00153351
2 0.126221 0.0848999 0.252441 0.09729 0.00151253
0 0.0848694 0.08255 0.121765 0.071228 0.00148201
19 0.085083 0.0811768 0.121826 0.072998 0.00148201
15 0.082489 0.0747681 0.136292 0.0970459 0.00148106
5 0.0848694 0.08255 0.121765 0.071228 0.00146008
6 0.0848694 0.08255 0.121765 0.071228 0.00146008
10 0.082489 0.0747681 0.136292 0.0970459 0.00143528
18 0.0848694 0.08255 0.121765 0.071228 0.0013237
4 0.943848 0.5 0.112305 1 0.00124073
17 0.0848694 0.08255 0.121765 0.071228 0.00122929
1 0.0882568 0.0738525 0.176514 0.0947266 0.00121498
13 0.74707 0.224121 0.136719 0.105957 0.00119209
13 0.0850525 0.0892334 0.119446 0.0700684 0.00108433
4 0.94873 0.515625 0.0966797 0.84082 0.00108337
14 0.811523 0.974609 0.115234 0.0371094 0.00103664
