2 0.361938 0.245422 0.426514 0.266968 0.888184
2 0.312927 0.315918 0.309692 0.115723 0.778809
2 0.50354 0.193481 0.100342 0.191162 0.691406
4 0.958984 0.581909 0.0820312 0.783447 0.164429
13 0.501953 0.18927 0.0996094 0.18103 0.0324402
13 0.360901 0.244446 0.399292 0.261108 0.0126419
2 0.515991 0.193085 0.189697 0.207581 0.0116653
2 0.425049 0.209351 0.302246 0.206787 0.0098877
2 0.380859 0.728027 0.128418 0.223633 0.0083313
2 0.317505 0.275635 0.3396 0.197754 0.00680161
2 0.309326 0.32959 0.291992 0.194824 0.00556564
4 0.360901 0.244446 0.399292 0.261108 0.00551224
13 0.309021 0.31543 0.300903 0.116211 0.00437927
4 0.373047 0.734863 0.128906 0.222656 0.00402069
2 0.373596 0.30957 0.425659 0.15332 0.00389671
4 0.50293 0.194275 0.104492 0.223755 0.00382805
2 0.958984 0.581909 0.0820312 0.783447 0.00375175
1 0.367676 0.241699 0.426758 0.277344 0.00355911
4 0.308044 0.318115 0.296997 0.114746 0.00317955
14 0.360901 0.244446 0.399292 0.261108 0.00315857
3 0.504395 0.191071 0.103516 0.225281 0.00289917
9 0.50293 0.194275 0.104492 0.223755 0.00262451
9 0.367676 0.241699 0.426758 0.277344 0.00259399
1 0.504395 0.191071 0.103516 0.225281 0.00250244
4 0.959473 0.709351 0.0615234 0.540283 0.00247574
14 0.504395 0.191071 0.103516 0.225281 0.00239754
13 0.375732 0.733887 0.135254 0.216797 0.00215721
11 0.31543 0.314209 0.295898 0.114746 0.00214767
14 0.308594 0.314697 0.291992 0.114746 0.00205421
19 0.360901 0.244446 0.399292 0.261108 0.00201225
1 0.311218 0.315186 0.303345 0.116699 0.00199509
9 0.31543 0.314209 0.295898 0.114746 0.00199509
5 0.360901 0.244446 0.399292 0.261108 0.00194931
6 0.360901 0.244446 0.399292 0.261108 0.00188255
10 0.360901 0.244446 0.399292 0.261108 0.00188255
14 0.958984 0.581909 0.0820312 0.783447 0.00187111
7 0.362366 0.239563 0.430542 0.296265 0.00186729
15 0.360901 0.244446 0.399292 0.261108 0.00185299
11 0.360901 0.244446 0.399292 0.261108 0.00181103
18 0.360901 0.244446 0.399292 0.261108 0.00181103
4 0.954102 0.337891 0.0644531 0.675781 0.0018034
6 0.311218 0.315186 0.303345 0.116699 0.00180244
16 0.362366 0.239563 0.430542 0.296265 0.00179005
3 0.361877 0.242249 0.406128 0.271362 0.00176907
8 0.360901 0.244446 0.399292 0.261108 0.00176239
12 0.360352 0.244141 0.424805 0.272461 0.00174141
17 0.360901 0.244446 0.399292 0.261108 0.00173473
8 0.311218 0.315186 0.303345 0.116699 0.00172043
7 0.504395 0.191071 0.103516 0.225281 0.00165939
10 0.50293 0.194275 0.104492 0.223755 0.00164223
5 0.504395 0.191071 0.103516 0.225281 0.00162792
2 0.477539 0.205933 0.134766 0.256104 0.00162029
0 0.362854 0.242676 0.407104 0.252441 0.00161457
17 0.312683 0.315918 0.306274 0.116211 0.00161362
15 0.308594 0.314697 0.291992 0.114746 0.00160122
16 0.312683 0.315918 0.306274 0.116211 0.00159454
8 0.504395 0.191071 0.103516 0.225281 0.00156593
12 0.312683 0.315918 0.306274 0.116211 0.00156403
0 0.308594 0.314697 0.291992 0.114746 0.00156403
7 0.309021 0.31543 0.300903 0.116211 0.00154877
19 0.312683 0.315918 0.306274 0.116211 0.00152206
10 0.312683 0.315918 0.306274 0.116211 0.0014925
6 0.504395 0.191071 0.103516 0.225281 0.00147152
16 0.504395 0.191071 0.103516 0.225281 0.0014658
3 0.311218 0.315186 0.303345 0.116699 0.00144958
5 0.309021 0.31543 0.300903 0.116211 0.00142193
0 0.504395 0.191071 0.103516 0.225281 0.00142097
12 0.504395 0.191071 0.103516 0.225281 0.00139332
18 0.309021 0.31543 0.300903 0.116211 0.00138283
11 0.504395 0.191071 0.103516 0.225281 0.00136662
17 0.504395 0.191071 0.103516 0.225281 0.00132942
15 0.504395 0.191071 0.103516 0.225281 0.00132465
4 0.818359 0.1586 0.0615234 0.172546 0.00131512
19 0.504395 0.191071 0.103516 0.225281 0.00127411
3 0.958984 0.581909 0.0820312 0.783447 0.00124168
14 0.373047 0.734863 0.128906 0.222656 0.00104046
18 0.504395 0.191071 0.103516 0.225281 0.00100899
