2 0.320068 0.0968018 0.0830078 0.029541 0.202759
4 0.475708 0.727051 0.139404 0.391602 0.069458
3 0.957031 0.512207 0.0859375 0.889648 0.0296936
2 0.933594 0.700195 0.0576172 0.324219 0.0285645
2 0.31958 0.103271 0.0942383 0.0354004 0.00934601
4 0.947021 0.515625 0.074707 0.858398 0.00922394
2 0.336182 0.09729 0.115723 0.0354004 0.00600052
3 0.969727 0.564331 0.0605469 0.797119 0.00567245
2 0.930664 0.652832 0.0654297 0.498047 0.00511169
3 0.941162 0.547607 0.0942383 0.904785 0.00497437
2 0.319092 0.101807 0.0776367 0.074707 0.0045929
2 0.936523 0.586304 0.0742188 0.72583 0.00343895
4 0.505371 0.526733 0.138672 0.811768 0.00308418
2 0.475708 0.727051 0.139404 0.391602 0.00247574
2 0.383301 0.325439 0.0380859 0.0410156 0.00219917
2 0.959473 0.583984 0.0810547 0.806641 0.0021553
2 0.326172 0.0967712 0.23291 0.0339966 0.00206566
4 0.946777 0.512451 0.106445 0.928223 0.00201225
3 0.97168 0.584351 0.0566406 0.643799 0.00176525
13 0.319824 0.0967102 0.078125 0.0302124 0.00175285
2 0.975342 0.52002 0.0493164 0.873047 0.00173378
4 0.0688324 0.547485 0.0854797 0.895264 0.0017252
14 0.591797 0.0385132 0.144531 0.0462646 0.00167274
14 0.319824 0.0967102 0.078125 0.0302124 0.0016613
4 0.973389 0.512573 0.0532227 0.898682 0.00147533
4 0.0432129 0.540527 0.0864258 0.918945 0.00137424
14 0.475586 0.714844 0.12793 0.380859 0.00111961
14 0.382812 0.325928 0.0385742 0.0395508 0.00111866
3 0.0219727 0.541504 0.0439453 0.916992 0.00108624
2 0.210266 0.973877 0.345093 0.0288086 0.00107861
