2 0.845215 0.755371 0.126953 0.314453 0.875977
2 0.954346 0.879395 0.034668 0.116211 0.154053
4 0.0498047 0.5177 0.0996094 0.859131 0.0400085
2 0.845215 0.744629 0.120117 0.199219 0.0305786
4 0.847656 0.750977 0.130859 0.317383 0.0192871
2 0.860352 0.752441 0.21582 0.304688 0.0186615
13 0.844727 0.749512 0.140625 0.297852 0.0133438
3 0.843262 0.754395 0.125977 0.329102 0.00882721
14 0.848633 0.75293 0.141602 0.34375 0.00787354
13 0.956055 0.874512 0.0351562 0.126953 0.00592041
9 0.848145 0.75293 0.140625 0.341797 0.00580597
1 0.843262 0.754395 0.125977 0.329102 0.00518036
4 0.0297852 0.484497 0.0595703 0.804443 0.00513077
2 0.909668 0.253418 0.111328 0.0239258 0.00331879
4 0.0421143 0.515625 0.0842285 0.876953 0.00310326
10 0.841309 0.751465 0.129883 0.359375 0.002985
11 0.843262 0.754395 0.125977 0.329102 0.00292778
2 0.871582 0.749512 0.12793 0.358398 0.00283241
8 0.848145 0.75293 0.140625 0.341797 0.00280571
2 0.95874 0.879395 0.0825195 0.124023 0.00276566
16 0.848145 0.75293 0.140625 0.341797 0.00265694
7 0.848633 0.75293 0.141602 0.34375 0.00265503
17 0.848145 0.75293 0.140625 0.341797 0.00257683
19 0.841309 0.751465 0.129883 0.359375 0.00257492
5 0.843262 0.750488 0.123047 0.374023 0.00253868
0 0.843262 0.754395 0.125977 0.329102 0.00250626
4 0.0742188 0.526733 0.095459 0.846924 0.00250244
6 0.848633 0.75293 0.141602 0.34375 0.00246429
15 0.848633 0.75 0.134766 0.360352 0.00244522
18 0.843262 0.754395 0.125977 0.329102 0.00237274
2 0.910889 0.251221 0.119629 0.0507812 0.00231171
12 0.848633 0.75 0.134766 0.360352 0.00230598
2 0.955811 0.843262 0.0415039 0.197266 0.00184155
4 0.0189209 0.560913 0.0378418 0.858643 0.00150013
2 0.81543 0.749512 0.152344 0.34668 0.00144482
4 0.978516 0.246643 0.0390625 0.460815 0.00140476
14 0.954346 0.879395 0.034668 0.116211 0.00136566
3 0.983887 0.274048 0.0322266 0.481201 0.00130939
2 0.978516 0.246643 0.0390625 0.460815 0.00123882
2 0.0498047 0.5177 0.0996094 0.859131 0.0011797
2 0.963623 0.871094 0.0395508 0.158203 0.0011673
2 0.960205 0.75293 0.0795898 0.410156 0.00113297
2 0.958252 0.259766 0.050293 0.365723 0.00104904
4 0 0.541504 0 0.916992 0.00103283
3 0.977295 0.273499 0.0415039 0.461792 0.00101185
