2 0.560425 0.359619 0.25415 0.334473 0.900391
4 0.561035 0.355408 0.265625 0.347778 0.0223999
13 0.570312 0.364563 0.237305 0.303101 0.0180511
2 0.55896 0.352539 0.219971 0.200684 0.0103836
14 0.567871 0.363708 0.249023 0.335083 0.00989532
1 0.564453 0.357544 0.269531 0.325928 0.00779343
9 0.567871 0.363708 0.249023 0.335083 0.00653839
3 0.55896 0.358154 0.260986 0.346191 0.00611877
18 0.569336 0.360901 0.255859 0.328003 0.00388908
8 0.569214 0.36261 0.231689 0.345093 0.00367546
7 0.571777 0.362915 0.233398 0.342529 0.00366783
0 0.568359 0.360413 0.250977 0.331909 0.00361824
11 0.568359 0.360413 0.250977 0.331909 0.00360298
10 0.569214 0.36261 0.231689 0.345093 0.00352097
16 0.569336 0.360901 0.255859 0.328003 0.0035038
19 0.569336 0.360901 0.255859 0.328003 0.00334358
6 0.569336 0.360657 0.250977 0.339233 0.00329971
17 0.569214 0.36261 0.231689 0.345093 0.0032196
4 0.0392609 0.484009 0.0677185 0.817139 0.00302887
5 0.570312 0.364563 0.237305 0.303101 0.0030117
12 0.568359 0.360413 0.250977 0.331909 0.00297928
15 0.569336 0.360901 0.255859 0.328003 0.00295258
2 0.958984 0.933594 0.0820312 0.103516 0.00136948
3 0.0296631 0.482422 0.0593262 0.813477 0.0010643
