2 0.365601 0.209473 0.303955 0.14209 0.90625
14 0.274414 0.69043 0.0458984 0.046875 0.104309
13 0.271912 0.927734 0.161255 0.0410156 0.074585
2 0.364258 0.222168 0.308594 0.237793 0.0100555
2 0.272949 0.689941 0.0419922 0.0458984 0.00878143
2 0.271973 0.928223 0.174805 0.0419922 0.00836182
13 0.229736 0.927734 0.235352 0.0341797 0.00688934
13 0.901367 0.12561 0.100586 0.0366211 0.00623703
14 0.275879 0.691406 0.0493164 0.0888672 0.00582886
13 0.361572 0.208862 0.310059 0.140381 0.0055809
4 0.364319 0.207947 0.297729 0.140747 0.00463104
4 0.944824 0.463013 0.0771484 0.675537 0.00315857
3 0.0369873 0.50647 0.0739746 0.865967 0.00305367
11 0.369568 0.208008 0.30188 0.140137 0.00300217
9 0.361572 0.208862 0.310059 0.140381 0.00289345
2 0.901367 0.12561 0.100586 0.0366211 0.0027771
14 0.28125 0.697754 0.0615234 0.0507812 0.00272942
14 0.273926 0.688477 0.0942383 0.0537109 0.0026989
14 0.362549 0.209656 0.30127 0.144165 0.00260544
13 0.280518 0.929688 0.166016 0.0644531 0.00257492
2 0.352905 0.201538 0.31958 0.390381 0.00247765
1 0.364807 0.209717 0.302612 0.133301 0.00247383
14 0.266357 0.68457 0.0541992 0.0732422 0.00221252
6 0.364807 0.209717 0.302612 0.133301 0.00220871
16 0.369568 0.208008 0.30188 0.140137 0.0022068
0 0.362549 0.209656 0.30127 0.144165 0.00217819
7 0.361572 0.208862 0.310059 0.140381 0.00213432
15 0.361572 0.208862 0.310059 0.140381 0.00202179
13 0.314697 0.930176 0.206543 0.0537109 0.00200081
3 0.361572 0.208862 0.310059 0.140381 0.00198936
17 0.361572 0.208862 0.310059 0.140381 0.00197411
18 0.361572 0.208862 0.310059 0.140381 0.00196075
10 0.361572 0.208862 0.310059 0.140381 0.00192165
12 0.361572 0.208862 0.310059 0.140381 0.00189877
5 0.361572 0.208862 0.310059 0.140381 0.00189209
8 0.361572 0.208862 0.310059 0.140381 0.00181198
19 0.361572 0.208862 0.310059 0.140381 0.00181198
3 0 0.478027 0 0.887695 0.00137997
2 0.0335236 0.830566 0.0555115 0.307617 0.00119686
2 0.197144 0.923828 0.278564 0.0332031 0.00119591
1 0.271729 0.925781 0.150391 0.0390625 0.00111961
2 0.944824 0.908691 0.0869141 0.120117 0.001091
3 0.0126801 0.470215 0.0253601 0.94043 0.0010128
4 0.365662 0.172241 0.308716 0.27417 0.00100994
