2 0.267578 0.78418 0.155762 0.21582 0.851562
2 0.206512 0.691895 0.245178 0.375 0.59668
2 0.141113 0.613281 0.0976562 0.223633 0.328125
2 0.153412 0.678711 0.17218 0.375977 0.0142365
13 0.206512 0.691895 0.245178 0.375 0.0133972
13 0.268127 0.791992 0.143433 0.19043 0.0119095
2 0.241943 0.748047 0.192871 0.265625 0.0108032
2 0.239746 0.791016 0.311035 0.191406 0.0105362
4 0.192657 0.683105 0.236755 0.398438 0.0101318
3 0.966064 0.56543 0.0678711 0.859375 0.00881195
4 0.266357 0.788574 0.137695 0.199219 0.00875092
2 0.24707 0.619629 0.345215 0.302734 0.0051384
13 0.137695 0.621582 0.0910645 0.257812 0.00445557
3 0.268616 0.790527 0.142456 0.199219 0.00367355
14 0.192657 0.683105 0.236755 0.398438 0.00362968
9 0.268127 0.791992 0.143433 0.19043 0.00338554
1 0.205566 0.691406 0.250977 0.390625 0.00332832
1 0.268616 0.790527 0.142456 0.199219 0.00329399
2 0.26416 0.804932 0.155762 0.36084 0.00316238
14 0.268127 0.791992 0.143433 0.19043 0.00313187
9 0.206512 0.691895 0.245178 0.375 0.00279808
3 0.205566 0.691406 0.250977 0.390625 0.00268936
2 0.231201 0.788086 0.160645 0.195312 0.00249481
10 0.265686 0.791016 0.147339 0.216797 0.00236511
8 0.265686 0.791016 0.147339 0.216797 0.00229263
19 0.268127 0.791992 0.143433 0.19043 0.00220871
5 0.268127 0.791992 0.143433 0.19043 0.00220871
7 0.268127 0.791992 0.143433 0.19043 0.00217247
16 0.268127 0.791992 0.143433 0.19043 0.00209808
4 0.956787 0.482056 0.0864258 0.914795 0.00209236
6 0.268127 0.791992 0.143433 0.19043 0.0020752
15 0.268616 0.790527 0.142456 0.199219 0.00206757
11 0.268616 0.790527 0.142456 0.199219 0.00205803
18 0.268127 0.791992 0.143433 0.19043 0.00202751
12 0.268127 0.791992 0.143433 0.19043 0.00201988
2 0.144379 0.631348 0.134094 0.275391 0.00199127
4 0.141571 0.614258 0.100159 0.235352 0.00194931
11 0.205566 0.691406 0.250977 0.390625 0.00193501
0 0.268127 0.791992 0.143433 0.19043 0.00191975
17 0.268127 0.791992 0.143433 0.19043 0.00189781
19 0.206512 0.691895 0.245178 0.375 0.00188065
10 0.206512 0.691895 0.245178 0.375 0.00179482
2 0.120728 0.609375 0.09375 0.255859 0.00177956
7 0.206512 0.691895 0.245178 0.375 0.00175381
5 0.206512 0.691895 0.245178 0.375 0.0017395
2 0.272461 0.723145 0.214844 0.358398 0.00172138
18 0.205566 0.691406 0.250977 0.390625 0.00171471
16 0.205566 0.691406 0.250977 0.390625 0.00169468
6 0.206512 0.691895 0.245178 0.375 0.00166035
15 0.206512 0.691895 0.245178 0.375 0.00165367
0 0.205566 0.691406 0.250977 0.390625 0.00160503
12 0.206512 0.691895 0.245178 0.375 0.00160313
8 0.206512 0.691895 0.245178 0.375 0.00157166
17 0.206512 0.691895 0.245178 0.375 0.00152969
2 0.229492 0.604492 0.270508 0.220703 0.00147533
2 0.185974 0.620605 0.186646 0.213867 0.00145626
1 0.137817 0.61084 0.0908203 0.235352 0.00123405
2 0.136963 0.577148 0.108398 0.142578 0.00119686
9 0.137817 0.61084 0.0908203 0.235352 0.00118732
4 0.974365 0.725952 0.0493164 0.548096 0.00111485
