2 0.44165 0.94751 0.183105 0.0444336 0.819336
4 0.263672 0.184265 0.0888672 0.288696 0.466797
13 0.88623 0.816895 0.152344 0.0498047 0.208496
4 0.737793 0.42981 0.118164 0.532959 0.143188
2 0.268066 0.192932 0.0844727 0.265503 0.110779
2 0.420166 0.945801 0.299316 0.0576172 0.0645752
4 0.279053 0.20874 0.0776367 0.214355 0.060791
4 0.742188 0.381958 0.0898438 0.407959 0.0409546
2 0.896484 0.817871 0.133789 0.0537109 0.038147
2 0.280029 0.224609 0.0717773 0.173828 0.0374451
2 0.453613 0.937012 0.183594 0.0439453 0.0361633
2 0.444458 0.952637 0.202881 0.0673828 0.0349426
2 0.440918 0.940674 0.195312 0.112793 0.020462
4 0.255371 0.403076 0.11084 0.228027 0.0171204
13 0.841797 0.812012 0.234375 0.0517578 0.0132294
4 0.964355 0.516113 0.0712891 0.864258 0.00767899
14 0.263672 0.184265 0.0888672 0.288696 0.00748062
2 0.486694 0.942871 0.251221 0.0507812 0.00746536
4 0.260315 0.333313 0.0916748 0.373413 0.00590134
4 0.232422 0.180481 0.15332 0.271851 0.00577927
4 0.280518 0.177307 0.0957031 0.342651 0.00567627
4 0.283447 0.198761 0.121094 0.238708 0.00415802
2 0.742676 0.383057 0.09375 0.471191 0.00377655
2 0.272949 0.21106 0.129883 0.208252 0.00374985
13 0.440186 0.944824 0.188965 0.0439453 0.00363731
14 0.25708 0.404907 0.102539 0.203857 0.00341415
4 0.749512 0.448242 0.129883 0.783203 0.00319672
13 0.900391 0.817871 0.199219 0.0625 0.00304222
2 0.25116 0.40271 0.116821 0.208252 0.00298309
4 0.263367 0.380615 0.138306 0.38623 0.00294876
3 0.973877 0.584961 0.0522461 0.695312 0.00283623
14 0.738281 0.419678 0.115234 0.532715 0.00279617
4 0.956299 0.448364 0.0561523 0.562256 0.0026722
13 0.856445 0.812012 0.222656 0.0810547 0.00258064
13 0.279053 0.20874 0.0776367 0.214355 0.00247574
2 0.851562 0.814941 0.199219 0.0507812 0.00239563
13 0.263672 0.184265 0.0888672 0.288696 0.00224304
2 0.740234 0.431763 0.129883 0.58374 0.0020752
7 0.439453 0.948486 0.195312 0.0463867 0.00207329
4 0.97168 0.564941 0.0566406 0.623047 0.00203133
9 0.439453 0.948486 0.195312 0.0463867 0.00200844
15 0.439453 0.948486 0.195312 0.0463867 0.00194073
2 0.481445 0.945801 0.19043 0.0390625 0.00193882
16 0.439453 0.948486 0.195312 0.0463867 0.0019331
10 0.439453 0.948486 0.195312 0.0463867 0.00191784
14 0.88623 0.816895 0.152344 0.0498047 0.00191212
2 0.449219 0.892578 0.188477 0.214844 0.00190639
2 0.900391 0.817871 0.199219 0.0625 0.00189495
12 0.439453 0.948486 0.195312 0.0463867 0.00185204
6 0.439453 0.948486 0.195312 0.0463867 0.00182247
3 0.439453 0.948486 0.195312 0.0463867 0.00180149
11 0.439453 0.948486 0.195312 0.0463867 0.00180149
5 0.439453 0.948486 0.195312 0.0463867 0.00180149
17 0.439453 0.948486 0.195312 0.0463867 0.00178719
8 0.439453 0.948486 0.195312 0.0463867 0.00176716
13 0.904053 0.825684 0.137207 0.0771484 0.00175095
0 0.439453 0.948486 0.195312 0.0463867 0.00171852
19 0.439453 0.948486 0.195312 0.0463867 0.00171852
14 0.439453 0.948486 0.195312 0.0463867 0.00171852
18 0.439453 0.948486 0.195312 0.0463867 0.0017128
4 0.44165 0.94751 0.183105 0.0444336 0.00164318
4 0.773438 0.405884 0.177734 0.582764 0.00158596
3 0.261292 0.183411 0.0946045 0.265015 0.00155258
2 0.391602 0.948486 0.167969 0.0424805 0.00147343
4 0.272217 0.269348 0.104492 0.454468 0.00142002
2 0.224609 0.966064 0.359863 0.0307617 0.00139999
14 0.276611 0.210938 0.0786133 0.211914 0.00138855
9 0.266602 0.182068 0.0888672 0.288208 0.00138187
1 0.438965 0.949463 0.198242 0.0463867 0.00134563
2 0.33551 0.950195 0.403198 0.0488281 0.00133801
2 0.244202 0.172546 0.113159 0.283813 0.00130844
2 0.436279 0.823486 0.20459 0.353027 0.00129604
2 0.894043 0.812988 0.146484 0.0820312 0.0012722
8 0.263672 0.184265 0.0888672 0.288696 0.00118923
4 0.945557 0.542358 0.0874023 0.813721 0.0011797
4 0.28418 0.244385 0.0644531 0.154297 0.00115108
19 0.263672 0.184265 0.0888672 0.288696 0.00113106
13 0.854004 0.824707 0.194336 0.0556641 0.00112724
2 0.678223 0.958984 0.473633 0.0371094 0.00108719
10 0.263672 0.184265 0.0888672 0.288696 0.00108624
2 0.90625 0.830078 0.152344 0.0634766 0.00107002
16 0.263672 0.184265 0.0888672 0.288696 0.00104523
5 0.266113 0.184998 0.0859375 0.288208 0.00100994
