2 0.499023 0.727539 0.259766 0.211914 0.851562
2 0.834961 0.190308 0.0302734 0.116455 0.467041
2 0.787598 0.199219 0.0332031 0.0830078 0.185181
2 0.779297 0.190002 0.0361328 0.106812 0.12854
2 0.638184 0.203491 0.0410156 0.173584 0.0944824
2 0.769531 0.184143 0.046875 0.0960693 0.0603333
2 0.827148 0.19519 0.0488281 0.110596 0.0385437
2 0.538452 0.703125 0.185791 0.188477 0.0330505
13 0.499023 0.728027 0.266602 0.201172 0.0235748
2 0.200562 0.199219 0.0327148 0.0913086 0.0175018
2 0.787109 0.189026 0.0605469 0.103882 0.0142899
14 0.500122 0.726562 0.259521 0.225586 0.0116119
4 0.499634 0.724609 0.272217 0.212891 0.0113602
2 0.502441 0.742676 0.246094 0.34375 0.0100861
2 0.837891 0.191345 0.0761719 0.124634 0.010025
2 0.794922 0.19873 0.0361328 0.106445 0.0094986
13 0.833008 0.191284 0.0361328 0.115967 0.00799561
1 0.499023 0.725586 0.258789 0.222656 0.00769043
9 0.499023 0.725586 0.258789 0.222656 0.00641632
2 0.823242 0.187988 0.124023 0.130859 0.00550461
16 0.500122 0.726562 0.259521 0.225586 0.00471878
2 0.623535 0.205322 0.0859375 0.172363 0.00443649
7 0.500122 0.726562 0.259521 0.225586 0.00441742
2 0.763672 0.174683 0.0302734 0.101318 0.00424576
13 0.787109 0.198425 0.0292969 0.0894775 0.00415802
3 0.499023 0.725098 0.268555 0.219727 0.00411606
8 0.499023 0.725586 0.258789 0.222656 0.00404739
14 0.833008 0.191284 0.0361328 0.115967 0.00393295
10 0.499023 0.725586 0.258789 0.222656 0.00383186
19 0.500122 0.726562 0.259521 0.225586 0.00365257
18 0.499023 0.725098 0.268555 0.219727 0.00363541
17 0.500122 0.726562 0.259521 0.225586 0.00361061
6 0.499023 0.725586 0.258789 0.222656 0.00351906
2 0.773438 0.183533 0.0966797 0.113892 0.00345612
2 0.906738 0.162598 0.0478516 0.20166 0.00343895
12 0.499023 0.725586 0.258789 0.222656 0.00341225
11 0.500122 0.726562 0.259521 0.225586 0.00340843
5 0.500122 0.726562 0.259521 0.225586 0.00340843
0 0.500122 0.726562 0.259521 0.225586 0.00335503
15 0.499146 0.724121 0.267334 0.207031 0.00299263
13 0.638184 0.203491 0.0410156 0.173584 0.00295067
2 0.790527 0.202759 0.0830078 0.0847168 0.00271034
4 0.13562 0.340332 0.0996094 0.366211 0.00245094
2 0.632324 0.20459 0.0605469 0.217773 0.00235176
13 0.773438 0.185242 0.0380859 0.110962 0.00217056
4 0.0742188 0.170532 0.0622559 0.0998535 0.00203133
2 0.637695 0.231201 0.0283203 0.134277 0.00191975
2 0.902344 0.0110474 0.0712891 0.0220947 0.00188541
9 0.834961 0.190308 0.0302734 0.116455 0.00179768
4 0.833008 0.191284 0.0361328 0.115967 0.00150776
14 0.787109 0.198425 0.0292969 0.0894775 0.00143147
4 0.120605 0.469238 0.111816 0.707031 0.00142479
11 0.834961 0.190308 0.0302734 0.116455 0.00135803
13 0.539673 0.703613 0.185303 0.193359 0.0012579
6 0.834961 0.190308 0.0302734 0.116455 0.00124645
3 0.834961 0.190308 0.0302734 0.116455 0.00116158
2 0.560547 0.722168 0.307617 0.177734 0.00113201
16 0.834961 0.190308 0.0302734 0.116455 0.00109196
1 0.833008 0.191284 0.0361328 0.115967 0.00108719
5 0.834961 0.190308 0.0302734 0.116455 0.00105
