2 0.115753 0.523438 0.0678101 0.078125 0.755371
2 0.489258 0.0792236 0.0224609 0.118164 0.424316
2 0.490234 0.0828857 0.0332031 0.135986 0.144165
2 0.124023 0.535156 0.0881348 0.0664062 0.0656128
4 0.902832 0.43396 0.133789 0.821533 0.0374146
1 0.660645 0.0449829 0.191406 0.0506592 0.037262
4 0.915039 0.39502 0.09375 0.59375 0.0359192
2 0.116669 0.51709 0.1026 0.0947266 0.0305176
3 0.00720215 0.479492 0.0144043 0.859375 0.0254822
2 0.12204 0.53125 0.141174 0.0732422 0.0219727
2 0.498535 0.0849609 0.0371094 0.143555 0.0215302
4 0.773438 0.632812 0.202148 0.310547 0.0136566
3 0.0235901 0.512695 0.0471802 0.837891 0.011116
2 0.391113 0.977295 0.300781 0.0297852 0.0111008
2 0.664062 0.0460815 0.200195 0.0509033 0.0100784
13 0.491699 0.0820923 0.0302734 0.143433 0.00979614
4 0.921875 0.558228 0.128906 0.684326 0.00797272
3 0 0.477905 0 0.833252 0.00753021
4 0.951416 0.697876 0.0698242 0.604248 0.00702286
2 0.441406 0.980469 0.21582 0.0253906 0.0067749
13 0.119263 0.531738 0.0771484 0.0683594 0.00615692
2 0.411133 0.984375 0.289062 0.03125 0.00564194
2 0.902832 0.416626 0.123047 0.655029 0.00555038
4 0.863281 0.515625 0.201172 0.797852 0.00516891
3 0.961182 0.513062 0.0776367 0.903564 0.00479507
3 0.9729 0.509766 0.0541992 0.859375 0.00428009
2 0.12085 0.548828 0.0881348 0.105469 0.00378227
4 0.943604 0.534302 0.0932617 0.931396 0.00367165
3 0.968506 0.446533 0.0629883 0.672363 0.00364876
2 0.490845 0.0838623 0.0856934 0.153564 0.003582
2 0.467773 0.085083 0.0576172 0.135498 0.00332451
9 0.489258 0.0792236 0.0224609 0.118164 0.00305176
14 0.115723 0.520508 0.0683594 0.0849609 0.00281906
14 0.489258 0.0792236 0.0224609 0.118164 0.00253296
4 0.489258 0.0797119 0.0224609 0.121094 0.00246048
4 0.95752 0.693848 0.0576172 0.407227 0.00236702
4 0.77832 0.534546 0.265625 0.702393 0.00232887
4 0.655151 0.503418 0.492432 0.745117 0.00227928
4 0.753418 0.634277 0.287109 0.365234 0.00216866
4 0.97168 0.586914 0.0566406 0.804688 0.00212669
11 0.11618 0.522461 0.065979 0.0810547 0.00203323
2 0.346619 0.97168 0.351685 0.0332031 0.00175571
4 0.801758 0.6875 0.177734 0.514648 0.0015974
2 0.296387 0.977295 0.525391 0.0454102 0.0015955
2 0.115723 0.50293 0.078125 0.100586 0.00154972
13 0.114258 0.514648 0.0651855 0.09375 0.00151443
2 0.438843 0.0847626 0.109619 0.124908 0.00148582
2 0.538086 0.0908813 0.131836 0.14563 0.00140572
9 0.115753 0.523438 0.0678101 0.078125 0.00135422
2 0.307068 0.984863 0.491333 0.0302734 0.0013504
4 0.952881 0.539185 0.0942383 0.831787 0.00133133
16 0.11618 0.522461 0.065979 0.0810547 0.00131607
19 0.11618 0.522461 0.065979 0.0810547 0.00131607
8 0.11618 0.522461 0.065979 0.0810547 0.00125027
4 0.89502 0.398621 0.114258 0.498657 0.00124073
0 0.11618 0.522461 0.065979 0.0810547 0.00122166
5 0.11618 0.522461 0.065979 0.0810547 0.00120258
1 0.11618 0.522461 0.065979 0.0810547 0.00119305
12 0.11618 0.522461 0.065979 0.0810547 0.00117493
6 0.489258 0.0792236 0.0224609 0.118164 0.00116444
6 0.11618 0.522461 0.065979 0.0810547 0.00114822
1 0.490723 0.0827942 0.0283203 0.13324 0.00114632
15 0.11618 0.522461 0.065979 0.0810547 0.00113964
11 0.489258 0.0792236 0.0224609 0.118164 0.00113678
2 0.755859 0.0449219 0.148438 0.0511475 0.00111198
2 0.11145 0.546387 0.105225 0.0722656 0.00110149
2 0.232849 0.0938721 0.355591 0.0239258 0.00106335
4 0.115723 0.520508 0.0683594 0.0849609 0.00106144
7 0.11618 0.522461 0.065979 0.0810547 0.00105762
4 0.561523 0.447144 0.351562 0.679932 0.00101662
