2 0.648438 0.201721 0.232422 0.206909 0.881348
2 0.449097 0.787109 0.0490723 0.292969 0.508789
13 0.628906 0.198914 0.272461 0.217407 0.0209503
4 0.449097 0.787109 0.0490723 0.292969 0.0167694
2 0.646484 0.21051 0.237305 0.337769 0.0160217
2 0.439575 0.789062 0.079834 0.276367 0.0128326
4 0.629395 0.195831 0.264648 0.238708 0.0113754
2 0.446289 0.73291 0.0332031 0.171875 0.0112152
2 0.596069 0.198914 0.260986 0.236938 0.0105743
2 0.657227 0.246338 0.214844 0.117676 0.00944519
14 0.634766 0.196136 0.261719 0.229309 0.00738907
2 0.461426 0.783691 0.0986328 0.271484 0.00715637
1 0.634766 0.196136 0.261719 0.229309 0.00655365
3 0.449097 0.787109 0.0490723 0.292969 0.00640488
9 0.634766 0.196136 0.261719 0.229309 0.00606537
13 0.447632 0.788086 0.052002 0.277344 0.00459671
16 0.634766 0.196136 0.261719 0.229309 0.00416565
2 0.601074 0.19342 0.15332 0.223511 0.00416565
7 0.634766 0.196136 0.261719 0.229309 0.00403976
3 0.626953 0.198669 0.277344 0.226685 0.00378227
8 0.634766 0.196136 0.261719 0.229309 0.00359344
18 0.626953 0.198669 0.277344 0.226685 0.00347137
19 0.634766 0.196136 0.261719 0.229309 0.00345802
3 4.57764e-05 0.493164 9.15527e-05 0.986328 0.00341606
5 0.634766 0.196136 0.261719 0.229309 0.00340462
3 0.0269775 0.482544 0.0539551 0.947021 0.00336075
10 0.634766 0.196136 0.261719 0.229309 0.00332642
11 0.626953 0.198669 0.277344 0.226685 0.00330162
0 0.634766 0.196136 0.261719 0.229309 0.00318718
17 0.634766 0.196136 0.261719 0.229309 0.00312614
12 0.634766 0.196136 0.261719 0.229309 0.00307655
9 0.449097 0.787109 0.0490723 0.292969 0.00306892
6 0.629395 0.195831 0.264648 0.238708 0.002985
15 0.626953 0.198669 0.277344 0.226685 0.00267601
14 0.449097 0.787109 0.0490723 0.292969 0.00267029
2 0.556152 0.197205 0.12793 0.247192 0.0025177
2 0.460449 0.753418 0.0585938 0.30957 0.00218201
1 0.449097 0.787109 0.0490723 0.292969 0.00213051
5 0.449097 0.787109 0.0490723 0.292969 0.00160313
11 0.449097 0.787109 0.0490723 0.292969 0.00159645
4 0.607422 0.541016 0.146484 0.726562 0.00158596
2 0.441406 0.735352 0.0473633 0.22168 0.00153923
12 0.449097 0.787109 0.0490723 0.292969 0.00147152
8 0.449097 0.787109 0.0490723 0.292969 0.00136089
16 0.449097 0.787109 0.0490723 0.292969 0.00132465
0 0.449097 0.787109 0.0490723 0.292969 0.00127316
4 0.134247 0.208191 0.111389 0.229126 0.00126171
10 0.449097 0.787109 0.0490723 0.292969 0.00125408
7 0.449097 0.787109 0.0490723 0.292969 0.00124454
17 0.447632 0.788086 0.052002 0.277344 0.00117302
19 0.449097 0.787109 0.0490723 0.292969 0.00115108
15 0.449097 0.787109 0.0490723 0.292969 0.00110245
2 0.555176 0.139404 0.0615234 0.121094 0.00109863
6 0.449097 0.787109 0.0490723 0.292969 0.0010519
