2 0.339111 0.383423 0.11377 0.209717 0.417725
2 0.345703 0.344727 0.114746 0.125488 0.34082
4 0.331787 0.515625 0.136719 0.734375 0.0801392
13 0.347168 0.341797 0.108887 0.132812 0.0766602
2 0.940186 0.883789 0.0668945 0.0439453 0.0519409
2 0.353516 0.300293 0.114746 0.239746 0.0510864
2 0.334473 0.510376 0.131836 0.696045 0.0287781
4 0.341309 0.379639 0.11084 0.224121 0.0259857
13 0.341309 0.331787 0.106445 0.206055 0.0140839
2 0.331543 0.38501 0.195312 0.212402 0.0115433
2 0.164429 0.225342 0.270752 0.100098 0.0104904
13 0.18573 0.220459 0.270142 0.0844727 0.00785828
2 0.376221 0.306885 0.0830078 0.299805 0.00783539
4 0.953613 0.48645 0.0654297 0.820068 0.00682449
13 0.340576 0.383911 0.109863 0.224365 0.00435638
4 0.334717 0.422424 0.120117 0.486206 0.00400543
2 0.944824 0.872559 0.0595703 0.0791016 0.00362015
4 0.348145 0.343994 0.109863 0.134766 0.00340462
4 0.346191 0.520874 0.216309 0.800049 0.00340271
2 0.116669 0.243164 0.110901 0.0356445 0.00313187
2 0.936523 0.891602 0.101562 0.0449219 0.00308228
2 0.332947 0.3479 0.240356 0.131348 0.00265312
2 0.365234 0.331787 0.0761719 0.192871 0.00240707
3 0.341309 0.380005 0.109375 0.228271 0.00239182
2 0.339355 0.410889 0.0805664 0.179199 0.00237465
14 0.341309 0.379639 0.11084 0.224121 0.0023632
2 0.351074 0.362488 0.123047 0.319946 0.00229645
9 0.339111 0.384155 0.112305 0.227783 0.00229073
2 0.944336 0.875977 0.09375 0.0585938 0.00226212
4 0.344727 0.303528 0.107422 0.262085 0.00222206
2 0.963623 0.96875 0.0571289 0.0410156 0.00219727
1 0.339111 0.384155 0.112305 0.227783 0.00199318
13 0.361084 0.318909 0.107422 0.29187 0.00199127
14 0.347656 0.345947 0.115234 0.12793 0.00196648
2 0.335938 0.416748 0.114746 0.358887 0.00186729
14 0.333984 0.501099 0.155762 0.716553 0.00178719
2 0.326172 0.30426 0.0976562 0.269409 0.00175858
14 0.963135 0.974609 0.0522461 0.0390625 0.00172234
4 0.978027 0.48584 0.0439453 0.821289 0.00168419
2 0.138641 0.243408 0.157776 0.0424805 0.00166702
3 0.334473 0.510376 0.131836 0.696045 0.00146866
10 0.339111 0.384155 0.112305 0.227783 0.00146008
4 0.321289 0.662598 0.0966797 0.52832 0.00145435
2 0.938965 0.89502 0.0751953 0.0712891 0.0013895
1 0.348145 0.343994 0.109863 0.134766 0.00137138
2 0.0887756 0.251709 0.119324 0.034668 0.00127411
19 0.341309 0.380005 0.109375 0.228271 0.00125408
2 0.326904 0.312256 0.105957 0.166504 0.00123024
5 0.339111 0.384155 0.112305 0.227783 0.0012207
8 0.339111 0.384155 0.112305 0.227783 0.00120258
6 0.341309 0.380005 0.109375 0.228271 0.00118828
2 0.189209 0.209656 0.265137 0.0782471 0.00115967
2 0.950439 0.893555 0.0561523 0.0458984 0.00115681
16 0.339111 0.384155 0.112305 0.227783 0.00114727
12 0.341309 0.380005 0.109375 0.228271 0.0011425
11 0.341309 0.379639 0.11084 0.224121 0.00113869
15 0.341309 0.380005 0.109375 0.228271 0.00113392
7 0.341309 0.379639 0.11084 0.224121 0.00113392
17 0.341309 0.380005 0.109375 0.228271 0.00108147
18 0.341309 0.380005 0.109375 0.228271 0.00106525
9 0.347656 0.345947 0.115234 0.12793 0.00105572
13 0.148407 0.241211 0.163635 0.0439453 0.00104523
0 0.341309 0.380005 0.109375 0.228271 0.00104427
4 0.307617 0.589355 0.147461 0.658203 0.00104141
2 0.712891 0.661133 0.0683594 0.201172 0.00103951
2 0.370117 0.327637 0.184082 0.166504 0.00100803
