2 0.422974 0.737793 0.251709 0.356445 0.873535
2 0.393066 0.70166 0.183594 0.302734 0.0519714
13 0.325928 0.878418 0.0795898 0.120117 0.038269
4 0.413086 0.739746 0.24707 0.375977 0.0200043
13 0.417236 0.727539 0.22998 0.31543 0.017395
2 0.325928 0.878418 0.0795898 0.120117 0.0151062
2 0.405518 0.711426 0.183105 0.200195 0.0138321
2 0.955322 0.544434 0.065918 0.789062 0.01371
14 0.420044 0.730957 0.24585 0.350586 0.0114059
4 0.945557 0.672607 0.0522461 0.635254 0.00857544
4 0.95459 0.507446 0.0810547 0.922607 0.0079422
3 0.955322 0.484741 0.0737305 0.858643 0.00753784
1 0.422363 0.733398 0.251953 0.370117 0.00735092
3 0.424316 0.736816 0.251953 0.352539 0.00593948
9 0.421875 0.737793 0.25 0.368164 0.00585175
2 0.382812 0.999023 0.765625 0.00195312 0.004776
2 0.945801 0.693359 0.0556641 0.558594 0.00458527
4 0.0405426 0.488281 0.0717468 0.871094 0.00403214
18 0.424316 0.736816 0.251953 0.352539 0.00372505
3 0.0281982 0.481934 0.0563965 0.895508 0.00356293
8 0.415527 0.724609 0.229492 0.354492 0.00352287
11 0.424316 0.736816 0.251953 0.352539 0.00339508
16 0.424316 0.736816 0.251953 0.352539 0.00333023
0 0.424316 0.737793 0.251953 0.358398 0.00325203
19 0.424316 0.736816 0.251953 0.352539 0.00322723
7 0.424316 0.736816 0.251953 0.352539 0.00322723
17 0.413452 0.724609 0.229736 0.34668 0.00318909
6 0.413452 0.724609 0.229736 0.34668 0.00317574
10 0.415527 0.724609 0.229492 0.354492 0.00317383
15 0.424316 0.736816 0.251953 0.352539 0.00290489
4 0.150146 0.216125 0.0925293 0.398804 0.00281334
5 0.417236 0.727539 0.22998 0.31543 0.00281143
12 0.424316 0.736816 0.251953 0.352539 0.00278282
4 0.932617 0.211853 0.0654297 0.414185 0.0025959
4 0.13623 0.160828 0.115967 0.317017 0.00216293
2 0.953613 0.772949 0.0400391 0.416992 0.00177956
3 0.00402832 0.479858 0.00805664 0.952393 0.00143147
2 0.967041 0.521973 0.0327148 0.181641 0.00142384
4 0.945312 0.67627 0.046875 0.407227 0.00139046
4 0.0265503 0.513184 0.0531006 0.863281 0.00123882
2 0.39856 0.751953 0.239014 0.200195 0.00108719
4 0.960449 0.454224 0.0576172 0.730225 0.0010643
2 0.445923 0.729492 0.229248 0.239258 0.00104618
2 0.36145 0.737793 0.318115 0.391602 0.00100899
