2 0.350342 0.847168 0.255371 0.173828 0.870605
3 0.963623 0.563477 0.0727539 0.746094 0.0186768
2 0.345459 0.849854 0.277832 0.280762 0.0107117
13 0.344849 0.853027 0.261475 0.182617 0.00588989
4 0.187805 0.478882 0.105835 0.727783 0.00536728
4 0.343018 0.852539 0.239746 0.166016 0.00388527
1 0.340942 0.852539 0.257568 0.167969 0.00328827
11 0.343201 0.847168 0.263794 0.162109 0.00297928
2 0.455444 0.806152 0.0656738 0.0634766 0.0029068
9 0.342834 0.851562 0.26355 0.165039 0.00276184
14 0.344482 0.852539 0.248047 0.167969 0.00276184
16 0.343201 0.847168 0.263794 0.162109 0.00209236
3 0.0262146 0.552734 0.0524292 0.84375 0.00203896
3 0.974121 0.485352 0.0517578 0.816406 0.00192451
6 0.343201 0.847168 0.263794 0.162109 0.00186729
3 0.350342 0.847168 0.255371 0.173828 0.00180244
0 0.354492 0.849609 0.260742 0.167969 0.00176239
7 0.343201 0.847168 0.263794 0.162109 0.00175571
4 0.957275 0.485352 0.0854492 0.866211 0.00170612
19 0.343201 0.847168 0.263794 0.162109 0.00165462
15 0.350586 0.847168 0.263672 0.170898 0.00164032
8 0.343201 0.847168 0.263794 0.162109 0.00163555
12 0.343201 0.848145 0.253052 0.166016 0.00157928
10 0.350586 0.847168 0.263672 0.170898 0.00155926
17 0.350464 0.847168 0.277588 0.173828 0.00155067
5 0.344849 0.853027 0.261475 0.182617 0.00153828
18 0.350464 0.847168 0.277588 0.173828 0.00145149
4 0.938232 0.535278 0.0922852 0.929443 0.00128269
