2 0.156189 0.62207 0.154419 0.292969 0.887207
2 0.210693 0.598633 0.0522461 0.280273 0.0346069
4 0.154327 0.617676 0.147888 0.320312 0.0210724
2 0.191895 0.601562 0.0874023 0.262695 0.0206909
2 0.13623 0.620728 0.270996 0.311279 0.0184021
2 0.141846 0.619629 0.12085 0.201172 0.0179291
13 0.156982 0.620117 0.151855 0.305664 0.0159454
3 0.97876 0.510864 0.0424805 0.878662 0.00977325
3 0.156982 0.620117 0.151855 0.305664 0.00849152
3 0.957031 0.516113 0.0859375 0.786133 0.00830078
14 0.151398 0.618652 0.1474 0.310547 0.00727463
13 0.722656 0.122437 0.22168 0.0390625 0.00714493
1 0.156982 0.620117 0.151855 0.305664 0.0063324
9 0.151398 0.617676 0.149353 0.317383 0.00533676
4 0.960938 0.565796 0.078125 0.868408 0.00464249
2 0.722656 0.122437 0.22168 0.0390625 0.00457382
11 0.156982 0.620117 0.151855 0.305664 0.00356483
2 0.216431 0.624512 0.0358887 0.229492 0.00344086
18 0.156982 0.620117 0.151855 0.305664 0.00332451
0 0.156982 0.620117 0.151855 0.305664 0.00329971
16 0.156982 0.620117 0.151855 0.305664 0.00312424
19 0.156982 0.620117 0.151855 0.305664 0.00298119
8 0.151398 0.617676 0.149353 0.317383 0.00296593
6 0.156982 0.620117 0.151855 0.305664 0.00282288
10 0.154327 0.617676 0.147888 0.320312 0.00279236
7 0.156982 0.620117 0.151855 0.305664 0.00276947
17 0.151398 0.618652 0.1474 0.310547 0.00274658
12 0.156982 0.620117 0.151855 0.305664 0.00263214
15 0.156982 0.620117 0.151855 0.305664 0.00251198
5 0.156982 0.620117 0.151855 0.305664 0.00239754
2 0.443848 0.952637 0.887695 0.0947266 0.00213242
4 0.947998 0.485474 0.0688477 0.804443 0.00152969
2 0.194824 0.621582 0.130371 0.314453 0.00147247
3 0.997559 0.507935 0.00488281 0.878662 0.00112343
4 0.907227 0.506226 0.115234 0.796143 0.00107193
2 0.220032 0.642578 0.0301514 0.140625 0.00105476
2 0.474365 0.977783 0.94873 0.0444336 0.00100327
