13 0.10144 0.717773 0.104492 0.0849609 0.107117
2 0.0957031 0.660156 0.104736 0.220703 0.104126
2 0.931396 0.881348 0.0864258 0.0283203 0.102356
2 0.10144 0.717773 0.104492 0.0849609 0.0734863
2 0.097168 0.690918 0.0925293 0.129883 0.0285492
2 0.904785 0.883301 0.137695 0.0332031 0.0200958
4 0.949219 0.523193 0.101562 0.953613 0.0131454
2 0.881836 0.884766 0.236328 0.03125 0.00839996
4 0.0884094 0.473145 0.139099 0.868164 0.00445557
3 0.956543 0.521484 0.0869141 0.957031 0.00421524
2 0.0996399 0.708984 0.129822 0.129883 0.0038414
2 0.939209 0.88916 0.0825195 0.0419922 0.00357246
2 0.833984 0.883301 0.28125 0.0361328 0.00341606
13 0.097168 0.690918 0.0925293 0.129883 0.0028286
4 0.0563965 0.450439 0.112793 0.789551 0.0025692
2 0.935547 0.883789 0.0761719 0.0791016 0.00248909
2 0.950195 0.879395 0.0664062 0.0380859 0.00227547
4 0.0802917 0.427246 0.097229 0.712891 0.00214577
4 0.945801 0.517944 0.0693359 0.856689 0.00210571
13 0.931396 0.881348 0.0864258 0.0283203 0.00197601
4 0.0947266 0.646484 0.109375 0.28125 0.00187492
4 0.10144 0.717773 0.104492 0.0849609 0.00167847
14 0.10144 0.717773 0.104492 0.0849609 0.00165844
3 0.069458 0.469238 0.138916 0.844727 0.00156116
2 0.0981445 0.60144 0.119385 0.383057 0.00139236
13 0.0942383 0.671875 0.101074 0.217773 0.00119877
13 0.0996399 0.708984 0.129822 0.129883 0.00116634
1 0.10144 0.717773 0.104492 0.0849609 0.00107479
3 0.974854 0.516846 0.050293 0.966309 0.00102997
