2 0.710449 0.836914 0.321289 0.257812 0.844238
2 0.583496 0.675781 0.0644531 0.229492 0.366211
2 0.699219 0.766602 0.333008 0.323242 0.0609436
2 0.703613 0.776367 0.341797 0.186523 0.0369873
13 0.712891 0.842041 0.330078 0.253418 0.0174561
4 0.712402 0.842773 0.336914 0.261719 0.0116119
2 0.589844 0.684082 0.102539 0.272461 0.011116
4 0.956543 0.306641 0.0673828 0.509766 0.00884247
1 0.712891 0.838623 0.316406 0.260254 0.00859833
14 0.712891 0.838623 0.316406 0.260254 0.00796509
2 0.600098 0.770508 0.114258 0.458984 0.00751114
4 0.97876 0.303955 0.0424805 0.529785 0.00685883
2 0.647949 0.777832 0.224609 0.399414 0.00676727
2 0.664551 0.694824 0.299805 0.326172 0.00652695
13 0.580566 0.679688 0.0625 0.256836 0.0063591
9 0.708984 0.837891 0.3125 0.261719 0.00606918
4 0.984375 0.321411 0.03125 0.478271 0.00524139
4 0.580566 0.679688 0.0625 0.256836 0.0045166
4 0.0460815 0.4823 0.0861816 0.842041 0.00432205
3 0.710938 0.844727 0.328125 0.259766 0.0042305
3 0.580566 0.679688 0.0625 0.256836 0.00380898
8 0.708984 0.837891 0.3125 0.261719 0.00362396
7 0.708984 0.837891 0.3125 0.261719 0.00356674
16 0.708984 0.837891 0.3125 0.261719 0.00355339
11 0.712402 0.842773 0.336914 0.261719 0.00352478
18 0.712402 0.842773 0.336914 0.261719 0.00352478
19 0.708984 0.837891 0.3125 0.261719 0.00349998
6 0.708984 0.837891 0.3125 0.261719 0.00337982
17 0.708984 0.837891 0.3125 0.261719 0.00326157
0 0.712402 0.842773 0.336914 0.261719 0.00313759
5 0.70752 0.840332 0.301758 0.282227 0.00306702
10 0.708984 0.837891 0.3125 0.261719 0.00292587
9 0.580566 0.679688 0.0625 0.256836 0.00284958
12 0.712402 0.842773 0.336914 0.261719 0.0028019
15 0.712402 0.842773 0.336914 0.261719 0.0028019
2 0.587891 0.806885 0.0771484 0.378418 0.00258255
14 0.580566 0.679688 0.0625 0.256836 0.00256729
4 0.93457 0.323486 0.0878906 0.445801 0.00213432
1 0.580566 0.679688 0.0625 0.256836 0.001688
4 0.959473 0.22998 0.0478516 0.373047 0.00148678
2 0.73584 0.777344 0.286133 0.132812 0.00139427
8 0.580566 0.679688 0.0625 0.256836 0.00128555
11 0.580566 0.679688 0.0625 0.256836 0.00127506
17 0.580566 0.679688 0.0625 0.256836 0.00127506
10 0.580566 0.679688 0.0625 0.256836 0.00123596
7 0.580566 0.679688 0.0625 0.256836 0.00121689
16 0.580566 0.679688 0.0625 0.256836 0.00118923
5 0.580566 0.679688 0.0625 0.256836 0.00115681
19 0.580566 0.679688 0.0625 0.256836 0.00109959
6 0.580566 0.679688 0.0625 0.256836 0.00107479
12 0.580566 0.679688 0.0625 0.256836 0.00100994
