2 0.716309 0.717773 0.0644531 0.0546875 0.661133
2 0.73877 0.313965 0.0947266 0.0351562 0.106201
2 0.965332 0.545044 0.0693359 0.909912 0.0636597
3 0.965332 0.545044 0.0693359 0.909912 0.0497742
2 0.719727 0.717285 0.115234 0.0605469 0.0494995
2 0.712891 0.720215 0.0654297 0.0976562 0.0299072
14 0.717773 0.716309 0.0664062 0.0556641 0.0184631
2 0.694824 0.712402 0.107422 0.0585938 0.017395
3 0.970703 0.582397 0.0585938 0.620361 0.00821686
14 0.73877 0.313721 0.0996094 0.0336914 0.00800323
2 0.723145 0.3125 0.158203 0.0366211 0.00790405
2 0.970947 0.562988 0.0581055 0.621094 0.00689316
13 0.73877 0.313721 0.0996094 0.0336914 0.00672913
13 0.716309 0.717773 0.0644531 0.0546875 0.00599289
2 0.753906 0.319336 0.115234 0.0361328 0.00568771
2 0.73877 0.309082 0.0947266 0.0693359 0.00510025
2 0.684082 0.717773 0.15332 0.0595703 0.00408173
4 0.965332 0.545044 0.0693359 0.909912 0.00330162
2 0.686035 0.309814 0.24707 0.0458984 0.00258064
2 0.589844 0.971436 0.358398 0.0454102 0.0022831
2 0.904297 0.539551 0.0898438 0.408203 0.00218773
3 0.97583 0.584473 0.0483398 0.727539 0.00213051
13 0.711914 0.308105 0.166016 0.0444336 0.0019722
2 0.71875 0.708984 0.0517578 0.0517578 0.00186348
2 0.945801 0.584473 0.108398 0.703125 0.0018301
14 0.71582 0.719238 0.0615234 0.0996094 0.00172615
2 0.894531 0.581177 0.160156 0.616943 0.00165081
2 0.691895 0.72168 0.107422 0.108398 0.00163651
11 0.71582 0.717285 0.0585938 0.0517578 0.00158882
9 0.71582 0.716797 0.0537109 0.0507812 0.00151634
2 0.726562 0.724609 0.0791016 0.078125 0.00148296
3 0.0369263 0.515625 0.0738525 0.931641 0.00130272
12 0.716797 0.717285 0.0585938 0.0517578 0.00129414
14 0.719727 0.717285 0.115234 0.0605469 0.00124264
0 0.716309 0.717773 0.0644531 0.0546875 0.00119305
2 0.713379 0.717285 0.363281 0.0732422 0.00112343
16 0.71582 0.715332 0.0654297 0.0527344 0.0011158
2 0.709961 0.730957 0.09375 0.0761719 0.00111294
4 0.0512543 0.515015 0.0957336 0.952393 0.00109386
2 0.738281 0.709473 0.189453 0.0654297 0.00109005
2 0.698242 0.307129 0.167969 0.0390625 0.00107479
3 0.716797 0.717285 0.0585938 0.0517578 0.00107288
4 0.910156 0.423218 0.0703125 0.477783 0.00105953
19 0.71582 0.715332 0.0654297 0.0527344 0.00105286
6 0.716309 0.717773 0.0644531 0.0546875 0.00103283
2 0.745117 0.716309 0.114258 0.0683594 0.00101662
15 0.71582 0.715332 0.0654297 0.0527344 0.00100803
