2 0.373535 0.306396 0.296875 0.253906 0.906738
4 0.950928 0.619019 0.0727539 0.761963 0.0449524
4 0.926758 0.548096 0.103516 0.880371 0.0189667
13 0.374512 0.309082 0.285156 0.253906 0.0186768
4 0.372559 0.305969 0.302734 0.261108 0.0135727
14 0.376465 0.307617 0.289062 0.269043 0.0108948
1 0.37561 0.304138 0.307373 0.254028 0.00900269
4 0.946533 0.560059 0.106934 0.879883 0.00868988
4 0.958008 0.709717 0.0566406 0.580566 0.00746918
9 0.376465 0.308594 0.275391 0.28125 0.0069313
3 0.372559 0.305969 0.302734 0.261108 0.0055809
18 0.372559 0.305969 0.302734 0.261108 0.00436783
16 0.376465 0.308594 0.275391 0.28125 0.00430298
7 0.376465 0.308594 0.275391 0.28125 0.00428391
8 0.376465 0.308594 0.275391 0.28125 0.00415421
19 0.376465 0.310303 0.276367 0.266113 0.00412369
17 0.376465 0.310303 0.276367 0.266113 0.00404358
10 0.376465 0.308594 0.275391 0.28125 0.00398254
11 0.372559 0.305969 0.302734 0.261108 0.00382805
5 0.376465 0.308594 0.275391 0.28125 0.00381279
6 0.37439 0.306396 0.292236 0.27002 0.00364876
0 0.372559 0.305969 0.302734 0.261108 0.00364113
12 0.376465 0.308594 0.275391 0.28125 0.00362396
3 0.963379 0.584595 0.0732422 0.830811 0.00333023
2 0.958008 0.709717 0.0566406 0.580566 0.00321579
15 0.372559 0.305969 0.302734 0.261108 0.00317574
3 0.945801 0.493164 0.108398 0.880859 0.00231934
4 0.901367 0.526001 0.118164 0.776123 0.00177193
2 0.950928 0.619019 0.0727539 0.761963 0.00150871
4 0.958984 0.527466 0.0605469 0.687256 0.00115299
