2 0.480957 0.23291 0.370117 0.246094 0.896484
13 0.483521 0.233704 0.374756 0.250366 0.0200653
4 0.485352 0.2276 0.369141 0.273315 0.0128784
1 0.481445 0.231262 0.380859 0.27478 0.00988007
4 0.957275 0.537476 0.0834961 0.925049 0.00972748
14 0.485352 0.229736 0.360352 0.272461 0.00904846
4 0.955566 0.727539 0.0615234 0.503906 0.00870514
9 0.485718 0.229248 0.354736 0.291504 0.00706482
3 0.48291 0.232239 0.379883 0.254272 0.00534439
7 0.485718 0.229248 0.354736 0.291504 0.00474167
19 0.485352 0.229736 0.360352 0.272461 0.00445938
8 0.485718 0.229248 0.354736 0.291504 0.00413895
16 0.485352 0.229736 0.360352 0.272461 0.0041275
18 0.487793 0.22699 0.375977 0.27063 0.00411606
5 0.485718 0.229248 0.354736 0.291504 0.00395203
17 0.485352 0.229736 0.360352 0.272461 0.0037899
10 0.485718 0.229248 0.354736 0.291504 0.00375557
6 0.485352 0.229736 0.360352 0.272461 0.0036602
0 0.48291 0.232239 0.379883 0.254272 0.00365257
11 0.48291 0.232239 0.379883 0.254272 0.00362396
12 0.485718 0.229248 0.354736 0.291504 0.00359726
15 0.485718 0.229248 0.354736 0.291504 0.00305557
2 0.474609 0.185333 0.420898 0.184021 0.00268936
2 0.448242 0.279236 0.297852 0.268677 0.00125599
9 0.963135 0.930908 0.0678711 0.112793 0.00109386
