14 0.527344 0.290283 0.0703125 0.0483398 0.557617
2 0.537109 0.297852 0.0908203 0.0639648 0.150391
14 0.537109 0.297852 0.0908203 0.0639648 0.0960083
2 0.527832 0.290283 0.0712891 0.0458984 0.0442505
4 0.885742 0.497192 0.0947266 0.710693 0.0293121
14 0.526855 0.301025 0.0742188 0.109863 0.0246887
14 0.519897 0.293213 0.152588 0.0634766 0.0152359
14 0.520508 0.289551 0.0820312 0.0683594 0.00615692
4 0.906738 0.60791 0.0917969 0.727539 0.00531387
13 0.532227 0.294189 0.0839844 0.0551758 0.00335312
14 0.529785 0.442017 0.0830078 0.102295 0.00291824
4 0.527344 0.290283 0.0703125 0.0483398 0.00162697
4 0.933594 0.608887 0.0761719 0.71875 0.00153542
4 0.125153 0.547485 0.170105 0.822998 0.00148773
9 0.527832 0.290283 0.0712891 0.0458984 0.00142002
12 0.527344 0.290283 0.0703125 0.0483398 0.00136471
4 0.0985107 0.472778 0.116211 0.765381 0.00135612
16 0.527344 0.290039 0.0673828 0.0551758 0.00132656
17 0.527344 0.290283 0.0703125 0.0483398 0.00129795
10 0.527344 0.290039 0.0673828 0.0551758 0.00129604
0 0.52832 0.290527 0.0693359 0.0532227 0.00129414
2 0.518921 0.290283 0.118408 0.0527344 0.00128841
18 0.527344 0.290283 0.0703125 0.0483398 0.00122833
8 0.527344 0.291748 0.0732422 0.0537109 0.00120354
3 0.52832 0.290527 0.0693359 0.0532227 0.00116539
19 0.527344 0.290039 0.0673828 0.0551758 0.00115776
4 0.877441 0.628052 0.100586 0.704834 0.00115395
7 0.527344 0.290283 0.0703125 0.0483398 0.00109291
11 0.527344 0.290283 0.0703125 0.0483398 0.00104713
4 0.893066 0.546021 0.151367 0.788818 0.00102806
