2 0.949707 0.901855 0.0791016 0.0390625 0.519531
2 0.955322 0.893555 0.0717773 0.0439453 0.0828247
2 0.934814 0.90332 0.114746 0.0449219 0.0447388
2 0.948975 0.897461 0.0805664 0.0703125 0.0369873
2 0.46167 0.971924 0.415527 0.0405273 0.0187683
3 0.968262 0.585449 0.0634766 0.744141 0.0127716
2 0.913574 0.908691 0.137695 0.0449219 0.0114517
2 0.936035 0.894531 0.0810547 0.0478516 0.0111084
2 0.956787 0.912598 0.0708008 0.0791016 0.00723648
4 0.0639801 0.483887 0.0907898 0.907227 0.00654221
2 0.9375 0.901855 0.0898438 0.0908203 0.0057373
3 0.963623 0.541626 0.0727539 0.916748 0.00535202
2 0.968262 0.899414 0.0478516 0.0488281 0.00468445
2 0.90918 0.901367 0.181641 0.0439453 0.00447083
2 0.944824 0.928467 0.0966797 0.090332 0.00438309
2 0.921387 0.912598 0.133789 0.0751953 0.00428391
2 0.937012 0.897949 0.125977 0.0761719 0.0031414
13 0.949707 0.901855 0.0791016 0.0390625 0.00285721
2 0.551636 0.973633 0.32251 0.03125 0.00269699
2 0.899658 0.901367 0.187012 0.0839844 0.00242233
2 0.958252 0.908691 0.0834961 0.0429688 0.00213242
2 0.91626 0.895996 0.130371 0.0595703 0.00196457
2 0.939209 0.884766 0.104004 0.0742188 0.00180912
2 0.956055 0.875488 0.0683594 0.0878906 0.00171471
2 0.965576 0.896484 0.059082 0.0947266 0.00141716
2 0.947021 0.874512 0.0825195 0.131836 0.00140476
3 0.0445862 0.540894 0.0891724 0.838135 0.00128269
3 0.0319824 0.513916 0.0639648 0.933105 0.00125504
9 0.951172 0.899902 0.0761719 0.0390625 0.00106335
