2 0.543457 0.22699 0.231445 0.290161 0.785645
4 0.543945 0.225891 0.226562 0.303101 0.107483
13 0.549805 0.214478 0.233398 0.28833 0.0394592
2 0.744141 0.745117 0.0722656 0.0742188 0.0349121
14 0.543945 0.224304 0.220703 0.303345 0.0301361
4 0.934326 0.517578 0.119629 0.964844 0.00944519
1 0.546021 0.214966 0.231201 0.293213 0.00923157
2 0.225891 0.965332 0.375366 0.0322266 0.0075798
14 0.744141 0.744141 0.0634766 0.0722656 0.00674057
9 0.546753 0.218384 0.215088 0.30835 0.00492859
3 0.546875 0.219238 0.22168 0.30127 0.004879
6 0.546753 0.218384 0.215088 0.30835 0.00398254
18 0.546875 0.219238 0.22168 0.30127 0.00369072
4 0.935791 0.482422 0.0756836 0.835938 0.00363922
17 0.546753 0.218384 0.215088 0.30835 0.00361252
7 0.546875 0.219238 0.22168 0.30127 0.00352287
8 0.546753 0.218384 0.215088 0.30835 0.00348854
16 0.546875 0.219238 0.22168 0.30127 0.00342751
0 0.546875 0.219238 0.22168 0.30127 0.00342751
11 0.546875 0.219238 0.22168 0.30127 0.00341415
10 0.546875 0.219238 0.22168 0.30127 0.00330925
19 0.546875 0.219238 0.22168 0.30127 0.00323486
5 0.546021 0.214966 0.231201 0.293213 0.00317001
12 0.543457 0.223938 0.220703 0.313843 0.00304794
15 0.546875 0.219238 0.22168 0.30127 0.00303841
3 0.942383 0.521484 0.107422 0.957031 0.00301361
13 0.225891 0.965332 0.375366 0.0322266 0.00285149
4 0.913574 0.479004 0.102539 0.828125 0.00230789
2 0.471558 0.22052 0.386963 0.318726 0.00187492
4 0.956055 0.510742 0.0566406 0.738281 0.00154591
4 0.955811 0.537109 0.0844727 0.925781 0.00147724
