2 0.562012 0.772461 0.233398 0.212891 0.865234
13 0.576172 0.765137 0.208984 0.226562 0.130249
2 0.591797 0.745117 0.197266 0.206055 0.0526733
14 0.562622 0.772461 0.230225 0.225586 0.0166779
4 0.564087 0.772949 0.241943 0.216797 0.012207
2 0.578613 0.77832 0.208008 0.339844 0.00759125
1 0.562622 0.772461 0.230225 0.225586 0.00741577
9 0.562622 0.772461 0.230225 0.225586 0.00611115
16 0.562622 0.772461 0.230225 0.225586 0.00499725
3 0.5625 0.775391 0.237305 0.219727 0.0043602
17 0.562622 0.772461 0.230225 0.225586 0.00416565
7 0.562622 0.772461 0.230225 0.225586 0.00414658
8 0.561035 0.771484 0.237305 0.220703 0.0041275
6 0.562622 0.772461 0.230225 0.225586 0.00395966
19 0.561035 0.771484 0.237305 0.220703 0.00394058
10 0.561035 0.771484 0.237305 0.220703 0.00376129
11 0.562622 0.772461 0.230225 0.225586 0.00366402
18 0.564087 0.772949 0.241943 0.216797 0.00359726
5 0.563599 0.773926 0.238037 0.207031 0.00335503
0 0.564087 0.772949 0.241943 0.216797 0.00321388
12 0.561035 0.771484 0.237305 0.220703 0.00312042
15 0.562988 0.772461 0.237305 0.207031 0.0029583
4 0.0385437 0.483765 0.0770874 0.803955 0.00162506
