2 0.396362 0.326721 0.5979 0.465698 0.892578
2 0.33429 0.386353 0.456421 0.408936 0.0737305
2 0.260986 0.44043 0.338379 0.369141 0.0520325
2 0.399597 0.303528 0.442017 0.289429 0.025589
4 0.395874 0.319824 0.60083 0.458984 0.0190125
2 0.387329 0.353027 0.563232 0.267578 0.0171356
13 0.405396 0.323242 0.585693 0.458984 0.0166931
2 0.444946 0.227112 0.444092 0.258667 0.0148468
1 0.398804 0.323364 0.60083 0.505615 0.00898743
2 0.420532 0.277832 0.64917 0.231934 0.00817871
14 0.39502 0.328186 0.615234 0.477417 0.00813293
2 0.517578 0.200928 0.379883 0.210938 0.00608826
9 0.38855 0.325806 0.593994 0.516357 0.00511551
3 0.393677 0.325928 0.601318 0.47998 0.00511169
18 0.393677 0.325928 0.601318 0.47998 0.00362968
11 0.39502 0.328186 0.615234 0.477417 0.00355911
16 0.39502 0.328186 0.615234 0.477417 0.00333023
2 0.233643 0.455078 0.252441 0.272461 0.00331497
19 0.393677 0.325928 0.601318 0.47998 0.00328255
17 0.39502 0.328186 0.615234 0.477417 0.00316811
6 0.39502 0.328186 0.615234 0.477417 0.00312996
0 0.39502 0.328186 0.615234 0.477417 0.00312996
7 0.39502 0.328186 0.615234 0.477417 0.00311852
2 0.345093 0.406738 0.522705 0.240234 0.00299835
15 0.39502 0.328186 0.615234 0.477417 0.00292969
10 0.39502 0.328186 0.615234 0.477417 0.00291824
8 0.39502 0.328186 0.615234 0.477417 0.0029068
5 0.39502 0.328186 0.615234 0.477417 0.00277328
12 0.39502 0.328186 0.615234 0.477417 0.00263786
2 0.438843 0.419678 0.712158 0.436035 0.00216866
3 0.965576 0.494751 0.0688477 0.670654 0.00212097
2 0.398071 0.216858 0.623779 0.19519 0.00202179
2 0.469238 0.268616 0.464844 0.404175 0.0019722
1 0.33429 0.386353 0.456421 0.408936 0.00148487
4 0.33429 0.386353 0.456421 0.408936 0.00146294
