2 0.403809 0.769531 0.28418 0.350586 0.817383
2 0.418945 0.658691 0.306641 0.119141 0.428955
2 0.409668 0.714355 0.275391 0.210938 0.240967
2 0.384644 0.75293 0.216064 0.240234 0.0751953
4 0.403809 0.77002 0.291016 0.362305 0.021286
13 0.405273 0.761719 0.28125 0.34082 0.0157623
14 0.403809 0.77002 0.291016 0.362305 0.00683975
1 0.403809 0.77002 0.291016 0.362305 0.00627899
3 0.384277 0.767578 0.225586 0.363281 0.00510406
9 0.390625 0.765625 0.25 0.389648 0.00426865
13 0.4198 0.655762 0.301025 0.118164 0.00400543
11 0.403809 0.77002 0.291016 0.362305 0.00328255
18 0.402588 0.769531 0.29541 0.365234 0.00317383
0 0.403809 0.77002 0.291016 0.362305 0.00291252
16 0.402588 0.769531 0.29541 0.365234 0.00287819
7 0.403809 0.77002 0.291016 0.362305 0.00284386
17 0.403809 0.77002 0.291016 0.362305 0.00284386
19 0.402588 0.769531 0.29541 0.365234 0.00281334
6 0.403809 0.77002 0.291016 0.362305 0.00279999
15 0.402588 0.769531 0.29541 0.365234 0.0026741
5 0.402588 0.769531 0.29541 0.365234 0.00261116
8 0.376343 0.763184 0.204346 0.383789 0.00258064
10 0.402588 0.769531 0.29541 0.365234 0.00256157
12 0.403809 0.77002 0.291016 0.362305 0.00251007
2 0.486206 0.677246 0.177002 0.0634766 0.00232124
2 0.414062 0.668457 0.305664 0.317383 0.00212097
2 0.358887 0.79541 0.219238 0.298828 0.00174809
8 0.409668 0.751953 0.302734 0.317383 0.00165939
4 0.983154 0.51709 0.0336914 0.858398 0.00160789
4 0.418945 0.658691 0.306641 0.119141 0.00157642
14 0.418945 0.658691 0.306641 0.119141 0.00126266
2 0.468262 0.668945 0.269531 0.09375 0.00109577
4 0.966797 0.500366 0.0664062 0.917236 0.00100517
