2 0.474976 0.193542 0.296143 0.0640869 0.875977
3 0.958008 0.532715 0.0839844 0.93457 0.0203552
4 0.0400391 0.48645 0.0688477 0.820068 0.0139923
13 0.476929 0.193176 0.290283 0.0648193 0.0046196
2 0.967041 0.936035 0.065918 0.0966797 0.00442505
4 0.0439148 0.51062 0.0878296 0.965088 0.00367737
4 0.475098 0.193237 0.287109 0.0700684 0.00296593
9 0.470337 0.188965 0.301514 0.074707 0.0028801
2 0.973389 0.82373 0.0532227 0.329102 0.00280762
3 0 0.47998 0 0.904297 0.00273705
7 0.470337 0.188965 0.301514 0.074707 0.00260353
11 0.470337 0.188965 0.301514 0.074707 0.00244522
14 0.47644 0.192749 0.29126 0.0637207 0.00243378
15 0.470337 0.188965 0.301514 0.074707 0.00242805
18 0.470337 0.188965 0.301514 0.074707 0.00239944
17 0.470337 0.188965 0.301514 0.074707 0.00237083
3 0.470337 0.188965 0.301514 0.074707 0.0023613
6 0.470337 0.188965 0.301514 0.074707 0.0023613
16 0.470337 0.188965 0.301514 0.074707 0.0023613
12 0.470337 0.188965 0.301514 0.074707 0.0023613
5 0.470337 0.188965 0.301514 0.074707 0.00232506
19 0.470337 0.188965 0.301514 0.074707 0.00231743
10 0.473633 0.191345 0.298828 0.0748291 0.00229645
0 0.470337 0.188965 0.301514 0.074707 0.00228882
8 0.470337 0.188965 0.301514 0.074707 0.00222778
2 0.481812 0.203125 0.266846 0.30127 0.00218582
1 0.471191 0.193237 0.298828 0.076416 0.00214005
2 0.477539 0.216797 0.290039 0.433594 0.00198174
3 0.0320435 0.48291 0.0640869 0.870117 0.00193501
4 0.958008 0.532715 0.0839844 0.93457 0.00190067
3 0.966064 0.541504 0.0678711 0.648438 0.00174522
3 0.0328369 0.483887 0.0606689 0.818359 0.00156879
4 0 0.466675 0 0.838135 0.00151157
2 0.480835 0.133545 0.290283 0.26709 0.00126839
2 0.956055 0.851562 0.0878906 0.271484 0.00126076
2 0.970947 0.908203 0.0581055 0.140625 0.0012064
