2 0.498169 0.88916 0.195068 0.157227 0.897949
2 0.638672 0.271301 0.111328 0.201538 0.374756
4 0.643555 0.278748 0.113281 0.216919 0.14917
4 0.0537109 0.543457 0.107422 0.913086 0.0175171
14 0.638184 0.270752 0.105469 0.199707 0.0152969
13 0.63916 0.273438 0.102539 0.190918 0.0104218
2 0.50354 0.879883 0.203857 0.240234 0.00846863
4 0.0437012 0.494507 0.0775146 0.741455 0.00611115
2 0.925781 0.791992 0.0673828 0.0449219 0.00485992
13 0.504883 0.884277 0.183594 0.145508 0.00450897
4 0.0424805 0.546387 0.0849609 0.907227 0.00429535
4 0.495117 0.889648 0.189453 0.142578 0.00379944
2 0.643555 0.273926 0.189453 0.201172 0.00313377
11 0.500488 0.888672 0.192383 0.15332 0.0029068
14 0.499634 0.887695 0.199951 0.15625 0.00239754
3 0.637207 0.27124 0.103516 0.212891 0.00230026
9 0.499634 0.887695 0.199951 0.15625 0.00224304
13 0.927734 0.793457 0.0722656 0.046875 0.00223541
2 0.504272 0.874512 0.286377 0.171875 0.00223351
4 0.616699 0.26709 0.115234 0.208984 0.00221062
1 0.504883 0.884277 0.183594 0.145508 0.00215149
9 0.639648 0.272217 0.105469 0.187012 0.00206184
16 0.498047 0.888672 0.193359 0.15332 0.00186729
4 0 0.534058 0 0.931885 0.00177288
19 0.503906 0.884277 0.186523 0.146484 0.00166988
3 0.499512 0.887207 0.196289 0.158203 0.00166607
6 0.500488 0.888672 0.192383 0.15332 0.00157261
0 0.504883 0.884277 0.183594 0.145508 0.00152683
2 0.494507 0.845459 0.189697 0.277832 0.00152302
12 0.498047 0.888672 0.193359 0.15332 0.00150013
7 0.503906 0.884277 0.186523 0.146484 0.00147343
15 0.498535 0.890625 0.19043 0.146484 0.00144482
8 0.498047 0.888672 0.193359 0.15332 0.00142574
17 0.498047 0.890137 0.189453 0.147461 0.00136185
5 0.498047 0.888672 0.193359 0.15332 0.00134468
10 0.498047 0.890137 0.189453 0.147461 0.0013361
1 0.637207 0.27124 0.103516 0.212891 0.00131321
18 0.498047 0.890137 0.189453 0.147461 0.00131035
4 0.663574 0.393433 0.188477 0.506104 0.00121403
