2 0.402832 0.46582 0.0546875 0.37793 0.84375
2 0.523926 0.46521 0.0322266 0.156494 0.694336
2 0.419189 0.46814 0.0766602 0.376221 0.233887
4 0.953613 0.546753 0.0927734 0.808838 0.0394592
2 0.400391 0.465088 0.0864258 0.342285 0.0247345
4 0.407471 0.475586 0.0576172 0.361328 0.0205231
13 0.523926 0.46521 0.0322266 0.156494 0.0178833
2 0.526855 0.463867 0.0673828 0.160156 0.0121155
3 0.404785 0.4646 0.0566406 0.359863 0.0112762
2 0.421631 0.463745 0.123535 0.293213 0.0094986
2 0.951416 0.925293 0.0952148 0.106445 0.00917053
2 0.412354 0.474121 0.0849609 0.201172 0.00887299
13 0.404785 0.4646 0.0566406 0.359863 0.00831604
4 0.941895 0.651611 0.0888672 0.638184 0.00570297
9 0.404785 0.4646 0.0566406 0.359863 0.00543213
4 0.523438 0.466675 0.03125 0.152588 0.00512314
2 0.509277 0.465332 0.0585938 0.176758 0.00479889
14 0.404785 0.4646 0.0566406 0.359863 0.00468826
2 0.523926 0.460815 0.0419922 0.235596 0.00426102
2 0.953369 0.822754 0.0913086 0.317383 0.0037117
4 0.94873 0.479492 0.102539 0.954102 0.00342178
2 0.411621 0.440674 0.0561523 0.29541 0.00322533
14 0.522949 0.464722 0.0332031 0.148682 0.00300026
2 0.457397 0.465332 0.153564 0.345703 0.00288963
5 0.408936 0.466797 0.0610352 0.395508 0.00268745
11 0.408936 0.469727 0.0615234 0.380859 0.00267982
1 0.408936 0.466797 0.0610352 0.395508 0.00262451
4 0.419189 0.473755 0.111816 0.345459 0.00251579
16 0.408936 0.469727 0.0615234 0.380859 0.00246811
2 0.962646 0.802734 0.0610352 0.394531 0.00246239
17 0.404785 0.4646 0.0566406 0.359863 0.00241852
7 0.408936 0.469727 0.0615234 0.380859 0.00224876
2 0.374023 0.46582 0.100586 0.321289 0.00222015
12 0.408936 0.466797 0.0610352 0.395508 0.00218773
4 0.959473 0.630981 0.0810547 0.738037 0.00214195
8 0.408936 0.469727 0.0615234 0.380859 0.00212097
19 0.408936 0.469727 0.0615234 0.380859 0.00210571
9 0.523438 0.466675 0.03125 0.152588 0.00206375
0 0.402832 0.46582 0.0546875 0.37793 0.00202942
10 0.402832 0.46582 0.0546875 0.37793 0.00201225
2 0.976318 0.810791 0.0415039 0.378418 0.00182724
15 0.408936 0.466797 0.0610352 0.395508 0.00173187
6 0.408936 0.469727 0.0615234 0.380859 0.00167274
13 0.422119 0.470703 0.10791 0.348633 0.00162029
2 0.393066 0.464722 0.120605 0.238525 0.0014801
1 0.523438 0.464111 0.0351562 0.150879 0.00141907
11 0.522949 0.464722 0.0332031 0.148682 0.00137806
4 0.0409088 0.487793 0.0715027 0.818359 0.00135899
3 0.523926 0.46521 0.0322266 0.156494 0.00135422
3 0.422119 0.470703 0.10791 0.348633 0.00134373
18 0.410889 0.473511 0.0605469 0.371338 0.00120354
2 0.507935 0.466797 0.106201 0.180664 0.00119114
12 0.523438 0.464111 0.0351562 0.150879 0.00118542
3 0 0.48291 0 0.96582 0.00116158
3 0.94873 0.479492 0.102539 0.954102 0.00115776
2 0.953613 0.546753 0.0927734 0.808838 0.00115585
15 0.523438 0.464111 0.0351562 0.150879 0.00115395
5 0.523438 0.464111 0.0351562 0.150879 0.00107956
6 0.523438 0.466675 0.03125 0.152588 0.0010767
3 0.0231323 0.482056 0.0462646 0.918701 0.00107288
16 0.523926 0.46521 0.0322266 0.156494 0.00102997
