2 0.601562 0.713379 0.331055 0.141602 0.882324
2 0.564941 0.723633 0.420898 0.1875 0.0243988
13 0.125763 0.124878 0.174255 0.0219727 0.00761795
2 0.518066 0.72168 0.414062 0.125977 0.00734711
2 0.591797 0.708984 0.311523 0.267578 0.00626373
4 0.0712738 0.489258 0.0918274 0.890625 0.0059967
2 0.121613 0.124512 0.169373 0.0229492 0.00470734
13 0.603516 0.713379 0.338867 0.139648 0.00461197
4 0.0380096 0.485962 0.0709534 0.801514 0.0042038
4 0.592651 0.715332 0.308838 0.133789 0.00419235
14 0.597656 0.711426 0.331055 0.143555 0.00275993
11 0.602051 0.711426 0.329102 0.141602 0.00269699
9 0.603516 0.713379 0.338867 0.139648 0.00258255
2 0.599121 0.755859 0.339844 0.415039 0.00244522
6 0.603027 0.713379 0.334961 0.140625 0.00219917
1 0.603516 0.713379 0.338867 0.139648 0.00213242
7 0.603516 0.713379 0.338867 0.139648 0.00197411
0 0.603027 0.713379 0.332031 0.142578 0.00196457
16 0.597656 0.711426 0.331055 0.143555 0.00194263
10 0.603516 0.713379 0.338867 0.139648 0.0018692
15 0.603516 0.713379 0.338867 0.139648 0.00185394
17 0.603516 0.713379 0.338867 0.139648 0.00182629
12 0.603516 0.713379 0.338867 0.139648 0.00181103
3 0.603516 0.713379 0.338867 0.139648 0.00181103
5 0.603516 0.713379 0.338867 0.139648 0.00181103
19 0.603027 0.713379 0.332031 0.142578 0.00180531
8 0.603027 0.713379 0.334961 0.140625 0.00180244
18 0.603516 0.713379 0.338867 0.139648 0.00172806
3 0.034668 0.512207 0.0693359 0.922852 0.00151825
2 0.461487 0.743652 0.496948 0.0859375 0.00149536
3 0.963867 0.587158 0.0722656 0.786621 0.00142193
2 0.372437 0.765137 0.259033 0.0449219 0.0013876
2 0.617676 0.667969 0.354492 0.388672 0.00132656
2 0.057251 0.94751 0.0969238 0.0737305 0.0013237
13 0.564941 0.723633 0.420898 0.1875 0.00105
1 0.427246 0.991699 0.854492 0.0166016 0.00103569
4 0.564941 0.723633 0.420898 0.1875 0.00103092
