2 0.499512 0.27002 0.361328 0.0991211 0.911133
4 0.95874 0.742432 0.0629883 0.495605 0.0211792
2 0.502441 0.294922 0.359375 0.206543 0.00984955
3 0.962891 0.47998 0.0664062 0.755859 0.00695038
2 0.303711 0.668457 0.0371094 0.0898438 0.00577927
13 0.499512 0.269287 0.370117 0.100098 0.00464249
4 0.430908 0.75 0.104004 0.5 0.00445175
2 0.0395355 0.930176 0.0652161 0.124023 0.00352097
2 0.505371 0.275269 0.348633 0.431885 0.00349426
4 0.502075 0.272949 0.36499 0.10498 0.00345612
2 0.0390625 0.831787 0.0595703 0.336426 0.00297737
11 0.497559 0.272217 0.345703 0.097168 0.00282669
9 0.499512 0.269287 0.370117 0.100098 0.00275421
3 0.95874 0.742432 0.0629883 0.495605 0.00249863
14 0.502441 0.269531 0.361328 0.100098 0.00244331
7 0.499512 0.269287 0.370117 0.100098 0.00232124
15 0.499512 0.269287 0.370117 0.100098 0.00230408
10 0.499512 0.269287 0.370117 0.100098 0.00221443
6 0.499512 0.269287 0.370117 0.100098 0.00221443
5 0.502441 0.269531 0.361328 0.100098 0.00220871
16 0.499512 0.269287 0.370117 0.100098 0.00219727
1 0.500488 0.273438 0.359375 0.105469 0.0021553
17 0.499512 0.269287 0.370117 0.100098 0.00214767
12 0.499512 0.269287 0.370117 0.100098 0.00214005
0 0.499512 0.269287 0.370117 0.100098 0.00209808
3 0.499512 0.269287 0.370117 0.100098 0.00209808
8 0.499512 0.269287 0.370117 0.100098 0.00205803
19 0.502441 0.269531 0.361328 0.100098 0.00205803
18 0.502441 0.269531 0.361328 0.100098 0.0020256
4 0.960449 0.536133 0.0771484 0.927734 0.00152683
2 0.036499 0.906494 0.0495605 0.165527 0.00148964
2 0.0408936 0.871582 0.0405273 0.208008 0.00146961
4 0.969971 0.741699 0.0541992 0.419922 0.00145626
2 0.0440063 0.902344 0.0880127 0.148438 0.00129223
2 0.490723 0.241394 0.354492 0.242798 0.00128746
2 0.969482 0.743164 0.0571289 0.507812 0.00123215
2 0.564453 0.249023 0.432617 0.0703125 0.00105
13 0.303711 0.668457 0.0371094 0.0898438 0.00104427
4 0.474731 0.55481 0.251709 0.784912 0.00102043
