2 0.625977 0.294495 0.0634766 0.290894 0.883789
4 0.740234 0.3797 0.0634766 0.419312 0.145874
2 0.740234 0.3797 0.0634766 0.419312 0.117371
2 0.604492 0.29364 0.0703125 0.275024 0.0454712
2 0.632324 0.284668 0.113281 0.273438 0.0408325
4 0.0459595 0.482422 0.0789795 0.84375 0.0312805
4 0.624023 0.295959 0.0625 0.289917 0.0199585
2 0.62207 0.290527 0.0878906 0.201172 0.0159149
3 0.621094 0.292725 0.0625 0.305664 0.0101013
13 0.625977 0.294495 0.0634766 0.290894 0.010025
2 0.604492 0.293396 0.118164 0.296997 0.00658798
9 0.624023 0.295959 0.0625 0.289917 0.0058136
2 0.73584 0.365234 0.0976562 0.361328 0.00508118
14 0.624023 0.295959 0.0625 0.289917 0.00484467
11 0.625977 0.294495 0.0634766 0.290894 0.0028286
2 0.638184 0.29541 0.208008 0.258301 0.00274086
1 0.625977 0.294495 0.0634766 0.290894 0.0025959
8 0.625977 0.294495 0.0634766 0.290894 0.00255585
7 0.625977 0.294495 0.0634766 0.290894 0.0025177
16 0.62207 0.291565 0.0605469 0.309448 0.00248146
17 0.621094 0.292725 0.0625 0.305664 0.00240707
10 0.621094 0.292725 0.0625 0.305664 0.0023613
12 0.62207 0.291565 0.0605469 0.309448 0.00228691
19 0.621094 0.292725 0.0625 0.305664 0.00226974
5 0.621094 0.292725 0.0625 0.305664 0.00223541
0 0.625977 0.294495 0.0634766 0.290894 0.00207138
4 0.0311584 0.515137 0.0623169 0.959961 0.00195694
6 0.625977 0.294495 0.0634766 0.290894 0.00184345
3 0.0311584 0.515137 0.0623169 0.959961 0.0018158
3 0 0.5 0 1 0.00176144
15 0.621094 0.292725 0.0625 0.305664 0.00165558
14 0.739258 0.369202 0.0673828 0.390503 0.00159836
4 0.188904 0.541992 0.128052 0.791992 0.00156498
4 0 0.5 0 1 0.00154018
3 0.0459595 0.482422 0.0789795 0.84375 0.00135708
3 0.739258 0.369202 0.0673828 0.390503 0.00131798
2 0.0459595 0.482422 0.0789795 0.84375 0.0013113
2 0.633301 0.294983 0.325195 0.283081 0.00119495
4 0.753906 0.371155 0.0976562 0.366089 0.00117874
18 0.625977 0.294495 0.0634766 0.290894 0.00114536
