2 0.273682 0.191071 0.0473633 0.239441 0.8125
2 0.39209 0.292236 0.0390625 0.149414 0.514648
2 0.495605 0.155121 0.0488281 0.183411 0.0783691
3 0.0376587 0.481934 0.0753174 0.907227 0.0378723
2 0.260254 0.19223 0.0498047 0.238098 0.0322266
2 0.267822 0.192932 0.106445 0.250854 0.0276489
2 0.272705 0.197815 0.0551758 0.345581 0.0205688
2 0.295898 0.192566 0.0830078 0.240845 0.0168304
4 0.272217 0.191223 0.0405273 0.266968 0.0136566
2 0.387695 0.292725 0.0791016 0.151855 0.0115433
3 0.272217 0.191223 0.0405273 0.266968 0.0113983
13 0.270996 0.189178 0.0439453 0.244202 0.0108948
13 0.393066 0.293213 0.0385742 0.147461 0.00949097
4 0.0855713 0.466553 0.0949707 0.747559 0.00817871
2 0.276367 0.189667 0.0737305 0.197815 0.00778198
2 0.391357 0.300537 0.0458984 0.225098 0.00524139
2 0.403809 0.286377 0.0576172 0.152832 0.00521851
9 0.272217 0.191223 0.0405273 0.266968 0.00496292
14 0.27124 0.193481 0.0419922 0.253662 0.00365448
2 0.488281 0.17334 0.0351562 0.159668 0.00349236
4 0.957031 0.509277 0.0859375 0.981445 0.00279236
2 0.262207 0.212158 0.0336914 0.244629 0.00265884
5 0.272217 0.191223 0.0405273 0.266968 0.00264549
17 0.27124 0.193481 0.0419922 0.253662 0.00256729
11 0.272217 0.191223 0.0405273 0.266968 0.0025444
13 0.495605 0.155121 0.0488281 0.183411 0.00253105
4 0.391113 0.29834 0.0439453 0.173828 0.00245476
4 0.958008 0.427734 0.0683594 0.770508 0.00243187
3 0.0040741 0.480957 0.00814819 0.961914 0.00227547
1 0.272217 0.191223 0.0405273 0.266968 0.00226212
16 0.272217 0.191223 0.0405273 0.266968 0.00222778
7 0.272217 0.191223 0.0405273 0.266968 0.00222778
12 0.272217 0.191223 0.0405273 0.266968 0.00214386
2 0.400635 0.290771 0.121094 0.17041 0.00209999
0 0.272217 0.191223 0.0405273 0.266968 0.0020771
14 0.392578 0.283936 0.0419922 0.142578 0.0020771
19 0.27124 0.193481 0.0419922 0.253662 0.00204659
10 0.272217 0.191223 0.0405273 0.266968 0.00204659
8 0.272217 0.191223 0.0405273 0.266968 0.00198364
3 0.0315552 0.559937 0.0631104 0.811768 0.0019331
4 0.0636292 0.482788 0.0914917 0.803955 0.00191212
15 0.272217 0.191223 0.0405273 0.266968 0.00181961
4 0.0376587 0.481934 0.0753174 0.907227 0.00160122
9 0.39209 0.292236 0.0390625 0.149414 0.00158882
6 0.27124 0.193481 0.0419922 0.253662 0.00156403
2 0.304932 0.197327 0.126465 0.272339 0.00156307
4 0.277832 0.198578 0.074707 0.229309 0.00153923
3 0.279053 0.198975 0.0698242 0.237793 0.001441
13 0.279053 0.198975 0.0698242 0.237793 0.00142479
2 0.380371 0.302246 0.0488281 0.176758 0.00135803
4 0.260254 0.19223 0.0498047 0.238098 0.00119972
1 0.39209 0.292236 0.0390625 0.149414 0.00116253
2 0.977295 0.803955 0.0395508 0.39209 0.00106621
