2 0.0318756 0.369141 0.0314636 0.135742 0.486328
2 0.0312347 0.368408 0.0432434 0.175781 0.059082
2 0.267822 0.0518188 0.0493164 0.0426025 0.0488281
13 0.032959 0.369629 0.0325928 0.12793 0.0296173
4 0.94873 0.483887 0.102539 0.830078 0.0290375
2 0.263184 0.65625 0.0351562 0.12793 0.019104
4 0.141602 0.526855 0.0998535 0.726562 0.0169067
3 0.0340576 0.475098 0.0681152 0.850586 0.00819397
4 0.969727 0.483765 0.0605469 0.864502 0.00736618
4 0.95459 0.5625 0.0908203 0.807617 0.00589371
2 0.0392456 0.368164 0.0759277 0.139648 0.00519943
4 0.926025 0.512207 0.103027 0.832031 0.00428772
4 0.939941 0.5802 0.0810547 0.667725 0.0041275
2 0.0345459 0.442871 0.0690918 0.865234 0.00359535
4 0.959229 0.471191 0.065918 0.758789 0.00341415
2 0.0302734 0.380859 0.0496826 0.263672 0.0032959
13 0.73291 0.754883 0.0634766 0.0761719 0.00305748
14 0.0318756 0.369141 0.0314636 0.135742 0.00292778
4 0.24115 0.421997 0.101685 0.804443 0.00289345
2 0.73291 0.756348 0.0673828 0.078125 0.00268173
3 0.0318756 0.369141 0.0314636 0.135742 0.00262451
2 0.284668 0.0535278 0.09375 0.0449219 0.00250244
3 0.9646 0.56189 0.0708008 0.790283 0.00244713
4 0.553223 0.195374 0.109375 0.297729 0.00237274
2 0.0285187 0.486938 0.0555115 0.668701 0.00234604
9 0.0318756 0.369141 0.0314636 0.135742 0.00225449
2 0.26123 0.0522461 0.0888672 0.045166 0.00212097
4 0.144531 0.544922 0.0817871 0.522461 0.00197601
4 0.032959 0.369629 0.0325928 0.12793 0.00160027
13 0.0312347 0.368408 0.0432434 0.175781 0.0015316
2 0.0405884 0.366699 0.0395508 0.125977 0.0015173
4 0.245117 0.341919 0.0922852 0.529053 0.00133705
1 0.0318756 0.369141 0.0314636 0.135742 0.00131798
2 0.263672 0.0452271 0.0507812 0.0646973 0.0012579
14 0.267822 0.0518188 0.0493164 0.0426025 0.00118256
13 0.263184 0.65625 0.0351562 0.12793 0.00112343
13 0.266602 0.0515594 0.0512695 0.0409241 0.00112152
4 0.990234 0.494141 0.0195312 0.793945 0.00109863
2 0.0209656 0.379395 0.0348511 0.19043 0.00107288
2 0.0318146 0.295715 0.0516052 0.452515 0.00105
11 0.032959 0.369629 0.0325928 0.12793 0.00104618
