2 0.77832 0.559082 0.106445 0.296875 0.866699
2 0.898926 0.776367 0.133789 0.112305 0.77832
2 0.432861 0.197021 0.0546875 0.156738 0.0986938
2 0.418213 0.20697 0.0766602 0.181763 0.0537415
2 0.891602 0.776367 0.216797 0.126953 0.0226746
13 0.779785 0.567871 0.108398 0.27832 0.0150681
2 0.786133 0.56543 0.219727 0.291016 0.014679
4 0.039917 0.514648 0.0576172 0.773438 0.013298
4 0.783203 0.566406 0.115234 0.291992 0.0120087
4 0.0378113 0.519043 0.0756226 0.948242 0.00970459
3 0.779297 0.568726 0.108398 0.284424 0.00905609
2 0.403076 0.227539 0.0537109 0.147461 0.00834656
2 0.899902 0.798828 0.172852 0.15625 0.00823212
9 0.781738 0.5625 0.107422 0.317383 0.00635147
14 0.783203 0.563965 0.113281 0.300781 0.00633621
2 0.896484 0.758301 0.139648 0.283203 0.00574875
1 0.781738 0.5625 0.107422 0.317383 0.00514603
2 0.877441 0.761719 0.0908203 0.0849609 0.00469589
4 0.141968 0.428101 0.18335 0.534424 0.00465775
2 0.916992 0.794434 0.140625 0.0976562 0.00440979
3 0.978027 0.528687 0.0439453 0.942627 0.0041275
13 0.899414 0.774902 0.132812 0.111328 0.00392532
3 0.964111 0.522949 0.0717773 0.954102 0.00390053
10 0.781738 0.5625 0.107422 0.317383 0.00356102
8 0.781738 0.5625 0.107422 0.317383 0.0032177
2 0.791992 0.554688 0.129883 0.200195 0.00319672
7 0.781738 0.5625 0.107422 0.317383 0.00300026
17 0.783203 0.564819 0.110352 0.303955 0.00288773
16 0.783203 0.564819 0.110352 0.303955 0.00288773
5 0.781738 0.5625 0.107422 0.317383 0.00288582
11 0.783203 0.564819 0.110352 0.303955 0.0027771
19 0.783203 0.564819 0.110352 0.303955 0.00273514
12 0.781738 0.5625 0.107422 0.317383 0.00273132
0 0.781738 0.5625 0.107422 0.317383 0.00266838
6 0.783203 0.564819 0.110352 0.303955 0.00263977
11 0.898438 0.772949 0.135742 0.116211 0.00263405
15 0.781738 0.5625 0.107422 0.317383 0.00262833
2 0.919434 0.799316 0.120117 0.0654297 0.00251007
2 0.393799 0.235596 0.0444336 0.116211 0.00235176
14 0.899414 0.774902 0.132812 0.111328 0.00217247
2 0.929688 0.176941 0.0439453 0.266235 0.00216866
18 0.779785 0.567871 0.108398 0.27832 0.00213623
2 0.441406 0.196289 0.0888672 0.148438 0.00211906
2 0.964111 0.522949 0.0717773 0.954102 0.00204659
13 0.432861 0.197021 0.0546875 0.156738 0.00201225
9 0.897461 0.772949 0.128906 0.112305 0.00199509
4 0.899414 0.77832 0.129883 0.106445 0.00193787
1 0.899414 0.774902 0.132812 0.111328 0.00178814
2 0.431641 0.173828 0.0415039 0.157227 0.00173473
2 0.085968 0.864258 0.109802 0.0429688 0.00172901
3 0.897461 0.772949 0.128906 0.112305 0.00164223
16 0.898438 0.772949 0.135742 0.116211 0.00158787
19 0.899414 0.774902 0.132812 0.111328 0.0014267
6 0.898926 0.776855 0.136719 0.112305 0.00131512
2 0.862305 0.658203 0.172852 0.369141 0.00131416
12 0.899414 0.774902 0.132812 0.111328 0.00128937
2 0.427246 0.185181 0.0634766 0.271729 0.00128651
2 0.897461 0.63623 0.150391 0.385742 0.00127792
3 0.972656 0.622925 0.0546875 0.75415 0.00127316
0 0.899414 0.774902 0.132812 0.111328 0.0012598
8 0.899414 0.774902 0.132812 0.111328 0.00124931
15 0.898926 0.776855 0.136719 0.112305 0.00117397
5 0.899414 0.774902 0.132812 0.111328 0.00116539
7 0.898926 0.776367 0.133789 0.112305 0.00112724
4 0.0268402 0.541626 0.053009 0.785889 0.00107574
2 0.894287 0.864502 0.211426 0.247559 0.00105667
17 0.898438 0.772949 0.135742 0.116211 0.00104237
