2 0.443481 0.404419 0.0661621 0.380615 0.806152
2 0.456665 0.422607 0.057373 0.361816 0.0847168
2 0.439087 0.402771 0.11499 0.383911 0.0455933
4 0.0578766 0.515625 0.0939636 0.802734 0.0323181
4 0.443481 0.404419 0.0661621 0.380615 0.0158081
3 0.446411 0.397461 0.064209 0.382812 0.0148392
4 0.959229 0.545166 0.081543 0.866699 0.0139465
2 0.0685425 0.782227 0.0424805 0.173828 0.0103607
13 0.447266 0.404175 0.0664062 0.37915 0.00780487
2 0.480835 0.414307 0.10083 0.366699 0.00754929
4 0.923828 0.174622 0.0820312 0.268921 0.00651169
4 0.944336 0.486694 0.0703125 0.790283 0.00552368
2 0.438477 0.395264 0.102539 0.241699 0.00548935
9 0.443481 0.404419 0.0661621 0.380615 0.00519943
14 0.449219 0.401672 0.0625 0.390015 0.00494766
2 0.459961 0.4021 0.136719 0.290527 0.00411606
4 0.439087 0.402771 0.11499 0.383911 0.00351524
4 0.0807495 0.496216 0.0977783 0.810303 0.00344467
2 0.916016 0.238281 0.0830078 0.134277 0.00283241
4 0.91748 0.215576 0.0732422 0.188965 0.00281715
11 0.443481 0.404419 0.0661621 0.380615 0.0026226
4 0.464478 0.40918 0.0788574 0.394531 0.00260925
2 0.425049 0.399231 0.0668945 0.403687 0.00258255
2 0.457031 0.411499 0.0830078 0.200439 0.0025692
16 0.449341 0.403503 0.0632324 0.392212 0.00235367
2 0.951904 0.81958 0.074707 0.341309 0.00233459
1 0.443481 0.409363 0.0681152 0.390259 0.00232697
5 0.449341 0.403503 0.0632324 0.392212 0.00229836
12 0.449341 0.403503 0.0632324 0.392212 0.00221252
7 0.449341 0.403503 0.0632324 0.392212 0.00217628
8 0.449341 0.403503 0.0632324 0.392212 0.00206184
10 0.443481 0.404419 0.0661621 0.380615 0.00205994
17 0.447266 0.404175 0.0664062 0.37915 0.00204277
0 0.449341 0.403503 0.0632324 0.392212 0.00195122
2 0.955322 0.515503 0.0600586 0.863525 0.00191689
19 0.449341 0.403503 0.0632324 0.392212 0.00190735
15 0.447266 0.403687 0.0664062 0.376221 0.00172901
6 0.443481 0.404419 0.0661621 0.380615 0.00163078
3 0.449707 0.416992 0.102539 0.369141 0.00153637
2 0.0615234 0.799316 0.0371094 0.149414 0.00135994
4 0.927246 0.535522 0.0986328 0.928955 0.00135136
3 0 0.516235 0 0.965576 0.00133038
3 0.0253906 0.518433 0.0507812 0.924072 0.00132179
18 0.452026 0.40155 0.0617676 0.397095 0.00124931
4 0.034729 0.514526 0.069458 0.7854 0.00121307
2 0.445801 0.405396 0.296875 0.312256 0.00104523
4 0.887695 0.42981 0.118164 0.693115 0.00103378
