2 0.445801 0.700684 0.19043 0.324219 0.907227
2 0.446167 0.694824 0.164307 0.201172 0.0286102
4 0.448242 0.701172 0.189453 0.348633 0.0250854
13 0.447266 0.700684 0.188477 0.335938 0.0170746
14 0.448242 0.701172 0.189453 0.348633 0.00860596
1 0.446045 0.702148 0.188965 0.34375 0.00717545
3 0.448364 0.700684 0.18335 0.34082 0.00682449
9 0.446533 0.702637 0.192871 0.350586 0.00547791
2 0.5 0.969482 1 0.0610352 0.00492859
11 0.446045 0.702148 0.188965 0.34375 0.00344467
18 0.448242 0.701172 0.189453 0.348633 0.00343132
8 0.447998 0.70166 0.195801 0.356445 0.00335884
16 0.447266 0.700684 0.188477 0.335938 0.00323486
10 0.446533 0.702637 0.192871 0.350586 0.00323105
0 0.447266 0.700684 0.188477 0.335938 0.00310135
6 0.447266 0.697266 0.188477 0.331055 0.00309563
17 0.447266 0.697266 0.188477 0.331055 0.00307274
7 0.447998 0.70166 0.195801 0.356445 0.00305939
19 0.447998 0.70166 0.195801 0.356445 0.00304794
5 0.450439 0.70166 0.183105 0.380859 0.00299072
15 0.448242 0.701172 0.189453 0.348633 0.00292587
12 0.448242 0.701172 0.189453 0.348633 0.00277138
2 0.383545 0.981445 0.76709 0.0371094 0.00198174
4 0.243652 0.08255 0.104004 0.152771 0.00136852
4 0.953857 0.479126 0.0922852 0.949951 0.00124168
4 0.0498657 0.51123 0.0997314 0.977539 0.00116253
3 0.967041 0.540649 0.065918 0.834717 0.00112915
4 0.960938 0.573364 0.0722656 0.853271 0.00101566
