2 0.229919 0.563965 0.127075 0.248047 0.834473
2 0.0986023 0.224854 0.13678 0.179688 0.471191
2 0.620605 0.878418 0.0722656 0.0566406 0.0470276
13 0.0913086 0.232178 0.112061 0.164551 0.0391541
2 0.219238 0.564941 0.212891 0.262695 0.0345459
2 0.0964355 0.225098 0.192871 0.196289 0.0142212
13 0.227539 0.573242 0.118652 0.226562 0.0139694
4 0.230957 0.562012 0.131348 0.271484 0.0116653
2 0.0916748 0.24585 0.100586 0.160645 0.00767136
2 0.884277 0.625488 0.0654297 0.105469 0.00735855
3 0.229004 0.561401 0.125977 0.246338 0.00699615
14 0.226807 0.571289 0.128418 0.239258 0.00543594
2 0.648926 0.881348 0.12793 0.0605469 0.00509644
9 0.225769 0.571777 0.124634 0.249023 0.00503159
1 0.104248 0.234375 0.126221 0.17627 0.00495911
1 0.225769 0.571777 0.124634 0.249023 0.00417709
4 0.708008 0.51123 0.166016 0.757812 0.00385857
3 0.956055 0.547241 0.0878906 0.905518 0.00368118
2 0.93457 0.730469 0.0898438 0.181641 0.00367737
2 0.496094 0.266113 0.0351562 0.150879 0.00355721
2 0.0803223 0.219238 0.0908203 0.15332 0.00313759
8 0.226807 0.571289 0.128418 0.239258 0.00292206
10 0.225769 0.571777 0.124634 0.249023 0.00290108
19 0.230957 0.562988 0.135742 0.265625 0.00255013
17 0.230957 0.562988 0.135742 0.265625 0.00254059
7 0.226807 0.571289 0.128418 0.239258 0.00253868
6 0.226807 0.571289 0.128418 0.239258 0.00252914
11 0.226807 0.571289 0.128418 0.239258 0.00249863
5 0.229919 0.562988 0.129028 0.282227 0.0024662
13 0.882812 0.623535 0.0605469 0.101562 0.00246429
2 0.771973 0.962158 0.300781 0.0249023 0.00245094
9 0.0969238 0.23291 0.119629 0.181641 0.00241089
16 0.226807 0.571289 0.128418 0.239258 0.00236702
0 0.226807 0.571289 0.128418 0.239258 0.00230408
12 0.229919 0.562988 0.129028 0.282227 0.00225639
15 0.229919 0.562988 0.129028 0.282227 0.00209427
4 0.0966797 0.22168 0.127197 0.195312 0.00203133
2 0.94458 0.730957 0.0698242 0.0771484 0.0020256
2 0.679688 0.958984 0.34375 0.0253906 0.00197029
2 0.630371 0.885742 0.0966797 0.0498047 0.00191498
18 0.229004 0.564575 0.125 0.24585 0.00184536
14 0.0986023 0.224854 0.13678 0.179688 0.00170803
13 0.106812 0.23175 0.185059 0.177124 0.00160027
2 0.0913391 0.237061 0.133728 0.279297 0.00145912
2 0.962158 0.730469 0.0385742 0.0771484 0.00144386
2 0.226074 0.445129 0.168457 0.477905 0.00141525
3 0.098175 0.22583 0.132751 0.178223 0.00132275
4 0.945068 0.533081 0.109863 0.933838 0.00121021
2 0.671387 0.224426 0.0478516 0.0599365 0.00117016
13 0.226135 0.575073 0.136597 0.342041 0.00116062
3 0.976562 0.510864 0.046875 0.915771 0.00109863
13 0.620605 0.878418 0.0722656 0.0566406 0.00100422
