2 0.652222 0.73584 0.513916 0.334961 0.913086
2 0.710449 0.667969 0.422852 0.206055 0.0567322
4 0.0593262 0.486206 0.0910645 0.793213 0.0335388
13 0.651733 0.735352 0.53833 0.34375 0.0206299
2 0.575806 0.769043 0.422607 0.267578 0.0147171
4 0.655151 0.735352 0.533447 0.348633 0.0137558
1 0.651855 0.730957 0.547852 0.366211 0.00959015
14 0.64978 0.736816 0.552002 0.344727 0.00815582
4 0.0813293 0.51062 0.0829468 0.801025 0.00687408
9 0.651855 0.730957 0.547852 0.366211 0.00677109
2 0.617676 0.743652 0.560547 0.198242 0.00492096
3 0.650391 0.733887 0.544922 0.350586 0.00476837
18 0.645874 0.734863 0.546143 0.34668 0.00422287
7 0.651855 0.730957 0.547852 0.366211 0.00421524
16 0.651855 0.730957 0.547852 0.366211 0.00416946
8 0.651855 0.730957 0.547852 0.366211 0.00388718
19 0.651855 0.730957 0.547852 0.366211 0.00375557
11 0.645874 0.734863 0.546143 0.34668 0.00362968
0 0.650391 0.733887 0.544922 0.350586 0.0036068
6 0.651855 0.730957 0.547852 0.366211 0.00357056
10 0.64978 0.736816 0.552002 0.344727 0.00339699
5 0.64978 0.736816 0.552002 0.344727 0.00334549
17 0.651855 0.730957 0.547852 0.366211 0.00330162
12 0.650391 0.733887 0.544922 0.350586 0.00318336
15 0.645874 0.734863 0.546143 0.34668 0.00310707
2 0.665039 0.649414 0.541992 0.352539 0.0024929
2 0.675171 0.711914 0.505127 0.198242 0.00159645
