2 0.594238 0.141357 0.135742 0.0844727 0.877441
4 0.149689 0.507446 0.178162 0.707764 0.0723877
2 0.597168 0.137939 0.229492 0.100586 0.0464783
2 0.577637 0.141602 0.353516 0.0871582 0.0150146
4 0.955322 0.584595 0.0893555 0.830811 0.00538635
2 0.593262 0.155273 0.149414 0.310547 0.00434113
13 0.596191 0.141479 0.135742 0.0778809 0.00395584
4 0.114258 0.545532 0.109131 0.795654 0.0035038
14 0.59668 0.140869 0.133789 0.078125 0.00289726
11 0.596191 0.141479 0.135742 0.0778809 0.0027771
4 0.976074 0.692261 0.0478516 0.615479 0.00272751
4 0.976562 0.545532 0.046875 0.842529 0.00269318
14 0.149689 0.507446 0.178162 0.707764 0.002388
9 0.595703 0.139648 0.149414 0.0800781 0.00233841
4 0.963867 0.698486 0.0566406 0.603027 0.00218773
3 0.595703 0.139648 0.149414 0.0800781 0.00216293
4 0.958252 0.518555 0.0678711 0.789062 0.00214005
4 0.592773 0.139648 0.132812 0.0854492 0.00200844
19 0.594238 0.141602 0.132812 0.0773926 0.00185204
16 0.596191 0.141479 0.135742 0.0778809 0.00184441
1 0.596191 0.141479 0.135742 0.0778809 0.0017128
2 0.601562 0.128174 0.12793 0.228516 0.00170612
8 0.59375 0.139771 0.137695 0.0913086 0.00167179
6 0.596191 0.141479 0.135742 0.0778809 0.0016346
12 0.594238 0.141602 0.132812 0.0773926 0.00158405
0 0.594238 0.141602 0.132812 0.0773926 0.00157261
7 0.595703 0.140503 0.144531 0.0778809 0.00152111
3 0.0297852 0.550781 0.0595703 0.865234 0.00151443
5 0.594238 0.141602 0.132812 0.0773926 0.00148773
15 0.596191 0.141479 0.135742 0.0778809 0.00145435
2 0.59082 0.168976 0.131836 0.199646 0.00143337
4 0.0390015 0.557129 0.0543213 0.750977 0.00140762
17 0.596191 0.141479 0.135742 0.0778809 0.00133514
4 0.0712891 0.550049 0.107422 0.899902 0.00131607
2 0.149689 0.507446 0.178162 0.707764 0.00125504
2 0.977539 0.774902 0.0390625 0.450195 0.00125313
10 0.59375 0.134888 0.132812 0.0893555 0.00120068
13 0.215332 0.216919 0.0703125 0.0964355 0.00112724
18 0.595215 0.140625 0.128906 0.0805664 0.00111103
4 0.969238 0.584595 0.0615234 0.80542 0.00109673
3 0.039978 0.519897 0.0799561 0.866455 0.00103855
3 0.969238 0.584595 0.0615234 0.80542 0.00103378
2 0.641602 0.138672 0.205078 0.0849609 0.00103188
