2 0.416138 0.733887 0.188232 0.246094 0.897949
13 0.415527 0.733887 0.186523 0.238281 0.0179443
4 0.415405 0.73584 0.186768 0.238281 0.0166473
14 0.415405 0.73584 0.186768 0.238281 0.00962067
1 0.415527 0.733887 0.186523 0.238281 0.00767136
9 0.415405 0.73584 0.186768 0.238281 0.00604248
3 0.414429 0.734863 0.186768 0.239258 0.00553894
18 0.414429 0.734863 0.186768 0.239258 0.00395203
8 0.415405 0.73584 0.186768 0.238281 0.00379372
0 0.415527 0.733887 0.186523 0.238281 0.00377464
16 0.415405 0.73584 0.186768 0.238281 0.00369263
11 0.415527 0.733887 0.186523 0.238281 0.003685
10 0.415283 0.734375 0.182129 0.240234 0.00360107
7 0.414429 0.734863 0.186768 0.239258 0.0035038
6 0.415283 0.734375 0.182129 0.240234 0.00347519
17 0.415405 0.73584 0.186768 0.238281 0.00341606
19 0.414429 0.734863 0.186768 0.239258 0.00330353
12 0.415527 0.733887 0.186523 0.238281 0.00315666
15 0.414429 0.734863 0.186768 0.239258 0.00295067
4 0.966309 0.51123 0.0673828 0.958008 0.00294685
5 0.417114 0.734375 0.189209 0.216797 0.00289154
2 0.418945 0.977295 0.837891 0.0454102 0.00264168
4 0.958008 0.215454 0.0449219 0.320068 0.0023613
3 0.0331726 0.516235 0.0663452 0.957764 0.00136566
4 0.976562 0.243225 0.0351562 0.410034 0.00124168
2 0.540527 0.959961 0.918945 0.0800781 0.00121117
4 0.043335 0.515137 0.0866699 0.871094 0.00114727
2 0.949707 0.819336 0.100586 0.333984 0.00105667
