2 0.301514 0.279785 0.0415039 0.263672 0.763184
2 0.823242 0.41626 0.0322266 0.202637 0.103638
2 0.302734 0.282715 0.0698242 0.242188 0.0701904
4 0.822266 0.541626 0.0976562 0.758545 0.0331726
2 0.300293 0.278748 0.0546875 0.338989 0.0244141
3 0.302734 0.277344 0.0405273 0.277832 0.0143967
4 0.302734 0.277344 0.0405273 0.277832 0.0107498
2 0.285156 0.277039 0.12207 0.261353 0.00985718
3 0.962646 0.513672 0.074707 0.927734 0.00952148
13 0.301758 0.27124 0.0458984 0.242676 0.00908661
3 0.979004 0.534546 0.0419922 0.930908 0.00868225
4 0.962402 0.504883 0.0751953 0.916016 0.00723267
9 0.301514 0.279785 0.0415039 0.263672 0.00520325
14 0.301514 0.279785 0.0415039 0.263672 0.00461578
13 0.823242 0.41626 0.0322266 0.202637 0.00399399
2 0.286865 0.27417 0.059082 0.239258 0.00385094
2 0.820801 0.417969 0.0449219 0.258789 0.00348473
3 0.953369 0.5177 0.0600586 0.796631 0.00291634
5 0.302734 0.277344 0.0405273 0.277832 0.00282288
11 0.301514 0.279785 0.0415039 0.263672 0.00277328
17 0.301514 0.279785 0.0415039 0.263672 0.00258636
12 0.302734 0.277344 0.0405273 0.277832 0.00245285
1 0.302734 0.277344 0.0405273 0.277832 0.00243378
4 0.823242 0.41626 0.0322266 0.202637 0.00241089
7 0.301514 0.279785 0.0415039 0.263672 0.00237465
16 0.301514 0.279785 0.0415039 0.263672 0.00224686
0 0.302734 0.277344 0.0405273 0.277832 0.00221634
19 0.301514 0.279785 0.0415039 0.263672 0.00221443
10 0.302734 0.277344 0.0405273 0.277832 0.00209999
15 0.302734 0.277344 0.0405273 0.277832 0.00203514
8 0.302734 0.277344 0.0405273 0.277832 0.00203514
2 0.323242 0.283447 0.09375 0.246094 0.00186634
3 0.302734 0.281006 0.0668945 0.246582 0.00183678
6 0.301514 0.279785 0.0415039 0.263672 0.00165844
4 0.302734 0.281006 0.0668945 0.246582 0.00155449
2 0.822266 0.485352 0.0791016 0.806641 0.00146961
4 0.0450439 0.5 0.0900879 1 0.00141621
3 0.0374146 0.501465 0.0748291 0.99707 0.00141144
