2 0.79541 0.147339 0.131836 0.092041 0.386719
4 0.890137 0.504761 0.136719 0.715088 0.0888062
2 0.766602 0.148315 0.0732422 0.0861816 0.065979
2 0.754395 0.155151 0.0888672 0.11499 0.0523987
2 0.813477 0.137817 0.137695 0.0639648 0.0175934
13 0.757324 0.153931 0.0771484 0.109619 0.0169067
13 0.796875 0.148804 0.132812 0.0881348 0.00542831
4 0.924561 0.485352 0.100098 0.855469 0.00448608
2 0.767578 0.151733 0.143555 0.104736 0.00437927
2 0.803711 0.126709 0.130859 0.0405273 0.0039711
3 0.976318 0.511841 0.0473633 0.800537 0.00391388
2 0.749512 0.174011 0.110352 0.100708 0.00322914
4 0.947266 0.469727 0.0722656 0.80957 0.00274467
4 0.796875 0.148804 0.132812 0.0881348 0.0026989
2 0.890137 0.504761 0.136719 0.715088 0.00255013
4 0.968506 0.702148 0.0610352 0.518555 0.00216103
4 0.755371 0.155884 0.0888672 0.116943 0.00199318
2 0.753418 0.15625 0.0732422 0.0756836 0.00178051
2 0.829102 0.121582 0.141602 0.0344238 0.0017128
2 0.803711 0.16748 0.164062 0.0942383 0.00156975
4 0.963867 0.775879 0.046875 0.40332 0.00148582
2 0.970947 0.430969 0.034668 0.463257 0.00145054
14 0.890137 0.504761 0.136719 0.715088 0.00142574
2 0.795898 0.161743 0.130859 0.25415 0.00133991
2 0.958252 0.114502 0.0268555 0.126709 0.00123882
4 0.891113 0.651855 0.138672 0.475586 0.00118828
2 0.829102 0.1604 0.172852 0.0603027 0.00116634
4 0.926025 0.607788 0.138184 0.753174 0.00116253
14 0.79541 0.147339 0.131836 0.092041 0.00111771
4 0.634766 0.55957 0.232422 0.495117 0.00106907
4 0.96582 0.443848 0.046875 0.598633 0.0010643
3 0.963867 0.475098 0.0722656 0.74707 0.00101471
