2 0.512207 0.820801 0.266602 0.200195 0.874512
13 0.511353 0.827637 0.27417 0.202148 0.0197144
4 0.513672 0.824707 0.285156 0.214844 0.0098877
4 0.729492 0.127502 0.0908203 0.221558 0.00865936
14 0.512207 0.824707 0.274414 0.217773 0.00819397
2 0.463135 0.803711 0.17041 0.182617 0.00800323
4 0.961914 0.548828 0.0644531 0.807617 0.00661087
1 0.512207 0.824707 0.274414 0.217773 0.00643158
2 0.501953 0.826172 0.248047 0.347656 0.00630188
9 0.512207 0.824707 0.274414 0.217773 0.00538635
16 0.512207 0.824707 0.274414 0.217773 0.00423813
4 0.0839539 0.224609 0.0737915 0.335938 0.0039444
7 0.512207 0.824707 0.274414 0.217773 0.00389099
4 0.845215 0.0900879 0.101562 0.126953 0.00358009
19 0.512207 0.824707 0.274414 0.217773 0.00351715
8 0.512207 0.824707 0.274414 0.217773 0.00348854
17 0.512207 0.824707 0.274414 0.217773 0.00331879
10 0.512207 0.824707 0.274414 0.217773 0.00328064
3 0.509766 0.831055 0.274414 0.214844 0.00325394
6 0.512207 0.824707 0.274414 0.217773 0.00320435
11 0.512207 0.824707 0.274414 0.217773 0.00315475
5 0.511353 0.827637 0.27417 0.202148 0.00307274
18 0.510254 0.828125 0.27832 0.212891 0.00304222
12 0.512207 0.824707 0.274414 0.217773 0.00296593
0 0.512207 0.824707 0.274414 0.217773 0.00294304
4 0.956055 0.543579 0.0878906 0.903076 0.00272751
15 0.511353 0.827637 0.27417 0.202148 0.00269127
3 0.976074 0.563965 0.0478516 0.795898 0.00235939
4 0.0981445 0.191223 0.0722656 0.339233 0.00193024
2 0.732422 0.133148 0.0888672 0.199524 0.00190067
4 0.976562 0.574707 0.0429688 0.738281 0.00183773
2 0.372559 0.981934 0.745117 0.0361328 0.00170994
4 0.0679016 0.241455 0.0692749 0.327637 0.00146103
2 0.490723 0.766602 0.242188 0.206055 0.00134468
2 0.746582 0.181519 0.0693359 0.104248 0.00131607
4 0.702148 0.118683 0.109375 0.209412 0.00126362
3 0.0292664 0.481934 0.0585327 0.865234 0.0011549
4 0.725586 0.103027 0.0683594 0.156006 0.00108337
