2 0.452515 0.776855 0.352783 0.109375 0.893066
2 0.45166 0.793945 0.351562 0.199219 0.00837708
4 0.958496 0.338379 0.0595703 0.549805 0.00670624
4 0.971436 0.330444 0.0493164 0.647705 0.00466156
13 0.452393 0.773438 0.361816 0.111328 0.0044632
4 0.448608 0.774902 0.362549 0.110352 0.00395966
2 0.455322 0.786621 0.346191 0.407227 0.0036068
9 0.448242 0.770508 0.358398 0.113281 0.00275993
11 0.446655 0.770996 0.368408 0.110352 0.00265503
14 0.449707 0.773438 0.357422 0.112305 0.00238609
2 0.397461 0.978027 0.794922 0.0439453 0.00228691
7 0.448242 0.770508 0.358398 0.113281 0.00226402
0 0.449707 0.773438 0.357422 0.112305 0.0022068
3 0.0324707 0.515137 0.0649414 0.938477 0.00218773
6 0.448242 0.770508 0.358398 0.113281 0.00217628
15 0.448242 0.770508 0.358398 0.113281 0.00216866
10 0.448242 0.770508 0.358398 0.113281 0.00215149
16 0.448242 0.770508 0.358398 0.113281 0.00215149
1 0.451294 0.772461 0.361084 0.113281 0.00214577
5 0.448242 0.770508 0.358398 0.113281 0.0021019
18 0.448242 0.770508 0.358398 0.113281 0.00209427
17 0.448242 0.770508 0.358398 0.113281 0.00209427
12 0.448242 0.770508 0.358398 0.113281 0.00206184
3 0.448242 0.770508 0.358398 0.113281 0.00204468
4 0.963135 0.494019 0.0737305 0.922119 0.00201225
19 0.448242 0.770508 0.358398 0.113281 0.00197411
8 0.448242 0.770508 0.358398 0.113281 0.00196648
4 0.982666 0.338501 0.034668 0.549561 0.00180626
2 0.446655 0.74707 0.360596 0.126953 0.00141621
4 0.976807 0.515503 0.0463867 0.82251 0.00132751
4 0.960449 0.111694 0.0517578 0.223389 0.0010519
3 0.00144958 0.501221 0.00289917 0.997559 0.00100803
