2 0.698242 0.736816 0.250977 0.263672 0.875488
13 0.688477 0.770508 0.287109 0.333008 0.015686
4 0.688477 0.770508 0.287109 0.333008 0.0156555
2 0.679199 0.806152 0.285156 0.383789 0.0141602
4 0.0771179 0.547974 0.126038 0.720459 0.0107117
14 0.699219 0.737793 0.251953 0.262695 0.00840759
2 0.952148 0.238098 0.0322266 0.189819 0.00741196
1 0.688477 0.770508 0.287109 0.333008 0.0069046
9 0.699219 0.737793 0.251953 0.262695 0.00576401
4 0.0877686 0.353333 0.0939941 0.440796 0.00537109
3 0.688477 0.770508 0.287109 0.333008 0.00498581
2 0.959229 0.227051 0.0288086 0.192871 0.00471878
18 0.688477 0.770508 0.287109 0.333008 0.00365257
4 0.0565338 0.586914 0.0795593 0.680664 0.00364113
11 0.688477 0.770508 0.287109 0.333008 0.00357056
8 0.696777 0.746582 0.246094 0.276367 0.00343323
16 0.694336 0.74707 0.249023 0.282227 0.00335693
7 0.688477 0.770508 0.287109 0.333008 0.00321388
10 0.696777 0.746582 0.246094 0.276367 0.00317764
19 0.688477 0.770508 0.287109 0.333008 0.00317383
17 0.688477 0.770508 0.287109 0.333008 0.00316238
6 0.688477 0.770508 0.287109 0.333008 0.00313759
13 0.697266 0.734375 0.230469 0.242188 0.0030899
0 0.688477 0.770508 0.287109 0.333008 0.00306702
15 0.688477 0.770508 0.287109 0.333008 0.00293922
5 0.688477 0.770508 0.287109 0.333008 0.00289345
4 0.697266 0.734375 0.230469 0.242188 0.002882
12 0.688477 0.770508 0.287109 0.333008 0.00270653
2 0.053894 0.943604 0.0892334 0.0854492 0.00216866
2 0.651855 0.827148 0.223633 0.283203 0.00201988
4 0.958008 0.217529 0.03125 0.201172 0.00183201
4 0.960693 0.13855 0.0668945 0.2771 0.0013361
2 0.0776062 0.91626 0.141174 0.116699 0.00128365
5 0.697266 0.734375 0.230469 0.242188 0.00115871
6 0.697266 0.734375 0.230469 0.242188 0.00113201
4 0.953125 0.18457 0.0566406 0.369141 0.00100708
