2 0.647461 0.285461 0.286133 0.137085 0.905273
4 0.105499 0.465332 0.102478 0.594727 0.0218506
2 0.65332 0.296631 0.287109 0.237305 0.00901031
13 0.651855 0.283691 0.273438 0.132324 0.0050354
2 0.646973 0.224854 0.286133 0.34082 0.00400162
4 0.64502 0.284729 0.277344 0.13855 0.00388336
4 0.0382843 0.513062 0.0696716 0.764893 0.00359535
14 0.645508 0.282959 0.277344 0.13623 0.00324249
3 0.0242004 0.513672 0.0484009 0.883789 0.00309181
9 0.650391 0.283264 0.289062 0.134644 0.00301552
11 0.648438 0.283203 0.269531 0.141602 0.00300407
1 0.650391 0.283264 0.289062 0.134644 0.00289917
4 0.114258 0.582886 0.113281 0.621338 0.00271988
16 0.648438 0.283203 0.269531 0.141602 0.002388
10 0.645508 0.282959 0.277344 0.13623 0.00222397
12 0.645508 0.282959 0.277344 0.13623 0.00214577
6 0.645508 0.282959 0.277344 0.13623 0.00207329
7 0.645508 0.281433 0.291992 0.135376 0.00205994
0 0.645508 0.282959 0.277344 0.13623 0.00203323
3 0.645508 0.282959 0.277344 0.13623 0.00198555
15 0.64502 0.282227 0.28125 0.135254 0.00197029
19 0.646484 0.283447 0.279297 0.134766 0.00188065
8 0.646484 0.283447 0.279297 0.134766 0.00188065
17 0.645508 0.281433 0.291992 0.135376 0.0018692
5 0.64502 0.282227 0.28125 0.135254 0.00182152
18 0.645508 0.281433 0.291992 0.135376 0.00180531
4 0.963135 0.746094 0.0620117 0.507812 0.00167847
4 0.0794373 0.510742 0.0994263 0.772461 0.00137138
4 0.130096 0.453125 0.137268 0.71875 0.00137043
4 0.0245361 0.48645 0.0490723 0.786865 0.00120354
2 0.940918 0.431885 0.0488281 0.106934 0.00111389
3 0.00224304 0.512451 0.00448608 0.959473 0.00108719
