2 0.408936 0.77832 0.203613 0.321289 0.898926
2 0.399902 0.774414 0.206055 0.202148 0.033783
4 0.0887451 0.462402 0.109131 0.672852 0.0231628
4 0.919922 0.196655 0.0615234 0.200439 0.0210114
4 0.414551 0.775879 0.200195 0.319336 0.0202484
13 0.414551 0.775879 0.200195 0.319336 0.0172577
4 0.949951 0.498047 0.0922852 0.844727 0.0113144
14 0.410278 0.782227 0.20874 0.34668 0.00965118
4 0.975342 0.575317 0.0493164 0.806396 0.00852966
1 0.406616 0.784668 0.210205 0.350586 0.00716019
3 0.414551 0.775879 0.200195 0.322266 0.00549316
9 0.415527 0.775391 0.199219 0.323242 0.00531006
4 0.959961 0.573364 0.0605469 0.761475 0.00530624
2 0.356934 0.776855 0.319336 0.344727 0.00407791
11 0.414551 0.775879 0.200195 0.319336 0.00366974
8 0.408447 0.77832 0.208496 0.342773 0.00357819
0 0.414551 0.775879 0.200195 0.319336 0.00347519
18 0.414551 0.775879 0.200195 0.322266 0.00343323
10 0.408447 0.77832 0.208496 0.342773 0.00338745
16 0.414551 0.775879 0.200195 0.322266 0.00332832
7 0.408447 0.77832 0.208496 0.342773 0.00329781
17 0.414429 0.771973 0.202393 0.322266 0.0030632
19 0.408447 0.77832 0.208496 0.342773 0.00305176
6 0.414429 0.771973 0.202393 0.322266 0.00301552
12 0.414551 0.775879 0.200195 0.319336 0.00295258
4 0.0607452 0.485474 0.117767 0.798584 0.00275993
15 0.414551 0.775879 0.200195 0.322266 0.00272942
5 0.408447 0.77832 0.208496 0.342773 0.00268364
4 0.923828 0.477539 0.103516 0.806641 0.00268173
4 0.0913086 0.537964 0.138184 0.894775 0.0024128
2 0.483398 0.776367 0.293945 0.326172 0.00202942
4 0.92627 0.237854 0.0595703 0.251831 0.00189018
4 0.966797 0.758545 0.0527344 0.443848 0.00159168
4 0.930176 0.174438 0.0664062 0.252686 0.00153828
4 0.0872803 0.356445 0.090332 0.517578 0.00148296
3 0.0364685 0.515503 0.072937 0.945557 0.00120735
4 0.976807 0.663574 0.0463867 0.524414 0.00120258
