2 0.750977 0.451782 0.235352 0.369873 0.868164
2 0.115601 0.821777 0.0268555 0.135742 0.297852
2 0.743164 0.356201 0.253906 0.395996 0.0848999
4 0.75 0.45459 0.210938 0.34375 0.0351868
2 0.756836 0.448853 0.211914 0.241943 0.0332031
4 0.755859 0.378662 0.240234 0.505371 0.0184021
13 0.751953 0.450195 0.237305 0.381836 0.0160522
13 0.115601 0.821777 0.0268555 0.135742 0.0091095
14 0.751953 0.451416 0.234375 0.391113 0.00807953
1 0.751953 0.451416 0.234375 0.391113 0.00705338
2 0.752441 0.36499 0.211914 0.23584 0.00608444
9 0.751953 0.451416 0.234375 0.391113 0.00567627
2 0.803223 0.295715 0.102539 0.385132 0.00543976
3 0.751953 0.450195 0.237305 0.381836 0.00527191
4 0.956787 0.696045 0.0668945 0.60791 0.00389862
2 0.774414 0.392334 0.222656 0.530762 0.00342178
18 0.751953 0.450195 0.237305 0.381836 0.00334549
11 0.751953 0.450195 0.237305 0.381836 0.00333405
0 0.751953 0.450195 0.237305 0.381836 0.00309563
19 0.751953 0.450195 0.237305 0.381836 0.00298882
16 0.751953 0.450195 0.237305 0.381836 0.00297737
7 0.751953 0.450195 0.237305 0.381836 0.00296593
8 0.751953 0.451416 0.234375 0.391113 0.00292015
6 0.751953 0.450195 0.237305 0.381836 0.00286293
17 0.75 0.437134 0.245117 0.389404 0.00282478
2 0.119507 0.820801 0.0751953 0.141602 0.00282288
2 0.779785 0.293579 0.131836 0.432373 0.00280571
10 0.751953 0.450195 0.237305 0.381836 0.00271225
15 0.751953 0.450195 0.237305 0.381836 0.00262833
12 0.751953 0.450195 0.237305 0.381836 0.00254822
5 0.75 0.437134 0.245117 0.389404 0.0025425
2 0.108887 0.830078 0.0341797 0.146484 0.00216484
3 0.0365601 0.519043 0.0731201 0.961914 0.00206375
2 0.791016 0.264893 0.0576172 0.384277 0.00182724
4 0.115601 0.821777 0.0268555 0.135742 0.0017786
2 0.957031 0.613647 0.0703125 0.759033 0.00146961
2 0.116089 0.855469 0.0356445 0.0869141 0.0014286
3 0.970703 0.507812 0.0585938 0.933594 0.00132942
2 0.826172 0.263245 0.117188 0.352417 0.00131416
2 0.745605 0.504883 0.206055 0.228516 0.00123596
14 0.115601 0.821777 0.0268555 0.135742 0.00120544
9 0.115601 0.821777 0.0268555 0.135742 0.00119591
2 0.803711 0.33905 0.142578 0.357056 0.00101948
