2 0.621094 0.218445 0.266602 0.349243 0.888672
2 0.631836 0.221191 0.231445 0.241211 0.0975952
4 0.956299 0.727051 0.0600586 0.477539 0.0234222
4 0.621582 0.218628 0.280273 0.357666 0.0232544
13 0.626465 0.212952 0.268555 0.360229 0.0188293
2 0.946289 0.827148 0.0410156 0.22168 0.0121841
2 0.946289 0.856934 0.0546875 0.268555 0.00979614
1 0.621582 0.218628 0.280273 0.357666 0.00904083
14 0.621582 0.218628 0.280273 0.357666 0.00896454
3 0.620117 0.217041 0.272461 0.361328 0.00658035
9 0.627441 0.214111 0.262695 0.368652 0.00641632
2 0.952148 0.82373 0.0371094 0.288086 0.00613022
4 0.0439453 0.457764 0.0765381 0.834473 0.00440216
18 0.626465 0.212952 0.268555 0.360229 0.00391769
11 0.626465 0.212952 0.268555 0.360229 0.0038414
0 0.626465 0.212952 0.268555 0.360229 0.00381088
8 0.626953 0.215088 0.259766 0.368164 0.0037384
16 0.626953 0.214355 0.263672 0.359375 0.00364494
10 0.626953 0.215088 0.259766 0.368164 0.00363922
7 0.627441 0.214111 0.262695 0.368652 0.00362968
6 0.626953 0.215088 0.259766 0.368164 0.00332832
19 0.630859 0.213806 0.243164 0.353638 0.00329208
17 0.62793 0.211426 0.261719 0.348633 0.00328636
5 0.627441 0.214111 0.262695 0.368652 0.00327873
12 0.626465 0.212952 0.268555 0.360229 0.00326347
15 0.626953 0.214355 0.263672 0.359375 0.00304794
2 0.96167 0.851562 0.0629883 0.296875 0.00281906
2 0.978516 0.862549 0.0410156 0.259277 0.00274086
4 0.956787 0.582642 0.0727539 0.793701 0.00140095
3 0 0.5 0 1 0.00135326
