2 0.108643 0.462036 0.0270996 0.079834 0.440186
2 0.262451 0.224854 0.0732422 0.153809 0.085022
2 0.106812 0.460205 0.0454102 0.0834961 0.069519
2 0.671387 0.172974 0.046875 0.0371094 0.0591736
2 0.270264 0.200928 0.0664062 0.219238 0.0396423
13 0.108643 0.462036 0.0270996 0.079834 0.0157623
4 0.960938 0.544189 0.078125 0.903809 0.0148392
3 0.962646 0.516724 0.074707 0.960693 0.013237
2 0.104736 0.461426 0.0754395 0.0917969 0.00859833
14 0.671875 0.172241 0.0439453 0.036377 0.0062294
14 0.109131 0.461426 0.0253906 0.0820312 0.00536728
2 0.652832 0.172607 0.0830078 0.0351562 0.00479507
4 0.960693 0.727051 0.0610352 0.473633 0.00393295
2 0.673828 0.17627 0.0390625 0.0664062 0.00380707
13 0.264648 0.22168 0.0722656 0.182129 0.00318718
13 0.109528 0.460083 0.0480347 0.0895996 0.00310326
4 0.261719 0.200684 0.0786133 0.228516 0.00298691
2 0.120605 0.460938 0.0510254 0.0800781 0.002985
14 0.106812 0.460205 0.0454102 0.0834961 0.0024662
13 0.671387 0.172974 0.046875 0.0371094 0.00209808
1 0.135376 0.0134125 0.131836 0.026825 0.00189686
3 0.973145 0.564087 0.0537109 0.834717 0.00181198
2 0.129364 0.455688 0.0791626 0.109131 0.00172901
2 0.678223 0.172852 0.100586 0.0415039 0.00169659
4 0.975586 0.756836 0.0410156 0.439453 0.00169182
2 0.117554 0.460815 0.150879 0.0959473 0.0016861
2 0.255859 0.236877 0.081543 0.103394 0.00164604
4 0.108643 0.462036 0.0270996 0.079834 0.00144672
2 0.0979919 0.461792 0.0430298 0.0998535 0.00143623
3 0.0297241 0.513184 0.0594482 0.954102 0.00137711
2 0.668945 0.183838 0.0576172 0.0471191 0.00136662
3 0.108643 0.462036 0.0270996 0.079834 0.00131226
9 0.108643 0.462036 0.0270996 0.079834 0.00130749
2 0.637207 0.177002 0.111328 0.0275879 0.00129509
3 0.0308533 0.563965 0.0617065 0.560547 0.00122833
1 0.108643 0.462036 0.0270996 0.079834 0.00115871
4 0.819824 0.436523 0.115234 0.706055 0.00112247
3 0.0333862 0.550781 0.0667725 0.898438 0.00107002
11 0.109131 0.461426 0.0253906 0.0820312 0.00106716
12 0.108643 0.462036 0.0270996 0.079834 0.00101089
