2 0.224548 0.29541 0.0318604 0.174805 0.717773
2 0.224121 0.295349 0.0429688 0.223755 0.09198
4 0.957764 0.519409 0.0844727 0.859619 0.0223541
3 0.953125 0.527466 0.09375 0.945068 0.0190735
2 0.229065 0.294678 0.0692139 0.174805 0.0183563
2 0.218445 0.298584 0.106079 0.199707 0.0159912
3 0.970215 0.527344 0.0595703 0.945312 0.0136719
13 0.224548 0.29541 0.0318604 0.174805 0.0105209
4 0.225037 0.296448 0.0308838 0.184448 0.00404358
4 0.946289 0.527832 0.107422 0.944336 0.00357437
3 0.224121 0.295349 0.0429688 0.223755 0.00346756
14 0.225342 0.297607 0.0336914 0.175781 0.00320816
4 0.224121 0.295349 0.0429688 0.223755 0.00248718
3 0.224548 0.29541 0.0318604 0.174805 0.0024395
2 0.214844 0.294189 0.0610352 0.276367 0.00239372
9 0.223389 0.295837 0.0351562 0.171997 0.00219727
4 0.970459 0.553955 0.059082 0.89209 0.00208855
4 0.933105 0.545654 0.0791016 0.869629 0.00196457
1 0.223389 0.295837 0.0351562 0.171997 0.00183678
11 0.225342 0.297607 0.0336914 0.175781 0.00163651
6 0.225342 0.297607 0.0336914 0.175781 0.00157928
5 0.223389 0.295837 0.0351562 0.171997 0.00151157
3 0.0345764 0.484375 0.0691528 0.96875 0.00149727
12 0.223389 0.295837 0.0351562 0.171997 0.00146008
4 0.0573883 0.511108 0.08078 0.874268 0.00145245
16 0.225342 0.297607 0.0336914 0.175781 0.00141621
13 0.224121 0.295349 0.0429688 0.223755 0.00139141
2 0.226318 0.289551 0.0522461 0.35791 0.00137806
2 0.240295 0.296875 0.0638428 0.219238 0.00130939
17 0.225342 0.297607 0.0336914 0.175781 0.00129032
0 0.223389 0.295837 0.0351562 0.171997 0.00127316
15 0.223389 0.295837 0.0351562 0.171997 0.00124836
8 0.223389 0.295837 0.0351562 0.171997 0.00118732
19 0.225342 0.297607 0.0336914 0.175781 0.0011301
