2 0.632324 0.13269 0.254883 0.0703125 0.859863
2 0.311157 0.0890198 0.490967 0.153503 0.793945
2 0.410645 0.0917664 0.767578 0.167542 0.621582
2 0.260254 0.0582275 0.438477 0.0959473 0.349121
2 0.545898 0.102295 0.448242 0.121338 0.274902
2 0.600586 0.120209 0.332031 0.0857544 0.172607
1 0.849609 0.0817719 0.195312 0.118195 0.0579834
2 0.447632 0.0993652 0.177002 0.144775 0.0397949
2 0.719238 0.0975037 0.46582 0.141907 0.0383911
2 0.850586 0.0839233 0.202148 0.119507 0.0337219
13 0.411621 0.0912781 0.764648 0.169983 0.0130692
9 0.853027 0.085022 0.203125 0.124634 0.0124741
4 0.944336 0.575317 0.0625 0.732178 0.00830841
13 0.292175 0.0869751 0.464478 0.151001 0.00587845
13 0.454712 0.101593 0.163818 0.145935 0.00528336
2 0.66748 0.130493 0.416016 0.079834 0.00509644
2 0.29834 0.0960693 0.462891 0.192139 0.00507736
13 0.637207 0.133301 0.254883 0.0688477 0.00496292
4 0.940674 0.543579 0.101074 0.821045 0.00430298
2 0.23407 0.0410767 0.410767 0.0614014 0.00372314
4 0.631348 0.134155 0.249023 0.0722656 0.00315285
2 0.630859 0.163849 0.236328 0.208923 0.00296974
4 0.291992 0.0819702 0.467773 0.141724 0.00296593
4 0.094574 0.521851 0.105774 0.733643 0.00290108
2 0.801758 0.0889587 0.324219 0.14093 0.00283051
1 0.290771 0.0882263 0.466309 0.152649 0.00272369
2 0.418457 0.0953369 0.317383 0.145752 0.00250244
9 0.632324 0.13269 0.254883 0.0703125 0.0023632
9 0.292175 0.0869751 0.464478 0.151001 0.00234032
1 0.411621 0.0912781 0.764648 0.169983 0.00228882
14 0.632324 0.133057 0.248047 0.0700684 0.00219345
7 0.632324 0.13269 0.254883 0.0703125 0.00212479
4 0.405273 0.0907593 0.700195 0.163208 0.00212288
4 0.95874 0.588623 0.0825195 0.818848 0.00208855
14 0.292175 0.0869751 0.464478 0.151001 0.00201797
15 0.632324 0.13269 0.254883 0.0703125 0.00200462
6 0.632324 0.13269 0.254883 0.0703125 0.00200462
10 0.632324 0.13269 0.254883 0.0703125 0.00200462
16 0.632324 0.13269 0.254883 0.0703125 0.00199127
1 0.637207 0.133301 0.254883 0.0688477 0.00198936
5 0.632324 0.13269 0.254883 0.0703125 0.00191307
11 0.632324 0.13269 0.254883 0.0703125 0.00189877
17 0.632324 0.13269 0.254883 0.0703125 0.00189877
12 0.632324 0.13269 0.254883 0.0703125 0.00188351
0 0.63623 0.133423 0.253906 0.0698242 0.00187397
6 0.292175 0.0869751 0.464478 0.151001 0.00185966
18 0.632324 0.13269 0.254883 0.0703125 0.00185585
7 0.292175 0.0869751 0.464478 0.151001 0.00183773
2 0.275391 0.0682678 0.312012 0.132996 0.00181675
3 0.632324 0.13269 0.254883 0.0703125 0.00181293
19 0.632324 0.13269 0.254883 0.0703125 0.00181293
8 0.632324 0.13269 0.254883 0.0703125 0.00178528
10 0.292175 0.0869751 0.464478 0.151001 0.00178146
4 0.955078 0.659058 0.0742188 0.681885 0.00176239
16 0.292175 0.0869751 0.464478 0.151001 0.0017395
2 0.672852 0.900879 0.0488281 0.0605469 0.00173664
2 0.725098 0.116699 0.415039 0.0895996 0.00173664
15 0.292175 0.0869751 0.464478 0.151001 0.00172615
11 0.311462 0.0880127 0.448364 0.151123 0.00171566
3 0.292175 0.0869751 0.464478 0.151001 0.00169945
17 0.292175 0.0869751 0.464478 0.151001 0.0016861
5 0.292175 0.0869751 0.464478 0.151001 0.0016861
12 0.292175 0.0869751 0.464478 0.151001 0.00166702
19 0.299683 0.0884399 0.484619 0.153198 0.00163651
0 0.292175 0.0869751 0.464478 0.151001 0.00163555
18 0.292175 0.0869751 0.464478 0.151001 0.0016098
8 0.292175 0.0869751 0.464478 0.151001 0.00160313
2 0.628418 0.147339 0.310547 0.0695801 0.00158024
1 0.838623 0.0822754 0.287598 0.136719 0.00145626
1 0.857422 0.0960693 0.185547 0.192139 0.00125885
13 0.600586 0.120209 0.332031 0.0857544 0.0012579
13 0.260254 0.0582275 0.438477 0.0959473 0.00119209
13 0.551636 0.103149 0.439697 0.124512 0.0011797
2 0.410645 0.118896 0.541016 0.237793 0.0011673
2 0.946777 0.470703 0.0341797 0.228516 0.00113869
2 0.943848 0.470215 0.046875 0.399414 0.00113583
13 0.84668 0.0836792 0.197266 0.120972 0.00110626
14 0.85498 0.0841064 0.206055 0.126465 0.00108433
1 0.545898 0.102295 0.448242 0.121338 0.00105953
11 0.404297 0.0894775 0.708984 0.161133 0.00102711
9 0.411621 0.0912781 0.764648 0.169983 0.0010252
