2 0.355225 0.291443 0.226074 0.192505 0.868164
2 0.685059 0.141357 0.0986328 0.119141 0.5625
13 0.691406 0.135284 0.0859375 0.107361 0.0986938
2 0.949219 0.730957 0.03125 0.149414 0.0653687
2 0.39502 0.70752 0.0307617 0.0595703 0.0444336
13 0.354492 0.289795 0.226562 0.192871 0.0125427
2 0.356445 0.306641 0.228516 0.355469 0.00993347
2 0.69043 0.136444 0.102539 0.233948 0.00978088
2 0.947266 0.732422 0.0361328 0.246094 0.00817871
2 0.675781 0.135345 0.206055 0.140442 0.00757217
4 0.355347 0.291016 0.226807 0.208008 0.00693512
14 0.355347 0.291016 0.226807 0.208008 0.00511932
4 0.95752 0.514771 0.0810547 0.86499 0.00508881
1 0.355347 0.291016 0.226807 0.208008 0.00500107
3 0.0449829 0.480469 0.0899658 0.930664 0.00458145
9 0.355347 0.291016 0.226807 0.208008 0.00432205
2 0.942383 0.727539 0.0351562 0.177734 0.00376892
2 0.957275 0.790039 0.0483398 0.347656 0.00359726
16 0.355347 0.291016 0.226807 0.208008 0.00328445
4 0.686035 0.142456 0.0966797 0.121826 0.00318909
13 0.949219 0.733398 0.0292969 0.146484 0.0031147
7 0.355347 0.291016 0.226807 0.208008 0.00307465
10 0.355347 0.291016 0.226807 0.208008 0.00301552
8 0.355347 0.291016 0.226807 0.208008 0.00286865
5 0.355347 0.291016 0.226807 0.208008 0.00275803
3 0.356934 0.289062 0.232422 0.190918 0.00270844
17 0.355347 0.291016 0.226807 0.208008 0.0026226
19 0.355347 0.291016 0.226807 0.208008 0.00259399
12 0.355347 0.291016 0.226807 0.208008 0.00257301
13 0.692383 0.139526 0.142578 0.121094 0.00257111
15 0.354492 0.289795 0.226562 0.192871 0.0024395
11 0.355347 0.291016 0.226807 0.208008 0.00239944
6 0.355347 0.291016 0.226807 0.208008 0.00238037
0 0.355347 0.291016 0.226807 0.208008 0.00235367
18 0.358765 0.29126 0.235596 0.185547 0.00234032
9 0.685059 0.141357 0.0986328 0.119141 0.00227547
1 0.685059 0.141357 0.0986328 0.119141 0.00223351
3 0.00325012 0.48584 0.00650024 0.97168 0.00212479
2 0.956543 0.768555 0.0302734 0.242188 0.00192928
14 0.685059 0.141357 0.0986328 0.119141 0.00180244
2 0.401855 0.708496 0.0400391 0.0761719 0.00180054
2 0.952393 0.814941 0.0737305 0.354492 0.00170422
3 0.6875 0.134399 0.103516 0.133301 0.00159264
11 0.686035 0.142456 0.0966797 0.121826 0.00134087
8 0.685059 0.141357 0.0986328 0.119141 0.00105667
4 0.971924 0.540283 0.0561523 0.911621 0.00104046
13 0.39502 0.70752 0.0307617 0.0595703 0.00101757
