2 0.461426 0.194702 0.212891 0.343994 0.90332
2 0.354248 0.617188 0.0361328 0.230469 0.520508
2 0.359131 0.631836 0.0546875 0.274414 0.0598145
4 0.458252 0.200378 0.222168 0.34729 0.0215302
2 0.46106 0.182526 0.185303 0.198914 0.0199585
13 0.464355 0.200439 0.214844 0.334961 0.0170288
2 0.424805 0.671387 0.0610352 0.209961 0.0103989
14 0.461182 0.195984 0.208496 0.34436 0.00923157
1 0.464355 0.200439 0.214844 0.334961 0.00905609
2 0.404053 0.641602 0.0927734 0.249023 0.0089798
2 0.349121 0.619507 0.0551758 0.335205 0.00801849
3 0.466309 0.202087 0.208984 0.33606 0.00653458
9 0.468872 0.200073 0.2146 0.352783 0.00568008
4 0.354248 0.617188 0.0361328 0.230469 0.00552368
13 0.355469 0.632812 0.0473633 0.257812 0.0048027
2 0.354004 0.617676 0.0717773 0.195312 0.0046463
2 0.379639 0.634766 0.0664062 0.253906 0.00444412
4 0.956299 0.545776 0.0874023 0.842041 0.00435638
18 0.460205 0.200745 0.220215 0.344604 0.00374603
8 0.46106 0.196228 0.217529 0.353638 0.00370598
11 0.458252 0.200378 0.222168 0.34729 0.00369644
4 0.128693 0.522461 0.118591 0.870117 0.00361061
2 0.432129 0.637695 0.0683594 0.294922 0.00349045
16 0.460205 0.200745 0.220215 0.344604 0.0033989
10 0.460571 0.194336 0.210693 0.382324 0.00338936
0 0.458252 0.200378 0.222168 0.34729 0.00338173
6 0.46106 0.196228 0.217529 0.353638 0.00336456
17 0.46106 0.196228 0.217529 0.353638 0.00335121
19 0.46106 0.196228 0.217529 0.353638 0.00335121
7 0.458252 0.200378 0.222168 0.34729 0.00322723
15 0.460205 0.200745 0.220215 0.344604 0.00304794
5 0.460571 0.194336 0.210693 0.382324 0.00300407
3 0.352783 0.624512 0.0390625 0.24707 0.00296593
12 0.458252 0.200378 0.222168 0.34729 0.002882
2 0.359375 0.632324 0.112793 0.248047 0.00237465
2 0.483521 0.235596 0.306396 0.327637 0.00235558
2 0.129425 0.493652 0.139587 0.657227 0.00180912
2 0.457764 0.237061 0.212402 0.20166 0.00180721
2 0.365479 0.672363 0.0595703 0.18457 0.00168228
2 0.954834 0.820801 0.0786133 0.336914 0.00143528
9 0.352783 0.624512 0.0390625 0.24707 0.00129318
14 0.352783 0.624512 0.0390625 0.24707 0.00123405
4 0.971191 0.519043 0.0576172 0.866211 0.00121498
