2 0.365723 0.840332 0.128906 0.0566406 0.821777
2 0.367188 0.824707 0.118652 0.0898438 0.493652
2 0.515137 0.757324 0.0351562 0.15625 0.17041
2 0.361572 0.84082 0.191406 0.0664062 0.0736084
4 0.151825 0.526245 0.164612 0.857666 0.0489197
4 0.699219 0.515503 0.144531 0.777588 0.0216217
4 0.683594 0.694336 0.0869141 0.456055 0.0190582
2 0.507324 0.748047 0.0537109 0.15625 0.0185547
4 0.13623 0.133118 0.0791016 0.189819 0.0145035
2 0.351562 0.82373 0.222656 0.109375 0.0130081
3 0.974365 0.512817 0.0512695 0.929443 0.0103912
13 0.515137 0.757324 0.0351562 0.15625 0.00657654
2 0.374756 0.809082 0.156738 0.133789 0.00530624
4 0.164368 0.43103 0.114624 0.69458 0.00525284
13 0.366943 0.835938 0.132324 0.0634766 0.00487518
2 0.785156 0.671875 0.0351562 0.0693359 0.00402451
2 0.668945 0.672363 0.0888672 0.427734 0.00387383
2 0.368652 0.855957 0.128906 0.0693359 0.0036335
4 0.0843811 0.431274 0.0836792 0.688232 0.00352287
2 0.364746 0.820068 0.12793 0.359863 0.00342941
3 0.960205 0.519653 0.0795898 0.888428 0.00341988
13 0.365723 0.81543 0.114746 0.101562 0.00336456
4 0.979736 0.517212 0.0405273 0.817139 0.00327492
4 0.965088 0.539551 0.0698242 0.920898 0.00322533
4 0.681641 0.643555 0.125 0.554688 0.0030899
2 0.344727 0.831543 0.351562 0.0888672 0.00306511
2 0.12085 0.841797 0.0532227 0.0800781 0.00280571
4 0.0661621 0.510742 0.132324 0.974609 0.00238609
14 0.366455 0.839844 0.124512 0.0585938 0.00238419
3 0.0406799 0.521851 0.0813599 0.829346 0.00231552
2 0.499512 0.703613 0.0820312 0.265625 0.00230408
4 0.121094 0.449829 0.165039 0.864014 0.00230217
4 0.666504 0.686035 0.0761719 0.40918 0.0022316
2 0.367676 0.770996 0.118164 0.212891 0.00216484
9 0.365723 0.840332 0.128906 0.0566406 0.00206947
4 0.884766 0.601929 0.0742188 0.509033 0.00199127
4 0.97583 0.694336 0.0483398 0.548828 0.00195217
11 0.365967 0.837402 0.132812 0.0634766 0.00194645
4 0.367188 0.830078 0.118164 0.0791016 0.00167465
2 0.0934753 0.62207 0.0859985 0.0966797 0.00165367
3 0.367188 0.830078 0.118164 0.0791016 0.00160408
2 0.514648 0.73877 0.0449219 0.228516 0.00159359
2 0.521484 0.757324 0.0859375 0.150391 0.00153255
2 0.338867 0.828125 0.113281 0.0810547 0.00153255
2 0.151825 0.526245 0.164612 0.857666 0.00144196
2 0.806641 0.965088 0.263672 0.0307617 0.00142956
11 0.365723 0.81543 0.114746 0.101562 0.0014143
7 0.367432 0.838867 0.12207 0.0625 0.00140667
16 0.365967 0.837402 0.132812 0.0634766 0.00134945
12 0.365723 0.840332 0.128906 0.0566406 0.00131702
14 0.365723 0.81543 0.114746 0.101562 0.00127316
2 0.782227 0.666016 0.0332031 0.107422 0.00123405
19 0.365967 0.837402 0.132812 0.0634766 0.00121498
4 0.515137 0.757324 0.0351562 0.15625 0.00120258
0 0.365967 0.837402 0.132812 0.0634766 0.00120068
6 0.367432 0.838867 0.12207 0.0625 0.001194
8 0.365967 0.837402 0.132812 0.0634766 0.00119209
5 0.367432 0.838867 0.12207 0.0625 0.00118542
13 0.0963135 0.620605 0.0861816 0.0947266 0.00115585
15 0.365723 0.840332 0.128906 0.0566406 0.00115299
1 0.365723 0.840332 0.128906 0.0566406 0.00113106
10 0.366455 0.839844 0.124512 0.0585938 0.00111866
4 0.125488 0.161163 0.0979004 0.173279 0.00109863
4 0.967773 0.576172 0.0644531 0.729492 0.00108337
1 0.365723 0.81543 0.114746 0.101562 0.0010643
18 0.367432 0.838867 0.12207 0.0625 0.00105381
17 0.367432 0.838867 0.12207 0.0625 0.00105
9 0.367188 0.824707 0.118652 0.0898438 0.00103283
2 0.697754 0.960449 0.459961 0.0283203 0.00101852
12 0.367188 0.821777 0.121582 0.0947266 0.00101089
