2 0.459839 0.37793 0.143799 0.126953 0.851074
2 0.477539 0.376953 0.232422 0.14502 0.0456238
13 0.45874 0.378418 0.153809 0.132812 0.0271759
3 0.967529 0.564087 0.0649414 0.739014 0.0220184
2 0.458984 0.386841 0.152344 0.231201 0.00937653
2 0.460693 0.400635 0.162598 0.403809 0.00632858
4 0.461792 0.377197 0.133057 0.134766 0.00486374
14 0.45874 0.378418 0.153809 0.132812 0.00482178
1 0.45874 0.377197 0.151855 0.129883 0.00270462
9 0.460815 0.377197 0.136963 0.132812 0.00240707
4 0.885254 0.66272 0.0722656 0.537842 0.00232887
11 0.459595 0.37793 0.14624 0.128418 0.00198746
3 0.462524 0.376465 0.139404 0.132812 0.00184727
4 0.888672 0.583374 0.110352 0.708252 0.00171089
16 0.459595 0.37793 0.14624 0.128418 0.00165939
13 0.44873 0.376953 0.225586 0.151367 0.00163746
0 0.462524 0.376465 0.135498 0.132812 0.00156116
6 0.460327 0.37793 0.137939 0.136719 0.00151157
12 0.462524 0.376465 0.135498 0.132812 0.00149632
19 0.459595 0.37793 0.14624 0.128418 0.00145435
5 0.460327 0.37793 0.137939 0.136719 0.00135994
8 0.460327 0.37793 0.137939 0.136719 0.00133419
15 0.462524 0.376465 0.139404 0.132812 0.0013113
7 0.459595 0.37793 0.14624 0.128418 0.00130367
17 0.45874 0.378418 0.153809 0.132812 0.00125885
10 0.462524 0.376465 0.139404 0.132812 0.00115204
18 0.462524 0.376465 0.135498 0.132812 0.00112629
