2 0.42749 0.185913 0.187988 0.291748 0.871582
4 0.427979 0.179382 0.190918 0.298462 0.0493469
13 0.427246 0.181763 0.186523 0.298584 0.0185242
14 0.428955 0.185242 0.186035 0.307251 0.0130005
1 0.428711 0.179626 0.195312 0.292114 0.0100174
3 0.427246 0.184875 0.189453 0.300171 0.0063324
9 0.429321 0.182495 0.188232 0.304443 0.00561523
2 0.481445 0.183533 0.254883 0.302856 0.00382805
0 0.426392 0.183777 0.189209 0.301392 0.00368881
18 0.427246 0.184875 0.189453 0.300171 0.00364685
11 0.426392 0.183777 0.189209 0.301392 0.00354576
8 0.429321 0.182495 0.188232 0.304443 0.00346756
16 0.427246 0.184875 0.189453 0.300171 0.00341415
6 0.428101 0.18396 0.188721 0.309814 0.00338173
7 0.427246 0.184875 0.189453 0.300171 0.00328255
17 0.429321 0.182495 0.188232 0.304443 0.00323296
19 0.427246 0.184875 0.189453 0.300171 0.00318336
12 0.426392 0.183777 0.189209 0.301392 0.00317955
10 0.429321 0.182495 0.188232 0.304443 0.00315857
15 0.427246 0.184875 0.189453 0.300171 0.00289917
5 0.428711 0.179626 0.195312 0.292114 0.0028801
4 0.960693 0.539551 0.0786133 0.920898 0.00207329
4 0.904785 0.453003 0.104492 0.777588 0.00132084
2 0.4104 0.193237 0.168457 0.19751 0.0012207
