2 0.253418 0.219971 0.0688477 0.335938 0.827637
2 0.558716 0.224609 0.185303 0.280273 0.795898
2 0.505859 0.235107 0.292969 0.291016 0.376709
2 0.266418 0.243958 0.108765 0.34021 0.143921
4 0.258545 0.236084 0.0737305 0.356445 0.0334778
2 0.251038 0.220459 0.102417 0.241211 0.0234375
2 0.44519 0.167236 0.240479 0.140137 0.0197449
4 0.526733 0.238037 0.251221 0.310059 0.0196228
2 0.518066 0.226318 0.248047 0.19873 0.0172272
13 0.55603 0.228271 0.186768 0.274902 0.0159607
3 0.258789 0.23999 0.0795898 0.330078 0.0104675
13 0.260986 0.239746 0.0795898 0.382324 0.00942993
1 0.526733 0.238037 0.251221 0.310059 0.0061264
14 0.557617 0.224854 0.189453 0.282715 0.0060463
9 0.255371 0.227356 0.065918 0.355835 0.00527191
2 0.233826 0.228943 0.110962 0.321411 0.00495148
3 0.526733 0.238037 0.251221 0.310059 0.00465393
14 0.255371 0.227356 0.065918 0.355835 0.00463867
2 0.425781 0.279297 0.0439453 0.233398 0.00457001
9 0.522949 0.231628 0.266602 0.303345 0.0045433
2 0.270508 0.210022 0.0668945 0.314331 0.00413895
2 0.421875 0.263 0.0644531 0.263062 0.00399399
13 0.516479 0.245117 0.269775 0.325684 0.00342369
2 0.429443 0.254822 0.422363 0.292114 0.00316811
18 0.526733 0.238037 0.251221 0.310059 0.0031662
11 0.526733 0.238037 0.251221 0.310059 0.00315666
8 0.557617 0.224854 0.189453 0.282715 0.00309181
1 0.258789 0.235291 0.078125 0.39856 0.00301933
0 0.526733 0.238037 0.251221 0.310059 0.00289726
17 0.557617 0.224854 0.189453 0.282715 0.00285912
6 0.557617 0.224854 0.189453 0.282715 0.00284767
7 0.526733 0.238037 0.251221 0.310059 0.00284004
16 0.526733 0.238037 0.251221 0.310059 0.0027523
19 0.557617 0.224854 0.189453 0.282715 0.0027504
10 0.557617 0.224854 0.189453 0.282715 0.00266647
11 0.260986 0.239746 0.0795898 0.382324 0.00266266
5 0.258789 0.235291 0.078125 0.39856 0.0026474
16 0.260986 0.239746 0.0795898 0.382324 0.00260162
8 0.260986 0.239746 0.0795898 0.382324 0.00250435
12 0.258789 0.235291 0.078125 0.39856 0.00248718
7 0.260986 0.239746 0.0795898 0.382324 0.00248337
5 0.558594 0.226074 0.182617 0.300293 0.00245094
15 0.526733 0.238037 0.251221 0.310059 0.0024128
2 0.425781 0.313232 0.0371094 0.166992 0.00238609
12 0.526733 0.238037 0.251221 0.310059 0.00236511
10 0.253418 0.226013 0.0654297 0.370239 0.00224304
19 0.260986 0.239746 0.0795898 0.382324 0.00222778
0 0.253418 0.226013 0.0654297 0.370239 0.00220871
17 0.255371 0.227356 0.065918 0.355835 0.0021553
4 0.564453 0.225342 0.180664 0.263672 0.00195122
15 0.258789 0.235291 0.078125 0.39856 0.00193787
2 0.435059 0.234863 0.260742 0.29834 0.00180817
6 0.260986 0.239746 0.0795898 0.382324 0.00180435
2 0.270691 0.237488 0.338501 0.364868 0.00177193
18 0.261719 0.238037 0.0786133 0.32959 0.00150108
2 0.442993 0.174316 0.200928 0.100586 0.00137711
2 0.26709 0.238586 0.196289 0.265991 0.00124931
14 0.508789 0.23291 0.290039 0.325684 0.00115776
2 0.414673 0.221924 0.342529 0.214355 0.00103474
2 0.416016 0.189148 0.162109 0.0806885 0.00102806
