2 0.315674 0.223877 0.0854492 0.0361328 0.555176
2 0.246094 0.275208 0.152344 0.318726 0.531738
2 0.2547 0.237549 0.175171 0.203613 0.302979
2 0.277344 0.217407 0.177246 0.13501 0.046936
14 0.260681 0.356445 0.117798 0.122559 0.0367126
2 0.315918 0.226074 0.0844727 0.0649414 0.0297699
2 0.233154 0.268311 0.129395 0.182617 0.023819
4 0.928223 0.252014 0.0693359 0.353394 0.0217133
2 0.310547 0.222656 0.135254 0.0439453 0.0186462
2 0.21637 0.249023 0.0955811 0.133301 0.012291
3 0.954102 0.585205 0.0917969 0.82959 0.0117188
4 0.245117 0.269043 0.135254 0.343262 0.0109787
13 0.23877 0.270508 0.125 0.302734 0.0080719
2 0.269958 0.259766 0.2677 0.302734 0.00802612
2 0.3125 0.213684 0.0966797 0.119995 0.00772095
14 0.31543 0.223633 0.0825195 0.0439453 0.00744247
2 0.921875 0.281555 0.0605469 0.31189 0.00679398
2 0.92041 0.311768 0.0458984 0.229492 0.00651169
3 0.241211 0.271973 0.130859 0.310059 0.00521851
4 0.920898 0.298767 0.0527344 0.2677 0.0042305
4 0.942139 0.257263 0.0629883 0.39856 0.00408554
2 0.255615 0.333252 0.155762 0.19043 0.00374222
4 0.958984 0.256836 0.0566406 0.413086 0.00344467
14 0.245117 0.269043 0.135254 0.343262 0.00324059
2 0.243164 0.216309 0.0947266 0.233398 0.0030899
13 0.316406 0.22467 0.0834961 0.0369873 0.00299644
9 0.245117 0.269043 0.135254 0.343262 0.00286484
3 0.942383 0.504395 0.115234 0.991211 0.00284004
2 0.213989 0.257629 0.0759277 0.0999756 0.00275993
1 0.24707 0.271484 0.143555 0.343262 0.00253677
4 0.960938 0.726562 0.0683594 0.525391 0.00250816
2 0.305359 0.227539 0.295532 0.0493164 0.00242424
2 0.942139 0.256104 0.0629883 0.37207 0.00218391
2 0.260681 0.356445 0.117798 0.122559 0.00196648
2 0.291016 0.223938 0.187988 0.0809326 0.00188446
2 0.920898 0.335693 0.0322266 0.17334 0.00188255
2 0.222168 0.23291 0.103027 0.202637 0.0018425
19 0.23877 0.270508 0.125 0.302734 0.00172806
13 0.669922 0.126099 0.176758 0.0202637 0.00168228
6 0.23877 0.270508 0.125 0.302734 0.00157452
10 0.23877 0.270508 0.125 0.302734 0.00154972
14 0.259338 0.378906 0.107788 0.0849609 0.00153255
16 0.23877 0.270508 0.125 0.302734 0.00151348
7 0.23877 0.270508 0.125 0.302734 0.00149632
8 0.23877 0.270508 0.125 0.302734 0.00147915
15 0.241211 0.271973 0.130859 0.310059 0.0014782
11 0.245117 0.269043 0.135254 0.343262 0.0014677
4 0.2547 0.237549 0.175171 0.203613 0.0014677
12 0.23877 0.270508 0.125 0.302734 0.00145626
5 0.23877 0.270508 0.125 0.302734 0.00144482
18 0.23877 0.270508 0.125 0.302734 0.00143433
0 0.23877 0.270508 0.125 0.302734 0.00137901
17 0.23877 0.270508 0.125 0.302734 0.00137901
13 0.253662 0.229248 0.174316 0.216797 0.00112343
9 0.315674 0.223877 0.0854492 0.0361328 0.0011158
11 0.315674 0.223877 0.0854492 0.0361328 0.00111198
2 0.958984 0.256836 0.0566406 0.413086 0.00109959
