2 0.344727 0.800293 0.24707 0.0439453 0.793457
2 0.356384 0.799316 0.283325 0.0664062 0.147339
2 0.53125 0.854004 0.0654297 0.107422 0.0622253
2 0.551758 0.872559 0.123047 0.15918 0.037384
2 0.422852 0.82373 0.396484 0.102539 0.0257874
4 0.958496 0.546387 0.0830078 0.885742 0.0256653
2 0.355591 0.797363 0.24585 0.106445 0.0168762
13 0.532715 0.854492 0.0683594 0.111328 0.0163727
2 0.424255 0.804688 0.434692 0.0683594 0.0112762
2 0.452148 0.841309 0.398438 0.163086 0.00895691
4 0.973389 0.523071 0.0532227 0.897217 0.00434113
4 0.0418243 0.48291 0.0726013 0.821289 0.00383949
13 0.338074 0.799805 0.255493 0.0488281 0.00365448
2 0.375977 0.807129 0.240234 0.0458984 0.00331497
2 0.333557 0.814941 0.268433 0.0576172 0.00326347
13 0.542969 0.869629 0.102539 0.15918 0.00277138
4 0.961182 0.486694 0.0561523 0.809814 0.00236893
2 0.968018 0.544922 0.0639648 0.904297 0.00210381
2 0.312561 0.792969 0.285034 0.0507812 0.00205803
9 0.338074 0.799805 0.255493 0.0488281 0.00205421
7 0.338074 0.799805 0.255493 0.0488281 0.00204659
4 0.338074 0.799805 0.255493 0.0488281 0.00199318
15 0.338074 0.799805 0.255493 0.0488281 0.00196075
6 0.338074 0.799805 0.255493 0.0488281 0.00191593
10 0.338074 0.799805 0.255493 0.0488281 0.00190067
5 0.338074 0.799805 0.255493 0.0488281 0.00190067
11 0.338074 0.799805 0.255493 0.0488281 0.00188541
16 0.338074 0.799805 0.255493 0.0488281 0.00187874
12 0.338074 0.799805 0.255493 0.0488281 0.0018568
8 0.338074 0.799805 0.255493 0.0488281 0.00182915
17 0.338074 0.799805 0.255493 0.0488281 0.00181484
0 0.338074 0.799805 0.255493 0.0488281 0.00180626
19 0.338074 0.799805 0.255493 0.0488281 0.00179958
18 0.338074 0.799805 0.255493 0.0488281 0.00179958
3 0.338074 0.799805 0.255493 0.0488281 0.0017786
14 0.342712 0.799805 0.260864 0.0507812 0.00172043
2 0.474609 0.856445 0.268555 0.166016 0.00166512
4 0.0639801 0.483887 0.0932312 0.84082 0.00142193
2 0.354126 0.799072 0.233154 0.347168 0.00137901
2 0.967285 0.900391 0.0341797 0.138672 0.0013485
3 0.0296631 0.519531 0.0593262 0.884766 0.00134468
1 0.341553 0.799316 0.252441 0.0498047 0.00131035
9 0.973633 0.912598 0.0292969 0.0917969 0.00130844
4 0.935059 0.564087 0.0732422 0.869873 0.00121117
2 0.962158 0.81665 0.0424805 0.366699 0.00118923
2 0.433716 0.805176 0.325928 0.0986328 0.00118923
3 0 0.516846 0 0.935059 0.00111961
2 0.361572 0.75 0.26416 0.5 0.00109577
4 0.247559 0.466064 0.168945 0.729004 0.00108814
2 0.538086 0.855469 0.0927734 0.126953 0.00107002
