2 0.48291 0.692383 0.123047 0.175781 0.842285
1 0.22998 0.92041 0.169922 0.124023 0.765625
1 0.186096 0.924072 0.281128 0.120605 0.286621
2 0.168579 0.922119 0.313721 0.116699 0.152954
9 0.22998 0.92041 0.169922 0.124023 0.0448914
2 0.48291 0.697266 0.139648 0.272461 0.0366821
2 0.483398 0.692383 0.223633 0.1875 0.0306244
2 0.216309 0.924561 0.166016 0.115723 0.0304565
1 0.229431 0.88501 0.178833 0.22998 0.0099411
2 0.248779 0.916016 0.164062 0.123047 0.00783539
4 0.484009 0.687012 0.119873 0.189453 0.00757599
3 0.00102234 0.480957 0.00204468 0.892578 0.00744629
2 0.508179 0.945801 0.983643 0.108398 0.00738144
13 0.484009 0.687012 0.119873 0.189453 0.00707626
9 0.186096 0.924072 0.281128 0.120605 0.00642395
14 0.233398 0.919434 0.166016 0.12207 0.00627136
3 0.0254211 0.510742 0.0508423 0.875977 0.00507355
1 0.1922 0.913574 0.264038 0.172852 0.00367165
3 0.233398 0.919434 0.166016 0.12207 0.00364494
6 0.228027 0.919678 0.17041 0.123535 0.00342751
2 0.482788 0.730469 0.125244 0.110352 0.00326347
4 0.947998 0.48584 0.0766602 0.84668 0.00306129
4 0.965576 0.4823 0.0649414 0.842041 0.00303841
4 0.977539 0.517944 0.0449219 0.874268 0.00300026
7 0.22998 0.92041 0.169922 0.124023 0.0029335
13 0.233398 0.919434 0.166016 0.12207 0.00271225
11 0.48584 0.693359 0.132812 0.169922 0.00253296
13 0.186096 0.924072 0.281128 0.120605 0.00249863
3 0.485229 0.687012 0.121338 0.191406 0.00235939
2 0.499512 0.713379 0.132812 0.128906 0.00226784
16 0.22998 0.92041 0.169922 0.124023 0.00225067
14 0.484497 0.694824 0.122803 0.15918 0.00215721
11 0.22998 0.92041 0.169922 0.124023 0.00214958
15 0.233398 0.919434 0.166016 0.12207 0.00204849
9 0.484009 0.687012 0.119873 0.189453 0.00204659
12 0.22998 0.92041 0.169922 0.124023 0.0020256
0 0.22998 0.92041 0.169922 0.124023 0.00201797
5 0.22998 0.92041 0.169922 0.124023 0.00198746
8 0.22998 0.92041 0.169922 0.124023 0.0019722
18 0.22998 0.92041 0.169922 0.124023 0.00194073
17 0.228027 0.919678 0.17041 0.123535 0.00187397
10 0.22998 0.92041 0.169922 0.124023 0.00186729
19 0.22998 0.92041 0.169922 0.124023 0.00185204
6 0.186096 0.924072 0.281128 0.120605 0.00184727
4 0.48291 0.697266 0.139648 0.272461 0.00181103
1 0.483398 0.694336 0.121094 0.166016 0.00168991
16 0.484497 0.694824 0.122803 0.15918 0.00161743
10 0.484741 0.689453 0.13208 0.220703 0.00159264
4 0.228027 0.919678 0.17041 0.123535 0.00146008
15 0.484497 0.694824 0.122803 0.15918 0.00145054
19 0.483398 0.694336 0.121094 0.166016 0.00141811
6 0.484497 0.694824 0.122803 0.15918 0.00140572
12 0.483398 0.694336 0.121094 0.166016 0.0014019
14 0.186096 0.924072 0.281128 0.120605 0.00136471
8 0.484009 0.687012 0.119873 0.189453 0.0013504
5 0.483398 0.694336 0.121094 0.166016 0.00134277
7 0.186096 0.924072 0.281128 0.120605 0.00132847
7 0.484741 0.689453 0.13208 0.220703 0.00131226
0 0.483398 0.694336 0.121094 0.166016 0.00127125
4 0.0434418 0.478516 0.0732727 0.833008 0.00125504
17 0.484009 0.687012 0.119873 0.189453 0.00121117
18 0.484009 0.687012 0.119873 0.189453 0.00115585
3 0.186096 0.924072 0.281128 0.120605 0.0011282
5 0.186096 0.924072 0.281128 0.120605 0.00112343
16 0.186096 0.924072 0.281128 0.120605 0.00112343
4 0 0.522339 0 0.875244 0.00111103
19 0.186096 0.924072 0.281128 0.120605 0.00110626
1 0.514648 0.953125 0.970703 0.09375 0.00110245
4 0.186096 0.924072 0.281128 0.120605 0.00109768
17 0.186096 0.924072 0.281128 0.120605 0.00108051
10 0.186096 0.924072 0.281128 0.120605 0.00106335
8 0.186096 0.924072 0.281128 0.120605 0.00104332
15 0.186096 0.924072 0.281128 0.120605 0.00103951
3 0.0449219 0.471191 0.0898438 0.821289 0.00102234
4 0.210022 0.446533 0.10437 0.658691 0.00101566
