2 0.473633 0.84082 0.178711 0.0585938 0.848145
2 0.490601 0.0947571 0.0441895 0.138611 0.1604
2 0.473633 0.841797 0.192383 0.0947266 0.0829468
2 0.48877 0.841797 0.289062 0.0771484 0.0827026
4 0.956543 0.512085 0.0634766 0.831299 0.013176
3 0.972412 0.511108 0.0551758 0.85083 0.0118256
4 0.0424042 0.486938 0.0736389 0.817139 0.00959015
2 0.487305 0.0823975 0.0332031 0.0998535 0.00711441
4 0.976562 0.513184 0.046875 0.826172 0.00679016
4 0.965576 0.514038 0.0688477 0.872314 0.0058136
2 0.494019 0.0951233 0.0773926 0.146667 0.00458527
2 0.466797 0.854004 0.178711 0.0517578 0.00422287
3 0.960449 0.521118 0.0791016 0.809326 0.00415039
13 0.490601 0.0947571 0.0441895 0.138611 0.00311089
2 0.475098 0.789551 0.201172 0.420898 0.00255013
14 0.473145 0.840332 0.177734 0.0634766 0.00251007
2 0.38623 0.846191 0.325195 0.0751953 0.00248528
13 0.467896 0.842773 0.189209 0.0546875 0.00247383
4 0.938232 0.526733 0.0883789 0.843018 0.00238419
7 0.467896 0.842773 0.189209 0.0546875 0.00201988
9 0.467896 0.842773 0.189209 0.0546875 0.00195026
4 0.470703 0.841797 0.171875 0.0566406 0.00190258
16 0.467896 0.842773 0.189209 0.0546875 0.00186157
15 0.467896 0.842773 0.189209 0.0546875 0.00182629
6 0.467896 0.842773 0.189209 0.0546875 0.00181866
11 0.467896 0.842773 0.189209 0.0546875 0.00178337
17 0.467896 0.842773 0.189209 0.0546875 0.00177574
3 0.467896 0.842773 0.189209 0.0546875 0.00176239
10 0.467896 0.842773 0.189209 0.0546875 0.00174809
12 0.467896 0.842773 0.189209 0.0546875 0.00173569
18 0.467896 0.842773 0.189209 0.0546875 0.00170803
5 0.467896 0.842773 0.189209 0.0546875 0.00168228
8 0.467896 0.842773 0.189209 0.0546875 0.00166988
19 0.467896 0.842773 0.189209 0.0546875 0.00166988
2 0.478149 0.83252 0.17749 0.327148 0.00163937
0 0.467896 0.842773 0.189209 0.0546875 0.00159264
2 0.415894 0.844238 0.275635 0.0537109 0.00143623
4 0.490601 0.0947571 0.0441895 0.138611 0.00130558
4 0.0335083 0.543335 0.0670166 0.854736 0.0012989
3 0.0340576 0.516602 0.0681152 0.933594 0.00119114
4 0.96875 0.452637 0.0546875 0.794922 0.00114632
1 0.469727 0.843262 0.183594 0.0527344 0.00112343
