2 0.098175 0.214294 0.136658 0.116333 0.851562
2 0.215088 0.418579 0.106445 0.309326 0.797852
4 0.841797 0.501465 0.203125 0.555664 0.0779419
2 0.0969238 0.214905 0.193848 0.133667 0.0503235
4 0.959473 0.513672 0.0712891 0.794922 0.0253601
4 0.214355 0.417725 0.115234 0.29834 0.0163727
2 0.19342 0.415527 0.202026 0.291016 0.015564
13 0.212341 0.41687 0.118286 0.289307 0.0133286
2 0.0963135 0.187805 0.143799 0.0946045 0.0124664
3 0.210938 0.418335 0.115723 0.270752 0.0085144
14 0.212341 0.41687 0.118286 0.289307 0.00590134
2 0.0731812 0.805664 0.0394287 0.188477 0.00536728
9 0.212891 0.413574 0.109375 0.30957 0.00527573
2 0.102783 0.196106 0.124268 0.193726 0.00481796
2 0.0976562 0.217163 0.153076 0.286865 0.00432968
13 0.0976562 0.21167 0.137695 0.116699 0.00419617
1 0.212891 0.413574 0.109375 0.30957 0.00413132
2 0.206726 0.413818 0.112427 0.200684 0.00357056
4 0.804199 0.454224 0.200195 0.622803 0.00347328
10 0.212891 0.413574 0.109375 0.30957 0.00332451
2 0.191406 0.422119 0.344238 0.280762 0.00327682
2 0.0661621 0.787598 0.0383301 0.19043 0.00299263
9 0.0977478 0.209595 0.144836 0.121826 0.00298691
14 0.0977478 0.209595 0.144836 0.121826 0.00284958
1 0.098114 0.215088 0.135803 0.115234 0.00281906
3 0.0977478 0.209595 0.144836 0.121826 0.0028038
8 0.212891 0.413574 0.109375 0.30957 0.00273514
19 0.214355 0.417725 0.115234 0.29834 0.00256157
5 0.212891 0.413574 0.109375 0.30957 0.00255013
17 0.214355 0.417725 0.115234 0.29834 0.00253296
7 0.212891 0.413574 0.109375 0.30957 0.00250053
16 0.214355 0.417725 0.115234 0.29834 0.00247383
11 0.0992432 0.209473 0.145752 0.125 0.00238991
11 0.214355 0.417725 0.115234 0.29834 0.00237846
6 0.212341 0.41687 0.118286 0.289307 0.00231552
15 0.212891 0.413574 0.109375 0.30957 0.00228691
12 0.212891 0.413574 0.109375 0.30957 0.00228691
14 0.839355 0.498169 0.208008 0.532959 0.00227928
2 0.588379 0.782715 0.0742188 0.168945 0.0022583
4 0.0977478 0.209595 0.144836 0.121826 0.00222015
0 0.212891 0.413574 0.109375 0.30957 0.00214958
2 0.0796204 0.196899 0.0971069 0.067627 0.00204277
4 0.945068 0.453125 0.0688477 0.740234 0.00203133
2 0.841797 0.501465 0.203125 0.555664 0.00196266
18 0.212402 0.420044 0.114746 0.259521 0.0019474
16 0.098114 0.215088 0.135803 0.115234 0.00182247
8 0.0992432 0.209473 0.145752 0.125 0.00177765
2 0.207764 0.364563 0.148926 0.361694 0.00169563
5 0.098114 0.215088 0.135803 0.115234 0.00160885
19 0.098114 0.215088 0.135803 0.115234 0.00158405
2 0.0976868 0.245361 0.163513 0.107422 0.00156593
7 0.0967102 0.215149 0.137146 0.11853 0.00153446
0 0.098114 0.215088 0.135803 0.115234 0.00151825
12 0.098114 0.215088 0.135803 0.115234 0.00146484
6 0.098114 0.215088 0.135803 0.115234 0.00145435
10 0.0977478 0.209595 0.144836 0.121826 0.00131798
2 0.0562134 0.829346 0.0684814 0.319824 0.00130749
15 0.098114 0.215088 0.135803 0.115234 0.00129318
17 0.098114 0.215088 0.135803 0.115234 0.00117779
18 0.0967102 0.215149 0.137146 0.11853 0.00117779
2 0.231934 0.456055 0.0727539 0.224609 0.00104237
