2 0.558594 0.709961 0.446289 0.320312 0.891113
2 0.495117 0.754395 0.422852 0.290039 0.0506592
3 0.0409546 0.514038 0.0819092 0.858643 0.0449829
13 0.541504 0.720703 0.476562 0.311523 0.0183411
4 0.547852 0.722656 0.479492 0.329102 0.015213
4 0.948975 0.242249 0.0610352 0.310425 0.0105972
1 0.543457 0.71875 0.4375 0.378906 0.00998688
14 0.540527 0.717285 0.476562 0.34668 0.0085907
2 0.506226 0.668457 0.593018 0.43457 0.00671005
3 0 0.514893 0 0.95459 0.00628662
9 0.540649 0.714844 0.465576 0.361328 0.00624466
2 0.385742 0.708496 0.771484 0.341797 0.00518799
2 0.567871 0.693359 0.507812 0.199219 0.00513458
3 0.547852 0.722656 0.466797 0.333008 0.00483704
2 0.434814 0.992188 0.869629 0.015625 0.00460815
19 0.540527 0.717285 0.476562 0.34668 0.00448608
7 0.540649 0.714844 0.465576 0.361328 0.00435257
18 0.55957 0.711914 0.458008 0.330078 0.00385094
16 0.540649 0.714844 0.465576 0.361328 0.00378609
11 0.55957 0.711914 0.458008 0.330078 0.00367546
5 0.540649 0.714844 0.465576 0.361328 0.00366974
17 0.540527 0.717285 0.476562 0.34668 0.00365067
6 0.540527 0.717285 0.476562 0.34668 0.00359535
8 0.540527 0.717285 0.476562 0.34668 0.00355339
0 0.558594 0.710938 0.450195 0.329102 0.00337601
10 0.540649 0.714844 0.465576 0.361328 0.00330544
12 0.558594 0.710938 0.450195 0.329102 0.00314522
15 0.55957 0.711914 0.458008 0.330078 0.00304985
4 0 0.53772 0 0.924561 0.00245667
2 0.557617 0.648438 0.411133 0.242188 0.00227356
4 0.959229 0.501465 0.081543 0.899414 0.00222015
4 0.0473022 0.511719 0.0946045 0.868164 0.00217438
2 0.62439 0.685059 0.346924 0.260742 0.00161839
2 0.523804 0.716309 0.311768 0.436523 0.00139904
2 0.600952 0.856445 0.698486 0.0810547 0.00115299
2 0.53479 0.740723 0.545654 0.200195 0.00110531
3 0.0245972 0.544189 0.0491943 0.856934 0.00107002
