4 0.19519 0.295166 0.127686 0.276367 0.364014
2 0.194336 0.297363 0.129883 0.287109 0.231934
13 0.192383 0.272705 0.139648 0.270996 0.0528564
4 0.228027 0.308655 0.187988 0.296753 0.0340271
2 0.189941 0.210449 0.110352 0.0703125 0.0282593
13 0.189941 0.210449 0.110352 0.0703125 0.0140228
2 0.221619 0.294922 0.154419 0.339844 0.00931549
4 0.260742 0.344543 0.188477 0.255249 0.00724792
4 0.15918 0.290466 0.0664062 0.314575 0.00629425
4 0.157715 0.29657 0.128418 0.301392 0.00625229
14 0.19519 0.295166 0.127686 0.276367 0.00597763
2 0.496094 0.958252 0.960938 0.0620117 0.00590897
2 0.263672 0.313232 0.229004 0.272949 0.00522614
2 0.183655 0.237122 0.115601 0.132202 0.00518417
4 0.955566 0.543701 0.0888672 0.912598 0.00300407
2 0.7854 0.961426 0.413574 0.0419922 0.00299263
4 0.18811 0.210693 0.106689 0.0732422 0.00288391
2 0.15918 0.290466 0.0664062 0.314575 0.00284767
13 0.193176 0.21814 0.0887451 0.105225 0.00268936
4 0.183655 0.237122 0.115601 0.132202 0.00255394
13 0.192383 0.230713 0.111328 0.154297 0.00252533
2 0.175781 0.315125 0.0854492 0.288696 0.00244522
4 0.185059 0.287415 0.210938 0.27478 0.00237656
4 0.267761 0.318787 0.25354 0.352661 0.00232887
4 0.32428 0.321472 0.299683 0.276001 0.00231361
3 0.971191 0.561523 0.0576172 0.77832 0.00189877
2 0.193176 0.21814 0.0887451 0.105225 0.001894
4 0.943848 0.48645 0.0830078 0.732178 0.00167847
2 0.172791 0.312073 0.113892 0.361206 0.00164223
2 0.202515 0.246887 0.13208 0.18396 0.00161934
13 0.216431 0.304138 0.154541 0.287231 0.00131226
9 0.19519 0.295166 0.127686 0.276367 0.00122833
2 0.728271 0.958984 0.500488 0.0292969 0.00122643
3 0.189392 0.298828 0.122681 0.281738 0.00105095
2 0.897461 0.00994873 0.0625 0.0198975 0.00104427
4 0.269104 0.275391 0.155151 0.367676 0.00102139
