2 0.468018 0.816895 0.189941 0.104492 0.858398
2 0.57373 0.840332 0.046875 0.101562 0.132446
2 0.462402 0.816895 0.28418 0.120117 0.0882568
4 0.842285 0.496216 0.0898438 0.718506 0.0717773
13 0.57373 0.840332 0.046875 0.101562 0.0361938
4 0.846191 0.500977 0.143555 0.80957 0.0244751
3 0.962891 0.515503 0.0742188 0.918213 0.0166016
2 0.955566 0.363525 0.0234375 0.0957031 0.0149307
2 0.471191 0.78418 0.212891 0.229492 0.0070076
13 0.479858 0.819336 0.224854 0.101562 0.00531387
2 0.462402 0.84082 0.177734 0.191406 0.00498581
2 0.574219 0.838379 0.0820312 0.109375 0.0038147
2 0.470215 0.796387 0.199219 0.407227 0.00372696
4 0.479858 0.819336 0.224854 0.101562 0.00347137
2 0.561035 0.838867 0.0839844 0.0791016 0.00337982
4 0.95752 0.274536 0.0517578 0.4021 0.00330162
4 0.95459 0.455811 0.0595703 0.774902 0.00318146
4 0.962891 0.515503 0.0742188 0.918213 0.00298309
11 0.466553 0.819824 0.17334 0.0927734 0.00292778
2 0.954346 0.428467 0.0600586 0.728027 0.00290298
14 0.474609 0.818848 0.202148 0.0957031 0.00286102
13 0.21228 0.163452 0.100342 0.0400391 0.00281906
2 0.505371 0.830078 0.217773 0.0957031 0.00265503
14 0.57373 0.838379 0.0458984 0.100586 0.00254631
9 0.466064 0.820312 0.187012 0.0917969 0.00238991
3 0.97168 0.562378 0.0566406 0.804932 0.00214767
4 0.0472412 0.479492 0.0944824 0.921875 0.00213814
2 0.539062 0.835938 0.139648 0.0791016 0.00203896
7 0.466064 0.820312 0.187012 0.0917969 0.00200653
6 0.466064 0.820312 0.187012 0.0917969 0.00196838
16 0.464966 0.820312 0.175537 0.0927734 0.00196648
2 0.842285 0.496216 0.0898438 0.718506 0.00194263
1 0.474121 0.818359 0.201172 0.0976562 0.00191212
3 0.468018 0.816895 0.189941 0.104492 0.0019083
15 0.466064 0.820312 0.187012 0.0917969 0.00189972
19 0.466553 0.819824 0.17334 0.0927734 0.00183487
10 0.466064 0.820312 0.187012 0.0917969 0.00182629
17 0.466064 0.820312 0.187012 0.0917969 0.00178432
12 0.466064 0.820312 0.187012 0.0917969 0.00174427
5 0.466064 0.820312 0.187012 0.0917969 0.00172424
18 0.466064 0.820312 0.187012 0.0917969 0.00168896
8 0.466064 0.820312 0.187012 0.0917969 0.00167656
0 0.466064 0.820312 0.187012 0.0917969 0.00167084
13 0.574219 0.838379 0.0820312 0.109375 0.00136757
2 0.369873 0.98877 0.739746 0.0224609 0.00134659
2 0.468872 0.794434 0.206787 0.0996094 0.00134563
4 0.957031 0.636108 0.0644531 0.727783 0.00128555
2 0.474609 0.848145 0.201172 0.0996094 0.00102139
