2 0.445312 0.523438 0.0947266 0.125 0.529785
2 0.463379 0.522095 0.0566406 0.135498 0.48999
4 0.804688 0.132812 0.0849609 0.226074 0.25708
2 0.807617 0.143402 0.0849609 0.218079 0.0362854
4 0.956543 0.551758 0.0751953 0.785156 0.0271454
4 0.826172 0.147064 0.0625 0.225891 0.01651
2 0.470337 0.521118 0.102295 0.137451 0.0136032
4 0.781738 0.136505 0.117188 0.206482 0.00990295
13 0.46875 0.518555 0.046875 0.124023 0.0079422
2 0.439941 0.52063 0.101562 0.230225 0.0075264
2 0.425293 0.52002 0.0668945 0.135742 0.00676346
2 0.478516 0.520996 0.0556641 0.132812 0.00629044
13 0.447388 0.522949 0.0964355 0.138672 0.00625992
2 0.453491 0.524902 0.200439 0.139648 0.00550842
4 0.957275 0.664429 0.0581055 0.548096 0.0048027
2 0.824707 0.157501 0.0507812 0.190369 0.00476074
4 0.942139 0.489746 0.0708008 0.798828 0.00421906
14 0.804688 0.132812 0.0849609 0.226074 0.00397873
2 0.956299 0.527344 0.0717773 0.770508 0.00393677
4 0.964355 0.579102 0.0712891 0.841797 0.0037365
4 0.444824 0.523438 0.09375 0.129883 0.00295448
4 0.955078 0.734131 0.0761719 0.531738 0.00278664
4 0.951172 0.106873 0.0683594 0.213745 0.00257492
4 0.797852 0.135895 0.194336 0.215515 0.00249672
2 0.420166 0.520508 0.0966797 0.164062 0.0024395
2 0.830566 0.172607 0.0390625 0.120117 0.00239754
2 0.78418 0.133606 0.116211 0.204468 0.00222778
4 0.949219 0.485352 0.101562 0.959961 0.00202751
4 0.955566 0.148712 0.0400391 0.162537 0.00199699
14 0.447388 0.522949 0.0964355 0.138672 0.00175762
14 0.463379 0.522095 0.0566406 0.135498 0.00172806
4 0.463379 0.522095 0.0566406 0.135498 0.00170803
4 0.76416 0.10318 0.116211 0.150085 0.00139523
11 0.463379 0.522095 0.0566406 0.135498 0.00135708
1 0.439941 0.521973 0.0947266 0.132812 0.00133705
4 0.95752 0.416992 0.0478516 0.517578 0.00129223
3 0.801758 0.134521 0.09375 0.218262 0.00125027
9 0.463379 0.522095 0.0566406 0.135498 0.00123215
4 0.971436 0.583496 0.0571289 0.833008 0.00121307
13 0.804688 0.132812 0.0849609 0.226074 0.00120735
11 0.444824 0.523438 0.09375 0.129883 0.00120735
9 0.439941 0.521973 0.0947266 0.132812 0.00118542
2 0.446045 0.512329 0.134277 0.143311 0.00110912
4 0.789551 0.107178 0.0898438 0.163086 0.00110435
4 0.838379 0.116089 0.175781 0.196045 0.00109768
16 0.463379 0.522095 0.0566406 0.135498 0.001091
4 0.833008 0.137909 0.101562 0.209045 0.00103855
1 0.463379 0.522095 0.0566406 0.135498 0.00100517
