2 0.628418 0.356201 0.0498047 0.265137 0.719238
2 0.437134 0.130951 0.139404 0.164856 0.237549
13 0.439453 0.128448 0.115234 0.144958 0.219116
2 0.635742 0.328674 0.0390625 0.350464 0.0496216
2 0.62793 0.351074 0.0644531 0.342773 0.0349426
4 0.151978 0.316162 0.144287 0.373535 0.0344849
2 0.635742 0.355347 0.104492 0.26001 0.0169678
13 0.628418 0.356201 0.0498047 0.265137 0.0141068
4 0.633301 0.345398 0.0507812 0.302368 0.0132599
4 0.437256 0.130981 0.132324 0.188232 0.0113831
2 0.640625 0.351379 0.0673828 0.293335 0.00930786
3 0.626953 0.349976 0.0507812 0.311768 0.00746918
14 0.437256 0.130981 0.132324 0.188232 0.00569916
2 0.606445 0.351318 0.115234 0.337402 0.00446701
4 0.176331 0.331299 0.147339 0.468262 0.00334358
9 0.626953 0.349976 0.0507812 0.311768 0.00328064
13 0.418945 0.13266 0.229492 0.157043 0.00324631
2 0.62207 0.398682 0.0419922 0.187012 0.00316429
14 0.62793 0.348999 0.0537109 0.305908 0.00297737
4 0.149292 0.480835 0.1521 0.729736 0.00278091
5 0.626953 0.349976 0.0507812 0.311768 0.00186729
17 0.62793 0.348999 0.0537109 0.305908 0.00184536
2 0.418945 0.13266 0.229492 0.157043 0.00183487
11 0.626953 0.349976 0.0507812 0.311768 0.00182533
4 0.624023 0.348389 0.0878906 0.287598 0.00181866
13 0.43042 0.150665 0.148926 0.129822 0.0017004
7 0.626953 0.349976 0.0507812 0.311768 0.00163555
1 0.440796 0.12973 0.119385 0.147766 0.00158691
16 0.626953 0.349976 0.0507812 0.311768 0.00156784
19 0.62793 0.348999 0.0537109 0.305908 0.00154972
10 0.626953 0.349976 0.0507812 0.311768 0.001544
12 0.626953 0.349976 0.0507812 0.311768 0.00152588
4 0.966309 0.790527 0.0673828 0.418945 0.00150681
1 0.626953 0.349976 0.0507812 0.311768 0.00146103
0 0.626953 0.349976 0.0507812 0.311768 0.00143337
8 0.626953 0.349976 0.0507812 0.311768 0.00140572
15 0.626953 0.349976 0.0507812 0.311768 0.0013628
14 0.151978 0.316162 0.144287 0.373535 0.00117683
6 0.62793 0.348999 0.0537109 0.305908 0.00114822
9 0.434692 0.131073 0.121826 0.14801 0.0011301
2 0.633789 0.349121 0.0791016 0.200195 0.00112534
2 0.606445 0.355042 0.0693359 0.328003 0.00110149
4 0.953125 0.548706 0.0898438 0.775635 0.00105
2 0.946289 0.942627 0.103516 0.097168 0.00101852
