2 0.520508 0.682617 0.498047 0.282227 0.931641
13 0.519531 0.682617 0.511719 0.283203 0.0188293
2 0.563477 0.637207 0.515625 0.189453 0.01371
4 0.519531 0.682617 0.511719 0.283203 0.0137024
1 0.53125 0.669434 0.492188 0.271484 0.00904846
14 0.53125 0.669434 0.492188 0.271484 0.00884247
9 0.538086 0.674316 0.462891 0.282227 0.00574112
3 0.519531 0.682617 0.511719 0.283203 0.00449371
19 0.53418 0.674805 0.459961 0.279297 0.0043602
7 0.53418 0.674805 0.459961 0.279297 0.0042572
18 0.535156 0.671875 0.489258 0.274414 0.0042572
16 0.53418 0.674805 0.459961 0.279297 0.00416183
11 0.535156 0.671875 0.489258 0.274414 0.00373268
0 0.535156 0.671875 0.489258 0.274414 0.00360298
6 0.535156 0.671875 0.489258 0.274414 0.00357628
8 0.538086 0.674316 0.462891 0.282227 0.003479
17 0.53418 0.674805 0.459961 0.279297 0.003479
10 0.535156 0.671875 0.489258 0.274414 0.0034256
5 0.53125 0.672852 0.479492 0.25293 0.00341606
15 0.535156 0.671875 0.489258 0.274414 0.00313187
2 0.5 0.967041 1 0.065918 0.0030098
12 0.535156 0.671875 0.489258 0.274414 0.00297928
4 0.0419922 0.481445 0.0839844 0.813477 0.0018034
2 0.411621 0.951416 0.823242 0.097168 0.00176811
2 0.507324 0.681641 0.3125 0.329102 0.00148201
