2 0.155273 0.77002 0.152832 0.197266 0.887207
2 0.0910034 0.754395 0.0562744 0.202148 0.644043
2 0.0993652 0.759766 0.0935059 0.210938 0.118469
2 0.139893 0.767578 0.279785 0.208984 0.0233307
4 0.939697 0.482056 0.081543 0.897217 0.0185852
13 0.0864563 0.750488 0.0541382 0.191406 0.0160217
2 0.169922 0.782227 0.100098 0.199219 0.0145264
2 0.143402 0.760254 0.176086 0.303711 0.0107346
2 0.121094 0.764648 0.123779 0.24707 0.0102768
13 0.141205 0.769043 0.147766 0.206055 0.0094986
3 0.951904 0.51709 0.0961914 0.96582 0.00696564
4 0.141205 0.769043 0.147766 0.206055 0.00681686
2 0.837891 0.943359 0.25 0.0302734 0.00638962
4 0.0931702 0.762695 0.0675659 0.235352 0.00619507
3 0.0882263 0.761719 0.0564575 0.236328 0.00611877
2 0.933594 0.0769958 0.0332031 0.0862427 0.00484085
1 0.155762 0.770508 0.155273 0.201172 0.00426483
2 0.0785828 0.750488 0.0479126 0.196289 0.00382614
3 0.970215 0.5 0.0595703 1 0.0033493
9 0.0882263 0.761719 0.0564575 0.236328 0.00332832
9 0.155762 0.770508 0.155273 0.201172 0.0033226
14 0.150269 0.77002 0.14917 0.203125 0.00311279
14 0.0931702 0.762695 0.0675659 0.235352 0.00269699
3 0.150269 0.77002 0.14917 0.203125 0.00257492
16 0.0931702 0.762695 0.0675659 0.235352 0.00219536
1 0.0931702 0.762695 0.0675659 0.235352 0.00203323
11 0.0931702 0.762695 0.0675659 0.235352 0.00199318
7 0.0931702 0.762695 0.0675659 0.235352 0.00196266
8 0.0931702 0.762695 0.0675659 0.235352 0.00196266
11 0.151855 0.769531 0.15625 0.202148 0.0018959
12 0.0931702 0.762695 0.0675659 0.235352 0.00185776
5 0.0931702 0.762695 0.0675659 0.235352 0.00182247
17 0.0931702 0.762695 0.0675659 0.235352 0.00180721
2 0.936523 0.0873108 0.0458984 0.0619507 0.00177479
10 0.150269 0.77002 0.14917 0.203125 0.00165939
19 0.150269 0.77002 0.14917 0.203125 0.001647
10 0.0882263 0.761719 0.0564575 0.236328 0.00163078
19 0.0931702 0.762695 0.0675659 0.235352 0.00160885
0 0.0931702 0.762695 0.0675659 0.235352 0.00157166
16 0.150269 0.77002 0.14917 0.203125 0.00156593
6 0.0931702 0.762695 0.0675659 0.235352 0.00155926
12 0.150269 0.77002 0.14917 0.203125 0.00152969
8 0.150269 0.77002 0.14917 0.203125 0.00152302
5 0.150269 0.77002 0.14917 0.203125 0.00152302
4 0.140625 0.0807495 0.160645 0.139038 0.0015173
6 0.150269 0.77002 0.14917 0.203125 0.00151157
15 0.150269 0.77002 0.14917 0.203125 0.00150585
15 0.0931702 0.762695 0.0675659 0.235352 0.00150585
18 0.150269 0.77002 0.14917 0.203125 0.00150013
7 0.141205 0.769043 0.147766 0.206055 0.00148678
2 0.90918 0.14563 0.0439453 0.0700684 0.00147533
0 0.150269 0.77002 0.14917 0.203125 0.00144196
17 0.150269 0.77002 0.14917 0.203125 0.0014143
4 0.117188 0.0633087 0.146973 0.100677 0.0013752
4 0.0397339 0.243408 0.0477295 0.462402 0.00130081
13 0.106323 0.765625 0.104736 0.208984 0.00111961
4 0.0233154 0.24231 0.0371094 0.474365 0.00111675
4 0.106323 0.765625 0.104736 0.208984 0.00109577
2 0.0800781 0.741699 0.0869141 0.186523 0.00108433
