2 0.57666 0.820312 0.118164 0.237305 0.874023
4 0.57373 0.822754 0.121094 0.250977 0.0224457
4 0.0443268 0.482544 0.0812683 0.857178 0.0159454
2 0.562988 0.816406 0.214844 0.264648 0.0135269
13 0.578613 0.819336 0.117188 0.234375 0.0130005
2 0.564453 0.776367 0.126953 0.351562 0.00726318
14 0.57666 0.817871 0.12207 0.260742 0.00585556
3 0.96875 0.563477 0.0625 0.873047 0.00564575
3 0.577148 0.819824 0.115234 0.225586 0.00563431
4 0.958252 0.515503 0.0834961 0.900635 0.00549316
9 0.57666 0.820312 0.123047 0.256836 0.00535583
1 0.57666 0.817871 0.12207 0.260742 0.00462341
2 0.450684 0.773926 0.0297852 0.106445 0.00345612
19 0.57666 0.817871 0.12207 0.260742 0.00327301
8 0.57666 0.817871 0.12207 0.260742 0.00317001
17 0.57666 0.817871 0.12207 0.260742 0.00308609
10 0.57666 0.820312 0.123047 0.256836 0.00308418
6 0.57666 0.817871 0.12207 0.260742 0.00301552
7 0.57666 0.820312 0.123047 0.256836 0.00288773
11 0.57666 0.817871 0.12207 0.260742 0.00283241
4 0.0491943 0.51001 0.0983887 0.97998 0.00279045
16 0.57666 0.820312 0.123047 0.256836 0.00275421
0 0.57666 0.820312 0.123047 0.256836 0.00258827
5 0.57666 0.820312 0.123047 0.256836 0.00248909
12 0.57666 0.820312 0.123047 0.256836 0.00226784
15 0.57666 0.820312 0.123047 0.256836 0.00219727
18 0.577637 0.819336 0.116211 0.235352 0.00201225
4 0.0343628 0.513306 0.0687256 0.957764 0.00194645
3 0.953613 0.528076 0.0927734 0.943848 0.00137901
3 0.0343628 0.513306 0.0687256 0.957764 0.00136948
3 0 0.5 0 1 0.00111961
4 0.974854 0.537354 0.050293 0.925293 0.00108433
2 0.235596 0.981201 0.471191 0.0375977 0.00104809
