2 0.534668 0.168457 0.15918 0.137207 0.855957
2 0.532349 0.195435 0.159912 0.079834 0.714355
2 0.905273 0.64209 0.0888672 0.0703125 0.373047
2 0.12854 0.847656 0.0300293 0.0957031 0.11792
13 0.907227 0.640137 0.0830078 0.0703125 0.0466614
2 0.508301 0.605469 0.0683594 0.0566406 0.0444031
2 0.524902 0.18634 0.222656 0.117554 0.0384827
2 0.519531 0.652832 0.0683594 0.172852 0.0119553
2 0.533203 0.178497 0.166016 0.219666 0.00989532
2 0.510376 0.200989 0.309326 0.0946045 0.00759125
2 0.914062 0.625977 0.0888672 0.0810547 0.0068512
2 0.560547 0.185547 0.116211 0.0668945 0.00675583
2 0.49707 0.186584 0.0820312 0.0926514 0.00658035
2 0.513672 0.609375 0.0888672 0.0957031 0.00617599
2 0.726074 0.144409 0.207031 0.0334473 0.00531769
13 0.538086 0.167786 0.154297 0.138062 0.00508499
13 0.531372 0.196289 0.151123 0.0766602 0.00426102
2 0.569336 0.153229 0.0849609 0.121277 0.00392914
13 0.12854 0.847656 0.0300293 0.0957031 0.00385094
2 0.911377 0.635254 0.144043 0.0722656 0.00336266
2 0.529907 0.209961 0.170654 0.419922 0.002985
2 0.512695 0.628418 0.0712891 0.104492 0.00293732
14 0.906738 0.640625 0.0830078 0.0751953 0.00283241
13 0.726074 0.144409 0.207031 0.0334473 0.0026741
4 0.535156 0.168701 0.162109 0.136719 0.00254822
4 0.904785 0.642578 0.0898438 0.0742188 0.0024662
11 0.533325 0.168701 0.173584 0.132324 0.00223923
2 0.553223 0.172607 0.294922 0.155273 0.00221825
14 0.53064 0.193665 0.157471 0.0853271 0.00218201
1 0.533325 0.168701 0.173584 0.132324 0.0021534
2 0.519043 0.611816 0.105469 0.0605469 0.00211334
2 0.519043 0.705566 0.0996094 0.302734 0.00205231
2 0.133423 0.847168 0.079834 0.111328 0.00199509
4 0.53064 0.193665 0.157471 0.0853271 0.0019722
2 0.528809 0.216553 0.157227 0.0854492 0.00181103
9 0.535156 0.168701 0.162109 0.136719 0.00174046
14 0.533325 0.168701 0.173584 0.132324 0.00172997
3 0.0311279 0.511353 0.0622559 0.924561 0.00171947
3 0.53064 0.193665 0.157471 0.0853271 0.00171375
13 0.90918 0.629883 0.109375 0.0820312 0.00166416
2 0.123047 0.841797 0.043457 0.0673828 0.00163651
2 0.0888672 0.868164 0.111572 0.160156 0.00162601
3 0.979004 0.546753 0.0419922 0.906494 0.00162029
16 0.533325 0.168701 0.173584 0.132324 0.00156498
3 0 0.503418 0 0.993164 0.00154781
11 0.53064 0.193665 0.157471 0.0853271 0.00153065
2 0.911621 0.621582 0.0996094 0.128906 0.00151443
19 0.533325 0.168701 0.173584 0.132324 0.0015049
9 0.53064 0.193665 0.157471 0.0853271 0.00148964
2 0.712402 0.149536 0.280273 0.0461426 0.00148392
2 0.907715 0.63916 0.18457 0.0898438 0.00142765
3 0.535156 0.168701 0.162109 0.136719 0.00139332
13 0.508301 0.605469 0.0683594 0.0566406 0.0013876
2 0.108765 0.851074 0.0629883 0.125 0.00135803
6 0.533325 0.168701 0.173584 0.132324 0.00132751
7 0.533325 0.168701 0.173584 0.132324 0.00132751
7 0.532104 0.194336 0.156494 0.0854492 0.00126743
0 0.533325 0.168701 0.173584 0.132324 0.0012579
12 0.53064 0.193665 0.157471 0.0853271 0.00117874
16 0.53064 0.193665 0.157471 0.0853271 0.00116062
17 0.533325 0.168701 0.173584 0.132324 0.00115776
15 0.53064 0.193665 0.157471 0.0853271 0.0011425
2 0.892578 0.652344 0.100586 0.0693359 0.00113678
10 0.530884 0.195129 0.1521 0.0784912 0.00112152
8 0.532104 0.194336 0.156494 0.0854492 0.00105953
8 0.533325 0.168701 0.173584 0.132324 0.00105858
6 0.532104 0.194336 0.156494 0.0854492 0.00104332
12 0.533325 0.168701 0.173584 0.132324 0.00104237
2 0.501953 0.168762 0.109375 0.141968 0.00103474
