2 0.458618 0.264893 0.104248 0.244141 0.837891
4 0.447876 0.268555 0.123779 0.26123 0.547852
2 0.757324 0.68457 0.0839844 0.306641 0.448242
13 0.695312 0.0969238 0.15918 0.0458984 0.366455
2 0.696777 0.0979919 0.164062 0.0432739 0.0339661
14 0.447998 0.26886 0.124512 0.259155 0.03125
13 0.449463 0.271484 0.123535 0.246094 0.0132217
2 0.450806 0.272461 0.176514 0.248535 0.0106506
4 0.755859 0.700195 0.0810547 0.332031 0.00779724
2 0.71582 0.614258 0.0751953 0.134766 0.00695419
4 0.946533 0.479126 0.0698242 0.80542 0.00695419
2 0.773438 0.696777 0.134766 0.321289 0.00671768
13 0.757324 0.68457 0.0869141 0.321289 0.00579834
3 0.460327 0.261719 0.107666 0.275391 0.00538635
2 0.662109 0.0929565 0.213867 0.0516357 0.00484085
9 0.458984 0.261658 0.105469 0.27356 0.0042305
13 0.708008 0.110596 0.152344 0.072998 0.00408173
2 0.740723 0.666992 0.0703125 0.300781 0.00386429
1 0.44873 0.272217 0.125977 0.250977 0.00369644
13 0.662109 0.0929565 0.213867 0.0516357 0.00356865
2 0.734863 0.758789 0.03125 0.198242 0.00339699
4 0.753418 0.503784 0.144531 0.756104 0.00286293
14 0.695312 0.0969238 0.15918 0.0458984 0.00282288
1 0.676758 0.0974121 0.188477 0.0498047 0.0027523
6 0.449097 0.269775 0.126221 0.26123 0.00264931
8 0.449097 0.269775 0.126221 0.26123 0.00262642
19 0.460327 0.261719 0.107666 0.275391 0.00250816
2 0.710449 0.603516 0.106445 0.173828 0.00247765
7 0.460327 0.261719 0.107666 0.275391 0.00245857
17 0.460327 0.261719 0.107666 0.275391 0.00245857
10 0.449097 0.269775 0.126221 0.26123 0.00244904
2 0.745605 0.723633 0.0625 0.282227 0.00240135
2 0.729492 0.693359 0.121094 0.319336 0.00236702
16 0.460327 0.261719 0.107666 0.275391 0.00236511
5 0.460083 0.259949 0.103271 0.288696 0.00234604
3 0.0291748 0.515137 0.0583496 0.959961 0.00233841
4 0.427612 0.496704 0.177979 0.80542 0.00233841
11 0.449097 0.269775 0.126221 0.26123 0.00224876
12 0.460083 0.259949 0.103271 0.288696 0.0022049
3 0.753418 0.699219 0.0878906 0.345703 0.00210762
18 0.449463 0.271484 0.123535 0.246094 0.00204849
2 0.463867 0.265869 0.330078 0.261719 0.00202942
0 0.460327 0.261719 0.107666 0.275391 0.0020256
4 0.113525 0.485718 0.122803 0.805908 0.00196838
15 0.460083 0.259949 0.103271 0.288696 0.00191689
4 0.960449 0.506226 0.0791016 0.899658 0.00175571
9 0.695312 0.0969238 0.15918 0.0458984 0.00171661
3 0.960449 0.506226 0.0791016 0.899658 0.00133514
9 0.753906 0.70166 0.0800781 0.331055 0.00132656
4 0.476196 0.257385 0.129639 0.270386 0.00127506
3 0.000488281 0.5 0.000976562 1 0.00120926
4 0.695312 0.0969238 0.15918 0.0458984 0.00119972
14 0.753906 0.70166 0.0800781 0.331055 0.00116253
1 0.753906 0.70166 0.0800781 0.331055 0.00108814
2 0.737305 0.743652 0.0429688 0.255859 0.00107288
