2 0.463867 0.257874 0.345703 0.277222 0.916504
2 0.650391 0.666504 0.227539 0.404297 0.117981
4 0.651855 0.652954 0.243164 0.469482 0.0557556
13 0.474609 0.245667 0.306641 0.295776 0.0228271
4 0.462402 0.257751 0.359375 0.282349 0.0162506
14 0.467773 0.252747 0.335938 0.297241 0.0123749
1 0.45874 0.257507 0.331543 0.292603 0.0110321
2 0.87793 0.18103 0.0869141 0.0488281 0.0102386
4 0.640625 0.516235 0.256836 0.770264 0.00746155
9 0.471191 0.250244 0.332031 0.300293 0.00702667
2 0.92041 0.165405 0.0341797 0.0664062 0.00666428
3 0.474731 0.250793 0.345459 0.294312 0.0054512
16 0.467773 0.252747 0.335938 0.297241 0.00463104
7 0.467773 0.252747 0.335938 0.297241 0.00437164
18 0.473267 0.251465 0.352295 0.288086 0.00424576
8 0.471191 0.250244 0.332031 0.300293 0.00411224
11 0.473267 0.251465 0.352295 0.288086 0.0038681
6 0.471191 0.250244 0.332031 0.300293 0.00380707
19 0.471191 0.250244 0.332031 0.300293 0.00369072
10 0.473267 0.251465 0.352295 0.288086 0.00364685
0 0.473267 0.251465 0.352295 0.288086 0.00361824
17 0.467773 0.252747 0.335938 0.297241 0.00355721
2 0.917969 0.169556 0.0507812 0.0559082 0.00354195
15 0.462402 0.257751 0.359375 0.282349 0.00328636
5 0.467773 0.252747 0.335938 0.297241 0.00325203
12 0.477051 0.251221 0.349609 0.295898 0.00324249
2 0.419922 0.270752 0.270508 0.202637 0.00258446
2 0.645508 0.55896 0.244141 0.66333 0.002388
13 0.650391 0.666504 0.227539 0.404297 0.00227737
2 0.583496 0.499023 0.399414 0.820312 0.00215149
14 0.658203 0.669434 0.241211 0.433594 0.00188732
2 0.896484 0.171143 0.116211 0.0627441 0.00165939
4 0.259766 0.599243 0.25 0.543701 0.00144958
1 0.658203 0.669434 0.241211 0.433594 0.00133801
2 0.591797 0.637207 0.355469 0.455078 0.0011673
2 0.567383 0.291992 0.585938 0.289551 0.00103092
2 0.889648 0.175049 0.0751953 0.0712891 0.00102043
