2 0.545532 0.821777 0.340576 0.25 0.906738
13 0.549316 0.82373 0.334961 0.258789 0.0193329
4 0.545532 0.823242 0.348389 0.256836 0.0146637
2 0.564087 0.774902 0.276123 0.185547 0.0114136
14 0.548828 0.818848 0.327148 0.253906 0.00923157
1 0.545532 0.823242 0.348389 0.256836 0.00891876
9 0.546875 0.821777 0.338867 0.262695 0.00676346
3 0.548706 0.824219 0.342041 0.259766 0.00537109
19 0.548828 0.818848 0.327148 0.253906 0.00422668
7 0.546875 0.821777 0.338867 0.262695 0.00421143
18 0.545532 0.823242 0.348389 0.256836 0.00418854
16 0.545532 0.823242 0.348389 0.256836 0.00382996
11 0.548706 0.824219 0.342041 0.259766 0.0038147
0 0.548706 0.824219 0.342041 0.259766 0.0038147
4 0.92627 0.276672 0.0673828 0.383179 0.00381088
6 0.548828 0.818848 0.327148 0.253906 0.00376129
8 0.546875 0.821777 0.338867 0.262695 0.00368881
17 0.548828 0.818848 0.327148 0.253906 0.0036602
4 0.0415649 0.484009 0.0765381 0.862061 0.00356483
10 0.545532 0.823242 0.348389 0.256836 0.00342178
12 0.548706 0.824219 0.342041 0.259766 0.00341988
15 0.545532 0.823242 0.348389 0.256836 0.00321579
5 0.546875 0.821777 0.338867 0.262695 0.00319481
2 0.386719 0.986328 0.773438 0.0273438 0.00257301
3 0.973389 0.510986 0.0532227 0.978027 0.00113583
4 0.961426 0.273132 0.0517578 0.40979 0.00112057
