2 0.479004 0.202148 0.185547 0.0517578 0.873535
4 0.819824 0.631836 0.158203 0.523438 0.193848
2 0.462158 0.204468 0.290527 0.0690918 0.0761719
4 0.839844 0.539917 0.179688 0.658447 0.0695801
2 0.475098 0.195129 0.199219 0.0941162 0.0672607
2 0.808594 0.692383 0.142578 0.397461 0.0337219
4 0.0361328 0.516602 0.0700684 0.78418 0.0156555
14 0.821289 0.658081 0.15332 0.386963 0.0124664
2 0.825195 0.564331 0.166992 0.654541 0.0122375
4 0.955078 0.47998 0.0625 0.81543 0.00821686
4 0.808594 0.739258 0.132812 0.370117 0.00675583
2 0.477051 0.215515 0.197266 0.0621338 0.00470352
13 0.479004 0.203125 0.197266 0.0488281 0.00350571
3 0.969727 0.536499 0.0605469 0.677002 0.00325203
2 0.756836 0.848145 0.0322266 0.0888672 0.00284958
14 0.825195 0.564331 0.166992 0.654541 0.00268745
2 0.484497 0.2052 0.190186 0.31665 0.00263786
14 0.808594 0.739258 0.132812 0.370117 0.00252342
2 0.961914 0.476074 0.0527344 0.783203 0.00247192
9 0.478516 0.202942 0.191406 0.0501709 0.00233841
7 0.479004 0.203125 0.197266 0.0488281 0.00226784
2 0.478027 0.232422 0.204102 0.464844 0.00221634
3 0.977295 0.507324 0.0454102 0.859375 0.00214386
14 0.478516 0.202942 0.191406 0.0501709 0.00213051
16 0.478516 0.202942 0.191406 0.0501709 0.00213051
15 0.478516 0.202942 0.191406 0.0501709 0.00208855
10 0.478516 0.202942 0.191406 0.0501709 0.00206566
11 0.479004 0.203125 0.197266 0.0488281 0.00203323
6 0.479004 0.203125 0.197266 0.0488281 0.0020237
12 0.478516 0.202942 0.191406 0.0501709 0.00201607
17 0.479004 0.203125 0.197266 0.0488281 0.00200081
5 0.478516 0.202942 0.191406 0.0501709 0.00198555
3 0.479004 0.203125 0.197266 0.0488281 0.00198555
18 0.479004 0.203125 0.197266 0.0488281 0.00197792
19 0.479004 0.203125 0.197266 0.0488281 0.00194073
0 0.478516 0.202942 0.191406 0.0501709 0.00193977
4 0.479004 0.202881 0.193359 0.0512695 0.00193977
8 0.479004 0.203125 0.197266 0.0488281 0.00188732
2 0.0577393 0.217285 0.0394287 0.0654297 0.00163937
1 0.478516 0.202942 0.191406 0.0501709 0.00152397
4 0.942871 0.501343 0.114258 0.811768 0.0012064
2 0.0284424 0.515137 0.0568848 0.813477 0.00110626
4 0.0353699 0.512817 0.0707397 0.904053 0.001091
3 0.825195 0.564331 0.166992 0.654541 0.00108147
2 0.818359 0.585449 0.141602 0.415039 0.00106716
2 0.750977 0.856934 0.0361328 0.0878906 0.00101566
4 0.967041 0.510254 0.065918 0.856445 0.00101185
