2 0.0721436 0.67041 0.0632324 0.0888672 0.618652
2 0.516113 0.774902 0.078125 0.205078 0.51416
2 0.529297 0.70166 0.113281 0.397461 0.4646
2 0.54248 0.635864 0.163086 0.503662 0.24231
2 0.361816 0.236267 0.0532227 0.0758057 0.0825195
4 0.560547 0.604004 0.191406 0.602539 0.0664062
2 0.563965 0.566895 0.233398 0.674805 0.0452881
2 0.509277 0.77832 0.12793 0.204102 0.0215759
4 0.565308 0.496704 0.265869 0.735107 0.0206757
13 0.0730591 0.666504 0.0684814 0.0859375 0.016861
4 0.532715 0.701172 0.109375 0.390625 0.0160217
2 0.53418 0.682129 0.121094 0.200195 0.0131454
3 0.0293274 0.519897 0.0586548 0.878174 0.00991821
13 0.516113 0.774902 0.078125 0.205078 0.00985718
13 0.361816 0.236267 0.0532227 0.0758057 0.00653458
13 0.52832 0.707031 0.115234 0.348633 0.00638962
3 0.53125 0.70166 0.117188 0.360352 0.00407028
14 0.560547 0.604004 0.191406 0.602539 0.00391769
2 0.473145 0.567871 0.0498047 0.195312 0.00370407
2 0.513672 0.755859 0.0859375 0.341797 0.0033226
4 0.0713196 0.551025 0.119568 0.878418 0.00326157
3 0.00854492 0.518188 0.0170898 0.928467 0.00324821
2 0.526367 0.724121 0.0976562 0.193359 0.003088
4 0.0722046 0.669922 0.0648193 0.0888672 0.00285149
14 0.529297 0.70166 0.113281 0.397461 0.00279427
2 0.588379 0.646973 0.223633 0.464844 0.00263214
2 0.0629578 0.679688 0.0908813 0.0966797 0.00263023
9 0.529297 0.70166 0.113281 0.397461 0.00255585
13 0.54248 0.635864 0.163086 0.503662 0.00247765
4 0.957275 0.515747 0.0756836 0.857178 0.00238228
2 0.556519 0.631348 0.176025 0.293945 0.00232506
9 0.516113 0.774902 0.078125 0.205078 0.00221443
2 0.075592 0.666992 0.127136 0.0976562 0.00217056
14 0.0726013 0.670898 0.0615845 0.0878906 0.00198364
9 0.0722046 0.669922 0.0648193 0.0888672 0.00196266
2 0.354492 0.251526 0.0673828 0.0965576 0.00194645
2 0.359863 0.235107 0.108398 0.0825195 0.00187778
4 0.973145 0.514648 0.0537109 0.858398 0.00187683
3 0.0492554 0.545776 0.0985107 0.908447 0.00184536
4 0.516113 0.774902 0.078125 0.205078 0.00169373
1 0.0722046 0.669922 0.0648193 0.0888672 0.00167942
3 0.543457 0.635376 0.168945 0.526123 0.00165081
1 0.529297 0.70166 0.113281 0.397461 0.00163937
1 0.516113 0.774902 0.078125 0.205078 0.0016098
4 0.0995789 0.506836 0.0982056 0.81543 0.0015974
11 0.0722046 0.669922 0.0648193 0.0888672 0.00159645
11 0.529297 0.70166 0.113281 0.397461 0.0014534
2 0.074707 0.654785 0.0708008 0.254883 0.00137329
2 0.54541 0.697754 0.183594 0.267578 0.00136852
3 0.516113 0.774902 0.078125 0.205078 0.00132942
8 0.529297 0.70166 0.113281 0.397461 0.00132847
14 0.516113 0.774902 0.078125 0.205078 0.00132465
11 0.516113 0.774902 0.078125 0.205078 0.00129414
15 0.0722046 0.669922 0.0648193 0.0888672 0.00126934
2 0.474121 0.554199 0.0585938 0.290039 0.00118542
10 0.529297 0.70166 0.113281 0.397461 0.00117302
19 0.52832 0.707031 0.115234 0.348633 0.00115204
16 0.529297 0.70166 0.113281 0.397461 0.00115013
6 0.529297 0.70166 0.113281 0.397461 0.00114536
0 0.529297 0.70166 0.113281 0.397461 0.00114536
7 0.529297 0.70166 0.113281 0.397461 0.00114536
5 0.529297 0.70166 0.113281 0.397461 0.00113678
2 0.510254 0.677124 0.186523 0.442627 0.0011282
8 0.0722046 0.669922 0.0648193 0.0888672 0.00110245
19 0.0722046 0.669922 0.0648193 0.0888672 0.0010643
16 0.0726013 0.670898 0.0615845 0.0878906 0.00106239
14 0.358398 0.238281 0.0629883 0.0712891 0.00105858
5 0.0722046 0.669922 0.0648193 0.0888672 0.00105286
17 0.529297 0.70166 0.113281 0.397461 0.00105095
14 0.565308 0.496704 0.265869 0.735107 0.00103855
4 0.539429 0.623047 0.165283 0.4375 0.00103092
1 0.543457 0.635376 0.168945 0.526123 0.00102043
12 0.0726013 0.670898 0.0615845 0.0878906 0.00101852
12 0.529297 0.70166 0.113281 0.397461 0.00101185
2 0.557495 0.537231 0.205322 0.435303 0.00101089
7 0.0726013 0.670898 0.0615845 0.0878906 0.00100613
