2 0.261658 0.634277 0.124146 0.22168 0.878906
3 0.961914 0.584473 0.0761719 0.801758 0.143066
2 0.756348 0.440918 0.0488281 0.130859 0.0304108
2 0.256287 0.63623 0.223755 0.239258 0.0216675
4 0.960693 0.498047 0.0786133 0.913086 0.0177612
13 0.26416 0.63623 0.125488 0.219727 0.0134811
4 0.262207 0.633789 0.128418 0.234375 0.0125046
4 0.92627 0.473633 0.124023 0.885742 0.00908661
2 0.964111 0.467041 0.0307617 0.114746 0.00866699
3 0.263184 0.633789 0.121094 0.213867 0.00556946
14 0.262207 0.633789 0.128418 0.234375 0.00538635
9 0.262207 0.633789 0.128418 0.234375 0.00492859
1 0.260803 0.634277 0.129761 0.237305 0.00439072
2 0.92627 0.473633 0.124023 0.885742 0.00398636
3 0.0371399 0.510132 0.0742798 0.960205 0.00344276
8 0.262207 0.633789 0.128418 0.234375 0.00306892
10 0.262207 0.633789 0.128418 0.234375 0.00302124
7 0.262207 0.633789 0.128418 0.234375 0.00273132
19 0.260498 0.634277 0.126953 0.228516 0.00271988
16 0.262207 0.633789 0.128418 0.234375 0.00262642
17 0.260498 0.634277 0.126953 0.228516 0.00260544
11 0.262207 0.633789 0.128418 0.234375 0.00260544
2 0.571289 0.134033 0.0976562 0.0380859 0.00258827
6 0.262207 0.633789 0.128418 0.234375 0.00252533
0 0.262207 0.633789 0.128418 0.234375 0.00245667
5 0.262207 0.633789 0.128418 0.234375 0.00241089
3 0.994141 0.538208 0.0117188 0.923584 0.00223351
3 0.945312 0.540771 0.109375 0.871582 0.00222969
12 0.262207 0.633789 0.128418 0.234375 0.00222969
15 0.263184 0.633789 0.121094 0.213867 0.00214958
3 0.97168 0.509766 0.0566406 0.813477 0.00199699
3 0.979736 0.69812 0.0405273 0.590088 0.00198746
18 0.262695 0.63623 0.12207 0.21875 0.00197983
2 0.27417 0.601562 0.154297 0.330078 0.00194931
2 0.959229 0.54126 0.081543 0.874512 0.00182152
4 0.946777 0.414062 0.0849609 0.691406 0.00178623
2 0.965332 0.476562 0.0693359 0.830078 0.00164986
2 0.5 0.950439 1 0.0991211 0.00146675
2 0.758789 0.441772 0.0859375 0.13208 0.00140762
1 0.961914 0.542358 0.0761719 0.85083 0.00135612
2 0.497803 0.966064 0.945801 0.0678711 0.00120926
2 0.956787 0.461182 0.0395508 0.138184 0.00118542
2 0.5 0.983643 1 0.0327148 0.00116253
9 0.959229 0.54126 0.081543 0.874512 0.00106144
3 0.0406799 0.515747 0.0813599 0.952881 0.00102806
