2 0.634766 0.453125 0.0371094 0.151367 0.730469
2 0.635742 0.454346 0.0712891 0.154785 0.0310974
4 0.544922 0.373657 0.0888672 0.535889 0.0193939
13 0.632324 0.453857 0.0419922 0.149902 0.0184631
2 0.544922 0.373657 0.0888672 0.535889 0.0180206
2 0.631348 0.450684 0.0507812 0.229492 0.0136261
2 0.63623 0.454956 0.108398 0.176025 0.0119324
14 0.630859 0.454346 0.0400391 0.144043 0.00384903
4 0.632324 0.453857 0.0419922 0.149902 0.0036087
9 0.631836 0.453857 0.0419922 0.14502 0.00247383
3 0.631836 0.453857 0.0419922 0.14502 0.00189018
1 0.631836 0.453857 0.0419922 0.14502 0.00187588
2 0.313965 0.498047 0.0839844 0.0458984 0.00171185
2 0.624023 0.44751 0.0683594 0.304199 0.00171089
11 0.631836 0.453735 0.0371094 0.151123 0.00169373
12 0.631836 0.453857 0.0419922 0.14502 0.00157356
6 0.632324 0.453857 0.0419922 0.149902 0.00152779
16 0.630859 0.454346 0.0400391 0.144043 0.00147152
5 0.632324 0.453857 0.0419922 0.149902 0.00138474
15 0.632324 0.453857 0.0419922 0.149902 0.0013485
4 0 0.597778 0 0.786865 0.00131798
2 0.533203 0.326782 0.116211 0.369873 0.001297
0 0.630859 0.454346 0.0400391 0.144043 0.00126934
2 0.604004 0.450928 0.0957031 0.203613 0.00125885
19 0.630859 0.454346 0.0400391 0.144043 0.00119686
13 0.313965 0.20874 0.146973 0.105957 0.00117302
7 0.630859 0.454346 0.0400391 0.144043 0.00116539
3 0 0.535156 0 0.929688 0.00113773
8 0.631836 0.453857 0.0419922 0.14502 0.00108242
17 0.630859 0.454346 0.0400391 0.144043 0.00108147
1 0.849609 0.982666 0.211914 0.0307617 0.00106525
13 0.306641 0.498535 0.0776367 0.0429688 0.00105762
