2 0.594849 0.265869 0.294678 0.116211 0.87793
13 0.384033 0.152283 0.117188 0.183716 0.400391
2 0.390137 0.15744 0.128418 0.189026 0.351074
2 0.865234 0.977295 0.212891 0.0297852 0.225464
2 0.734863 0.0479736 0.508789 0.0782471 0.0765991
2 0.872559 0.974609 0.233398 0.046875 0.052124
2 0.832275 0.0510254 0.300293 0.076416 0.0414124
4 0.381836 0.156647 0.130859 0.205261 0.0228577
2 0.596191 0.256836 0.301758 0.190918 0.00857544
2 0.755859 0.0644989 0.488281 0.105865 0.00837708
2 0.628052 0.0475464 0.710693 0.0950928 0.00790405
2 0.870117 0.960205 0.232422 0.0620117 0.0063858
13 0.596191 0.265625 0.297852 0.115234 0.00588226
4 0.589355 0.267517 0.293945 0.112915 0.00428772
13 0.363281 0.100006 0.0751953 0.0597534 0.00399017
2 0.594727 0.274231 0.290039 0.40271 0.00367928
2 0.371094 0.157166 0.233398 0.195435 0.00360107
14 0.382812 0.153656 0.121094 0.1922 0.00359344
13 0.376953 0.126373 0.104004 0.122742 0.0033741
14 0.594849 0.265198 0.290771 0.113159 0.00308609
2 0.86499 0.968994 0.219238 0.0620117 0.0029068
1 0.596191 0.265625 0.297852 0.115234 0.00281334
1 0.382812 0.153656 0.121094 0.1922 0.0027504
9 0.59082 0.263428 0.293945 0.111328 0.0025692
11 0.594849 0.265198 0.290771 0.113159 0.0025692
6 0.594849 0.265625 0.292725 0.115234 0.00224686
4 0.0395355 0.483032 0.0774231 0.897217 0.00219917
7 0.59082 0.263428 0.293945 0.111328 0.00215721
15 0.59082 0.263428 0.293945 0.111328 0.00209045
16 0.59082 0.263428 0.293945 0.111328 0.00204277
10 0.59082 0.263428 0.293945 0.111328 0.0020256
0 0.595215 0.265564 0.291016 0.116333 0.00200462
12 0.59082 0.263428 0.293945 0.111328 0.0019722
3 0.59082 0.263428 0.293945 0.111328 0.00196457
2 0.697998 0.0344849 0.564941 0.0689697 0.00196075
5 0.59082 0.263428 0.293945 0.111328 0.00195694
17 0.59082 0.263428 0.293945 0.111328 0.00194168
8 0.59082 0.263428 0.293945 0.111328 0.00188923
19 0.595215 0.265564 0.291016 0.116333 0.00186157
18 0.59082 0.263428 0.293945 0.111328 0.00177574
2 0.530273 0.246582 0.349609 0.132812 0.00171947
2 0.819824 0.0691986 0.34082 0.106476 0.00170231
13 0.404297 0.185181 0.0908203 0.151123 0.00160122
2 0.569824 0.0745544 0.742188 0.144348 0.00150013
9 0.382812 0.153656 0.121094 0.1922 0.00149918
2 0.380127 0.127197 0.109375 0.123779 0.00148773
2 0.358643 0.094635 0.0766602 0.055603 0.00138664
2 0.513672 0.0344849 0.87793 0.0689697 0.0012207
13 0.864746 0.97583 0.211914 0.0385742 0.00108624
3 0.38501 0.155304 0.124512 0.185486 0.00104523
