2 0.228516 0.491821 0.0375977 0.0905762 0.6875
4 0.941895 0.513306 0.0830078 0.86792 0.0532532
2 0.228455 0.491089 0.0748291 0.0998535 0.0276642
13 0.22821 0.491577 0.0367432 0.0871582 0.0137177
2 0.223145 0.48877 0.125488 0.0996094 0.0103531
4 0.957031 0.584839 0.0839844 0.830322 0.00907135
4 0.914551 0.509766 0.100586 0.939453 0.00823975
14 0.22876 0.492798 0.0380859 0.0856934 0.00732422
3 0.951172 0.511108 0.0761719 0.858643 0.00622177
3 0.979004 0.50769 0.0419922 0.9729 0.0047226
3 0.0344543 0.465454 0.0689087 0.846436 0.00437546
3 0.955322 0.508057 0.0893555 0.97998 0.00362778
9 0.0327148 0.0903931 0.0375977 0.0897217 0.00354767
4 0.958252 0.709961 0.0639648 0.533203 0.00304413
2 0.941895 0.513306 0.0830078 0.86792 0.0028038
4 0.22876 0.492798 0.0380859 0.0856934 0.0021534
11 0.22876 0.492798 0.0380859 0.0856934 0.00175953
4 0.0696716 0.471802 0.0911255 0.872803 0.00173187
9 0.227722 0.494263 0.0377197 0.0788574 0.00167656
3 0.22876 0.492798 0.0380859 0.0856934 0.00144291
6 0.22876 0.492798 0.0380859 0.0856934 0.00143719
16 0.22876 0.492798 0.0380859 0.0856934 0.00140953
17 0.22876 0.492798 0.0380859 0.0856934 0.00134563
3 0.930664 0.510376 0.0839844 0.922607 0.00131798
12 0.22821 0.491577 0.0367432 0.0871582 0.00129509
4 0.940674 0.489258 0.0717773 0.53125 0.00126266
0 0.22876 0.492798 0.0380859 0.0856934 0.00125408
15 0.22821 0.491577 0.0367432 0.0871582 0.00125027
4 0.945312 0.502197 0.109375 0.995605 0.00123978
4 0.956543 0.496094 0.0615234 0.741211 0.00122929
19 0.22821 0.491577 0.0367432 0.0871582 0.0011797
5 0.22821 0.491577 0.0367432 0.0871582 0.00117493
3 0.0510406 0.450806 0.0832214 0.748779 0.0010643
7 0.22821 0.491577 0.0367432 0.0871582 0.00106144
1 0.22821 0.491577 0.0367432 0.0871582 0.00104523
8 0.22821 0.491577 0.0367432 0.0871582 0.0010128
