2 0.385742 0.720215 0.165527 0.106445 0.863281
2 0.779785 0.0754395 0.165039 0.0427246 0.053894
2 0.372803 0.720703 0.284668 0.126953 0.048584
2 0.89502 0.0163269 0.0761719 0.0326538 0.0127869
9 0.89502 0.0163269 0.0761719 0.0326538 0.0112839
2 0.388062 0.740723 0.176025 0.213867 0.0083847
13 0.386353 0.720703 0.172607 0.101562 0.00531769
2 0.384888 0.738281 0.195068 0.40918 0.00441742
2 0.719238 0.0735474 0.0498047 0.0440674 0.00432968
2 0.529053 0.950928 0.941895 0.0981445 0.00383568
14 0.390991 0.71875 0.188721 0.107422 0.0034771
2 0.814941 0.0763855 0.262695 0.0354614 0.00302124
11 0.390991 0.71875 0.188721 0.107422 0.00287437
4 0.384888 0.719727 0.181396 0.100586 0.00279808
1 0.389771 0.720703 0.191162 0.105469 0.00240135
9 0.384888 0.719727 0.181396 0.100586 0.00218964
16 0.390991 0.71875 0.188721 0.107422 0.00203896
6 0.389771 0.720703 0.191162 0.105469 0.00175285
19 0.390991 0.71875 0.188721 0.107422 0.00171852
7 0.384888 0.719727 0.181396 0.100586 0.00166035
3 0.392944 0.717773 0.173096 0.111328 0.00161743
15 0.384888 0.719727 0.181396 0.100586 0.00160503
10 0.384888 0.719727 0.181396 0.100586 0.00160503
12 0.393188 0.719238 0.188232 0.103516 0.00158119
17 0.384888 0.719727 0.181396 0.100586 0.00154305
0 0.391235 0.720215 0.172607 0.102539 0.00152683
8 0.386353 0.720703 0.172607 0.101562 0.0015192
5 0.386353 0.720703 0.172607 0.101562 0.00149536
2 0.968018 0.827393 0.0581055 0.304199 0.00147629
2 0.743164 0.0729675 0.102539 0.0432739 0.00145149
18 0.384888 0.719727 0.181396 0.100586 0.00140476
2 0.379395 0.68457 0.182617 0.25293 0.00138283
1 0.794434 0.0741272 0.188477 0.0482788 0.00129128
2 0.930664 0.0161743 0.0498047 0.0323486 0.00126743
2 0.50293 0.976562 0.994141 0.046875 0.00120258
