2 0.300293 0.717285 0.0405273 0.266602 0.772461
2 0.302246 0.719727 0.0703125 0.245117 0.0671997
3 0.961182 0.548584 0.0776367 0.902832 0.0302124
3 0.97583 0.544434 0.0483398 0.911133 0.0252838
3 0.959229 0.516602 0.0639648 0.838867 0.0143127
3 0.300537 0.714355 0.0385742 0.27832 0.0134277
4 0.959473 0.516235 0.0712891 0.86792 0.0128632
4 0.300537 0.714355 0.0385742 0.27832 0.0102997
13 0.302246 0.71582 0.0483398 0.236328 0.00997925
4 0.835449 0.51355 0.119141 0.804932 0.00627899
2 0.292236 0.722168 0.111328 0.260742 0.00621414
2 0.310059 0.703125 0.0458984 0.248047 0.00572586
9 0.300293 0.717285 0.0405273 0.266602 0.00531387
2 0.286865 0.711914 0.0595703 0.245117 0.00498581
14 0.300293 0.717285 0.0405273 0.266602 0.0044632
4 0.0465088 0.5 0.0930176 1 0.0039711
4 0.831055 0.507324 0.0839844 0.648438 0.00342178
5 0.300537 0.714355 0.0385742 0.27832 0.00277901
11 0.300293 0.717285 0.0405273 0.266602 0.00275612
17 0.300293 0.717285 0.0405273 0.266602 0.00248909
12 0.300537 0.714355 0.0385742 0.27832 0.00243378
1 0.300537 0.714355 0.0385742 0.27832 0.00234032
7 0.300293 0.717285 0.0405273 0.266602 0.00230408
16 0.300293 0.717285 0.0405273 0.266602 0.00223351
19 0.300293 0.717285 0.0405273 0.266602 0.00216484
0 0.300537 0.714355 0.0385742 0.27832 0.00215721
8 0.300293 0.717285 0.0405273 0.266602 0.00203323
2 0.959229 0.516602 0.0639648 0.838867 0.00198936
15 0.300537 0.714355 0.0385742 0.27832 0.00194168
10 0.300537 0.714355 0.0385742 0.27832 0.00192642
3 0.0393982 0.501953 0.0787964 0.996094 0.00191593
3 0.302246 0.719727 0.0703125 0.245117 0.00178146
2 0.32373 0.71875 0.0932617 0.248047 0.00171947
6 0.300293 0.717285 0.0405273 0.266602 0.00164032
4 0.302979 0.716797 0.0673828 0.249023 0.00153446
2 0.823242 0.578613 0.0322266 0.226562 0.00132561
4 0.959717 0.383423 0.0629883 0.584717 0.00115013
4 0.952881 0.548584 0.0942383 0.887207 0.00106716
