2 0.655762 0.819824 0.293945 0.21875 0.880859
2 0.171204 0.76709 0.108765 0.12793 0.548828
2 0.591797 0.820312 0.120117 0.243164 0.311279
2 0.710449 0.81543 0.145508 0.193359 0.296875
13 0.17041 0.762207 0.11084 0.132812 0.0418701
13 0.651367 0.824219 0.25293 0.21582 0.0186157
2 0.168091 0.767578 0.14624 0.163086 0.0150909
4 0.654785 0.82373 0.265625 0.21875 0.0108032
3 0 0.478027 0 0.890625 0.00775909
1 0.655762 0.825195 0.264648 0.219727 0.00753021
14 0.655273 0.822754 0.255859 0.223633 0.00718689
9 0.655273 0.822754 0.255859 0.223633 0.00587463
4 0.0443726 0.479614 0.0864258 0.853271 0.00571442
2 0.166077 0.765625 0.112671 0.223633 0.00473785
13 0.608398 0.821777 0.154297 0.234375 0.00421143
16 0.655762 0.825195 0.264648 0.219727 0.00401688
3 0.0257568 0.479614 0.0515137 0.857178 0.0038166
2 0.586914 0.822754 0.199219 0.224609 0.00369263
7 0.655762 0.825195 0.264648 0.219727 0.00361633
3 0.651367 0.824707 0.257812 0.223633 0.00361443
8 0.655273 0.822754 0.255859 0.223633 0.00338936
18 0.654785 0.82373 0.265625 0.21875 0.00335884
10 0.655273 0.822754 0.255859 0.223633 0.0033493
19 0.655762 0.825195 0.264648 0.219727 0.0033474
4 0.169983 0.766602 0.112183 0.136719 0.00317383
4 0.608398 0.821777 0.154297 0.234375 0.00312805
11 0.651367 0.824707 0.257812 0.223633 0.00310707
5 0.655762 0.825195 0.264648 0.219727 0.00309753
17 0.655273 0.822754 0.255859 0.223633 0.00298119
0 0.655762 0.825195 0.264648 0.219727 0.00297737
6 0.655273 0.822754 0.255859 0.223633 0.00284576
12 0.655273 0.822754 0.255859 0.223633 0.00282288
15 0.654785 0.823242 0.260742 0.207031 0.0027504
13 0.165253 0.779785 0.150452 0.157227 0.00221443
14 0.171204 0.76709 0.108765 0.12793 0.0018568
1 0.608398 0.821777 0.154297 0.234375 0.00174141
14 0.608398 0.821777 0.154297 0.234375 0.00172806
1 0.169983 0.766602 0.112183 0.136719 0.00148106
13 0.710449 0.81543 0.151367 0.200195 0.00138664
3 0 0.466431 0 0.809326 0.00135231
9 0.171204 0.76709 0.108765 0.12793 0.00131893
2 0.0445709 0.831543 0.070282 0.329102 0.00128937
8 0.608398 0.821777 0.154297 0.234375 0.00125694
3 0.0437012 0.466675 0.0874023 0.783447 0.00122643
4 0.958496 0.543457 0.0830078 0.913086 0.00121498
9 0.608398 0.821777 0.154297 0.234375 0.00120926
2 0.056076 0.943848 0.0809631 0.0869141 0.00119877
11 0.170532 0.763672 0.113525 0.139648 0.00115395
4 0.710449 0.81543 0.151367 0.200195 0.00113297
7 0.608398 0.821777 0.154297 0.234375 0.00112343
3 0.608398 0.821777 0.154297 0.234375 0.00108433
3 0.171204 0.76709 0.108765 0.12793 0.00106812
6 0.608398 0.821777 0.154297 0.234375 0.00106335
11 0.608398 0.821777 0.154297 0.234375 0.00105953
4 0 0.484497 0 0.835693 0.00103664
2 0.678223 0.833008 0.266602 0.328125 0.00101089
