2 0.428711 0.888672 0.386719 0.141602 0.813477
2 0.672974 0.900391 0.638428 0.162109 0.401367
2 0.398438 0.863281 0.341797 0.0810547 0.23645
2 0.744629 0.94043 0.435547 0.0878906 0.153198
2 0.944824 0.184937 0.0361328 0.0576172 0.039917
2 0.757812 0.949219 0.354492 0.0644531 0.0261383
2 0.538086 0.893555 0.572266 0.15625 0.0250397
2 0.729248 0.919922 0.541504 0.117188 0.0188599
1 0.138184 0.913086 0.242188 0.119141 0.018219
2 0.348511 0.876953 0.50415 0.110352 0.0100937
2 0.446167 0.894775 0.418213 0.210449 0.00696945
2 0.381348 0.898682 0.608398 0.157715 0.00675583
2 0.152893 0.913086 0.29187 0.126953 0.00491333
2 0.0183105 0.149048 0.0297852 0.217529 0.00489044
13 0.445312 0.893066 0.397461 0.15332 0.00484467
4 0.446777 0.894287 0.390625 0.154785 0.00458145
4 0.0484619 0.393677 0.0598145 0.689209 0.00440598
2 0.619873 0.862305 0.748535 0.253906 0.00363159
2 0.670898 0.892334 0.450195 0.205566 0.00321388
4 0.0351562 0.353516 0.0496826 0.594727 0.00309753
2 0.0576172 0.523926 0.0380859 0.238281 0.00271034
1 0.427856 0.887207 0.406006 0.133789 0.00258636
11 0.434082 0.887695 0.396484 0.134766 0.00257492
4 0.0635376 0.492676 0.0533447 0.572266 0.0025444
9 0.159149 0.91333 0.245178 0.120605 0.00251007
14 0.428711 0.88916 0.391602 0.141602 0.00245476
2 0.245056 0.895508 0.46106 0.145508 0.00245285
13 0.672974 0.900391 0.638428 0.162109 0.00237083
9 0.434082 0.887695 0.396484 0.134766 0.00230026
2 0.426514 0.854492 0.378418 0.291016 0.0022049
7 0.431152 0.890137 0.389648 0.145508 0.00192547
19 0.428711 0.888672 0.390625 0.138672 0.00187969
0 0.428711 0.888672 0.390625 0.138672 0.00186634
6 0.428711 0.888672 0.390625 0.138672 0.00185108
10 0.428711 0.88916 0.391602 0.141602 0.00183392
12 0.428711 0.88916 0.391602 0.141602 0.00181198
5 0.431152 0.890137 0.389648 0.145508 0.00177383
16 0.431152 0.890137 0.389648 0.145508 0.00177383
4 0.0666962 0.394287 0.0716858 0.688965 0.00177193
15 0.431152 0.890137 0.389648 0.145508 0.0017662
8 0.428711 0.888672 0.390625 0.138672 0.00175285
9 0.944824 0.185913 0.0351562 0.057373 0.00169563
17 0.428711 0.88916 0.391602 0.141602 0.00168991
3 0.428711 0.888672 0.390625 0.138672 0.0016737
18 0.431152 0.890137 0.389648 0.145508 0.00165462
2 0.714478 0.935303 0.571045 0.129395 0.00142574
2 0.29657 0.865723 0.430298 0.0800781 0.00140095
2 0.939453 0.183838 0.0429688 0.0751953 0.00136471
2 0.519043 0.893799 0.296875 0.165527 0.00117302
2 0.0242462 0.172791 0.0433044 0.263794 0.00117016
2 0.0556641 0.168182 0.048584 0.156311 0.00115013
1 0.673584 0.900146 0.633301 0.162598 0.00113583
1 0.19397 0.911377 0.310303 0.14209 0.00104713
13 0.398438 0.863281 0.341797 0.0810547 0.00102711
4 0.673584 0.900146 0.633301 0.162598 0.00100231
