2 0.618164 0.380249 0.180664 0.218994 0.84668
2 0.06073 0.18457 0.0548096 0.0622559 0.330078
13 0.620605 0.381836 0.179688 0.21582 0.0192413
2 0.057251 0.183838 0.0844727 0.0688477 0.0152206
4 0.616699 0.380737 0.178711 0.227783 0.0124741
13 0.0612183 0.184692 0.048584 0.0646973 0.0114517
14 0.617188 0.381348 0.177734 0.223633 0.00651932
1 0.620117 0.382324 0.180664 0.228516 0.00638199
2 0.575806 0.379883 0.322998 0.21582 0.00614166
4 0.956543 0.522583 0.0751953 0.906006 0.00603104
9 0.618652 0.380981 0.178711 0.234131 0.0057373
3 0.620117 0.382324 0.180664 0.228516 0.00459671
2 0.0494385 0.172119 0.0540771 0.0771484 0.0044632
2 0.0759277 0.189514 0.0715332 0.0594482 0.00426483
2 0.626953 0.39209 0.185547 0.338867 0.00405884
8 0.618652 0.380981 0.178711 0.234131 0.00384903
17 0.617188 0.381348 0.177734 0.223633 0.00363541
10 0.618652 0.380981 0.178711 0.234131 0.00353241
7 0.618652 0.380981 0.178711 0.234131 0.00350571
6 0.617188 0.381348 0.177734 0.223633 0.00336456
19 0.617188 0.381348 0.177734 0.223633 0.00336456
18 0.620117 0.382324 0.180664 0.228516 0.00331879
2 0.0693359 0.176819 0.0603027 0.0926514 0.00329399
16 0.618652 0.380981 0.178711 0.234131 0.00328255
11 0.620117 0.382324 0.180664 0.228516 0.00319099
0 0.616699 0.380737 0.178711 0.227783 0.00304604
5 0.618652 0.380981 0.178711 0.234131 0.00289726
12 0.618652 0.380981 0.178711 0.234131 0.00287628
2 0.0844879 0.184082 0.112762 0.0761719 0.00268745
15 0.620117 0.382324 0.180664 0.228516 0.00257683
2 0.0436401 0.17749 0.0872803 0.0788574 0.00239182
9 0.0628662 0.192322 0.0539551 0.0772705 0.00197983
2 0.732422 0.970459 0.453125 0.0297852 0.00165367
4 0.0337372 0.488159 0.0672913 0.834229 0.00161076
2 0.956787 0.544678 0.0805664 0.910645 0.00142765
2 0.470215 0.369141 0.46875 0.213867 0.00130653
3 0.0410767 0.551514 0.0821533 0.885254 0.00128174
2 0.0571289 0.159424 0.0600586 0.109619 0.00125694
2 0.884766 0.0103607 0.0800781 0.0207214 0.00123119
14 0.0612183 0.184692 0.048584 0.0646973 0.00122452
2 0.059494 0.198669 0.0604553 0.057251 0.00115013
2 0.0469818 0.118164 0.0671692 0.236328 0.00112534
2 0.964355 0.78125 0.0458984 0.4375 0.00109291
