2 0.619751 0.652832 0.602295 0.272461 0.917969
2 0.664062 0.635742 0.436523 0.212891 0.079834
2 0.557739 0.692383 0.544678 0.1875 0.0283966
13 0.608276 0.651367 0.609619 0.257812 0.0204468
4 0.612305 0.65625 0.600586 0.251953 0.0104752
1 0.609253 0.655273 0.592041 0.25 0.00951385
4 0.0488892 0.526489 0.0977783 0.888428 0.00914001
14 0.612305 0.652832 0.600586 0.264648 0.00742722
9 0.615112 0.65332 0.588135 0.262695 0.00449371
2 0.582031 0.594727 0.741211 0.376953 0.00402832
18 0.612305 0.652832 0.600586 0.264648 0.00379944
3 0.615112 0.65332 0.588135 0.262695 0.00375748
11 0.612305 0.652832 0.600586 0.264648 0.00375557
16 0.612305 0.652832 0.600586 0.264648 0.00369644
19 0.611816 0.65332 0.587891 0.253906 0.00329971
17 0.612305 0.652832 0.600586 0.264648 0.00329018
0 0.612305 0.652832 0.600586 0.264648 0.00327682
6 0.612305 0.652832 0.600586 0.264648 0.00327682
7 0.612305 0.652832 0.600586 0.264648 0.00327682
10 0.612305 0.652832 0.600586 0.264648 0.00326538
8 0.612305 0.652832 0.600586 0.264648 0.00320244
2 0.612549 0.605469 0.712402 0.229492 0.00317001
5 0.611816 0.65332 0.587891 0.253906 0.00314903
15 0.612305 0.652832 0.600586 0.264648 0.00308037
4 0.0299683 0.482544 0.0599365 0.853271 0.00295639
12 0.612305 0.652832 0.600586 0.264648 0.00281525
2 0.466797 0.967529 0.933594 0.0649414 0.00230789
2 0.607422 0.671875 0.375 0.300781 0.00187874
3 0 0.51355 0 0.967041 0.00175381
2 0.727539 0.607422 0.350586 0.166016 0.00159931
3 0.0299683 0.482544 0.0599365 0.853271 0.0012989
4 0.0343323 0.513794 0.0686646 0.919678 0.00121403
2 0.527466 0.720703 0.435303 0.15332 0.00118351
