2 0.200562 0.96582 0.332275 0.0371094 0.0332947
2 0.819336 0.975342 0.306641 0.0356445 0.013176
1 0.200562 0.96582 0.332275 0.0371094 0.0087204
4 0.958984 0.728516 0.0546875 0.469727 0.00377655
2 0.970459 0.122192 0.0317383 0.105225 0.0029583
4 0.961426 0.547363 0.0712891 0.848633 0.00215912
4 0.977295 0.547241 0.0454102 0.844971 0.0018959
4 0.9729 0.727539 0.0463867 0.477539 0.00159836
2 0.783203 0.969971 0.341797 0.0307617 0.00139236
9 0.972412 0.133301 0.0239258 0.106934 0.00120926
2 0.707031 0.974365 0.458984 0.0356445 0.00114155
2 0.675293 0.971924 0.289062 0.0366211 0.00108624
