2 0.395996 0.178253 0.0576172 0.235779 0.849609
2 0.685059 0.200134 0.0380859 0.251099 0.739746
2 0.091217 0.795898 0.0473022 0.287109 0.0782471
2 0.6875 0.199493 0.0673828 0.244568 0.0477295
2 0.69873 0.20697 0.0419922 0.262817 0.0367126
2 0.397461 0.184845 0.0927734 0.223572 0.0326233
2 0.683105 0.200806 0.0498047 0.341064 0.0183411
4 0.687012 0.200012 0.0410156 0.268921 0.0142288
3 0.686035 0.199524 0.0380859 0.273804 0.0120544
13 0.394531 0.184021 0.0561523 0.251099 0.00943756
3 0.394531 0.184021 0.0561523 0.251099 0.00933075
13 0.686035 0.196686 0.0419922 0.241882 0.00889587
4 0.395264 0.18042 0.0541992 0.264648 0.00811005
2 0.391113 0.183655 0.0688477 0.337769 0.00741577
2 0.0296021 0.803467 0.0523682 0.346191 0.00661087
2 0.693848 0.194794 0.142578 0.248596 0.00637054
9 0.394531 0.184021 0.0561523 0.251099 0.0058403
2 0.664551 0.197815 0.0761719 0.250854 0.00509262
4 0.0383759 0.512573 0.0690002 0.842041 0.00451279
9 0.687012 0.200012 0.0410156 0.268921 0.00437927
14 0.394531 0.184021 0.0561523 0.251099 0.00426483
4 0.956299 0.631226 0.065918 0.737549 0.00412369
2 0.381104 0.179169 0.0571289 0.228088 0.00355339
14 0.686035 0.199524 0.0380859 0.273804 0.0034256
5 0.395264 0.18042 0.0541992 0.264648 0.00314713
4 0.958984 0.725342 0.0566406 0.494629 0.0031414
1 0.395264 0.18042 0.0541992 0.264648 0.00309753
11 0.394531 0.184021 0.0561523 0.251099 0.00284767
17 0.394531 0.184021 0.0561523 0.251099 0.00271797
10 0.395264 0.18042 0.0541992 0.264648 0.00264168
19 0.394531 0.184021 0.0561523 0.251099 0.00260353
7 0.394531 0.184021 0.0561523 0.251099 0.00258255
11 0.687012 0.200012 0.0410156 0.268921 0.00256157
16 0.394531 0.184021 0.0561523 0.251099 0.00255394
8 0.394531 0.184021 0.0561523 0.251099 0.00251389
12 0.395264 0.18042 0.0541992 0.264648 0.00250244
2 0.708984 0.200928 0.0712891 0.27002 0.00235176
2 0.391602 0.184143 0.248047 0.237183 0.00234222
16 0.686035 0.199524 0.0380859 0.273804 0.00229454
12 0.686035 0.199524 0.0380859 0.273804 0.00228691
0 0.395264 0.18042 0.0541992 0.264648 0.00227928
7 0.687012 0.200012 0.0410156 0.268921 0.00221825
15 0.395264 0.18042 0.0541992 0.264648 0.00216675
5 0.686035 0.199524 0.0380859 0.273804 0.00209045
1 0.687012 0.200012 0.0410156 0.268921 0.00201225
0 0.687012 0.200012 0.0410156 0.268921 0.00194931
6 0.394531 0.184021 0.0561523 0.251099 0.00194454
8 0.686035 0.199524 0.0380859 0.273804 0.00192642
10 0.687012 0.200012 0.0410156 0.268921 0.00191975
17 0.687012 0.200012 0.0410156 0.268921 0.00188255
19 0.687012 0.200012 0.0410156 0.268921 0.00184631
15 0.687012 0.200012 0.0410156 0.268921 0.00173473
13 0.0934753 0.79541 0.0440063 0.282227 0.00168228
2 0.0893555 0.737793 0.0400391 0.327148 0.00162697
2 0.418945 0.180115 0.0991211 0.253052 0.00161076
6 0.686035 0.199524 0.0380859 0.273804 0.00141048
2 0.675293 0.180298 0.0488281 0.264404 0.0013752
2 0.0872803 0.804688 0.0598145 0.390625 0.0013752
4 0.0674438 0.513672 0.0970459 0.873047 0.00126553
3 0.6875 0.199493 0.0673828 0.244568 0.00123215
2 0.043335 0.797119 0.0457764 0.405762 0.00120449
4 0.397949 0.182129 0.0742188 0.197266 0.00119877
4 0.6875 0.199493 0.0673828 0.244568 0.00117302
18 0.395264 0.18042 0.0541992 0.264648 0.00117111
2 0.382812 0.208435 0.0366211 0.210083 0.0010891
