2 0.692383 0.683105 0.287109 0.12207 0.871582
3 0.959229 0.55481 0.081543 0.878662 0.153931
2 0.693359 0.65625 0.304688 0.206055 0.0124283
13 0.774902 0.190735 0.133789 0.11853 0.0121002
4 0.871094 0.355591 0.145508 0.413818 0.0104065
2 0.918945 0.176392 0.0605469 0.125732 0.00785828
2 0.691895 0.720215 0.280273 0.307617 0.00648499
2 0.959229 0.55481 0.081543 0.878662 0.00504684
13 0.692383 0.678711 0.280273 0.118164 0.00500488
2 0.774902 0.190735 0.133789 0.11853 0.00396729
4 0.905273 0.274719 0.120117 0.415405 0.0032711
4 0.695312 0.682617 0.289062 0.126953 0.00313187
11 0.693359 0.677246 0.276367 0.115234 0.00282288
13 0.918945 0.176392 0.0605469 0.125732 0.00281334
3 0.968994 0.628906 0.0620117 0.643555 0.00272179
14 0.696777 0.681641 0.28125 0.126953 0.00259972
1 0.691406 0.683594 0.287109 0.120117 0.00250435
9 0.692383 0.678711 0.280273 0.118164 0.00248528
4 0.0405884 0.484741 0.0811768 0.844971 0.00233459
10 0.692383 0.679199 0.271484 0.12207 0.00200462
7 0.696777 0.681641 0.28125 0.126953 0.00199509
16 0.693359 0.677246 0.276367 0.115234 0.00197983
6 0.692383 0.678711 0.280273 0.118164 0.00196838
4 0.830078 0.400085 0.216797 0.454712 0.00196266
0 0.693359 0.679199 0.275391 0.121094 0.00192833
15 0.696777 0.681641 0.28125 0.126953 0.00190353
19 0.693359 0.679199 0.275391 0.121094 0.00188446
12 0.692383 0.679199 0.271484 0.12207 0.00188351
4 0.959229 0.55481 0.081543 0.878662 0.00185966
17 0.692383 0.678711 0.280273 0.118164 0.00180626
5 0.696777 0.681641 0.28125 0.126953 0.00179482
3 0.692383 0.678711 0.280273 0.118164 0.00178432
3 0.965332 0.426025 0.0693359 0.625488 0.00173664
18 0.696777 0.681641 0.28125 0.126953 0.00171947
8 0.692383 0.678711 0.280273 0.118164 0.00166988
9 0.959229 0.55481 0.081543 0.878662 0.00138569
4 0.918945 0.177368 0.0605469 0.122314 0.00134945
2 0.540527 0.97168 0.918945 0.0566406 0.00122833
1 0.959229 0.55481 0.081543 0.878662 0.00122356
3 0.988281 0.548096 0.0234375 0.903809 0.00115776
3 0.871582 0.376892 0.157227 0.450317 0.00112534
14 0.959229 0.55481 0.081543 0.878662 0.00100422
