2 0.643066 0.70459 0.243164 0.199219 0.897949
13 0.316406 0.854492 0.081543 0.101562 0.183228
2 0.604004 0.286377 0.0351562 0.0556641 0.0545959
2 0.31543 0.857422 0.090332 0.0976562 0.0545044
2 0.660156 0.716309 0.214844 0.302734 0.0251465
4 0.0518799 0.513916 0.10376 0.94873 0.0218353
13 0.642578 0.707031 0.249023 0.197266 0.0166016
4 0.0363159 0.487305 0.0661621 0.813477 0.0143433
4 0.642578 0.704102 0.245117 0.213867 0.00961304
14 0.642578 0.704102 0.245117 0.213867 0.00737762
3 0.949707 0.507202 0.100586 0.905518 0.00641632
1 0.642578 0.704102 0.245117 0.213867 0.00608444
9 0.642578 0.704102 0.245117 0.213867 0.00545883
14 0.31543 0.857422 0.090332 0.0976562 0.00428772
16 0.642578 0.704102 0.245117 0.213867 0.00419617
7 0.642578 0.704102 0.245117 0.213867 0.00378227
19 0.642578 0.704102 0.245117 0.213867 0.00363731
8 0.642578 0.704102 0.245117 0.213867 0.00362396
10 0.642578 0.704102 0.245117 0.213867 0.00354004
17 0.642578 0.704102 0.245117 0.213867 0.00340462
3 0.642578 0.704102 0.245117 0.213867 0.00326347
11 0.642578 0.704102 0.245117 0.213867 0.0031395
6 0.642578 0.704102 0.245117 0.213867 0.00307846
5 0.642578 0.707031 0.249023 0.197266 0.00302505
12 0.642578 0.704102 0.245117 0.213867 0.00301933
18 0.643066 0.706055 0.24707 0.193359 0.00290298
0 0.642578 0.704102 0.245117 0.213867 0.00287056
15 0.643066 0.706055 0.24707 0.193359 0.00283623
4 0.315918 0.855469 0.0849609 0.100586 0.00274658
4 0.0435181 0.333008 0.0505371 0.641602 0.002285
4 0.0492401 0.432861 0.0648499 0.665527 0.00201988
2 0.0257874 0.487305 0.0515747 0.818359 0.00197601
2 0.938721 0.502441 0.122559 0.902344 0.00179768
4 0.0424194 0.510132 0.0848389 0.979736 0.00175381
4 0.0688477 0.509766 0.112305 0.821289 0.00168324
2 0.603516 0.285645 0.0820312 0.0576172 0.00164318
2 0.42627 0.987793 0.852539 0.0244141 0.0015583
13 0.604004 0.286621 0.0332031 0.0585938 0.00151062
4 0.898438 0.212158 0.0742188 0.363281 0.00136948
3 0.966064 0.50769 0.0678711 0.902588 0.00136662
2 0.597168 0.288086 0.0400391 0.0786133 0.00127506
4 0.124786 0.475952 0.131287 0.708252 0.00126934
2 0.052063 0.263916 0.0269775 0.202637 0.00126648
1 0.315918 0.855469 0.0849609 0.100586 0.00115871
