2 0.498047 0.121094 0.336914 0.0935059 0.899414
2 0.497559 0.100494 0.328125 0.170593 0.00671005
13 0.492676 0.120605 0.330078 0.0949707 0.00481415
2 0.497559 0.171753 0.325195 0.313232 0.00346565
4 0.0420532 0.458496 0.072876 0.818359 0.00295258
4 0.944092 0.402832 0.0727539 0.686523 0.0028801
4 0.486816 0.121948 0.313477 0.0944824 0.00281525
9 0.501465 0.121857 0.336914 0.0956421 0.00273514
11 0.502441 0.121857 0.320312 0.0907593 0.00266838
14 0.501465 0.121857 0.336914 0.0956421 0.00265121
1 0.493042 0.120728 0.332275 0.0952148 0.00240517
7 0.501465 0.121857 0.336914 0.0956421 0.00239754
0 0.499512 0.120361 0.338867 0.098877 0.00230026
15 0.498047 0.119385 0.34668 0.0976562 0.00226212
10 0.498047 0.119385 0.34668 0.0976562 0.00224495
5 0.501465 0.121857 0.336914 0.0956421 0.00223541
16 0.501465 0.121857 0.336914 0.0956421 0.00223541
6 0.498047 0.119385 0.34668 0.0976562 0.00216675
12 0.501465 0.121857 0.336914 0.0956421 0.00214767
18 0.501465 0.121857 0.336914 0.0956421 0.00213242
17 0.498047 0.119385 0.34668 0.0976562 0.00211716
19 0.501465 0.121857 0.336914 0.0956421 0.00209999
3 0.498047 0.119385 0.34668 0.0976562 0.00205231
8 0.498047 0.119385 0.34668 0.0976562 0.00203705
4 0.0514526 0.5 0.102905 1 0.00126266
2 0.943604 0.824219 0.10498 0.322266 0.00107384
