2 0.383301 0.207336 0.149414 0.254272 0.89209
13 0.382324 0.20871 0.145508 0.240295 0.256592
2 0.507812 0.0301208 0.984375 0.0602417 0.228516
4 0.383789 0.209717 0.144531 0.245117 0.0214081
2 0.646118 0.0341797 0.694092 0.0568848 0.0180054
2 0.675781 0.878418 0.296875 0.0371094 0.00939178
14 0.382812 0.20874 0.149902 0.251953 0.00918579
2 0.405273 0.212158 0.285156 0.252441 0.00807953
1 0.384277 0.20929 0.147949 0.239624 0.0066185
4 0.0683136 0.516479 0.0943298 0.82251 0.00649261
3 0.382324 0.209442 0.142578 0.243225 0.00601959
9 0.381836 0.206848 0.146484 0.24939 0.00586319
13 0.370483 0.207397 0.292236 0.247803 0.00523376
3 0.0513153 0.515137 0.084137 0.72168 0.00401688
10 0.384277 0.207275 0.150879 0.278809 0.00373268
4 0.19574 0.564941 0.126099 0.806641 0.00370789
6 0.382812 0.20874 0.149902 0.251953 0.00353622
8 0.383301 0.206177 0.154297 0.269775 0.00340462
7 0.383301 0.206177 0.154297 0.269775 0.00337791
17 0.381836 0.206848 0.146484 0.24939 0.00324821
16 0.384277 0.20929 0.147949 0.239624 0.00313377
11 0.384277 0.20929 0.147949 0.239624 0.00309753
18 0.384277 0.20929 0.147949 0.239624 0.00294495
19 0.381836 0.206848 0.146484 0.24939 0.00292587
3 0.0338745 0.515259 0.067749 0.709717 0.00289726
2 0.274536 0.0307922 0.5271 0.0346069 0.00285339
0 0.384277 0.20929 0.147949 0.239624 0.00282097
5 0.383301 0.206177 0.154297 0.269775 0.0027256
2 0.486328 0.0276184 0.959961 0.0552368 0.00269127
12 0.383301 0.206177 0.154297 0.269775 0.00263214
2 0.737305 0.872559 0.429688 0.0478516 0.00260162
13 0.522461 0.873535 0.317383 0.0371094 0.00253677
15 0.384277 0.20929 0.147949 0.239624 0.00250053
13 0.58313 0.877441 0.523193 0.0576172 0.00208473
13 0.646484 0.876953 0.232422 0.0419922 0.00208282
4 0.190491 0.601685 0.0863037 0.667725 0.00199509
2 0.963379 0.871094 0.0380859 0.112305 0.0016489
2 0.495117 0.0373993 0.615234 0.0731506 0.00162983
2 0.957764 0.836426 0.0317383 0.266602 0.00150108
2 0.60022 0.025116 0.783936 0.0502319 0.00147343
4 0.0431976 0.487183 0.0832825 0.908447 0.0013504
2 0.363281 0.196289 0.151367 0.191406 0.00131226
2 0.950684 0.836426 0.0302734 0.209961 0.0012331
3 0.0285034 0.514771 0.0570068 0.906006 0.00121975
2 0.535156 0.875977 0.28418 0.0361328 0.00119591
4 0.893555 0.456055 0.149414 0.804688 0.00107193
13 0.366211 0.157013 0.121582 0.191833 0.0010252
2 0.610352 0.878906 0.22168 0.0380859 0.00100136
