2 0.854004 0.401306 0.0585938 0.42981 0.706055
1 0.677246 0.799316 0.370117 0.166016 0.336182
3 0.0379639 0.51709 0.0759277 0.837891 0.249512
2 0.84668 0.443481 0.0644531 0.603271 0.0650635
2 0.872559 0.415466 0.0771484 0.411255 0.0619202
1 0.62793 0.796387 0.166016 0.152344 0.0241394
3 0.850098 0.420837 0.0498047 0.497192 0.0240631
2 0.843262 0.404663 0.115234 0.425049 0.0198822
4 0.85498 0.406738 0.0615234 0.448242 0.0139999
3 0.0238647 0.543457 0.0477295 0.804688 0.0124664
9 0.690918 0.798828 0.34668 0.174805 0.0103149
2 0.840332 0.386597 0.0537109 0.426025 0.0100174
1 0.620972 0.791504 0.611572 0.194336 0.00982666
4 0.0501709 0.513672 0.100342 0.84082 0.0092392
3 0.00698853 0.513794 0.0139771 0.947021 0.00650787
2 0.854492 0.546509 0.0664062 0.735107 0.00627899
13 0.853516 0.408203 0.0605469 0.454102 0.00571442
2 0.0379639 0.51709 0.0759277 0.837891 0.00570297
2 0.862793 0.400757 0.125 0.296143 0.0053978
4 0.851074 0.543091 0.0830078 0.831787 0.00509262
1 0.685059 0.766113 0.350586 0.304688 0.00447845
9 0.85498 0.406738 0.0615234 0.448242 0.00418854
3 0.852539 0.481323 0.0585938 0.748291 0.00416565
1 0.47168 0.792969 0.929688 0.228516 0.00376511
2 0.862793 0.422974 0.0625 0.55835 0.003479
2 0.863281 0.614746 0.0537109 0.585938 0.00341606
3 0.0290833 0.541504 0.0581665 0.535156 0.00336266
2 0.851562 0.345581 0.0478516 0.302979 0.00315475
13 0.677246 0.799316 0.370117 0.166016 0.00301743
14 0.85498 0.406738 0.0615234 0.448242 0.00287247
2 0.849121 0.296204 0.0361328 0.199585 0.00269127
2 0.852539 0.412231 0.0898438 0.243896 0.00246239
11 0.85498 0.406738 0.0615234 0.448242 0.0023098
4 0.84668 0.443481 0.0644531 0.603271 0.00229645
3 0.0543213 0.535278 0.108643 0.929443 0.00227928
4 0.112823 0.521973 0.137634 0.804688 0.00224495
4 0.863281 0.614746 0.0537109 0.585938 0.00221825
12 0.853516 0.408203 0.0605469 0.454102 0.00198555
4 0.677246 0.799316 0.370117 0.166016 0.00197029
7 0.85498 0.406738 0.0615234 0.448242 0.00193882
9 0.0379639 0.51709 0.0759277 0.837891 0.00190163
3 0 0.51416 0 0.959961 0.00188446
16 0.853516 0.408203 0.0605469 0.454102 0.00187969
1 0.853516 0.408203 0.0605469 0.454102 0.00187969
5 0.85498 0.406738 0.0615234 0.448242 0.00183582
0 0.85498 0.406738 0.0615234 0.448242 0.00183582
1 0.600464 0.730469 0.5354 0.358398 0.00175667
6 0.677246 0.799316 0.370117 0.166016 0.0017395
10 0.85498 0.406738 0.0615234 0.448242 0.00173759
8 0.853516 0.408203 0.0605469 0.454102 0.0016861
14 0.0379639 0.51709 0.0759277 0.837891 0.0016346
14 0.677246 0.799316 0.370117 0.166016 0.0016098
17 0.85498 0.406738 0.0615234 0.448242 0.00160789
19 0.85498 0.406738 0.0615234 0.448242 0.0015831
15 0.85498 0.406738 0.0615234 0.448242 0.00151062
1 0.0379639 0.51709 0.0759277 0.837891 0.00150108
2 0.677246 0.799316 0.370117 0.166016 0.00138283
4 0.162476 0.522461 0.170654 0.833008 0.00132942
4 0.873047 0.417053 0.078125 0.428589 0.00131798
7 0.677246 0.799316 0.370117 0.166016 0.00127983
6 0.853516 0.408203 0.0605469 0.454102 0.00124359
9 0.628418 0.793457 0.15332 0.149414 0.00108528
5 0.677246 0.799316 0.370117 0.166016 0.00100899
