2 0.51709 0.802246 0.102539 0.336914 0.846191
3 0.953369 0.525024 0.0932617 0.949951 0.129883
2 0.513794 0.791016 0.114014 0.200195 0.0400085
2 0.398438 0.782715 0.0981445 0.0410156 0.0245514
2 0.23175 0.637207 0.160522 0.223633 0.0223999
4 0.514282 0.804688 0.0974121 0.337891 0.0158844
3 0.519043 0.802734 0.0986328 0.30957 0.0115356
13 0.516724 0.802246 0.103271 0.344727 0.0108261
2 0.517212 0.803711 0.17749 0.263672 0.00841522
4 0.954102 0.496582 0.0917969 0.911133 0.00777435
2 0.48938 0.791016 0.115967 0.348633 0.00775146
3 0.960693 0.56543 0.0786133 0.654297 0.00765991
4 0.0401154 0.44458 0.065033 0.705566 0.00699997
2 0.459229 0.79248 0.226074 0.31543 0.00699234
2 0.54834 0.791016 0.176758 0.330078 0.00602722
14 0.51709 0.802246 0.102539 0.336914 0.0059166
9 0.515137 0.80249 0.0996094 0.348145 0.00575256
1 0.518066 0.803955 0.0966797 0.353027 0.00453186
4 0.041687 0.542236 0.083374 0.915527 0.00359535
2 0.398682 0.77832 0.119141 0.0634766 0.00312042
10 0.515137 0.80249 0.0996094 0.348145 0.00283432
8 0.516724 0.802246 0.103271 0.344727 0.00259972
4 0.0272217 0.448364 0.0544434 0.730225 0.00253105
17 0.516724 0.802246 0.103271 0.344727 0.00244331
19 0.516724 0.802246 0.103271 0.344727 0.00244331
7 0.516724 0.802246 0.103271 0.344727 0.00242233
11 0.51709 0.802246 0.102539 0.336914 0.00241852
16 0.515137 0.80249 0.0996094 0.348145 0.00235176
4 0.232666 0.631836 0.166992 0.224609 0.00226212
5 0.515137 0.80249 0.0996094 0.348145 0.00226021
0 0.515137 0.80249 0.0996094 0.348145 0.00224304
6 0.51709 0.802246 0.102539 0.336914 0.00216103
12 0.514282 0.804688 0.0974121 0.337891 0.00211716
2 0.493164 0.804199 0.0673828 0.291992 0.00201988
15 0.518066 0.803955 0.0966797 0.353027 0.00197792
18 0.52002 0.800781 0.100586 0.294922 0.00195217
2 0.953369 0.525024 0.0932617 0.949951 0.00191593
13 0.23175 0.637207 0.160522 0.223633 0.00164986
2 0.42749 0.791016 0.22998 0.182617 0.00158596
4 0.983154 0.545776 0.0336914 0.898682 0.00134277
9 0.953369 0.525024 0.0932617 0.949951 0.00113773
1 0.953369 0.525024 0.0932617 0.949951 0.00113297
14 0.953369 0.525024 0.0932617 0.949951 0.00106907
2 0.495117 0.763672 0.154297 0.232422 0.00101566
