2 0.515625 0.290955 0.0517578 0.190552 0.845215
4 0.0957031 0.516479 0.115479 0.896729 0.225464
4 0.0829773 0.577515 0.109436 0.649658 0.0872192
2 0.519531 0.291016 0.0849609 0.180664 0.0473022
2 0.620605 0.723145 0.0322266 0.105469 0.045929
2 0.775391 0.100098 0.0361328 0.128662 0.0383606
3 0.0844727 0.530762 0.123779 0.771484 0.020874
13 0.515625 0.290466 0.0458984 0.180786 0.0174713
4 0.758301 0.203857 0.0693359 0.371582 0.0141296
4 0.108429 0.617188 0.0941772 0.643555 0.00731659
4 0.102509 0.282715 0.0835571 0.353027 0.00688553
4 0.515137 0.291687 0.0507812 0.232056 0.00613403
2 0.516113 0.300537 0.0605469 0.291992 0.00538254
2 0.0825348 0.564575 0.114227 0.800537 0.00401306
3 0.515137 0.291687 0.0507812 0.232056 0.00388718
4 0.101318 0.401489 0.0812988 0.507568 0.00367737
14 0.515625 0.290466 0.0458984 0.180786 0.00308228
2 0.760742 0.206238 0.0634766 0.383423 0.00274467
2 0.558105 0.882324 0.0683594 0.0341797 0.00268555
3 0.0349426 0.514648 0.0698853 0.908203 0.00261879
9 0.51416 0.284241 0.046875 0.184448 0.00259209
4 0.12439 0.507935 0.173584 0.759521 0.00244331
14 0.0957031 0.516479 0.115479 0.896729 0.00240326
2 0.943604 0.854004 0.0991211 0.291992 0.0022068
2 0.528198 0.28717 0.141846 0.202026 0.0020771
2 0.948242 0.94165 0.09375 0.0932617 0.00205803
2 0.487793 0.284668 0.0986328 0.211426 0.00181198
13 0.775391 0.100098 0.0361328 0.128662 0.00176525
4 0.802246 0.423706 0.250977 0.676025 0.00176239
11 0.513672 0.289795 0.0429688 0.172852 0.00173664
1 0.51416 0.284241 0.046875 0.184448 0.00161743
3 0.0612793 0.51123 0.122559 0.938477 0.00161552
13 0.620605 0.723145 0.0322266 0.105469 0.00161266
6 0.513672 0.289795 0.0429688 0.172852 0.00152779
2 0.768555 0.115753 0.0507812 0.177673 0.00148869
5 0.515137 0.291687 0.0507812 0.232056 0.00141525
16 0.514648 0.291016 0.0498047 0.192383 0.00140858
10 0.515137 0.291687 0.0507812 0.232056 0.00136185
7 0.515137 0.291687 0.0507812 0.232056 0.00133038
15 0.513672 0.289795 0.0429688 0.172852 0.00132179
2 0.506348 0.303162 0.0400391 0.186646 0.00129795
4 0.769531 0.169312 0.0654297 0.312256 0.00129032
4 0.114746 0.498413 0.11792 0.645752 0.0012598
2 0.979492 0.827637 0.0410156 0.272461 0.00124931
12 0.515137 0.291687 0.0507812 0.232056 0.00123978
2 0.518066 0.293274 0.263672 0.204468 0.0012331
8 0.515137 0.291687 0.0507812 0.232056 0.00121212
4 0.0937805 0.45874 0.0785522 0.762207 0.00120354
19 0.515137 0.291687 0.0507812 0.232056 0.00119781
2 0.618164 0.745605 0.0371094 0.0634766 0.001194
17 0.515137 0.291687 0.0507812 0.232056 0.00116062
0 0.515137 0.291687 0.0507812 0.232056 0.0011034
4 0.770996 0.11673 0.0625 0.176208 0.00109291
