2 0.568359 0.787598 0.418945 0.21582 0.890625
4 0.0478516 0.515625 0.0957031 0.898438 0.0655518
2 0.581543 0.766113 0.305664 0.172852 0.0306854
13 0.560425 0.791016 0.404541 0.213867 0.0185852
4 0.559082 0.791992 0.413086 0.222656 0.0104675
1 0.564941 0.789062 0.402344 0.235352 0.00862122
4 0.0417786 0.51355 0.0835571 0.896729 0.00817108
14 0.561401 0.79248 0.412354 0.220703 0.00788116
9 0.569824 0.789062 0.396484 0.228516 0.00550461
2 0.931885 0.0413818 0.081543 0.0368652 0.00522232
3 0 0.508911 0 0.982178 0.00485992
7 0.569824 0.789062 0.396484 0.228516 0.00439835
3 0.559082 0.791992 0.413086 0.222656 0.00401306
18 0.559082 0.791992 0.413086 0.222656 0.00395203
16 0.569824 0.789062 0.396484 0.228516 0.00388336
19 0.569824 0.789062 0.396484 0.228516 0.0037632
4 0 0.535767 0 0.928467 0.00356293
11 0.561401 0.79248 0.412354 0.220703 0.00346565
8 0.564941 0.789062 0.402344 0.235352 0.00338554
6 0.559082 0.791992 0.413086 0.222656 0.00337029
0 0.559082 0.791992 0.413086 0.222656 0.00333214
3 0.0417786 0.51355 0.0835571 0.896729 0.0033226
5 0.562012 0.793457 0.404297 0.208008 0.00328827
10 0.561401 0.79248 0.412354 0.220703 0.00323296
17 0.561401 0.79248 0.412354 0.220703 0.00313377
12 0.569824 0.789062 0.396484 0.228516 0.00310135
15 0.561401 0.79248 0.412354 0.220703 0.00295639
4 0.027832 0.513062 0.0556641 0.831299 0.00230408
2 0.0478516 0.515625 0.0957031 0.898438 0.00204277
2 0.941162 0.048645 0.0942383 0.0496826 0.00181198
4 0.0198975 0.557983 0.0397949 0.884033 0.0017643
2 0.554199 0.844727 0.425781 0.291016 0.00167847
2 0.484375 0.780273 0.365234 0.330078 0.00167084
3 0.0498657 0.50708 0.0997314 0.962402 0.00134754
3 0 0.535278 0 0.929443 0.00119972
2 0.904785 0.040329 0.129883 0.0365295 0.00108433
