2 0.384644 0.328857 0.204346 0.211914 0.39209
2 0.712891 0.541016 0.0986328 0.09375 0.251221
13 0.344727 0.282227 0.142578 0.171875 0.218872
2 0.710938 0.550781 0.0986328 0.304688 0.198853
2 0.344727 0.282227 0.142578 0.171875 0.0743408
13 0.38147 0.327881 0.199951 0.233887 0.0651855
13 0.0919189 0.449097 0.112549 0.098877 0.0583801
2 0.711914 0.508789 0.0976562 0.113281 0.0412903
2 0.717285 0.558105 0.101562 0.15625 0.0217133
2 0.70752 0.527344 0.135742 0.0976562 0.0103378
14 0.343262 0.284424 0.144043 0.173828 0.00828552
4 0.197754 0.446655 0.128418 0.647705 0.00709152
4 0.382202 0.329346 0.208252 0.245605 0.0067482
3 0.959473 0.527222 0.0810547 0.945557 0.00641632
2 0.71582 0.5 0.0888672 0.196289 0.00623703
2 0.719238 0.525879 0.125977 0.194336 0.00513458
4 0.710938 0.550781 0.0986328 0.304688 0.00503922
2 0.0895081 0.448242 0.103699 0.100586 0.0042038
4 0.343262 0.284424 0.144043 0.173828 0.00382996
3 0.966064 0.586792 0.0678711 0.685791 0.00350952
13 0.350586 0.291016 0.172363 0.241699 0.00341797
3 0.710938 0.550781 0.0986328 0.304688 0.00335884
13 0.712891 0.541016 0.0986328 0.09375 0.00331497
13 0.710938 0.550781 0.0986328 0.304688 0.00290108
2 0.341797 0.314514 0.181152 0.202026 0.00230026
2 0.731445 0.393555 0.138672 0.729492 0.00215912
13 0.368042 0.289795 0.297119 0.194336 0.00206375
2 0.683594 0.540527 0.154297 0.333008 0.00197983
14 0.713379 0.541992 0.0976562 0.102539 0.00191593
2 0.716797 0.467529 0.0742188 0.161621 0.00188351
14 0.379395 0.325195 0.203125 0.225586 0.00187111
2 0.951416 0.528931 0.097168 0.942139 0.00163555
2 0.700684 0.520508 0.0800781 0.0869141 0.00162888
1 0.343262 0.284424 0.144043 0.173828 0.00152206
9 0.343262 0.284424 0.144043 0.173828 0.001441
4 0.353271 0.300781 0.167969 0.249512 0.00142765
4 0.0949402 0.447754 0.115784 0.109375 0.00136566
14 0.349365 0.281494 0.170898 0.260742 0.00125217
14 0.0919189 0.449097 0.112549 0.098877 0.00120068
14 0.710938 0.550781 0.0986328 0.304688 0.00118256
2 0.731934 0.522461 0.0986328 0.125977 0.0011282
9 0.710938 0.550781 0.0986328 0.304688 0.00108528
13 0.10498 0.44751 0.203857 0.112793 0.00107861
1 0.382202 0.329346 0.208252 0.245605 0.00107384
2 0.697266 0.472168 0.0908203 0.198242 0.00105858
