2 0.515137 0.0826416 0.238281 0.0690918 0.880371
4 0.383545 0.549316 0.140137 0.571289 0.0108643
13 0.523926 0.0826416 0.24707 0.076416 0.00557709
2 0.965332 0.786621 0.0478516 0.166992 0.00489044
2 0.518066 0.112549 0.228516 0.225098 0.00321388
2 0.802246 0.9646 0.330078 0.0239258 0.0029583
11 0.514526 0.0828247 0.244385 0.0709229 0.00293922
4 0.515625 0.0839844 0.238281 0.0700684 0.00291252
9 0.523926 0.0826416 0.24707 0.076416 0.0028801
2 0.557617 0.0841064 0.207031 0.081543 0.00278664
1 0.518677 0.0844727 0.23999 0.0725098 0.00270271
14 0.518677 0.0844727 0.23999 0.0725098 0.00254059
7 0.523926 0.0826416 0.24707 0.076416 0.00242805
2 0.545044 0.0794067 0.320068 0.0906982 0.00241852
15 0.523926 0.0826416 0.24707 0.076416 0.00237083
6 0.523926 0.0826416 0.24707 0.076416 0.00232506
16 0.523926 0.0826416 0.24707 0.076416 0.00229073
10 0.523926 0.0826416 0.24707 0.076416 0.00228119
5 0.523926 0.0826416 0.24707 0.076416 0.00221062
12 0.523926 0.0826416 0.24707 0.076416 0.00219345
17 0.523926 0.0826416 0.24707 0.076416 0.00218582
3 0.523926 0.0826416 0.24707 0.076416 0.00217628
0 0.521973 0.0835571 0.240234 0.0750732 0.00216103
8 0.523926 0.0826416 0.24707 0.076416 0.00211906
18 0.521973 0.0835571 0.240234 0.0750732 0.00209427
19 0.523926 0.0826416 0.24707 0.076416 0.00205994
2 0.51709 0.158569 0.246094 0.317139 0.00174904
2 0.457764 0.0747681 0.241699 0.0701904 0.00150681
2 0.846924 0.968506 0.259277 0.0317383 0.00136662
2 0.727539 0.961426 0.381836 0.0244141 0.00130653
2 0.521973 0.102386 0.244141 0.0916138 0.00103378
