2 0.53418 0.835449 0.273438 0.165039 0.77002
2 0.452637 0.830078 0.344727 0.150391 0.0950928
2 0.44873 0.801758 0.163086 0.116211 0.0283203
2 0.479492 0.80957 0.242188 0.162109 0.0242004
13 0.525391 0.833496 0.268555 0.160156 0.0185547
4 0.0438843 0.486206 0.0751953 0.81665 0.0180817
2 0.39917 0.754883 0.0629883 0.217773 0.0168304
2 0.501953 0.848633 0.347656 0.22168 0.0150833
2 0.386719 0.771973 0.0668945 0.211914 0.0141449
2 0.522461 0.785156 0.299805 0.272461 0.013649
2 0.419189 0.754883 0.100098 0.210938 0.00790405
4 0.137604 0.499146 0.157898 0.863037 0.0044899
2 0.462891 0.769043 0.213867 0.222656 0.00381279
1 0.530762 0.836426 0.301758 0.171875 0.00364494
2 0.390625 0.801758 0.0839844 0.120117 0.00348663
3 0.956543 0.523926 0.0869141 0.952148 0.00322914
4 0.5 0.833984 0.335938 0.150391 0.0030632
14 0.534668 0.834473 0.261719 0.166992 0.00280952
2 0.466553 0.858398 0.395996 0.136719 0.00273514
4 0.077179 0.49707 0.106384 0.875977 0.00270081
9 0.517944 0.836914 0.290283 0.15918 0.00233078
3 0.0279541 0.474243 0.0559082 0.832764 0.00187874
3 0.968262 0.519897 0.0634766 0.782471 0.00185299
4 0.0287476 0.460571 0.0574951 0.793701 0.00183773
4 0.955322 0.335754 0.0541992 0.470093 0.00175858
6 0.534302 0.834473 0.273193 0.161133 0.00171375
11 0.530762 0.834473 0.297852 0.174805 0.00166798
4 0 0.466431 0 0.815186 0.00161934
0 0.534668 0.834473 0.261719 0.166992 0.00156689
12 0.534668 0.834473 0.261719 0.166992 0.00156689
16 0.534302 0.834473 0.273193 0.161133 0.00156212
3 0 0.473511 0 0.869385 0.0015316
10 0.534668 0.834473 0.261719 0.166992 0.00150681
15 0.534668 0.834473 0.261719 0.166992 0.00144386
7 0.517578 0.833008 0.302734 0.151367 0.00143433
17 0.534668 0.834473 0.261719 0.166992 0.00138855
5 0.534668 0.834473 0.261719 0.166992 0.00138855
8 0.534302 0.834473 0.273193 0.161133 0.00138378
19 0.534668 0.834473 0.261719 0.166992 0.00137711
3 0.534668 0.834473 0.261719 0.166992 0.00135612
2 0.466187 0.785156 0.169189 0.162109 0.0013504
4 0.947021 0.27533 0.059082 0.355591 0.00134182
4 0.950195 0.455933 0.0761719 0.810791 0.00121117
18 0.517578 0.833008 0.302734 0.151367 0.00120926
4 0.926758 0.46936 0.103516 0.803467 0.00114536
2 0.370605 0.804688 0.111816 0.15625 0.00107765
2 0.59082 0.836914 0.203125 0.174805 0.00100994
