2 0.484375 0.270996 0.229492 0.347168 0.882812
4 0.484375 0.27417 0.235352 0.352539 0.0233917
2 0.484741 0.270508 0.200439 0.199707 0.0206299
4 0.0422363 0.484863 0.0805664 0.87793 0.0176697
13 0.487915 0.271973 0.236084 0.321289 0.0167084
14 0.489258 0.272766 0.234375 0.353882 0.0126648
1 0.487793 0.273254 0.24707 0.339233 0.00850677
9 0.483398 0.271729 0.233398 0.365723 0.00630188
3 0.482788 0.273499 0.233643 0.355347 0.00627899
8 0.483398 0.271729 0.233398 0.365723 0.00380707
11 0.483398 0.273682 0.228516 0.352539 0.00372887
18 0.490723 0.274109 0.238281 0.341431 0.00366974
10 0.483398 0.271729 0.233398 0.365723 0.00353622
7 0.483398 0.271729 0.233398 0.365723 0.00348282
0 0.483398 0.273682 0.228516 0.352539 0.0034771
4 0.973389 0.768311 0.0473633 0.463379 0.00336838
16 0.487793 0.273254 0.24707 0.339233 0.00333023
17 0.483398 0.271729 0.233398 0.365723 0.00330925
19 0.483398 0.271729 0.233398 0.365723 0.00325775
6 0.483398 0.271729 0.233398 0.365723 0.00318146
12 0.483398 0.273682 0.228516 0.352539 0.00309563
5 0.487793 0.273254 0.24707 0.339233 0.00291634
15 0.487793 0.273254 0.24707 0.339233 0.00291634
3 0 0.504639 0 0.990723 0.00259399
4 0.961182 0.749023 0.0600586 0.501953 0.00240326
4 0 0.516113 0 0.967773 0.00226974
4 0.0377502 0.514526 0.0755005 0.967041 0.00137901
4 0.961426 0.540649 0.0771484 0.918701 0.00134468
2 0.0350494 0.482056 0.0680847 0.862061 0.00126934
