2 0.410645 0.0761414 0.119141 0.0415649 0.744629
2 0.44165 0.0736389 0.192871 0.0563354 0.112915
2 0.424805 0.0686035 0.118164 0.0501709 0.108826
2 0.39624 0.0770874 0.208496 0.0445557 0.062561
2 0.417603 0.0700531 0.119873 0.0837708 0.0263519
2 0.477539 0.083374 0.198242 0.0444336 0.0131683
3 0.960449 0.549072 0.0791016 0.901855 0.00959778
2 0.488281 0.0727539 0.28125 0.0644531 0.00826263
4 0.301697 0.58374 0.181763 0.83252 0.00691986
2 0.959229 0.14624 0.0483398 0.0466309 0.00577164
2 0.418457 0.0749207 0.330078 0.0571899 0.00454712
14 0.121582 0.237793 0.0390625 0.0356445 0.00426483
13 0.416626 0.0716248 0.116943 0.0476685 0.00362206
2 0.446289 0.0582733 0.09375 0.0638733 0.00328636
2 0.48877 0.0856628 0.182617 0.0296021 0.00310135
4 0.263 0.54248 0.164429 0.881836 0.00260925
14 0.407959 0.0764771 0.120605 0.0389404 0.00251007
4 0.835938 0.429688 0.169922 0.583984 0.00232887
4 0.95166 0.547729 0.0966797 0.894775 0.0022831
2 0.953369 0.139893 0.0424805 0.0402832 0.00218391
2 0.389648 0.0667419 0.138672 0.0623169 0.00214958
13 0.44165 0.0736389 0.192871 0.0563354 0.00209236
9 0.410645 0.0761414 0.119141 0.0415649 0.00201225
11 0.407959 0.0764771 0.120605 0.0389404 0.00174046
2 0.43811 0.0739441 0.201904 0.101624 0.00168896
3 0.0278931 0.508301 0.0557861 0.983398 0.00164223
4 0.221191 0.515503 0.189453 0.842041 0.00164223
4 0.263977 0.50769 0.115112 0.742432 0.00163364
3 0.410645 0.0761414 0.119141 0.0415649 0.00151443
7 0.410645 0.0761414 0.119141 0.0415649 0.00150871
6 0.411499 0.0754395 0.117432 0.0432129 0.00148773
4 0.964844 0.485229 0.0683594 0.801025 0.00146198
16 0.407959 0.0764771 0.120605 0.0389404 0.00146008
2 0.450439 0.0887451 0.199707 0.0625 0.00145912
12 0.407959 0.0764771 0.120605 0.0389404 0.00144863
4 0.407959 0.0764771 0.120605 0.0389404 0.00141048
2 0.405273 0.0864563 0.136719 0.0951538 0.00140953
8 0.410645 0.0761414 0.119141 0.0415649 0.00138474
15 0.407959 0.0764771 0.120605 0.0389404 0.00138283
1 0.411499 0.0754395 0.117432 0.0432129 0.00137615
3 0.0330811 0.522949 0.0661621 0.8125 0.00135803
5 0.410645 0.0761414 0.119141 0.0415649 0.00132084
10 0.407959 0.0764771 0.120605 0.0389404 0.00124454
0 0.410645 0.0761414 0.119141 0.0415649 0.00124073
2 0.95874 0.158569 0.043457 0.065918 0.00121212
19 0.410645 0.0761414 0.119141 0.0415649 0.00117016
3 0.969727 0.584473 0.0605469 0.801758 0.0011673
17 0.410645 0.0761414 0.119141 0.0415649 0.00115681
2 0.406494 0.126221 0.131348 0.252441 0.0011549
4 0.884766 0.510742 0.158203 0.777344 0.00113869
18 0.410645 0.0761414 0.119141 0.0415649 0.00102997
4 0.0574341 0.508667 0.114868 0.927979 0.00101852
