2 0.427246 0.800781 0.236328 0.298828 0.843262
4 0.0579834 0.449585 0.115967 0.698486 0.022171
2 0.495483 0.788574 0.092041 0.311523 0.0216064
4 0.425293 0.800781 0.234375 0.313477 0.0184326
13 0.429321 0.789062 0.227295 0.277344 0.0176239
2 0.423706 0.737793 0.244385 0.195312 0.00858307
14 0.427979 0.79541 0.231934 0.311523 0.00830841
1 0.425293 0.800781 0.234375 0.313477 0.00796509
4 0.959473 0.664673 0.0634766 0.571045 0.00753021
2 0.475098 0.789062 0.197266 0.286133 0.00729752
3 0.425781 0.799805 0.241211 0.310547 0.00598907
4 0.960205 0.515625 0.0795898 0.923828 0.00582886
9 0.425659 0.797363 0.236572 0.318359 0.00521469
2 0.410156 0.807129 0.222656 0.197266 0.00387192
18 0.425781 0.799805 0.241211 0.310547 0.00354767
11 0.430786 0.790039 0.227295 0.291016 0.00344658
4 0.0373535 0.484863 0.074707 0.883789 0.0033226
0 0.430786 0.790039 0.227295 0.291016 0.00321388
16 0.425781 0.799805 0.241211 0.310547 0.00316811
7 0.425781 0.799805 0.241211 0.310547 0.00312042
17 0.426758 0.797363 0.251953 0.304688 0.00307274
6 0.425781 0.799805 0.241211 0.310547 0.00304604
19 0.425781 0.799805 0.241211 0.310547 0.00304604
8 0.430664 0.787598 0.224609 0.283203 0.00303841
5 0.426758 0.797363 0.251953 0.304688 0.00290871
10 0.426758 0.797363 0.251953 0.304688 0.00290871
12 0.430786 0.790039 0.227295 0.291016 0.00282669
15 0.426758 0.797363 0.251953 0.304688 0.00275612
4 0.050415 0.506104 0.10083 0.987793 0.00182915
4 0.0653992 0.32251 0.1026 0.64502 0.00164986
9 0.971436 0.115601 0.0297852 0.147705 0.0015192
4 0.052597 0.433838 0.0766907 0.73877 0.00115967
2 0.422485 0.875977 0.184326 0.160156 0.00105953
