2 0.612305 0.184692 0.0351562 0.131592 0.443115
2 0.797852 0.969727 0.380859 0.046875 0.4021
2 0.701172 0.973877 0.125977 0.0307617 0.0934448
2 0.621094 0.183167 0.0410156 0.141479 0.0528259
2 0.730957 0.973633 0.22168 0.0371094 0.0285187
2 0.676758 0.973633 0.188477 0.0351562 0.0246124
2 0.722656 0.973633 0.348633 0.0410156 0.0193024
2 0.819824 0.977295 0.321289 0.0454102 0.0133972
13 0.612305 0.184692 0.0351562 0.131592 0.01091
2 0.619141 0.184998 0.0908203 0.143677 0.00961304
2 0.712158 0.968994 0.544434 0.0561523 0.00946808
2 0.666016 0.967285 0.34375 0.0478516 0.00713348
4 0.039917 0.516235 0.079834 0.918701 0.0068512
4 0.621094 0.183167 0.0410156 0.141479 0.00669098
2 0.797607 0.961182 0.346191 0.0776367 0.00654602
4 0.961426 0.578857 0.0673828 0.791504 0.0044136
2 0.607422 0.188416 0.0615234 0.118286 0.00413513
4 0.957764 0.528687 0.0844727 0.942627 0.00286484
13 0.797852 0.969727 0.380859 0.046875 0.00284004
4 0.787598 0.590942 0.115234 0.573975 0.00279999
2 0.614258 0.967285 0.283203 0.0380859 0.00256729
4 0.612305 0.184692 0.0351562 0.131592 0.00245857
3 0.975098 0.531372 0.0498047 0.937256 0.00224876
2 0.64209 0.192261 0.0898438 0.124756 0.00220299
2 0.668457 0.97876 0.34668 0.0424805 0.00201988
2 0.410767 0.956055 0.752686 0.0566406 0.00187778
2 0.598755 0.9646 0.62085 0.0512695 0.00186729
4 0.771973 0.541138 0.167969 0.732178 0.00185585
14 0.613281 0.184326 0.0371094 0.128418 0.00175571
3 0.957764 0.528687 0.0844727 0.942627 0.00154591
9 0.613281 0.184326 0.0371094 0.128418 0.00148487
2 0.699707 0.969971 0.125 0.0600586 0.00146961
2 0.0454102 0.858887 0.0821533 0.276367 0.00141239
4 0.0264893 0.458984 0.0529785 0.787109 0.00131607
1 0.613281 0.184326 0.0371094 0.128418 0.00129604
2 0.616211 0.177704 0.0449219 0.233459 0.00122356
4 0.797852 0.969727 0.380859 0.046875 0.00116634
11 0.612305 0.184692 0.0351562 0.131592 0.00115967
4 0.773438 0.499634 0.112305 0.547607 0.00109863
4 0.0360107 0.537109 0.0720215 0.925781 0.00106716
1 0.797852 0.969727 0.380859 0.046875 0.00104523
