14 0.473267 0.289551 0.0651855 0.0551758 0.644043
2 0.470581 0.294922 0.083252 0.0512695 0.363037
14 0.463135 0.297119 0.0961914 0.0605469 0.102234
14 0.469238 0.298828 0.0751953 0.111328 0.0351868
14 0.476074 0.287842 0.110352 0.0595703 0.0322876
4 0.124146 0.509766 0.101318 0.791992 0.0182343
2 0.461304 0.307617 0.106689 0.0605469 0.0126343
2 0.469727 0.29126 0.147461 0.0600586 0.0116425
2 0.469238 0.298828 0.0751953 0.111328 0.00767899
14 0.479614 0.286865 0.185303 0.0581055 0.00643539
4 0.13382 0.489746 0.164978 0.75293 0.00421906
13 0.471191 0.291016 0.0761719 0.0546875 0.00372887
14 0.479614 0.285156 0.0778809 0.0874023 0.00296402
2 0.0734253 0.863281 0.0667725 0.0957031 0.00247192
4 0.956543 0.767578 0.0458984 0.464844 0.00191975
12 0.473267 0.289551 0.0651855 0.0551758 0.00179482
0 0.473267 0.289551 0.0651855 0.0551758 0.00178146
17 0.473267 0.289551 0.0651855 0.0551758 0.00174713
10 0.470581 0.291504 0.0686035 0.0541992 0.00157833
16 0.473267 0.289551 0.0651855 0.0551758 0.00154877
9 0.47168 0.290039 0.0693359 0.0522461 0.00154781
18 0.473267 0.289551 0.0651855 0.0551758 0.00150108
4 0.47168 0.290039 0.0693359 0.0522461 0.00147152
8 0.473267 0.289551 0.0651855 0.0551758 0.00140953
4 0.955566 0.78125 0.0771484 0.4375 0.00140667
4 0.112793 0.386414 0.0739746 0.455688 0.00138187
3 0.473267 0.289551 0.0651855 0.0551758 0.00134563
2 0.0740662 0.894287 0.112122 0.178223 0.00130939
19 0.470581 0.291504 0.0686035 0.0541992 0.00127888
11 0.47168 0.290039 0.0693359 0.0522461 0.00125408
7 0.470581 0.291504 0.0686035 0.0541992 0.00119781
2 0.454834 0.301514 0.215332 0.0727539 0.00119209
5 0.473267 0.289551 0.0651855 0.0551758 0.00117874
15 0.473267 0.289551 0.0651855 0.0551758 0.00112534
2 0.472656 0.287354 0.0585938 0.043457 0.00110054
13 0.463135 0.299561 0.0961914 0.0625 0.00106049
2 0.0753174 0.868164 0.0830078 0.212891 0.00100136
