2 0.0794373 0.939453 0.132141 0.0722656 0.757324
2 0.106445 0.936035 0.0759277 0.0712891 0.623047
2 0.804199 0.825195 0.0273438 0.125 0.561523
2 0.531738 0.812012 0.0322266 0.115234 0.25293
2 0.801758 0.821289 0.0439453 0.126953 0.176636
2 0.647949 0.438721 0.0673828 0.0576172 0.0707397
3 0.962158 0.505981 0.0756836 0.915771 0.0528259
2 0.790039 0.822266 0.0488281 0.128906 0.0486145
13 0.804199 0.825195 0.0273438 0.125 0.0148773
2 0.793457 0.821777 0.0869141 0.142578 0.0114212
2 0.0767517 0.921387 0.141418 0.0869141 0.0110321
2 0.112152 0.935303 0.145325 0.0688477 0.0103912
4 0.0416107 0.352905 0.0561829 0.563721 0.00992584
13 0.532715 0.8125 0.0302734 0.116211 0.00933075
2 0.0930786 0.936523 0.186157 0.0878906 0.0085144
3 0.0380249 0.42627 0.0611572 0.78418 0.00727844
4 0.950684 0.501465 0.0986328 0.908203 0.00679016
1 0.0782471 0.936279 0.139893 0.0805664 0.00522614
2 0.638184 0.43689 0.0449219 0.0705566 0.00458145
2 0.542969 0.814453 0.0507812 0.116211 0.00445175
3 0.973633 0.519775 0.0527344 0.960449 0.00444031
4 0.546387 0.310181 0.0830078 0.582764 0.00397491
2 0.657227 0.444092 0.0927734 0.0893555 0.00369072
13 0.109375 0.935791 0.0722656 0.0678711 0.00354385
2 0.527832 0.813477 0.0761719 0.128906 0.00331497
2 0.09729 0.947754 0.0981445 0.0673828 0.00312233
4 0.802734 0.825195 0.0273438 0.125977 0.00294304
2 0.0338135 0.422852 0.0554199 0.759766 0.00289345
2 0.120117 0.93457 0.0656738 0.0595703 0.00287819
4 0.887207 0.487793 0.116211 0.833984 0.00287056
13 0.801758 0.821289 0.0439453 0.126953 0.00248909
11 0.085022 0.939209 0.126343 0.0688477 0.00238991
2 0.0776672 0.936035 0.136169 0.12793 0.00234222
2 0.795898 0.838867 0.0371094 0.123047 0.00220871
13 0.085022 0.939209 0.126343 0.0688477 0.00219345
9 0.0782471 0.936279 0.139893 0.0805664 0.00215149
4 0.931641 0.514526 0.101562 0.824463 0.00211525
4 0.0512085 0.337524 0.0585938 0.424561 0.00197029
9 0.106445 0.936035 0.0759277 0.0712891 0.00195312
3 0.0311279 0.479004 0.0622559 0.885742 0.00193214
4 0.791504 0.274109 0.0751953 0.490845 0.00192547
9 0.804199 0.825195 0.0273438 0.125 0.00188255
2 0.962158 0.505981 0.0756836 0.915771 0.00186157
4 0.555176 0.274292 0.0625 0.424072 0.00185871
3 0.0782471 0.936279 0.139893 0.0805664 0.00185776
4 0.957764 0.54187 0.0727539 0.91626 0.00178432
4 0.0794373 0.939453 0.132141 0.0722656 0.00176525
14 0.797852 0.822266 0.0332031 0.124023 0.00171757
4 0.532715 0.8125 0.0302734 0.116211 0.00166416
14 0.0794373 0.939453 0.132141 0.0722656 0.00164509
8 0.085022 0.939209 0.126343 0.0688477 0.00160503
4 0.507812 0.242188 0.0664062 0.418945 0.00157738
11 0.105499 0.935547 0.0765991 0.078125 0.00155544
3 0.973633 0.495117 0.0527344 0.647461 0.00155354
11 0.797852 0.822266 0.0332031 0.124023 0.00149918
16 0.085022 0.939209 0.126343 0.0688477 0.00148487
4 0.0289307 0.338257 0.0578613 0.555908 0.00138283
19 0.085022 0.939209 0.126343 0.0688477 0.00136375
14 0.106445 0.936035 0.0759277 0.0712891 0.00134373
0 0.085022 0.939209 0.126343 0.0688477 0.00130081
2 0.0810852 0.901367 0.134216 0.167969 0.00125122
14 0.532227 0.80957 0.0341797 0.120117 0.00125122
6 0.085022 0.939209 0.126343 0.0688477 0.00123215
2 0.80957 0.824219 0.102539 0.113281 0.00122929
12 0.0794373 0.939453 0.132141 0.0722656 0.00122356
2 0.507812 0.242188 0.0664062 0.418945 0.0012207
2 0.521606 0.802734 0.116943 0.118164 0.00120926
2 0.50293 0.208557 0.0429688 0.395386 0.00120544
7 0.085022 0.939209 0.126343 0.0688477 0.00119495
9 0.531738 0.812012 0.0322266 0.115234 0.001194
6 0.797852 0.822266 0.0332031 0.124023 0.00118637
1 0.799316 0.821777 0.0332031 0.124023 0.00118065
3 0.804199 0.825195 0.0273438 0.125 0.0011797
2 0.595703 0.447266 0.0458984 0.138672 0.00117588
2 0.650879 0.448486 0.0859375 0.0561523 0.00114346
2 0.501953 0.182098 0.0332031 0.248596 0.00113773
16 0.797852 0.822266 0.0332031 0.124023 0.00113583
15 0.085022 0.939209 0.126343 0.0688477 0.00113487
4 0.527344 0.308655 0.0966797 0.497925 0.00113392
5 0.797852 0.822266 0.0332031 0.124023 0.00113106
15 0.797852 0.822266 0.0332031 0.124023 0.00113106
2 0.526367 0.799316 0.0458984 0.109375 0.00112915
4 0.0538483 0.449707 0.0820007 0.810547 0.0011158
5 0.085022 0.939209 0.126343 0.0688477 0.00111389
17 0.085022 0.939209 0.126343 0.0688477 0.00107956
19 0.797852 0.822266 0.0332031 0.124023 0.00105953
10 0.0794373 0.939453 0.132141 0.0722656 0.00105095
0 0.797852 0.822266 0.0332031 0.124023 0.00101852
17 0.797852 0.822266 0.0332031 0.124023 0.00101471
0 0.105499 0.935547 0.0765991 0.078125 0.00100994
