2 0.621216 0.233887 0.384521 0.17334 0.88623
4 0.152344 0.510254 0.114746 0.792969 0.741211
3 0.0325928 0.512817 0.0651855 0.861084 0.0472412
2 0.148071 0.539673 0.129639 0.744873 0.0130997
2 0.613281 0.261963 0.402344 0.297852 0.00875854
14 0.152344 0.510254 0.114746 0.792969 0.00832367
4 0.149414 0.505371 0.111328 0.489258 0.00827026
3 0.15332 0.516479 0.116699 0.711182 0.00768661
13 0.620728 0.231934 0.393311 0.180664 0.00597763
4 0.156616 0.633301 0.0942383 0.682617 0.00498962
4 0.623535 0.231445 0.391602 0.177246 0.00456238
4 0.154816 0.506836 0.173279 0.68457 0.00387383
3 0.0257568 0.457397 0.0515137 0.772705 0.0038147
3 0.0224609 0.46875 0.0449219 0.766602 0.00375557
3 0.0059967 0.511475 0.0119934 0.941895 0.00306702
11 0.619995 0.234375 0.394775 0.169922 0.00304413
3 0.018158 0.525879 0.0363159 0.786133 0.0030098
1 0.620728 0.231934 0.393311 0.180664 0.00295067
14 0.623535 0.231445 0.391602 0.177246 0.00292015
4 0.0325928 0.512817 0.0651855 0.861084 0.00268936
9 0.614746 0.23584 0.399414 0.17041 0.00264359
6 0.612305 0.233154 0.411133 0.170898 0.00214577
5 0.623535 0.231445 0.391602 0.177246 0.00204659
7 0.614746 0.23584 0.399414 0.17041 0.00201225
18 0.623535 0.231445 0.391602 0.177246 0.00199127
19 0.623535 0.231445 0.391602 0.177246 0.00194645
15 0.614746 0.23584 0.399414 0.17041 0.00193501
16 0.617065 0.233215 0.398682 0.172241 0.00192928
10 0.614746 0.23584 0.399414 0.17041 0.00191975
0 0.615845 0.233398 0.393311 0.168457 0.00189781
2 0.0325928 0.512817 0.0651855 0.861084 0.00186062
17 0.619995 0.234375 0.394775 0.169922 0.00184059
12 0.614746 0.23584 0.399414 0.17041 0.00180435
8 0.615845 0.233398 0.393311 0.168457 0.00180435
3 0.614746 0.23584 0.399414 0.17041 0.00179768
4 0.123779 0.475586 0.133057 0.838867 0.00170231
2 0.223389 0.0829468 0.0410156 0.122925 0.00164604
4 0.0289612 0.457642 0.0547485 0.778076 0.00163841
4 0.940918 0.616089 0.0791016 0.513916 0.00153351
3 0.963867 0.585327 0.0722656 0.782471 0.00130844
13 0.152344 0.510254 0.114746 0.792969 0.0012989
10 0.152344 0.510254 0.114746 0.792969 0.00127888
0 0.152344 0.510254 0.114746 0.792969 0.0012064
4 0.95874 0.728271 0.074707 0.543457 0.00119686
8 0.152344 0.510254 0.114746 0.792969 0.00117397
19 0.152344 0.510254 0.114746 0.792969 0.00115108
9 0.151367 0.499023 0.109375 0.712891 0.00112629
11 0.152344 0.510254 0.114746 0.792969 0.00109863
15 0.152344 0.510254 0.114746 0.792969 0.00109482
17 0.152344 0.510254 0.114746 0.792969 0.00109005
4 0.179199 0.506714 0.135254 0.900635 0.00107765
6 0.152344 0.510254 0.114746 0.792969 0.00107288
4 0.0518188 0.508789 0.103638 0.885742 0.00103951
16 0.151367 0.499023 0.109375 0.712891 0.00102997
12 0.151367 0.506836 0.11084 0.720703 0.00102901
