2 0.608887 0.733398 0.321289 0.382812 0.898926
2 0.627441 0.724121 0.303711 0.239258 0.0471802
4 0.621094 0.733398 0.329102 0.381836 0.0209961
13 0.61084 0.738281 0.333008 0.375 0.0182648
2 0.575195 0.799316 0.265625 0.331055 0.0131989
14 0.611328 0.733887 0.323242 0.389648 0.0114975
1 0.611328 0.733887 0.323242 0.389648 0.0088501
9 0.612305 0.734863 0.324219 0.380859 0.00671387
3 0.608398 0.748047 0.333008 0.398438 0.00613022
2 0.61084 0.663086 0.330078 0.232422 0.00436783
16 0.611328 0.733887 0.323242 0.389648 0.00421906
18 0.61084 0.738281 0.333008 0.375 0.00406265
8 0.612305 0.734863 0.324219 0.380859 0.00397491
7 0.611328 0.733887 0.323242 0.389648 0.00388718
11 0.61084 0.738281 0.333008 0.375 0.00374603
0 0.61084 0.738281 0.333008 0.375 0.00368881
17 0.611328 0.730957 0.327148 0.362305 0.0036087
19 0.611328 0.730957 0.327148 0.362305 0.00344658
6 0.61084 0.738281 0.333008 0.375 0.00330734
10 0.612305 0.734863 0.324219 0.380859 0.00324821
12 0.61084 0.738281 0.333008 0.375 0.00303459
15 0.611328 0.736328 0.330078 0.37207 0.00299454
5 0.611328 0.733887 0.323242 0.389648 0.00293732
4 0.959229 0.515137 0.081543 0.969727 0.00262642
4 0.0439453 0.484741 0.0878906 0.856689 0.00175095
2 0.599487 0.768066 0.295166 0.201172 0.00148773
3 0.0332642 0.518799 0.0665283 0.95459 0.0014267
