2 0.402893 0.710938 0.390503 0.103516 0.899414
13 0.897949 0.202209 0.0927734 0.175659 0.0272369
4 0.890137 0.204651 0.0986328 0.192261 0.0193939
2 0.270752 0.054718 0.0551758 0.0853882 0.00914764
4 0.907227 0.331299 0.112305 0.469238 0.00817108
2 0.299805 0.0556335 0.106445 0.0903931 0.00745773
2 0.404785 0.742188 0.385742 0.265625 0.00527954
4 0.946045 0.51709 0.0922852 0.891602 0.00526428
2 0.0556641 0.241394 0.0327148 0.0738525 0.00518417
13 0.405396 0.711914 0.407959 0.100586 0.0044632
2 0.899414 0.209717 0.0869141 0.172363 0.00382996
4 0.407166 0.710938 0.400513 0.106445 0.00322914
4 0.884766 0.488892 0.129883 0.750732 0.00278473
4 0.968506 0.483398 0.0629883 0.833984 0.00277138
14 0.402344 0.708984 0.363281 0.0996094 0.00269127
9 0.408142 0.709473 0.39856 0.103516 0.00243378
2 0.0658569 0.243713 0.0472412 0.0594482 0.00235558
2 0.0600586 0.2052 0.0406494 0.164307 0.00227928
2 0.0429688 0.228699 0.0264893 0.101196 0.00225258
2 0.4104 0.734863 0.377441 0.436523 0.00224304
11 0.402344 0.708984 0.363281 0.0996094 0.00224113
7 0.40741 0.713379 0.405884 0.0996094 0.00207329
1 0.405762 0.713379 0.401367 0.0966797 0.00202942
10 0.407654 0.711914 0.403442 0.104492 0.00201797
6 0.405396 0.711914 0.407959 0.100586 0.00200081
15 0.40741 0.713379 0.405884 0.0996094 0.00199509
2 0.0576172 0.225586 0.0401611 0.10791 0.00199318
16 0.407654 0.711914 0.403442 0.104492 0.00195503
5 0.40741 0.713379 0.405884 0.0996094 0.00194836
18 0.408142 0.709473 0.39856 0.103516 0.00194168
0 0.405762 0.711914 0.411133 0.102539 0.0019331
12 0.40741 0.713379 0.405884 0.0996094 0.00191689
17 0.40741 0.713379 0.405884 0.0996094 0.00190258
3 0.40741 0.713379 0.405884 0.0996094 0.00185871
19 0.407654 0.711914 0.403442 0.104492 0.00185108
8 0.40741 0.713379 0.405884 0.0996094 0.00183678
2 0.551025 0.969238 0.897949 0.0615234 0.0016098
4 0.888184 0.255127 0.116211 0.258789 0.0014782
4 0.955322 0.480957 0.0620117 0.746094 0.0014019
2 0.0819092 0.246094 0.0769043 0.0507812 0.00139618
13 0.887207 0.171875 0.0722656 0.0917969 0.0013361
2 0.0402832 0.201965 0.0322266 0.103394 0.00133324
2 0.0499878 0.215332 0.0358887 0.11084 0.00112915
