2 0.150024 0.745117 0.0715332 0.200195 0.840332
4 0.696777 0.186951 0.203125 0.312622 0.487061
3 0.958008 0.5271 0.0839844 0.945801 0.125
2 0.148315 0.745117 0.118652 0.202148 0.0958252
4 0.678223 0.209656 0.125977 0.31604 0.056427
2 0.696777 0.186951 0.203125 0.312622 0.0226593
14 0.696777 0.186951 0.203125 0.312622 0.016449
3 0.0452271 0.517578 0.0904541 0.919922 0.0131454
4 0.647461 0.196472 0.198242 0.326782 0.0118103
13 0.149414 0.744629 0.0756836 0.196289 0.00998688
4 0.125122 0.490723 0.149414 0.852539 0.0092392
3 0.966797 0.585449 0.0664062 0.651367 0.00559998
4 0.147217 0.748047 0.0754395 0.220703 0.00432587
2 0.147461 0.741211 0.0852051 0.350586 0.00419617
3 0.148438 0.747559 0.0722656 0.234375 0.0040741
1 0.696777 0.186951 0.203125 0.312622 0.00377655
4 0.693848 0.15509 0.130859 0.241577 0.00370407
2 0.142639 0.748535 0.216675 0.204102 0.00366974
4 0.957764 0.500854 0.0844727 0.87915 0.00319099
9 0.148438 0.747559 0.0722656 0.234375 0.00312233
13 0.696777 0.186951 0.203125 0.312622 0.00311089
4 0.963623 0.513672 0.0727539 0.885742 0.00304031
14 0.148804 0.745117 0.0732422 0.194336 0.00264168
9 0.696777 0.186951 0.203125 0.312622 0.0025425
10 0.148438 0.747559 0.0722656 0.234375 0.00193024
14 0.678223 0.209656 0.125977 0.31604 0.00189781
11 0.146973 0.746094 0.0751953 0.192383 0.00187778
3 0.696777 0.183044 0.196289 0.324341 0.00178623
5 0.148438 0.747559 0.0722656 0.234375 0.00175285
10 0.696777 0.186951 0.203125 0.312622 0.00170898
2 0.690918 0.188171 0.125977 0.34729 0.00169277
1 0.150146 0.743652 0.0734863 0.191406 0.0016861
2 0.135284 0.558228 0.134216 0.701904 0.00161839
11 0.696777 0.186951 0.203125 0.312622 0.00159931
12 0.696777 0.186951 0.203125 0.312622 0.00159359
7 0.696777 0.186951 0.203125 0.312622 0.00159359
17 0.147217 0.748047 0.0754395 0.220703 0.0015831
16 0.696777 0.186951 0.203125 0.312622 0.00158119
8 0.696777 0.186951 0.203125 0.312622 0.00158119
6 0.696777 0.186951 0.203125 0.312622 0.00158119
19 0.696777 0.186951 0.203125 0.312622 0.0015564
2 0.958008 0.5271 0.0839844 0.945801 0.00155449
19 0.147217 0.748047 0.0754395 0.220703 0.00152779
18 0.696777 0.186951 0.203125 0.312622 0.00152016
16 0.146973 0.746094 0.0751953 0.192383 0.00151539
8 0.148438 0.747559 0.0722656 0.234375 0.00150013
5 0.696777 0.186951 0.203125 0.312622 0.00148582
12 0.150146 0.743652 0.0734863 0.191406 0.00148201
7 0.148438 0.747559 0.0722656 0.234375 0.00147629
15 0.696777 0.186951 0.203125 0.312622 0.0014677
0 0.696777 0.186951 0.203125 0.312622 0.00146198
17 0.696777 0.186951 0.203125 0.312622 0.00140667
2 0.0452271 0.517578 0.0904541 0.919922 0.00137901
0 0.148438 0.747559 0.0722656 0.234375 0.00132465
3 0.978271 0.516113 0.043457 0.885742 0.00129795
15 0.150146 0.743652 0.0734863 0.191406 0.00129795
4 0.672852 0.246826 0.186523 0.302246 0.00125504
4 0.644531 0.25 0.177734 0.21582 0.00122547
6 0.148804 0.745117 0.0732422 0.194336 0.00122356
2 0.4375 0.969238 0.875 0.0615234 0.00119305
4 0.0678711 0.48291 0.135742 0.876953 0.00117302
4 0.978271 0.516113 0.043457 0.885742 0.0011692
9 0.958008 0.5271 0.0839844 0.945801 0.00115395
4 0.925049 0.490234 0.0991211 0.874023 0.00115108
4 0.71582 0.124695 0.139648 0.196899 0.00114632
2 0.162231 0.76123 0.0463867 0.197266 0.00104523
4 0.674805 0.486938 0.143555 0.905029 0.00102234
4 0.181549 0.472656 0.187683 0.84375 0.00102234
