4 0.39502 0.565186 0.179688 0.814941 0.0199738
2 0.322021 0.566406 0.065918 0.0605469 0.00780869
4 0.388428 0.603516 0.126953 0.683594 0.00722122
4 0.36377 0.463867 0.142578 0.538086 0.00462723
2 0.375488 0.855957 0.0429688 0.133789 0.00379944
4 0.354736 0.543579 0.184082 0.627686 0.0032177
2 0.378662 0.564575 0.195801 0.732178 0.00212288
2 0.32959 0.561523 0.0771484 0.09375 0.00158119
2 0.312256 0.574219 0.0717773 0.0478516 0.0011034
13 0.322021 0.566406 0.065918 0.0605469 0.00107765
4 0.957764 0.822021 0.0708008 0.355957 0.00102234
