2 0.675781 0.0428467 0.242188 0.0614014 0.854492
2 0.25 0.781738 0.0795898 0.172852 0.668945
2 0.449219 0.373779 0.15332 0.175781 0.500488
4 0.132446 0.212769 0.10376 0.213623 0.0574036
2 0.108185 0.120605 0.156677 0.019043 0.0447388
2 0.69043 0.0501862 0.25 0.096405 0.0406189
13 0.132324 0.212585 0.104004 0.202759 0.0184479
2 0.564941 0.0438995 0.454102 0.0667419 0.0161896
2 0.235596 0.765625 0.050293 0.148438 0.0140991
13 0.108185 0.120605 0.156677 0.019043 0.0119247
13 0.449341 0.373413 0.179443 0.209229 0.0107498
4 0.793945 0.472046 0.171875 0.784424 0.00971222
2 0.249756 0.77832 0.130371 0.181641 0.00927734
2 0.739746 0.0456696 0.237305 0.0539246 0.00901031
2 0.105469 0.12085 0.151123 0.0324707 0.00816345
4 0.101349 0.431641 0.126404 0.661133 0.00811768
3 0.0314331 0.513184 0.0628662 0.862305 0.00774384
2 0.880371 0.838379 0.178711 0.0292969 0.00741959
2 0.249512 0.77832 0.0839844 0.27832 0.00708771
13 0.25 0.78125 0.0800781 0.176758 0.00498199
14 0.132446 0.212769 0.10376 0.213623 0.00462341
13 0.677246 0.0419769 0.242188 0.0637512 0.00457382
4 0.12561 0.254211 0.123291 0.301147 0.00408554
2 0.436646 0.0401306 0.704834 0.0802612 0.00382805
4 0.135773 0.470093 0.164001 0.764893 0.00358391
2 0.478516 0.371704 0.246094 0.202881 0.00353241
1 0.801758 0.95166 0.287109 0.0419922 0.00347328
2 0.444336 0.372803 0.160156 0.281738 0.00270653
2 0.677246 0.0981445 0.230469 0.196289 0.00270271
9 0.673828 0.0415192 0.240234 0.0627136 0.0026722
4 0.0735779 0.429932 0.0896606 0.532715 0.00264549
3 0.0385742 0.493774 0.0771484 0.705811 0.00253868
1 0.688965 0.0458374 0.25293 0.0616455 0.00251961
2 0.624512 0.0394135 0.246094 0.0639954 0.00239182
2 0.0735779 0.429932 0.0896606 0.532715 0.002388
7 0.673828 0.0415192 0.240234 0.0627136 0.00229645
4 0.448486 0.374634 0.155762 0.193115 0.00226021
9 0.25 0.78125 0.0800781 0.176758 0.00218582
6 0.673828 0.0415192 0.240234 0.0627136 0.00217438
4 0.0794678 0.505859 0.158936 0.852539 0.00216293
15 0.673828 0.0415192 0.240234 0.0627136 0.00213051
4 0.676758 0.0427856 0.238281 0.0653076 0.00210571
5 0.673828 0.0415192 0.240234 0.0627136 0.00209045
11 0.673828 0.0415192 0.240234 0.0627136 0.00209045
16 0.673828 0.0415192 0.240234 0.0627136 0.0020752
12 0.673828 0.0415192 0.240234 0.0627136 0.0020752
10 0.673828 0.0415192 0.240234 0.0627136 0.00206757
3 0.673828 0.0415192 0.240234 0.0627136 0.00206757
18 0.673828 0.0415192 0.240234 0.0627136 0.00205803
17 0.673828 0.0415192 0.240234 0.0627136 0.00205803
0 0.673828 0.0415192 0.240234 0.0627136 0.00201797
14 0.675781 0.0426788 0.242188 0.0623474 0.00201607
8 0.673828 0.0415192 0.240234 0.0627136 0.00197792
4 0.25 0.78125 0.0800781 0.176758 0.00197601
19 0.673828 0.0415192 0.240234 0.0627136 0.00192738
2 0.13623 0.210815 0.0952148 0.194092 0.00186443
11 0.25 0.78125 0.0800781 0.176758 0.0017786
4 0.119385 0.192627 0.118408 0.154297 0.00169086
2 0.379883 0.0264893 0.736328 0.0529785 0.00161171
1 0.25 0.78125 0.0800781 0.176758 0.00160789
3 0.00617981 0.512695 0.0123596 0.901367 0.00160789
2 0.541504 0.367676 0.341797 0.181641 0.00156116
2 0.645508 0.0540771 0.288086 0.0657959 0.00150967
2 0.744141 0.0458832 0.144531 0.0591125 0.00149059
1 0.452759 0.370605 0.163818 0.179688 0.00142288
14 0.449219 0.373779 0.15332 0.175781 0.00141907
3 0.0518188 0.46875 0.103638 0.620117 0.00132179
2 0.694824 0.148071 0.250977 0.296143 0.00128269
4 0.387451 0.512573 0.246582 0.711182 0.00128078
1 0.64209 0.941406 0.603516 0.0527344 0.00122547
2 0.422729 0.498047 0.183838 0.597656 0.00117207
9 0.449219 0.373779 0.15332 0.175781 0.00115013
2 0.509277 0.0360107 0.47168 0.0720215 0.00113869
2 0.860352 0.837891 0.216797 0.0449219 0.0011282
14 0.250977 0.78125 0.0820312 0.172852 0.00109863
2 0.23291 0.777832 0.246582 0.191406 0.00107765
16 0.25 0.78125 0.0800781 0.176758 0.00106335
3 0.25 0.78125 0.0800781 0.176758 0.00105476
19 0.25 0.78125 0.0800781 0.176758 0.00101471
15 0.25 0.78125 0.0800781 0.176758 0.00101089
12 0.25 0.78125 0.0800781 0.176758 0.00100708
