2 0.479492 0.739746 0.350586 0.298828 0.880859
2 0.404785 0.674805 0.19043 0.160156 0.41333
2 0.584961 0.807129 0.139648 0.151367 0.112976
2 0.537964 0.807129 0.223877 0.167969 0.0980835
1 0.274536 0.966797 0.540771 0.0546875 0.0360718
13 0.666992 0.3125 0.0996094 0.11377 0.0358276
2 0.504395 0.777344 0.306641 0.208008 0.0332031
2 0.509277 0.679199 0.461914 0.219727 0.0209351
13 0.489258 0.73877 0.351562 0.286133 0.0179749
4 0.485352 0.73877 0.352539 0.289062 0.0124741
1 0.492188 0.738281 0.354492 0.298828 0.0121231
2 0.478027 0.740234 0.330078 0.186523 0.00684738
2 0.42688 0.707031 0.234131 0.25 0.00684738
2 0.665527 0.316406 0.0996094 0.116211 0.00651169
14 0.481445 0.739746 0.355469 0.310547 0.0063591
2 0.473145 0.677246 0.333984 0.170898 0.00621796
2 0.546753 0.734863 0.252197 0.335938 0.00603867
9 0.492188 0.738281 0.354492 0.298828 0.00511932
13 0.404419 0.674316 0.196045 0.162109 0.00418091
1 0.498901 0.966309 0.996338 0.0673828 0.00411224
16 0.481445 0.739746 0.355469 0.310547 0.00400543
4 0.904297 0.48938 0.0898438 0.700928 0.00387001
2 0.490845 0.965332 0.936279 0.0693359 0.00365257
7 0.481445 0.739746 0.355469 0.310547 0.00354958
3 0.494629 0.738281 0.34668 0.292969 0.00352097
19 0.481445 0.739746 0.355469 0.310547 0.00329781
10 0.479614 0.739258 0.361084 0.305664 0.00319672
5 0.484985 0.740723 0.364014 0.280273 0.00314713
18 0.494629 0.738281 0.34668 0.292969 0.00313377
8 0.479614 0.739258 0.361084 0.305664 0.00300407
11 0.494629 0.738281 0.34668 0.292969 0.0029335
6 0.484985 0.740723 0.364014 0.280273 0.00292015
0 0.481445 0.739746 0.355469 0.310547 0.00289154
17 0.481445 0.739746 0.355469 0.310547 0.0028801
15 0.483521 0.736816 0.363037 0.292969 0.00276184
12 0.484985 0.740723 0.364014 0.280273 0.00270462
4 0.915039 0.403564 0.0722656 0.505371 0.00208473
1 0.413086 0.960693 0.826172 0.059082 0.00169182
2 0.586914 0.773438 0.160156 0.269531 0.00153446
2 0.508789 0.821289 0.327148 0.12207 0.00136089
1 0.404419 0.674316 0.196045 0.162109 0.00133801
4 0.39624 0.679199 0.164551 0.171875 0.00128651
1 0.30603 0.953125 0.606689 0.0800781 0.00107288
2 0.589844 0.796387 0.243164 0.181641 0.00107098
2 0.393433 0.672852 0.183838 0.259766 0.00102139
