2 0.466553 0.773926 0.305176 0.248047 0.881348
13 0.470703 0.779785 0.299805 0.240234 0.0171051
4 0.465332 0.77832 0.293945 0.268555 0.0122147
14 0.469727 0.775879 0.307617 0.24707 0.00971222
2 0.359863 0.773926 0.081543 0.274414 0.00888824
1 0.465332 0.77832 0.293945 0.268555 0.00731277
9 0.466431 0.775879 0.291748 0.24707 0.0063324
2 0.387207 0.776855 0.125488 0.24707 0.00427628
3 0.470215 0.780762 0.305664 0.246094 0.00421906
19 0.466431 0.775879 0.291748 0.24707 0.00397491
7 0.469727 0.775879 0.307617 0.24707 0.00395203
16 0.479492 0.770508 0.302734 0.255859 0.00382042
8 0.466431 0.775879 0.291748 0.24707 0.00378036
18 0.468262 0.779785 0.314453 0.242188 0.00360107
11 0.466431 0.775879 0.291748 0.24707 0.00356483
17 0.466431 0.775879 0.291748 0.24707 0.00350952
6 0.466431 0.775879 0.291748 0.24707 0.00348473
10 0.479492 0.770508 0.302734 0.255859 0.00338554
0 0.470215 0.780762 0.305664 0.246094 0.00321388
5 0.465332 0.77832 0.293945 0.268555 0.0031662
12 0.479492 0.770508 0.302734 0.255859 0.00296593
15 0.468262 0.779785 0.314453 0.242188 0.00284195
4 0.043457 0.478394 0.0841064 0.824463 0.00251198
3 0.0332947 0.512329 0.0665894 0.914795 0.00214005
2 0.53418 0.77002 0.237305 0.239258 0.0013628
2 0.392578 0.989258 0.785156 0.0214844 0.00115108
