2 0.375977 0.130524 0.235352 0.187195 0.911133
2 0.249023 0.200195 0.0356445 0.120605 0.43042
13 0.376831 0.133789 0.227783 0.189453 0.0115814
2 0.373169 0.147583 0.238037 0.295166 0.0113449
13 0.250244 0.200745 0.0351562 0.118042 0.0103073
4 0.374146 0.132446 0.228271 0.208252 0.00821686
2 0.246338 0.199585 0.0786133 0.127686 0.00735092
4 0.94458 0.509766 0.0795898 0.910156 0.00511169
14 0.376465 0.133362 0.224609 0.208862 0.00449371
2 0.239746 0.197998 0.0429688 0.128418 0.00419235
1 0.376831 0.133789 0.227783 0.189453 0.00406647
9 0.376465 0.133362 0.224609 0.208862 0.00367737
16 0.376465 0.133362 0.224609 0.208862 0.00310135
10 0.374146 0.132446 0.228271 0.208252 0.00302696
14 0.249023 0.200195 0.0356445 0.120605 0.00301361
7 0.376465 0.133362 0.224609 0.208862 0.002985
8 0.374146 0.132446 0.228271 0.208252 0.00284576
5 0.376831 0.133789 0.227783 0.189453 0.0025444
11 0.375488 0.131042 0.242188 0.192993 0.00250435
19 0.374146 0.132446 0.228271 0.208252 0.00245667
3 0.376465 0.133362 0.224609 0.208862 0.00243187
12 0.374146 0.132446 0.228271 0.208252 0.00238991
17 0.374146 0.132446 0.228271 0.208252 0.00234413
0 0.376465 0.133362 0.224609 0.208862 0.00231171
15 0.376831 0.133789 0.227783 0.189453 0.00229836
18 0.376831 0.133789 0.227783 0.189453 0.00227165
6 0.374146 0.132446 0.228271 0.208252 0.00218582
9 0.249023 0.200195 0.0356445 0.120605 0.00170898
4 0.964111 0.5448 0.0717773 0.9104 0.00167751
4 0.0639343 0.537231 0.104553 0.894287 0.00166512
4 0.249023 0.201599 0.034668 0.120728 0.0014801
2 0.259521 0.196899 0.129883 0.134033 0.00109005
2 0.651245 0.0170898 0.69751 0.0341797 0.00103855
1 0.249023 0.200195 0.0356445 0.120605 0.0010376
