2 0.584473 0.560547 0.290039 0.71582 0.894531
2 0.540039 0.755371 0.205078 0.414062 0.247437
2 0.618652 0.386169 0.268555 0.469849 0.179199
2 0.583008 0.727539 0.291992 0.498047 0.110046
2 0.57312 0.577515 0.221924 0.528564 0.103821
4 0.584473 0.56543 0.296875 0.746094 0.0648193
2 0.602051 0.48584 0.230469 0.488281 0.0397034
2 0.54541 0.658569 0.238281 0.454346 0.0253601
2 0.642578 0.371582 0.177734 0.385742 0.0176697
2 0.512573 0.769531 0.123291 0.335938 0.0127411
4 0.043335 0.491211 0.0758057 0.848633 0.0123215
13 0.585449 0.553711 0.300781 0.742188 0.0107269
3 0.583008 0.567383 0.299805 0.745117 0.00844574
14 0.585449 0.553711 0.300781 0.742188 0.00775528
1 0.584473 0.55957 0.293945 0.75293 0.00647354
2 0.563477 0.463257 0.40625 0.690674 0.00534058
2 0.589722 0.490723 0.26001 0.301758 0.00505066
4 0.962891 0.521973 0.0742188 0.873047 0.00454712
2 0.577637 0.559082 0.248047 0.299805 0.00447464
2 0.962891 0.521973 0.0742188 0.873047 0.00415421
2 0.536255 0.757324 0.175537 0.201172 0.00358772
9 0.588379 0.555786 0.305664 0.763428 0.00351524
11 0.584106 0.549683 0.292725 0.732666 0.00324249
18 0.584473 0.55957 0.293945 0.75293 0.00305748
17 0.585449 0.553711 0.300781 0.742188 0.00283623
2 0.574219 0.726074 0.209961 0.242188 0.00279808
6 0.584473 0.55957 0.293945 0.75293 0.00273132
15 0.588379 0.555786 0.305664 0.763428 0.00263596
0 0.584473 0.55957 0.293945 0.75293 0.00262833
19 0.584473 0.55957 0.293945 0.75293 0.00260735
7 0.584473 0.55957 0.293945 0.75293 0.00258636
5 0.588379 0.555786 0.305664 0.763428 0.00256348
8 0.588379 0.555786 0.305664 0.763428 0.00255394
16 0.588379 0.555786 0.305664 0.763428 0.00251579
10 0.585449 0.553711 0.300781 0.742188 0.00243759
4 0.618164 0.41333 0.257812 0.550293 0.00240898
2 0.572754 0.678223 0.255859 0.298828 0.00234413
12 0.585449 0.553711 0.300781 0.742188 0.00228882
3 0.0276489 0.515625 0.0552979 0.921875 0.00221825
2 0.615723 0.384277 0.251953 0.202148 0.00219154
4 0.552856 0.723145 0.232178 0.442383 0.00217247
3 0 0.512451 0 0.975098 0.00193977
3 0.540039 0.755371 0.205078 0.414062 0.00175285
2 0.445312 0.971191 0.890625 0.0576172 0.00164032
4 0.064621 0.497192 0.0738831 0.798584 0.00159073
2 0.573242 0.598145 0.188477 0.240234 0.00139713
2 0.499023 0.696289 0.146484 0.485352 0.00119209
2 0.488892 0.749512 0.106201 0.351562 0.00117683
2 0.658203 0.548218 0.351562 0.784424 0.00116348
4 0.544922 0.603638 0.272461 0.523193 0.0011549
2 0.498047 0.604126 0.233398 0.567139 0.00109482
2 0.0449677 0.512817 0.0765686 0.845459 0.00104618
