2 0.612305 0.239258 0.0517578 0.345215 0.844727
2 0.102783 0.865967 0.0966797 0.229004 0.0755005
2 0.606445 0.245361 0.0869141 0.337891 0.0632935
2 0.629883 0.241882 0.0507812 0.367798 0.0277252
3 0.618652 0.244202 0.0458984 0.380737 0.018158
4 0.615234 0.241455 0.0517578 0.373535 0.0167236
4 0.0428619 0.457031 0.0656433 0.796875 0.0137558
2 0.0706177 0.884277 0.0701904 0.166992 0.0129852
2 0.0733643 0.892578 0.0412598 0.1875 0.008461
13 0.613281 0.239746 0.0517578 0.37793 0.00650406
2 0.628906 0.243896 0.104492 0.367188 0.00622559
9 0.617676 0.243164 0.046875 0.375488 0.00532532
2 0.618164 0.244629 0.0742188 0.202148 0.0050354
14 0.617676 0.243164 0.046875 0.375488 0.00448608
4 0.956787 0.54187 0.0864258 0.91626 0.0042572
3 0.0288391 0.512207 0.0576782 0.930664 0.00352097
2 0.585449 0.246826 0.0908203 0.360352 0.00342369
3 0.615234 0.245117 0.0722656 0.327148 0.00298882
3 0 0.500488 0 0.999023 0.00295067
2 0.0798645 0.872559 0.0648804 0.225586 0.00289154
11 0.613281 0.239746 0.0517578 0.37793 0.00265121
2 0.598633 0.240967 0.113281 0.239258 0.00256538
4 0.610352 0.245361 0.0830078 0.337891 0.00255203
5 0.614258 0.243164 0.0576172 0.403809 0.00248528
12 0.613281 0.239746 0.0517578 0.37793 0.00230408
4 0.060791 0.480103 0.090332 0.822998 0.00226402
17 0.615234 0.244141 0.0585938 0.383301 0.00224495
16 0.613281 0.239746 0.0517578 0.37793 0.00212288
1 0.617188 0.245422 0.046875 0.379272 0.00211716
7 0.613281 0.239746 0.0517578 0.37793 0.00207329
0 0.617188 0.245422 0.046875 0.379272 0.00202751
8 0.613281 0.239746 0.0517578 0.37793 0.00193405
19 0.615234 0.244141 0.0585938 0.383301 0.00189114
10 0.615234 0.241455 0.0517578 0.373535 0.00183868
15 0.615234 0.241455 0.0517578 0.373535 0.00179577
2 0.114594 0.758301 0.0945435 0.473633 0.0016346
4 0.100861 0.875732 0.0917358 0.217285 0.00152111
13 0.103394 0.843262 0.098877 0.24707 0.00149632
6 0.613281 0.239746 0.0517578 0.37793 0.00141525
4 0 0.522949 0 0.938477 0.00118065
13 0.611816 0.242126 0.0810547 0.341919 0.0011301
3 0.0334625 0.453491 0.0595398 0.800049 0.00110245
18 0.617188 0.245422 0.046875 0.379272 0.00109959
2 0.126587 0.876709 0.157471 0.221191 0.00106239
4 0.0554199 0.507935 0.11084 0.950928 0.00103951
2 0.077179 0.850586 0.0443726 0.113281 0.00102139
