2 0.481445 0.211243 0.271484 0.083374 0.893066
2 0.51709 0.204651 0.399414 0.0819092 0.0159149
3 0.969971 0.565918 0.0600586 0.77832 0.0085907
13 0.477051 0.208496 0.290039 0.0849609 0.00572205
2 0.473145 0.168823 0.265625 0.243896 0.00326347
2 0.958496 0.934814 0.0830078 0.10498 0.00301552
4 0.473145 0.207031 0.290039 0.0834961 0.0030098
9 0.477051 0.208496 0.290039 0.0849609 0.00300217
3 0.960205 0.544434 0.0795898 0.911133 0.00293159
14 0.473145 0.207031 0.290039 0.0834961 0.00261688
7 0.477051 0.208496 0.290039 0.0849609 0.00258827
15 0.477051 0.208496 0.290039 0.0849609 0.00251007
16 0.477051 0.208496 0.290039 0.0849609 0.00247002
10 0.477051 0.208496 0.290039 0.0849609 0.00245094
6 0.477051 0.208496 0.290039 0.0849609 0.00236702
12 0.477051 0.208496 0.290039 0.0849609 0.00234032
5 0.477051 0.208496 0.290039 0.0849609 0.00232124
11 0.485352 0.210571 0.28125 0.0822754 0.00230598
3 0.477051 0.208496 0.290039 0.0849609 0.00230217
1 0.477051 0.208496 0.290039 0.0849609 0.00230217
17 0.477051 0.208496 0.290039 0.0849609 0.00230217
0 0.477051 0.208496 0.290039 0.0849609 0.0022583
8 0.477051 0.208496 0.290039 0.0849609 0.0022316
18 0.483887 0.2099 0.272461 0.0821533 0.00222397
19 0.477051 0.208496 0.290039 0.0849609 0.00218964
4 0.966064 0.586426 0.0678711 0.801758 0.00208092
2 0.475586 0.261169 0.270508 0.323364 0.00186539
4 0 0.505127 0 0.989746 0.00152016
2 0.475098 0.187744 0.296875 0.10498 0.00107288
