2 0.551392 0.221985 0.412842 0.172241 0.876465
2 0.376709 0.150513 0.0913086 0.139404 0.514648
13 0.383789 0.155182 0.0898438 0.132019 0.297607
2 0.529297 0.177277 0.461914 0.223572 0.108643
2 0.854004 0.786621 0.03125 0.133789 0.0304565
2 0.683594 0.174683 0.133789 0.0649414 0.0230103
2 0.551392 0.241882 0.406982 0.294556 0.0112839
2 0.379639 0.16095 0.097168 0.242554 0.00919342
2 0.852539 0.773926 0.0429688 0.174805 0.00906372
2 0.501465 0.241943 0.328125 0.125 0.00814819
13 0.54541 0.222656 0.411133 0.176758 0.0075531
14 0.383057 0.155518 0.0942383 0.124756 0.00606918
2 0.364746 0.151306 0.208008 0.1427 0.00580978
4 0.376709 0.153381 0.0947266 0.144409 0.00494766
2 0.55127 0.203247 0.310547 0.140869 0.00484467
4 0.546753 0.221924 0.406494 0.177246 0.00435257
3 0.96875 0.56311 0.0625 0.787842 0.00354004
1 0.376709 0.153381 0.0947266 0.144409 0.00302505
14 0.547852 0.219482 0.395508 0.17334 0.00287819
2 0.312744 0.0288391 0.51416 0.0379028 0.00285339
13 0.39502 0.166077 0.131348 0.149292 0.00260735
9 0.54541 0.222656 0.411133 0.176758 0.0025444
1 0.885254 0.0856934 0.0498047 0.0874023 0.00251579
9 0.376709 0.153381 0.0947266 0.144409 0.00240517
1 0.54541 0.222656 0.411133 0.176758 0.00230026
2 0.885254 0.0856934 0.0498047 0.0874023 0.00220299
6 0.547852 0.219482 0.395508 0.17334 0.00194359
14 0.248535 0.504883 0.0449219 0.0351562 0.00190067
7 0.54541 0.222656 0.411133 0.176758 0.00186348
11 0.549927 0.221924 0.404053 0.171387 0.0018549
8 0.549927 0.221924 0.404053 0.171387 0.00182533
12 0.547852 0.219482 0.395508 0.17334 0.0018034
0 0.547852 0.219482 0.395508 0.17334 0.0018034
10 0.547852 0.219482 0.395508 0.17334 0.00179672
15 0.54541 0.222656 0.411133 0.176758 0.00179195
16 0.54541 0.222656 0.411133 0.176758 0.00179195
19 0.549927 0.221924 0.404053 0.171387 0.00172806
3 0.54541 0.222656 0.411133 0.176758 0.00172234
17 0.54541 0.222656 0.411133 0.176758 0.00171566
5 0.54541 0.222656 0.411133 0.176758 0.00171566
18 0.54541 0.222656 0.411133 0.176758 0.00165749
13 0.364746 0.151306 0.208008 0.1427 0.00153351
3 0.377197 0.150757 0.097168 0.135498 0.00151825
11 0.377197 0.150757 0.097168 0.135498 0.00144386
2 0.388184 0.166107 0.128418 0.153625 0.00134468
0 0.377441 0.151367 0.0942383 0.143066 0.00121212
3 0.960449 0.552124 0.0791016 0.895752 0.00120926
13 0.854004 0.786621 0.03125 0.133789 0.00111961
2 0.850586 0.76123 0.0332031 0.0791016 0.00110531
2 0.634277 0.209229 0.381836 0.145508 0.00109482
8 0.383057 0.155518 0.0942383 0.124756 0.00101948
15 0.377197 0.150757 0.097168 0.135498 0.00100803
4 0.551392 0.241882 0.406982 0.294556 0.00100136
