2 0.387207 0.431152 0.203125 0.230469 0.907715
2 0.92749 0.155762 0.0864258 0.0361328 0.139648
13 0.390625 0.430664 0.209961 0.223633 0.0211792
4 0.387451 0.431274 0.202637 0.231201 0.0130081
14 0.387451 0.431274 0.202637 0.231201 0.0119095
2 0.928467 0.14624 0.0864258 0.0351562 0.0103073
2 0.926758 0.163086 0.0830078 0.0668945 0.010025
1 0.387695 0.430176 0.196289 0.24707 0.00887299
9 0.387451 0.431274 0.202637 0.231201 0.00685501
3 0.38916 0.430542 0.211914 0.233643 0.00515366
16 0.387451 0.431274 0.202637 0.231201 0.00458145
8 0.387451 0.431274 0.202637 0.231201 0.00435638
17 0.387451 0.431274 0.202637 0.231201 0.00422287
7 0.387451 0.431274 0.202637 0.231201 0.00417328
18 0.38916 0.430542 0.211914 0.233643 0.00411224
19 0.387451 0.431274 0.202637 0.231201 0.0038929
11 0.38916 0.430542 0.211914 0.233643 0.00382042
5 0.387695 0.430176 0.196289 0.24707 0.00378609
10 0.387695 0.430176 0.196289 0.24707 0.00377083
0 0.38916 0.430542 0.211914 0.233643 0.0036602
6 0.387451 0.431274 0.202637 0.231201 0.00365639
12 0.387695 0.430176 0.196289 0.24707 0.00346375
15 0.389771 0.429199 0.210693 0.234375 0.00319481
13 0.92749 0.152588 0.0864258 0.0341797 0.00293732
3 0.965088 0.600098 0.0698242 0.799805 0.00263023
2 0.884766 0.151611 0.191406 0.0393066 0.00217819
2 0.959717 0.822266 0.0805664 0.314453 0.0018959
2 0.924316 0.178223 0.0947266 0.0717773 0.00163841
4 0.966309 0.555908 0.0673828 0.872559 0.00125885
2 0.451904 0.425781 0.275879 0.251953 0.00117779
2 0.979248 0.806885 0.0395508 0.351074 0.00115013
3 0.0384521 0.510376 0.0769043 0.979248 0.0011158
3 0 0.5 0 1 0.00108433
