2 0.586914 0.300598 0.0566406 0.253296 0.82666
2 0.471802 0.0998535 0.0769043 0.106445 0.726074
2 0.578125 0.308838 0.0898438 0.248047 0.0560303
2 0.460205 0.0958252 0.134277 0.107422 0.0284119
13 0.467896 0.0977783 0.079834 0.100586 0.0147095
13 0.585938 0.305481 0.0625 0.241577 0.0127182
4 0.585938 0.305725 0.0556641 0.264526 0.0122986
4 0.044754 0.459717 0.0813904 0.812012 0.0114288
2 0.59375 0.302795 0.0869141 0.199097 0.0105743
3 0.585938 0.305725 0.0556641 0.264526 0.00862122
9 0.585938 0.305725 0.0556641 0.264526 0.00574493
14 0.585938 0.305725 0.0556641 0.264526 0.00493622
4 0.960449 0.546997 0.0791016 0.857178 0.00442505
2 0.467529 0.116577 0.0932617 0.233154 0.0042572
2 0.458862 0.0987549 0.224854 0.111572 0.00415802
4 0.586426 0.304932 0.0800781 0.215332 0.00406647
3 0.586426 0.304932 0.0800781 0.215332 0.00364113
4 0.0487061 0.512695 0.0974121 0.96875 0.00351715
1 0.586426 0.304138 0.0537109 0.274536 0.00306511
5 0.586426 0.304138 0.0537109 0.274536 0.0029335
2 0.457275 0.0924683 0.0678711 0.101929 0.00286674
11 0.585938 0.305725 0.0556641 0.264526 0.00273323
17 0.585938 0.305725 0.0556641 0.264526 0.00256729
10 0.586426 0.304138 0.0537109 0.274536 0.00250244
7 0.585938 0.305725 0.0556641 0.264526 0.00243187
16 0.585938 0.305725 0.0556641 0.264526 0.00243187
19 0.585938 0.305725 0.0556641 0.264526 0.00243187
4 0.470337 0.098877 0.0749512 0.101318 0.00234413
12 0.586426 0.304138 0.0537109 0.274536 0.00233269
8 0.585938 0.305725 0.0556641 0.264526 0.00229263
0 0.586426 0.304138 0.0537109 0.274536 0.00218391
15 0.586426 0.304138 0.0537109 0.274536 0.00216675
14 0.469116 0.0974121 0.0812988 0.0981445 0.0021534
1 0.470337 0.098877 0.0749512 0.101318 0.00215149
4 0.0369263 0.511353 0.0738525 0.965576 0.00214577
9 0.470337 0.098877 0.0749512 0.101318 0.00206947
11 0.471191 0.0992737 0.0771484 0.105164 0.00203705
4 0.973633 0.544922 0.0527344 0.904297 0.00192928
6 0.585938 0.305725 0.0556641 0.264526 0.0018158
2 0.578125 0.306641 0.25 0.244629 0.00160408
9 0.586426 0.304932 0.0800781 0.215332 0.00156593
2 0.118927 0.879883 0.153748 0.0332031 0.00154877
16 0.471191 0.0992737 0.0771484 0.105164 0.00151539
2 0.493652 0.098999 0.131836 0.107666 0.00146675
14 0.586426 0.304932 0.0800781 0.215332 0.00146103
8 0.470337 0.098877 0.0749512 0.101318 0.00140762
12 0.470337 0.098877 0.0749512 0.101318 0.00139046
19 0.470337 0.098877 0.0749512 0.101318 0.00130177
0 0.470337 0.098877 0.0749512 0.101318 0.00127697
5 0.470337 0.098877 0.0749512 0.101318 0.00124741
7 0.471191 0.0992737 0.0771484 0.105164 0.00123692
15 0.471191 0.0992737 0.0771484 0.105164 0.00120926
3 0.46875 0.0979004 0.0927734 0.10376 0.00118542
6 0.471191 0.0992737 0.0771484 0.105164 0.00113583
18 0.586426 0.304138 0.0537109 0.274536 0.0011301
13 0.170288 0.879883 0.267822 0.03125 0.00111008
2 0.597168 0.300842 0.131836 0.2948 0.00110435
4 0.0650482 0.463623 0.0898743 0.769043 0.00103092
17 0.471191 0.0992737 0.0771484 0.105164 0.00102615
