2 0.445801 0.279541 0.693359 0.0717773 0.885254
2 0.443604 0.299072 0.70166 0.0854492 0.00788116
13 0.439331 0.280029 0.689697 0.0761719 0.00371361
2 0.437927 0.28418 0.456177 0.0771484 0.00268173
4 0.0455322 0.550293 0.0622559 0.756836 0.00216293
9 0.439331 0.280029 0.689697 0.0761719 0.00214577
10 0.439331 0.280029 0.689697 0.0761719 0.00211906
11 0.439331 0.280029 0.689697 0.0761719 0.00207138
1 0.443359 0.280518 0.683594 0.0761719 0.00205612
7 0.439331 0.280029 0.689697 0.0761719 0.00205421
12 0.439331 0.280029 0.689697 0.0761719 0.00204659
19 0.443359 0.280518 0.683594 0.0761719 0.00204086
2 0.445679 0.247314 0.675049 0.199707 0.00203705
16 0.439331 0.280029 0.689697 0.0761719 0.00201607
18 0.439331 0.280029 0.689697 0.0761719 0.00201607
15 0.439331 0.280029 0.689697 0.0761719 0.00200844
17 0.439331 0.280029 0.689697 0.0761719 0.0019989
8 0.439331 0.280029 0.689697 0.0761719 0.00199127
6 0.439331 0.280029 0.689697 0.0761719 0.00198364
5 0.439331 0.280029 0.689697 0.0761719 0.00197601
0 0.439331 0.280029 0.689697 0.0761719 0.00196838
3 0.442383 0.279541 0.681641 0.0786133 0.00188637
14 0.442383 0.279541 0.681641 0.0786133 0.00188637
4 0.432861 0.282959 0.711426 0.0688477 0.00188255
2 0.441895 0.311279 0.662109 0.228516 0.00177765
2 0.453613 0.256836 0.71875 0.109375 0.00135899
4 0.0453644 0.723267 0.0557556 0.553467 0.0012846
4 0.964844 0.741211 0.0625 0.517578 0.00123024
2 0.432373 0.275024 0.567871 0.541748 0.00120068
2 0.325317 0.277832 0.644287 0.0507812 0.00106621
