2 0.434082 0.634766 0.112305 0.222656 0.876465
2 0.416992 0.641113 0.217773 0.233398 0.0258331
13 0.437012 0.640625 0.112305 0.212891 0.0157623
4 0.433105 0.641113 0.105469 0.208984 0.0151062
3 0.433228 0.637695 0.11499 0.235352 0.00771713
4 0.957031 0.259521 0.0488281 0.436035 0.00743866
4 0.0444946 0.490723 0.0693359 0.84082 0.00722504
9 0.433228 0.637695 0.11499 0.235352 0.00661469
14 0.433716 0.637207 0.115967 0.228516 0.0062027
1 0.433228 0.637695 0.11499 0.235352 0.00575256
4 0.95459 0.542114 0.0810547 0.915771 0.0049057
2 0.427246 0.605957 0.0839844 0.163086 0.00381851
10 0.433228 0.637695 0.11499 0.235352 0.00375366
7 0.433716 0.637207 0.115967 0.228516 0.00358582
8 0.433228 0.637695 0.11499 0.235352 0.00335312
16 0.433228 0.637695 0.11499 0.235352 0.00330162
4 0.0743256 0.508301 0.0923157 0.950195 0.00324059
4 0.947266 0.305969 0.0566406 0.480835 0.00316048
19 0.433716 0.637207 0.115967 0.228516 0.00314331
11 0.433716 0.637207 0.115967 0.228516 0.00298691
17 0.433716 0.637207 0.115967 0.228516 0.00297546
6 0.433716 0.637207 0.115967 0.228516 0.00290871
0 0.433716 0.637207 0.115967 0.228516 0.00287437
5 0.433716 0.637207 0.115967 0.228516 0.00268936
12 0.433716 0.637207 0.115967 0.228516 0.00256729
15 0.433228 0.637695 0.11499 0.235352 0.00235176
18 0.437012 0.640625 0.112305 0.212891 0.00224686
3 0.970459 0.539673 0.059082 0.852295 0.0021801
3 0.0268555 0.514526 0.0537109 0.957275 0.00207901
4 0.97583 0.243103 0.0405273 0.46106 0.00189686
4 0.940918 0.456421 0.0830078 0.792236 0.00146675
4 0.984131 0.243408 0.0317383 0.460449 0.00142956
4 0.956543 0.525757 0.0498047 0.768799 0.00141144
4 0.962402 0.693726 0.0595703 0.612549 0.00127411
4 0.0404053 0.504639 0.0808105 0.990723 0.00121021
3 0 0.5 0 1 0.00120449
4 0 0.5 0 1 0.00108719
4 0.93457 0.26062 0.0673828 0.426025 0.00101089
