2 0.696289 0.618164 0.205078 0.268555 0.888672
3 0.0430908 0.479126 0.0861816 0.86792 0.429443
2 0.827637 0.780762 0.0439453 0.270508 0.2323
3 0.959473 0.49707 0.0810547 0.875977 0.195068
13 0.694336 0.617676 0.192383 0.270508 0.0193634
4 0.693848 0.615723 0.206055 0.280273 0.0187683
14 0.693848 0.617676 0.203125 0.279297 0.011734
4 0.0435791 0.449463 0.0871582 0.858887 0.00945282
2 0.959229 0.47644 0.081543 0.845947 0.00817108
1 0.696289 0.614258 0.217773 0.267578 0.00759888
2 0.0430908 0.479126 0.0861816 0.86792 0.00727081
3 0.695312 0.617188 0.208008 0.277344 0.00621033
9 0.693848 0.617676 0.203125 0.279297 0.00613022
3 0 0.487305 0 0.974609 0.00499725
18 0.695312 0.617188 0.208008 0.277344 0.0038681
11 0.695312 0.617188 0.208008 0.277344 0.00370598
13 0.827637 0.780762 0.0439453 0.270508 0.00351143
8 0.693848 0.615723 0.206055 0.280273 0.00350761
7 0.695312 0.617188 0.208008 0.277344 0.00346756
0 0.695312 0.617188 0.208008 0.277344 0.00346756
16 0.695312 0.617188 0.208008 0.277344 0.00345421
4 0.959473 0.49707 0.0810547 0.875977 0.00345039
6 0.693848 0.615723 0.206055 0.280273 0.00333595
19 0.695312 0.617188 0.208008 0.277344 0.00331116
17 0.698242 0.616699 0.191406 0.28418 0.00327873
9 0.0430908 0.479126 0.0861816 0.86792 0.00325584
10 0.697266 0.615234 0.19043 0.295898 0.00320435
4 0.827637 0.780762 0.0439453 0.270508 0.00319099
5 0.696289 0.614258 0.217773 0.267578 0.00313568
15 0.696777 0.615723 0.209961 0.277344 0.00306129
12 0.695312 0.617188 0.208008 0.277344 0.00292397
14 0.0430908 0.479126 0.0861816 0.86792 0.00261116
3 0.0241394 0.454834 0.0482788 0.909668 0.00253105
4 0 0.474365 0 0.94873 0.00250626
3 0.0357056 0.48645 0.0714111 0.536865 0.00250053
1 0.0430908 0.479126 0.0861816 0.86792 0.002491
2 0.844727 0.785156 0.100586 0.225586 0.00214195
9 0.959473 0.49707 0.0810547 0.875977 0.00163174
2 0.831055 0.73584 0.0419922 0.197266 0.00160122
1 0.959473 0.49707 0.0810547 0.875977 0.00148678
14 0.959473 0.49707 0.0810547 0.875977 0.00145245
2 0.838379 0.769531 0.0517578 0.229492 0.00142002
17 0.0430908 0.479126 0.0861816 0.86792 0.00135803
7 0.0430908 0.479126 0.0861816 0.86792 0.00135326
4 0.151154 0.116486 0.127869 0.220642 0.0013504
8 0.0430908 0.479126 0.0861816 0.86792 0.00132179
18 0.0430908 0.479126 0.0861816 0.86792 0.00130558
2 0.813477 0.791992 0.0791016 0.282227 0.001297
0 0.0430908 0.479126 0.0861816 0.86792 0.00128078
4 0.195801 0.111481 0.125 0.215027 0.00125504
16 0.0430908 0.479126 0.0861816 0.86792 0.00114918
11 0.0430908 0.479126 0.0861816 0.86792 0.00113964
2 0.689453 0.554199 0.214844 0.292969 0.00112629
15 0.0430908 0.479126 0.0861816 0.86792 0.00111389
19 0.0430908 0.479126 0.0861816 0.86792 0.00110912
10 0.0430908 0.479126 0.0861816 0.86792 0.00110435
12 0.0430908 0.479126 0.0861816 0.86792 0.00107956
6 0.0430908 0.479126 0.0861816 0.86792 0.00105381
5 0.0430908 0.479126 0.0861816 0.86792 0.00104141
13 0.0430908 0.479126 0.0861816 0.86792 0.00103855
3 0 0.474365 0 0.94873 0.00102043
2 0.825195 0.77002 0.0820312 0.195312 0.00101471
