2 0.464844 0.214233 0.255859 0.261475 0.860352
2 0.435913 0.189941 0.205322 0.201172 0.466309
2 0.541016 0.214417 0.102539 0.298706 0.1521
2 0.824707 0.321167 0.0556641 0.302979 0.118286
13 0.459961 0.214905 0.268555 0.244019 0.0198212
2 0.553223 0.209595 0.0625 0.319092 0.0111771
4 0.46228 0.212708 0.274658 0.264038 0.00990295
1 0.460083 0.211487 0.273193 0.261597 0.00853729
14 0.463989 0.215698 0.257568 0.263428 0.00782776
9 0.463989 0.215698 0.257568 0.263428 0.00601959
4 0.958984 0.698364 0.0605469 0.548584 0.0056839
3 0.461914 0.216187 0.264648 0.272217 0.00440216
16 0.463989 0.215698 0.257568 0.263428 0.0042305
4 0.82373 0.319458 0.0585938 0.30249 0.00421143
8 0.46582 0.215881 0.259766 0.269409 0.00383568
18 0.461914 0.216187 0.264648 0.272217 0.00374031
19 0.46582 0.215881 0.259766 0.269409 0.00369263
7 0.463989 0.215698 0.257568 0.263428 0.00368118
10 0.46582 0.215881 0.259766 0.269409 0.0036068
17 0.46582 0.215881 0.259766 0.269409 0.0036068
5 0.459961 0.214905 0.268555 0.244019 0.00340843
11 0.461914 0.216187 0.264648 0.272217 0.00339508
6 0.46582 0.215881 0.259766 0.269409 0.00338936
0 0.461914 0.216187 0.264648 0.272217 0.00322723
12 0.459961 0.214905 0.268555 0.244019 0.00290489
15 0.460083 0.211487 0.273193 0.261597 0.00286865
13 0.541016 0.214417 0.102539 0.298706 0.00282288
4 0.0736694 0.495239 0.107788 0.812256 0.0026207
13 0.424927 0.182648 0.189209 0.200623 0.00240517
2 0.535156 0.222168 0.171875 0.297852 0.00236702
4 0.959717 0.512573 0.0805664 0.931885 0.00192547
4 0.434326 0.189941 0.200684 0.211914 0.00158119
2 0.822754 0.315674 0.0791016 0.35791 0.0014286
3 0.822266 0.321655 0.0537109 0.296143 0.00138378
4 0.552246 0.213013 0.0800781 0.3396 0.00126743
13 0.824707 0.321167 0.0556641 0.302979 0.00120926
9 0.435913 0.189941 0.205322 0.201172 0.00115204
1 0.434326 0.189941 0.200684 0.211914 0.00106239
