2 0.438477 0.674805 0.296875 0.469727 0.922852
2 0.458862 0.601074 0.236572 0.375977 0.206177
4 0.43811 0.674316 0.303467 0.490234 0.0288849
13 0.445068 0.664429 0.285645 0.471924 0.0162201
2 0.438965 0.666992 0.290039 0.259766 0.0131302
4 0.0423584 0.483887 0.0700684 0.833008 0.010025
14 0.453125 0.660645 0.285156 0.474609 0.00849152
1 0.438232 0.664185 0.304199 0.5271 0.00734711
3 0.445068 0.664429 0.282715 0.471924 0.00664139
9 0.447998 0.661011 0.282715 0.476807 0.00533295
3 0.0339661 0.481812 0.0679321 0.903564 0.00525284
4 0.956787 0.514038 0.0844727 0.925049 0.00457001
3 0.0423584 0.483887 0.0700684 0.833008 0.00453949
3 0.00202942 0.47998 0.00405884 0.959961 0.00439453
2 0.421631 0.988281 0.843262 0.0234375 0.00416183
2 0.458374 0.599121 0.229736 0.201172 0.0037117
18 0.445068 0.664429 0.282715 0.471924 0.00368118
11 0.445068 0.664429 0.285645 0.471924 0.00357628
0 0.445068 0.664429 0.285645 0.471924 0.00351143
16 0.445068 0.664429 0.282715 0.471924 0.00340462
4 0.0481567 0.481934 0.0963135 0.963867 0.00336456
19 0.445068 0.664429 0.282715 0.471924 0.00320053
7 0.445068 0.664429 0.282715 0.471924 0.00316429
6 0.445068 0.664429 0.282715 0.471924 0.00310135
17 0.453125 0.660645 0.285156 0.474609 0.00309563
8 0.447998 0.661011 0.282715 0.476807 0.0030365
10 0.445068 0.664429 0.282715 0.471924 0.00303078
15 0.445068 0.664429 0.282715 0.471924 0.00291634
12 0.445068 0.664429 0.285645 0.471924 0.00290108
2 0.40686 0.73584 0.233154 0.37793 0.0028038
5 0.452148 0.663574 0.286133 0.472656 0.00273323
4 0.459595 0.601074 0.247803 0.402344 0.0022068
2 0.504883 0.960693 0.943359 0.0786133 0.00203514
2 0.0423584 0.483887 0.0700684 0.833008 0.00114441
14 0.45166 0.654785 0.240234 0.321289 0.00100994
