2 0.376465 0.798828 0.0957031 0.275391 0.928223
2 0.388672 0.800293 0.172852 0.254883 0.0192108
13 0.378906 0.79834 0.0991211 0.241211 0.0135956
4 0.376221 0.799805 0.0957031 0.274414 0.0129395
3 0.37915 0.800293 0.0957031 0.249023 0.00827789
14 0.587891 0.168091 0.0488281 0.032959 0.00827789
3 0.963135 0.563232 0.0737305 0.834473 0.00812531
9 0.376221 0.799805 0.0957031 0.274414 0.00688934
3 0 0.51416 0 0.961914 0.00664139
3 0.029541 0.515625 0.059082 0.879883 0.00638962
4 0.947754 0.491577 0.104492 0.928955 0.0062561
14 0.376465 0.798828 0.0957031 0.275391 0.00588608
4 0.968262 0.483398 0.0634766 0.855469 0.0057106
4 0.952393 0.513184 0.081543 0.874023 0.00390434
1 0.380859 0.796875 0.111328 0.261719 0.00356102
2 0.589844 0.16626 0.0458984 0.0302734 0.00350952
4 0.045578 0.487915 0.0741272 0.850342 0.00310326
3 0.947754 0.491577 0.104492 0.928955 0.00302315
10 0.374023 0.796387 0.0908203 0.303711 0.00300026
8 0.374023 0.796387 0.0908203 0.303711 0.00287437
5 0.374023 0.796387 0.0908203 0.303711 0.00280952
7 0.374023 0.796387 0.0908203 0.303711 0.00271225
16 0.376221 0.799805 0.0957031 0.274414 0.00267029
11 0.376465 0.798828 0.0957031 0.275391 0.00264168
17 0.375977 0.79834 0.0942383 0.291992 0.00257874
19 0.375977 0.79834 0.0942383 0.291992 0.00256729
0 0.374023 0.796387 0.0908203 0.303711 0.00246048
12 0.374023 0.796387 0.0908203 0.303711 0.0024128
6 0.376465 0.798828 0.0957031 0.275391 0.00227737
3 0.0471191 0.523315 0.0942383 0.851807 0.00226784
18 0.378906 0.79834 0.0991211 0.241211 0.00221634
2 0.369812 0.802246 0.359985 0.282227 0.00221443
2 0.361572 0.789551 0.148926 0.322266 0.00218582
15 0.374023 0.796387 0.0908203 0.303711 0.00200844
4 0 0.539429 0 0.921143 0.00190544
4 0.979248 0.5177 0.0415039 0.939209 0.00168991
4 0.963135 0.563232 0.0737305 0.834473 0.001688
2 0.977539 0.807617 0.0390625 0.384766 0.00165653
4 0.0565186 0.512939 0.113037 0.919434 0.00152111
