2 0.521973 0.318848 0.164062 0.169922 0.880371
1 0.648438 0.955078 0.584961 0.0644531 0.0426636
2 0.540649 0.318359 0.280029 0.195801 0.0393372
2 0.519531 0.322388 0.176758 0.347412 0.0131073
1 0.569214 0.961182 0.861572 0.0776367 0.00975037
13 0.519531 0.31665 0.164062 0.18457 0.00741577
4 0.519409 0.316406 0.1604 0.185547 0.00514221
1 0.531738 0.0724945 0.936523 0.0984192 0.00285339
4 0.652832 0.658569 0.12207 0.594971 0.00258446
3 0.967041 0.519897 0.065918 0.770752 0.0025444
1 0.769775 0.959961 0.460449 0.0625 0.002285
14 0.519409 0.316406 0.1604 0.185547 0.00226402
9 0.519531 0.31665 0.164062 0.18457 0.0022583
11 0.525024 0.319092 0.161865 0.17627 0.00221443
1 0.519531 0.31665 0.164062 0.18457 0.00217247
3 0.521484 0.316406 0.158203 0.171875 0.00216293
1 0.599243 0.943359 0.801514 0.0800781 0.00175858
5 0.519531 0.31665 0.164062 0.18457 0.00156879
3 0.948242 0.510742 0.103516 0.855469 0.00156784
10 0.519531 0.31665 0.164062 0.18457 0.00156212
8 0.519531 0.31665 0.164062 0.18457 0.0015316
19 0.520508 0.315186 0.149414 0.175781 0.00152397
16 0.525024 0.319092 0.161865 0.17627 0.00148869
15 0.519531 0.31665 0.164062 0.18457 0.00146198
12 0.519409 0.316406 0.1604 0.185547 0.00144863
7 0.519531 0.31665 0.164062 0.18457 0.00143337
2 0.649414 0.533203 0.164062 0.738281 0.00139904
18 0.519531 0.31665 0.164062 0.18457 0.00139523
17 0.519531 0.31665 0.164062 0.18457 0.00135803
6 0.519409 0.316406 0.1604 0.185547 0.00135136
0 0.520874 0.314697 0.151611 0.173828 0.00133514
1 0.66626 0.938477 0.647949 0.0546875 0.00102139
