2 0.550781 0.223572 0.0449219 0.338989 0.845703
2 0.710938 0.210693 0.121094 0.205566 0.487549
2 0.552246 0.227295 0.0732422 0.293457 0.180786
2 0.536621 0.232666 0.0625 0.345703 0.0959473
13 0.711914 0.210205 0.123047 0.202148 0.0880127
4 0.712402 0.213867 0.114258 0.209473 0.0287628
2 0.530273 0.232605 0.116211 0.327759 0.0276642
4 0.95874 0.444824 0.0805664 0.741211 0.0226898
4 0.550781 0.223572 0.0449219 0.338989 0.0163879
3 0.548828 0.225159 0.046875 0.32605 0.0133362
2 0.575195 0.230225 0.113281 0.27002 0.00843048
13 0.543945 0.226746 0.0537109 0.346313 0.00789642
2 0.70459 0.18335 0.0986328 0.143066 0.00530243
9 0.548828 0.225159 0.046875 0.32605 0.00529861
2 0.544434 0.224854 0.078125 0.201172 0.00500107
14 0.548828 0.225159 0.046875 0.32605 0.00494385
3 0.552246 0.227295 0.0732422 0.293457 0.00466537
4 0.552246 0.227295 0.0732422 0.293457 0.00448227
14 0.710449 0.210327 0.120117 0.225342 0.00337791
4 0.931885 0.488281 0.081543 0.806641 0.00334549
4 0.962891 0.591064 0.0703125 0.817871 0.00315475
3 0.711914 0.211609 0.120117 0.207642 0.0030098
9 0.712402 0.213623 0.119141 0.20459 0.00292206
11 0.550781 0.223572 0.0449219 0.338989 0.00271225
1 0.712402 0.213623 0.119141 0.20459 0.00269508
5 0.544922 0.229736 0.0517578 0.355957 0.00231934
16 0.543945 0.226746 0.0537109 0.346313 0.00229836
17 0.548828 0.225159 0.046875 0.32605 0.00226974
7 0.544434 0.224609 0.0527344 0.338867 0.00216675
1 0.544922 0.229736 0.0517578 0.355957 0.00211143
8 0.543945 0.226746 0.0537109 0.346313 0.0020771
12 0.543945 0.226746 0.0537109 0.346313 0.00201225
19 0.548828 0.225159 0.046875 0.32605 0.0019722
0 0.550781 0.223572 0.0449219 0.338989 0.00197029
10 0.544434 0.224609 0.0527344 0.338867 0.0019207
15 0.544922 0.229736 0.0517578 0.355957 0.00174522
2 0.566895 0.242676 0.0800781 0.365234 0.00172234
3 0.0325928 0.514771 0.0651855 0.943115 0.00171757
10 0.712402 0.213623 0.119141 0.20459 0.00162029
6 0.543945 0.226746 0.0537109 0.346313 0.00161934
8 0.712402 0.213623 0.119141 0.20459 0.0015831
4 0.952148 0.519165 0.0957031 0.912842 0.00156593
7 0.712402 0.213623 0.119141 0.20459 0.00156307
19 0.712402 0.213623 0.119141 0.20459 0.00149345
5 0.712402 0.213623 0.119141 0.20459 0.00148582
11 0.712402 0.213623 0.119141 0.20459 0.00146961
18 0.712402 0.213623 0.119141 0.20459 0.00145912
12 0.712402 0.213623 0.119141 0.20459 0.00145912
6 0.712402 0.213623 0.119141 0.20459 0.00144672
16 0.712402 0.213623 0.119141 0.20459 0.00143528
0 0.712402 0.213623 0.119141 0.20459 0.00142384
15 0.712402 0.213623 0.119141 0.20459 0.00138664
2 0.693359 0.241211 0.141602 0.296875 0.00137043
17 0.712402 0.213623 0.119141 0.20459 0.00136471
3 0.532227 0.229797 0.0908203 0.310913 0.00136089
13 0.536133 0.224854 0.0888672 0.291016 0.00132751
4 0.935059 0.481567 0.129883 0.915771 0.00126839
3 0.0317383 0.481812 0.0634766 0.81958 0.00126457
2 0.519531 0.22583 0.0664062 0.317871 0.0011549
3 0.968262 0.562744 0.0634766 0.827637 0.00113297
2 0.658203 0.214569 0.163086 0.245178 0.00105858
13 0.558594 0.225342 0.0595703 0.308105 0.0010252
18 0.550781 0.223572 0.0449219 0.338989 0.00102425
4 0.974854 0.613037 0.050293 0.773926 0.00102425
