2 0.432373 0.279297 0.412598 0.139648 0.841309
1 0.462158 0.0699463 0.924316 0.139893 0.0153961
2 0.442383 0.294189 0.384766 0.230957 0.00760651
4 0.940186 0.482422 0.0786133 0.830078 0.0057869
2 0.539062 0.279358 0.633789 0.152222 0.00547409
13 0.425293 0.276306 0.375977 0.136841 0.00494385
3 0.960693 0.508667 0.0786133 0.830322 0.00389671
13 0.770508 0.867676 0.378906 0.03125 0.00368118
4 0.452637 0.278564 0.396484 0.142578 0.0032196
3 0 0.478027 0 0.892578 0.00309753
3 0.0358887 0.51062 0.0717773 0.900635 0.00294876
2 0.420898 0.235901 0.362305 0.280151 0.0027771
3 0.0144806 0.462402 0.0289612 0.924805 0.00268936
9 0.425293 0.276306 0.375977 0.136841 0.0024929
11 0.420044 0.2771 0.363037 0.129883 0.00241089
1 0.438965 0.27948 0.40918 0.139282 0.00239754
2 0.475464 0.253662 0.490479 0.109375 0.00238609
14 0.431152 0.275635 0.375 0.137207 0.00224876
4 0.916992 0.464355 0.09375 0.737305 0.00217247
7 0.425293 0.276306 0.375977 0.136841 0.00200462
6 0.431152 0.275635 0.375 0.137207 0.00197792
16 0.431152 0.275635 0.375 0.137207 0.0019474
15 0.425293 0.276306 0.375977 0.136841 0.00192738
10 0.425293 0.276306 0.375977 0.136841 0.00191307
5 0.431152 0.275635 0.375 0.137207 0.00187302
17 0.425293 0.276306 0.375977 0.136841 0.00183868
12 0.431152 0.275635 0.375 0.137207 0.00183678
3 0.425293 0.276306 0.375977 0.136841 0.00183296
0 0.431152 0.275635 0.375 0.137207 0.00180817
18 0.425293 0.276306 0.375977 0.136841 0.00177002
8 0.425293 0.276306 0.375977 0.136841 0.00174236
19 0.431152 0.275635 0.375 0.137207 0.00171185
3 0.00764465 0.915039 0.0152893 0.169922 0.00156975
3 0.974854 0.538208 0.050293 0.923584 0.00137043
1 0.62207 0.0668793 0.755859 0.113312 0.00127506
4 0.960693 0.508667 0.0786133 0.830322 0.00126457
2 0.359253 0.284912 0.318604 0.119141 0.00106907
14 0.65625 0.315918 0.0419922 0.0405273 0.00102139
