2 0.645508 0.305481 0.3125 0.333374 0.912598
4 0.655273 0.309204 0.323242 0.334717 0.0202637
13 0.644043 0.30542 0.318359 0.331543 0.0190735
2 0.635254 0.333984 0.290039 0.200195 0.0135651
14 0.65332 0.307861 0.310547 0.342285 0.0104752
1 0.642578 0.305176 0.321289 0.34375 0.00865173
9 0.645996 0.305054 0.307617 0.348877 0.00695419
4 0.0436554 0.484863 0.0718689 0.84082 0.00563812
3 0.655273 0.309204 0.323242 0.334717 0.00536346
16 0.645996 0.305054 0.307617 0.348877 0.0043869
8 0.645996 0.305054 0.307617 0.348877 0.00428391
7 0.645996 0.305054 0.307617 0.348877 0.00418472
18 0.655273 0.307678 0.322266 0.328003 0.00418472
10 0.645996 0.305054 0.307617 0.348877 0.00402451
17 0.645996 0.30658 0.310547 0.33606 0.00398254
19 0.645996 0.30658 0.310547 0.33606 0.00398254
0 0.642578 0.305176 0.321289 0.34375 0.00370789
11 0.652344 0.3078 0.325195 0.328735 0.00370598
12 0.645996 0.305054 0.307617 0.348877 0.00356674
5 0.645996 0.305054 0.307617 0.348877 0.00347137
6 0.645996 0.30658 0.310547 0.33606 0.0034256
2 0.662598 0.291077 0.290039 0.19812 0.00328064
15 0.655273 0.307678 0.322266 0.328003 0.00318909
3 0.0301819 0.520142 0.0603638 0.924561 0.00288963
3 0.0446777 0.543579 0.0893555 0.912842 0.00211906
3 0 0.510986 0 0.978027 0.00189114
2 0.927734 0.965332 0.128906 0.0693359 0.00153542
2 0.462891 0.0174561 0.925781 0.0349121 0.00113106
4 0.0358887 0.545532 0.0717773 0.901123 0.00105667
4 0.0266724 0.458496 0.0533447 0.802734 0.00105476
