2 0.640625 0.77832 0.291016 0.141602 0.891602
2 0.09198 0.870117 0.102661 0.0439453 0.0742188
14 0.727051 0.304932 0.0458984 0.0444336 0.0635986
2 0.72168 0.0688477 0.166016 0.0477295 0.0359802
2 0.635742 0.793457 0.287109 0.239258 0.0121613
13 0.72168 0.0688477 0.166016 0.0477295 0.00977325
14 0.716309 0.309082 0.0654297 0.0483398 0.00733948
13 0.0964355 0.87207 0.102783 0.0410156 0.00582123
14 0.727051 0.304199 0.0488281 0.0727539 0.00526047
13 0.625 0.777832 0.287109 0.142578 0.00507355
4 0.639648 0.777832 0.285156 0.140625 0.00488663
2 0.727051 0.304932 0.0458984 0.0444336 0.00463104
2 0.0735474 0.862793 0.0823975 0.0449219 0.00411606
2 0.638184 0.807373 0.302734 0.385254 0.00394821
4 0.0467377 0.484375 0.0759583 0.813477 0.0034523
11 0.637695 0.779297 0.297852 0.137695 0.00270844
14 0.629395 0.776855 0.299805 0.138672 0.00261497
9 0.633301 0.776367 0.302734 0.146484 0.00246429
1 0.641602 0.778809 0.300781 0.141602 0.00234795
2 0.0837402 0.853516 0.104004 0.0771484 0.00219536
16 0.629395 0.776855 0.299805 0.138672 0.00202179
7 0.633301 0.776367 0.302734 0.146484 0.00195694
6 0.633301 0.776367 0.302734 0.146484 0.00195122
14 0.733398 0.313721 0.0478516 0.101074 0.00184727
15 0.633301 0.776367 0.302734 0.146484 0.00184631
2 0.0388184 0.85791 0.0438232 0.0927734 0.00184441
14 0.727539 0.304688 0.0996094 0.0498047 0.00180244
10 0.633301 0.776367 0.302734 0.146484 0.0017767
17 0.633301 0.776367 0.302734 0.146484 0.00177002
3 0.633301 0.776367 0.302734 0.146484 0.00177002
0 0.64209 0.77832 0.282227 0.142578 0.00176144
18 0.633301 0.776367 0.302734 0.146484 0.00173473
12 0.633301 0.776367 0.302734 0.146484 0.00170803
5 0.633301 0.776367 0.302734 0.146484 0.00170135
2 0.0697327 0.864746 0.105652 0.0712891 0.00167942
2 0.0956421 0.869629 0.191284 0.0498047 0.0016489
8 0.633301 0.776367 0.302734 0.146484 0.00162983
19 0.64209 0.77832 0.282227 0.142578 0.00160503
2 0.714844 0.730957 0.125977 0.0791016 0.00145531
2 0.0576019 0.859863 0.0676575 0.0585938 0.00138855
4 0.635742 0.793457 0.287109 0.239258 0.00119972
2 0.577637 0.78418 0.213867 0.150391 0.00114059
2 0.750977 0.0741272 0.207031 0.0407104 0.00110149
