2 0.784668 0.295593 0.249023 0.371704 0.84375
2 0.729492 0.203552 0.144531 0.206177 0.794922
2 0.849121 0.401733 0.116211 0.184814 0.0410767
2 0.743652 0.199829 0.277344 0.207275 0.0297546
4 0.786621 0.292725 0.25293 0.38916 0.0266113
2 0.749512 0.245422 0.202148 0.307007 0.0198822
13 0.786621 0.292725 0.25293 0.38916 0.0143127
13 0.730469 0.205078 0.141602 0.208984 0.0132751
1 0.78418 0.289612 0.265625 0.373901 0.00769424
4 0.730957 0.203857 0.143555 0.20459 0.00763702
14 0.78418 0.295837 0.24707 0.393677 0.00716019
3 0.786133 0.294128 0.253906 0.386353 0.00594711
2 0.785156 0.308655 0.226562 0.240112 0.00561142
9 0.78418 0.295837 0.24707 0.393677 0.00456619
2 0.873047 0.025116 0.178711 0.0319214 0.00405884
2 0.748535 0.347778 0.326172 0.372803 0.00367355
14 0.72998 0.202972 0.148438 0.219055 0.00348663
18 0.786621 0.292725 0.25293 0.38916 0.00342369
0 0.786621 0.292725 0.25293 0.38916 0.00341034
11 0.786621 0.292725 0.25293 0.38916 0.0033989
9 0.72998 0.202972 0.148438 0.219055 0.00337982
2 0.118164 0.931152 0.236328 0.0771484 0.00323105
3 0.730469 0.205078 0.141602 0.208984 0.00308228
16 0.786133 0.294128 0.253906 0.386353 0.00304604
7 0.786621 0.292725 0.25293 0.38916 0.00303459
1 0.730469 0.205078 0.141602 0.208984 0.00303268
17 0.78418 0.289612 0.265625 0.373901 0.00302124
19 0.786621 0.292725 0.25293 0.38916 0.0030117
6 0.786133 0.294128 0.253906 0.386353 0.00294304
2 0.808105 0.417358 0.194336 0.157471 0.00289536
12 0.786621 0.292725 0.25293 0.38916 0.00284195
8 0.78418 0.295837 0.24707 0.393677 0.00281906
5 0.78418 0.289612 0.265625 0.373901 0.00281715
10 0.786133 0.294128 0.253906 0.386353 0.00276375
15 0.78418 0.289612 0.265625 0.373901 0.00266838
8 0.72998 0.202972 0.148438 0.219055 0.00238419
10 0.72998 0.202972 0.148438 0.219055 0.00229454
7 0.72998 0.202972 0.148438 0.219055 0.00219727
2 0.251953 0.94043 0.466797 0.0488281 0.00219345
19 0.730469 0.205078 0.141602 0.208984 0.00216293
6 0.72998 0.202972 0.148438 0.219055 0.00213051
16 0.72998 0.202972 0.148438 0.219055 0.00209045
17 0.72998 0.202972 0.148438 0.219055 0.00206566
11 0.72998 0.202972 0.148438 0.219055 0.00203323
5 0.730469 0.205078 0.141602 0.208984 0.00203323
2 0.729004 0.189758 0.170898 0.303101 0.00196266
12 0.730469 0.205078 0.141602 0.208984 0.0019474
18 0.730469 0.205078 0.141602 0.208984 0.00191021
15 0.730469 0.205078 0.141602 0.208984 0.00191021
0 0.72998 0.202972 0.148438 0.219055 0.00188065
13 0.86084 0.404419 0.09375 0.179443 0.00147629
2 0.112549 0.94873 0.225098 0.0673828 0.00132179
2 0.837891 0.329529 0.146484 0.339966 0.00131702
2 0.870117 0.406738 0.0830078 0.15918 0.00131702
3 0.0359802 0.482422 0.0719604 0.873047 0.00122356
4 0.0386963 0.514282 0.0773926 0.965576 0.00102901
