2 0.194336 0.966309 0.303223 0.0380859 0.464111
2 0.492676 0.270752 0.148438 0.311035 0.430908
2 0.510254 0.345947 0.109375 0.158691 0.349365
4 0.490723 0.27002 0.161133 0.344238 0.250732
14 0.491699 0.269531 0.155273 0.330078 0.0301514
13 0.506836 0.341797 0.108398 0.160156 0.0226746
4 0.499146 0.490845 0.176514 0.940186 0.0196381
2 0.882324 0.178101 0.0566406 0.0634766 0.0194702
2 0.786133 0.952637 0.0361328 0.0693359 0.0189819
2 0.870117 0.179321 0.0322266 0.0656738 0.0188293
2 0.499146 0.490845 0.176514 0.940186 0.0183868
2 0.484863 0.324463 0.155273 0.20166 0.0151443
2 0.203613 0.939697 0.301758 0.081543 0.0132294
2 0.208252 0.95752 0.293457 0.0439453 0.0103989
13 0.492676 0.270752 0.148438 0.311035 0.00724792
2 0.89502 0.168335 0.0605469 0.0466309 0.00696564
13 0.510742 0.674316 0.151367 0.202148 0.00656509
13 0.475098 0.856445 0.287109 0.105469 0.00592422
2 0.100494 0.0348511 0.109558 0.0310059 0.00553513
2 0.195251 0.961426 0.287231 0.0693359 0.00519943
2 0.324036 0.964355 0.489624 0.0400391 0.00490952
4 0.961914 0.487793 0.0761719 0.791992 0.00432205
2 0.893066 0.172241 0.0839844 0.0771484 0.00341225
13 0.194336 0.966309 0.303223 0.0380859 0.00304604
4 0.505859 0.343262 0.100586 0.154785 0.00288391
2 0.438599 0.968262 0.874756 0.0634766 0.00284576
2 0.908203 0.145874 0.0742188 0.0844727 0.00274277
2 0.795898 0.94873 0.0458984 0.0654297 0.00272179
3 0.491821 0.270081 0.158936 0.32312 0.0024147
2 0.256775 0.0254364 0.422974 0.037262 0.00230598
13 0.483521 0.734863 0.227295 0.303711 0.00224686
2 0.453003 0.857422 0.275635 0.116211 0.00222778
1 0.491821 0.270081 0.158936 0.32312 0.00222588
2 0.494629 0.692383 0.181641 0.265625 0.00217628
9 0.491211 0.271057 0.15918 0.316284 0.00206566
4 0.511719 0.484863 0.297852 0.944336 0.00191307
2 0.899414 0.15979 0.0566406 0.0424805 0.00187778
4 0.792969 0.545288 0.232422 0.764893 0.00182629
2 0.863281 0.179443 0.0302734 0.0834961 0.00165367
2 0.473145 0.285645 0.171875 0.441406 0.00160503
2 0.406738 0.027832 0.813477 0.0500488 0.00155735
16 0.491821 0.270081 0.158936 0.32312 0.00147533
2 0.485352 0.457275 0.289062 0.839355 0.00145245
10 0.491211 0.271057 0.15918 0.316284 0.00144958
11 0.491821 0.270081 0.158936 0.32312 0.001441
5 0.491211 0.271057 0.15918 0.316284 0.00142193
4 0.194336 0.966309 0.303223 0.0380859 0.00139904
18 0.491211 0.271057 0.15918 0.316284 0.00138855
12 0.491211 0.271057 0.15918 0.316284 0.00138855
6 0.491211 0.271057 0.15918 0.316284 0.00138378
19 0.491211 0.271057 0.15918 0.316284 0.00137806
7 0.491211 0.271057 0.15918 0.316284 0.00135708
0 0.491211 0.271057 0.15918 0.316284 0.00134659
15 0.491211 0.271057 0.15918 0.316284 0.00133038
14 0.504761 0.34375 0.119385 0.15625 0.00132942
8 0.491211 0.271057 0.15918 0.316284 0.00132561
2 0.456543 0.76123 0.243164 0.334961 0.00132275
4 0.979248 0.488159 0.0415039 0.842041 0.00130844
3 0.962158 0.515991 0.0756836 0.774658 0.0012989
17 0.491211 0.271057 0.15918 0.316284 0.00128555
5 0.194336 0.966309 0.303223 0.0380859 0.00123596
2 0.897461 0.739746 0.119141 0.0751953 0.00117588
1 0.194336 0.966309 0.303223 0.0380859 0.00115585
0 0.194336 0.966309 0.303223 0.0380859 0.00112915
4 0.501831 0.69043 0.177002 0.271484 0.00111389
19 0.194336 0.966309 0.303223 0.0380859 0.00109482
9 0.509644 0.343994 0.104736 0.164062 0.00107384
1 0.509155 0.345459 0.110596 0.157715 0.00107002
13 0.870117 0.179321 0.0322266 0.0656738 0.00106049
11 0.509155 0.345459 0.110596 0.157715 0.00105762
7 0.194336 0.966309 0.303223 0.0380859 0.00104523
18 0.194336 0.966309 0.303223 0.0380859 0.00103283
10 0.194336 0.966309 0.303223 0.0380859 0.00100136
