2 0.458252 0.81543 0.380371 0.224609 0.753418
2 0.484863 0.870117 0.450195 0.125 0.736328
2 0.228943 0.246094 0.0367432 0.133301 0.634766
2 0.478882 0.883301 0.427002 0.078125 0.392822
2 0.473145 0.817139 0.452148 0.334473 0.0171814
2 0.227051 0.244202 0.0883789 0.150269 0.0163422
2 0.584961 0.759277 0.107422 0.154297 0.0162354
13 0.459717 0.810059 0.390137 0.228516 0.0146027
2 0.242737 0.250488 0.0560303 0.140137 0.0123291
13 0.228943 0.246094 0.0367432 0.133301 0.0113678
2 0.541016 0.873047 0.422852 0.0693359 0.0098877
2 0.390137 0.864258 0.292969 0.12207 0.00886536
4 0.45874 0.808105 0.395996 0.237305 0.00863647
2 0.374268 0.109619 0.114746 0.0449219 0.00772858
4 0.0559998 0.485962 0.0784302 0.824951 0.00608826
1 0.45874 0.808105 0.395996 0.237305 0.00468826
14 0.459717 0.810059 0.390137 0.228516 0.00438309
13 0.493164 0.877441 0.461914 0.0986328 0.00410843
4 0.976074 0.488403 0.0478516 0.86499 0.00410461
2 0.231445 0.237061 0.0419922 0.231445 0.00380707
4 0.229736 0.248779 0.0336914 0.125977 0.00364304
4 0.96167 0.487183 0.0766602 0.849854 0.00320053
2 0.518921 0.846191 0.520752 0.180664 0.00318909
9 0.457642 0.804199 0.395264 0.239258 0.00309372
14 0.228943 0.246094 0.0367432 0.133301 0.00285339
2 0.476562 0.873535 0.3125 0.102539 0.0027256
18 0.457642 0.804199 0.395264 0.239258 0.00268173
19 0.459717 0.810059 0.390137 0.228516 0.00259399
11 0.457642 0.804199 0.395264 0.239258 0.00258827
5 0.459717 0.810059 0.390137 0.228516 0.0025444
3 0.45874 0.808105 0.395996 0.237305 0.00248337
16 0.457642 0.804199 0.395264 0.239258 0.00243187
4 0.0678406 0.319336 0.0635376 0.543945 0.0024147
10 0.459717 0.810059 0.390137 0.228516 0.00238991
6 0.459717 0.810059 0.390137 0.228516 0.00237274
7 0.45874 0.808105 0.395996 0.237305 0.00235367
15 0.459717 0.810059 0.390137 0.228516 0.00235367
0 0.45874 0.808105 0.395996 0.237305 0.00228882
2 0.488403 0.765137 0.329834 0.299805 0.0022583
8 0.457642 0.804199 0.395264 0.239258 0.00225067
17 0.459717 0.810059 0.390137 0.228516 0.00224686
9 0.228943 0.245605 0.0362549 0.138184 0.00221825
12 0.459717 0.810059 0.390137 0.228516 0.00217819
4 0.498047 0.879395 0.460938 0.0859375 0.00199127
13 0.371826 0.114258 0.0996094 0.0322266 0.00191784
13 0.584961 0.75 0.09375 0.137695 0.00191498
9 0.493164 0.877441 0.461914 0.0986328 0.00190258
7 0.498047 0.879395 0.460938 0.0859375 0.00182819
4 0.0629883 0.522827 0.125977 0.884033 0.0018034
14 0.493164 0.877441 0.461914 0.0986328 0.00178623
6 0.498047 0.879395 0.460938 0.0859375 0.00175858
10 0.498047 0.879395 0.460938 0.0859375 0.00173759
11 0.498047 0.879395 0.460938 0.0859375 0.00173092
5 0.498047 0.879395 0.460938 0.0859375 0.00172424
16 0.493164 0.877441 0.461914 0.0986328 0.00170517
12 0.498047 0.879395 0.460938 0.0859375 0.00169849
17 0.498047 0.879395 0.460938 0.0859375 0.00169086
18 0.498047 0.879395 0.460938 0.0859375 0.00168419
2 0.495605 0.900146 0.418945 0.199707 0.00167179
15 0.498047 0.879395 0.460938 0.0859375 0.00165844
1 0.493164 0.877441 0.461914 0.0986328 0.00161362
3 0.498047 0.879395 0.460938 0.0859375 0.0015955
0 0.498047 0.879395 0.460938 0.0859375 0.00158882
8 0.498047 0.879395 0.460938 0.0859375 0.00158882
19 0.498047 0.879395 0.460938 0.0859375 0.00158882
4 0.0717773 0.409302 0.0725098 0.810303 0.00153923
11 0.228943 0.246094 0.0367432 0.133301 0.00139523
1 0.228943 0.246094 0.0367432 0.133301 0.00138378
4 0.0693054 0.20874 0.0540161 0.31543 0.00133133
16 0.228943 0.246094 0.0367432 0.133301 0.00132084
2 0.0429688 0.835449 0.0581055 0.311523 0.00131702
6 0.228943 0.245605 0.0362549 0.138184 0.00130558
3 0.228943 0.246094 0.0367432 0.133301 0.00124073
5 0.228943 0.245605 0.0362549 0.138184 0.00122166
15 0.228943 0.246094 0.0367432 0.133301 0.00116539
12 0.228943 0.246094 0.0367432 0.133301 0.00114346
2 0.368408 0.118774 0.123047 0.0358887 0.00112438
0 0.228943 0.246094 0.0367432 0.133301 0.001091
4 0.94751 0.462524 0.0776367 0.725342 0.00108814
2 0.55957 0.750977 0.171875 0.146484 0.00106525
7 0.228943 0.246094 0.0367432 0.133301 0.0010128
19 0.228943 0.246094 0.0367432 0.133301 0.00100899
