2 0.0665283 0.126221 0.0759277 0.0820312 0.769043
3 0.958252 0.518799 0.0834961 0.938965 0.115173
4 0.54248 0.411194 0.106445 0.429565 0.0257874
2 0.0693054 0.11853 0.135803 0.0839844 0.0247192
4 0.533203 0.54834 0.104492 0.699219 0.0143433
2 0.0630188 0.133942 0.103455 0.101746 0.0115738
3 0.966309 0.584106 0.0673828 0.64624 0.00759506
13 0.0656433 0.124146 0.0762329 0.081543 0.00642395
2 0.0727539 0.105865 0.0927734 0.0841675 0.00622559
2 0.09375 0.120361 0.146729 0.102051 0.0046196
3 0.061554 0.561646 0.0648804 0.765381 0.00392151
3 0.947266 0.539062 0.105469 0.745117 0.00357056
4 0.060257 0.518921 0.065033 0.837158 0.00349045
2 0.0837555 0.1008 0.110809 0.134827 0.00340843
4 0.53418 0.598267 0.0869141 0.49292 0.00331306
2 0.068512 0.139282 0.0861206 0.27417 0.00306702
4 0.956543 0.52002 0.0869141 0.827148 0.00272179
2 0.0849609 0.12854 0.169922 0.0927734 0.00271416
2 0.0513916 0.516968 0.0623779 0.844971 0.00263405
11 0.0663147 0.126099 0.0758667 0.0803223 0.00239372
1 0.0649414 0.126495 0.0830078 0.0829468 0.00206947
14 0.0656433 0.124146 0.0762329 0.081543 0.00193405
9 0.0644836 0.123901 0.0775757 0.0800781 0.00191784
4 0.0663147 0.126099 0.0758667 0.0803223 0.00179386
4 0.982666 0.331421 0.034668 0.561768 0.00164604
16 0.0663147 0.126099 0.0758667 0.0803223 0.00161457
2 0.95874 0.539429 0.0825195 0.862549 0.00157166
3 0.0670624 0.124268 0.0873108 0.0834961 0.00156689
2 0.0717621 0.157684 0.100372 0.139709 0.0014658
6 0.0663147 0.126099 0.0758667 0.0803223 0.00146484
4 0.209839 0.517456 0.102783 0.804932 0.00145054
15 0.0663147 0.126099 0.0758667 0.0803223 0.00143147
8 0.0663147 0.126099 0.0758667 0.0803223 0.0014267
5 0.0663147 0.126099 0.0758667 0.0803223 0.00139809
0 0.0663147 0.126099 0.0758667 0.0803223 0.00139332
19 0.0649414 0.126495 0.0830078 0.0829468 0.00137424
7 0.0663147 0.126099 0.0758667 0.0803223 0.00127888
12 0.0663147 0.126099 0.0758667 0.0803223 0.00126839
4 0.939941 0.514038 0.0986328 0.915283 0.00115871
2 0.0634766 0.57959 0.0571289 0.608398 0.00115204
17 0.0663147 0.126099 0.0758667 0.0803223 0.00115013
9 0.95874 0.539429 0.0825195 0.862549 0.00107288
18 0.0656433 0.124146 0.0762329 0.081543 0.0010252
