2 0.635742 0.754883 0.0683594 0.285156 0.86377
2 0.63916 0.743652 0.112305 0.255859 0.0505066
4 0.930664 0.566406 0.0996094 0.859375 0.0291748
4 0.634277 0.757324 0.0673828 0.282227 0.0270233
4 0.0430145 0.458618 0.0721741 0.776123 0.0227356
4 0.0874023 0.509277 0.136719 0.742188 0.0216675
13 0.63623 0.755371 0.0693359 0.279297 0.0117111
3 0.636719 0.759277 0.0771484 0.256836 0.00996399
2 0.663574 0.745605 0.116211 0.28125 0.00706482
9 0.63623 0.755371 0.0693359 0.279297 0.0053215
14 0.63623 0.755371 0.0693359 0.279297 0.00521851
2 0.641113 0.757812 0.211914 0.250977 0.00421524
2 0.607422 0.747559 0.117188 0.272461 0.00365067
4 0.908691 0.509399 0.114258 0.914795 0.00333977
8 0.63623 0.755371 0.0693359 0.279297 0.00290108
1 0.635742 0.754883 0.0683594 0.285156 0.00288391
7 0.63623 0.755371 0.0693359 0.279297 0.00284576
11 0.635742 0.754883 0.0683594 0.285156 0.00278473
5 0.632812 0.748047 0.0605469 0.307617 0.00272369
19 0.63623 0.755371 0.0693359 0.279297 0.00268364
16 0.635742 0.754883 0.0683594 0.285156 0.00262642
17 0.63623 0.755371 0.0693359 0.279297 0.00258064
10 0.635742 0.754883 0.0683594 0.285156 0.00248909
0 0.635742 0.754883 0.0683594 0.285156 0.00237274
12 0.635742 0.754883 0.0683594 0.285156 0.00231934
6 0.63623 0.755371 0.0693359 0.279297 0.00219154
4 0.931641 0.134277 0.0488281 0.13208 0.00211143
15 0.632812 0.748047 0.0605469 0.307617 0.00191116
4 0.0625 0.507812 0.125 0.800781 0.00173187
4 0.928467 0.401733 0.0805664 0.497314 0.00167561
4 0.0874329 0.637207 0.0990601 0.543945 0.00147915
18 0.636719 0.759277 0.0771484 0.256836 0.0014286
4 0.0272522 0.431152 0.0535278 0.734375 0.0014019
4 0.0652924 0.448975 0.0818176 0.784668 0.00137615
3 0 0.51123 0 0.896484 0.00131416
3 0.0249329 0.51123 0.0498657 0.819336 0.00128937
2 0.62207 0.758301 0.0478516 0.268555 0.00119591
4 0.935791 0.537964 0.0737305 0.642822 0.00113392
4 0.949463 0.512329 0.0874023 0.842529 0.00102139
2 0.640625 0.707031 0.0537109 0.216797 0.00101471
