2 0.606445 0.2901 0.478516 0.274292 0.917969
2 0.480469 0.240723 0.21582 0.188965 0.0183258
13 0.601685 0.29126 0.456787 0.269043 0.01828
4 0.600708 0.289795 0.466553 0.273438 0.0118561
1 0.605957 0.289001 0.466797 0.282349 0.00892639
14 0.605957 0.289001 0.466797 0.282349 0.0087204
9 0.605957 0.289001 0.466797 0.282349 0.00645447
7 0.605957 0.289001 0.466797 0.282349 0.00439453
16 0.605957 0.289001 0.466797 0.282349 0.00434494
3 0.605957 0.289246 0.472656 0.274048 0.00429535
3 0.0274353 0.515503 0.0548706 0.881104 0.00425339
19 0.605957 0.289001 0.466797 0.282349 0.00421143
18 0.605957 0.289246 0.472656 0.274048 0.00419617
2 0.591431 0.34375 0.551514 0.186523 0.00409317
2 0.0955811 0.9646 0.138672 0.0532227 0.00409317
2 0.623047 0.224854 0.529297 0.302246 0.00408173
11 0.605957 0.289246 0.472656 0.274048 0.00366402
0 0.605957 0.289246 0.472656 0.274048 0.00355339
4 0.0386658 0.545898 0.0773315 0.908203 0.00355148
6 0.605957 0.289246 0.472656 0.274048 0.00353813
2 0.601074 0.309082 0.310547 0.269531 0.00343895
8 0.605957 0.289246 0.472656 0.274048 0.00341606
17 0.605957 0.289001 0.466797 0.282349 0.0034008
5 0.601562 0.290771 0.460938 0.258789 0.00337791
10 0.605957 0.289246 0.472656 0.274048 0.00333786
15 0.603027 0.286194 0.472656 0.274292 0.00313187
12 0.605957 0.289001 0.466797 0.282349 0.00299072
2 0.577271 0.237061 0.407959 0.208496 0.00285912
2 0.668457 0.376221 0.334961 0.104492 0.00226784
2 0.0913391 0.954834 0.176208 0.0688477 0.00203514
3 0.00424194 0.513794 0.00848389 0.911865 0.00113392
