2 0.428345 0.590332 0.281982 0.149414 0.883789
2 0.433105 0.612793 0.296875 0.283203 0.00820923
13 0.427734 0.594727 0.288086 0.148438 0.00466537
4 0.429443 0.592285 0.29541 0.142578 0.00324059
11 0.431274 0.588867 0.280029 0.145508 0.00311089
9 0.430908 0.591309 0.29541 0.142578 0.00279236
1 0.212769 0.953369 0.425537 0.0561523 0.00268555
14 0.427734 0.594727 0.288086 0.148438 0.00266457
1 0.429077 0.594727 0.298096 0.148438 0.00252151
1 0.5 0.960205 1 0.0795898 0.00251007
7 0.430908 0.591309 0.29541 0.142578 0.00216103
6 0.430908 0.591309 0.29541 0.142578 0.0021534
15 0.430908 0.591309 0.29541 0.142578 0.0020771
16 0.431274 0.588867 0.280029 0.145508 0.00205231
10 0.430908 0.591309 0.29541 0.142578 0.00198174
17 0.430908 0.591309 0.29541 0.142578 0.00196838
3 0.430908 0.591309 0.29541 0.142578 0.00195885
5 0.430908 0.591309 0.29541 0.142578 0.00190735
12 0.430908 0.591309 0.29541 0.142578 0.00189972
18 0.430908 0.591309 0.29541 0.142578 0.00187778
0 0.430908 0.591309 0.29541 0.142578 0.0018549
8 0.430908 0.591309 0.29541 0.142578 0.00183392
19 0.430908 0.591309 0.29541 0.142578 0.0017786
1 0.375244 0.951416 0.750488 0.0737305 0.00162601
1 0.5 0.942871 1 0.114258 0.00130272
3 0.975586 0.508179 0.0488281 0.807861 0.00122833
3 0.961914 0.51062 0.0761719 0.802979 0.00110722
