2 0.316895 0.427734 0.135742 0.256836 0.887695
4 0.313477 0.427246 0.133789 0.277344 0.0182953
13 0.312988 0.429688 0.140137 0.253906 0.0181885
2 0.321594 0.42688 0.288452 0.286865 0.0172577
14 0.313965 0.428101 0.136719 0.278564 0.00802612
3 0.315918 0.426514 0.13623 0.269043 0.00704956
1 0.316895 0.425659 0.142578 0.263916 0.0064888
9 0.317871 0.427002 0.139648 0.29834 0.00618744
10 0.317871 0.427002 0.139648 0.29834 0.00351334
8 0.317871 0.427002 0.139648 0.29834 0.00322342
7 0.315918 0.426025 0.139648 0.289551 0.00307846
11 0.315918 0.426514 0.13623 0.269043 0.00296783
17 0.318848 0.427734 0.140137 0.286133 0.00296211
16 0.315918 0.426514 0.13623 0.269043 0.00291061
18 0.315918 0.426514 0.13623 0.269043 0.00287628
19 0.312988 0.429688 0.140137 0.253906 0.00284195
6 0.313965 0.428101 0.136719 0.278564 0.00276756
0 0.315918 0.426514 0.13623 0.269043 0.00268364
5 0.315918 0.426025 0.139648 0.289551 0.00257492
12 0.312988 0.429688 0.140137 0.253906 0.00246048
15 0.317871 0.427002 0.139648 0.29834 0.00231552
4 0.952637 0.546875 0.0947266 0.869141 0.00162888
2 0.948486 0.93457 0.0913086 0.0917969 0.00152493
2 0.948486 0.819336 0.0991211 0.332031 0.00131607
4 0.97583 0.546265 0.0483398 0.844971 0.00126839
4 0.958984 0.697754 0.0625 0.541992 0.00102901
