2 0.154297 0.92334 0.25293 0.106445 0.840332
2 0.899414 0.373291 0.0390625 0.125 0.678223
2 0.879883 0.907715 0.0478516 0.0849609 0.204224
2 0.900879 0.374268 0.0771484 0.133301 0.0351868
13 0.895508 0.375488 0.0449219 0.127441 0.0204315
2 0.872559 0.905762 0.0263672 0.0849609 0.0193634
2 0.887207 0.373535 0.0625 0.116699 0.0167542
2 0.869141 0.905273 0.0458984 0.0800781 0.0131073
2 0.894531 0.366211 0.117188 0.14209 0.00955963
2 0.897461 0.907715 0.0742188 0.0898438 0.00951385
2 0.202728 0.929932 0.219055 0.097168 0.00608444
2 0.173462 0.906982 0.258057 0.174316 0.0058136
2 0.161621 0.913086 0.257812 0.173828 0.0057869
13 0.157288 0.929932 0.259644 0.0991211 0.00555801
13 0.875977 0.908203 0.0371094 0.0878906 0.0052681
14 0.896484 0.37207 0.0507812 0.133789 0.0044632
2 0.871094 0.90625 0.09375 0.0917969 0.00419235
2 0.893066 0.348877 0.0634766 0.150391 0.00395584
2 0.387451 0.19397 0.0302734 0.124268 0.003685
2 0.914307 0.917236 0.145996 0.106934 0.00310135
4 0.164124 0.929199 0.264526 0.110352 0.00299072
4 0.899414 0.373291 0.0390625 0.125 0.00298119
1 0.162109 0.927246 0.246582 0.0966797 0.00291443
9 0.150391 0.924072 0.281738 0.106934 0.00290489
2 0.914062 0.924805 0.102539 0.0898438 0.00259781
11 0.162109 0.927246 0.246582 0.0966797 0.00250626
14 0.15744 0.921631 0.249573 0.100098 0.00247002
2 0.151917 0.859863 0.269409 0.280273 0.0024395
9 0.899414 0.373291 0.0390625 0.125 0.00242615
2 0.88623 0.91748 0.0664062 0.0908203 0.00242043
7 0.150391 0.924072 0.281738 0.106934 0.00238991
6 0.150391 0.924072 0.281738 0.106934 0.00230789
15 0.150391 0.924072 0.281738 0.106934 0.00227165
14 0.875977 0.908203 0.0371094 0.0878906 0.00224495
16 0.150391 0.924072 0.281738 0.106934 0.00223732
10 0.150391 0.924072 0.281738 0.106934 0.00216866
3 0.150391 0.924072 0.281738 0.106934 0.00216866
12 0.150391 0.924072 0.281738 0.106934 0.00214195
17 0.150391 0.924072 0.281738 0.106934 0.00213623
5 0.150391 0.924072 0.281738 0.106934 0.00210953
8 0.150391 0.924072 0.281738 0.106934 0.00206947
0 0.150391 0.924072 0.281738 0.106934 0.00206947
4 0.961426 0.51355 0.0771484 0.924072 0.0020256
2 0.94043 0.934814 0.0996094 0.0893555 0.00200272
18 0.150391 0.924072 0.281738 0.106934 0.00198174
19 0.150391 0.924072 0.281738 0.106934 0.00195217
4 0.0805664 0.486816 0.083252 0.773438 0.00194359
1 0.899414 0.373291 0.0390625 0.125 0.00179768
4 0.351807 0.693848 0.114258 0.487305 0.00179005
11 0.899414 0.373291 0.0390625 0.125 0.00172329
4 0.078125 0.317383 0.072998 0.411133 0.00137901
5 0.899414 0.373291 0.0390625 0.125 0.00135803
6 0.899414 0.373291 0.0390625 0.125 0.00132656
16 0.899414 0.373291 0.0390625 0.125 0.00128555
2 0.898926 0.368408 0.0498047 0.244629 0.00124741
3 0.899414 0.373291 0.0390625 0.125 0.00120831
15 0.899414 0.373291 0.0390625 0.125 0.001194
19 0.899414 0.373291 0.0390625 0.125 0.00115776
12 0.899414 0.373291 0.0390625 0.125 0.00115299
2 0.116943 0.937012 0.233887 0.110352 0.00114918
8 0.899414 0.373291 0.0390625 0.125 0.00111771
7 0.899414 0.373291 0.0390625 0.125 0.00109959
0 0.899414 0.373291 0.0390625 0.125 0.00109577
2 0.859375 0.906738 0.0556641 0.106445 0.0010891
2 0.93335 0.91626 0.102051 0.13623 0.00103951
