2 0.609375 0.1521 0.244141 0.0673828 0.895996
13 0.609375 0.151978 0.254883 0.0700684 0.00463104
2 0.804199 0.814941 0.0292969 0.0869141 0.00359535
9 0.609375 0.151978 0.254883 0.0700684 0.00284767
4 0.606445 0.151123 0.244141 0.0693359 0.00283813
2 0.604492 0.178955 0.240234 0.35791 0.00260735
14 0.607422 0.154053 0.249023 0.0712891 0.00251579
7 0.609375 0.151978 0.254883 0.0700684 0.00251389
15 0.609375 0.151978 0.254883 0.0700684 0.00248528
4 0.0432129 0.486816 0.0864258 0.866211 0.00241852
10 0.609375 0.151978 0.254883 0.0700684 0.00239944
16 0.609375 0.151978 0.254883 0.0700684 0.00238037
11 0.606934 0.151611 0.24707 0.0686035 0.00235558
6 0.609375 0.151978 0.254883 0.0700684 0.00234222
5 0.609375 0.151978 0.254883 0.0700684 0.00232506
12 0.609375 0.151978 0.254883 0.0700684 0.00230598
17 0.609375 0.151978 0.254883 0.0700684 0.00228119
3 0.609375 0.151978 0.254883 0.0700684 0.00224686
8 0.609375 0.151978 0.254883 0.0700684 0.00223541
0 0.609375 0.151978 0.254883 0.0700684 0.00222015
1 0.607422 0.154053 0.249023 0.0712891 0.00216866
19 0.609375 0.151978 0.254883 0.0700684 0.00216866
18 0.609375 0.151978 0.254883 0.0700684 0.00215149
2 0.605957 0.17041 0.264648 0.0942383 0.00196838
2 0.614258 0.12735 0.237305 0.221863 0.00182819
4 0.955078 0.528442 0.0898438 0.943115 0.00156975
2 0.953369 0.824463 0.0834961 0.32959 0.00120449
4 0.959229 0.484009 0.0717773 0.801514 0.0010519
2 0.423828 0.0172119 0.75293 0.0344238 0.00101376
