2 0.628906 0.31366 0.268555 0.391235 0.896973
4 0.173889 0.54248 0.147339 0.673828 0.227905
2 0.180603 0.674316 0.134888 0.324219 0.0442505
2 0.174011 0.57959 0.119751 0.558594 0.0276031
4 0.637695 0.320435 0.283203 0.39624 0.0198975
13 0.628906 0.314758 0.27832 0.398804 0.0186157
3 0.0247192 0.484009 0.0494385 0.832764 0.0157928
2 0.649414 0.314514 0.269531 0.240112 0.0155563
2 0.161621 0.242676 0.034668 0.104004 0.0123749
13 0.174683 0.677246 0.124268 0.301758 0.0109406
14 0.637695 0.318604 0.277344 0.411621 0.0103836
1 0.628906 0.314758 0.27832 0.398804 0.00841522
3 0.00778198 0.480469 0.015564 0.865234 0.00669861
3 0.635742 0.319641 0.288086 0.401733 0.00630569
9 0.629883 0.315125 0.271484 0.397095 0.00584412
2 0.177734 0.557129 0.155762 0.717773 0.00450516
14 0.173889 0.54248 0.147339 0.673828 0.0041275
3 0.0398865 0.480957 0.0797729 0.873047 0.00401306
18 0.629883 0.315796 0.275391 0.397705 0.00391388
11 0.628906 0.314758 0.27832 0.398804 0.00390625
0 0.628906 0.314758 0.27832 0.398804 0.00377083
16 0.629883 0.315796 0.275391 0.397705 0.00365067
8 0.629395 0.312927 0.267578 0.401489 0.00364304
7 0.629883 0.315796 0.275391 0.397705 0.00340462
10 0.629395 0.312927 0.267578 0.401489 0.00337029
19 0.629883 0.315796 0.275391 0.397705 0.00331306
6 0.629883 0.315796 0.275391 0.397705 0.00325012
12 0.628906 0.314758 0.27832 0.398804 0.00324059
2 0.619141 0.363037 0.285156 0.202637 0.00314331
2 0.163208 0.635742 0.103027 0.31543 0.00311089
17 0.637695 0.320618 0.291992 0.394897 0.00309181
15 0.629883 0.315796 0.275391 0.397705 0.00307655
5 0.629883 0.315796 0.275391 0.397705 0.00293732
2 0.594238 0.261169 0.216797 0.264771 0.00289536
4 0.166656 0.553223 0.149597 0.432617 0.00273514
3 0.0246582 0.455933 0.0493164 0.726807 0.00239754
2 0.611328 0.375854 0.345703 0.398682 0.002285
4 0.182617 0.672363 0.118652 0.334961 0.00219536
2 0.0662842 0.256897 0.0334473 0.205933 0.00160599
3 0 0.479126 0 0.850342 0.00152493
4 0.958496 0.515869 0.0830078 0.937012 0.00131035
2 0.0684814 0.258545 0.034668 0.135742 0.00129604
4 0.0380859 0.456787 0.0629883 0.737793 0.0010767
4 0.177734 0.450073 0.106934 0.570557 0.0010519
