2 0.483398 0.658203 0.192383 0.291992 0.874023
4 0.473633 0.666016 0.208984 0.30957 0.0190125
4 0.0800629 0.241943 0.102325 0.483887 0.0176086
13 0.473633 0.666016 0.208984 0.30957 0.014946
14 0.475586 0.662598 0.205078 0.30957 0.0127945
3 0.0800629 0.241943 0.102325 0.483887 0.0112457
2 0.467896 0.660645 0.187256 0.201172 0.0103226
13 0.830566 0.833496 0.106445 0.0800781 0.0090332
1 0.474487 0.665039 0.204346 0.316406 0.00840759
2 0.831055 0.833984 0.109375 0.0830078 0.00643539
2 0.792969 0.751953 0.173828 0.249023 0.00617218
9 0.474487 0.665039 0.204346 0.316406 0.0059967
3 0.472778 0.666016 0.209717 0.304688 0.00593948
4 0.957031 0.516968 0.0722656 0.839111 0.00478363
18 0.472778 0.666016 0.209717 0.304688 0.00358772
8 0.482422 0.65918 0.195312 0.305664 0.00354767
11 0.473633 0.666016 0.208984 0.30957 0.0033226
17 0.483398 0.657715 0.194336 0.300781 0.00330353
0 0.473633 0.666016 0.208984 0.30957 0.00322151
16 0.472778 0.666016 0.209717 0.304688 0.00320625
6 0.483398 0.657715 0.194336 0.300781 0.00316429
1 0.793945 0.754395 0.170898 0.244141 0.00315285
19 0.472778 0.666016 0.209717 0.304688 0.00314331
7 0.472778 0.666016 0.209717 0.304688 0.00310516
10 0.482422 0.65918 0.195312 0.305664 0.00294113
15 0.472778 0.666016 0.209717 0.304688 0.00279808
5 0.47644 0.663086 0.218994 0.302734 0.00273895
12 0.472778 0.666016 0.209717 0.304688 0.00267982
13 0.792969 0.751953 0.173828 0.249023 0.00257301
4 0.089386 0.319397 0.0980835 0.373901 0.00244141
4 0.973877 0.517212 0.0522461 0.860107 0.00183773
9 0.779297 0.748047 0.149414 0.236328 0.00157928
2 0.422241 0.654297 0.292236 0.339844 0.00131416
2 0.38208 0.989746 0.76416 0.0205078 0.00117493
