2 0.372559 0.828613 0.0791016 0.15625 0.817383
2 0.853027 0.217407 0.176758 0.0910645 0.773926
4 0.956055 0.585938 0.0878906 0.763672 0.0921631
2 0.369141 0.82666 0.133789 0.163086 0.0615845
2 0.73877 0.14209 0.450195 0.0334473 0.046936
13 0.850098 0.219238 0.174805 0.0957031 0.0353088
2 0.665527 0.159424 0.605469 0.0732422 0.0222015
2 0.796387 0.975586 0.324219 0.0351562 0.0214081
2 0.710083 0.146118 0.566162 0.0449219 0.0176239
13 0.374512 0.830566 0.0878906 0.151367 0.0132217
2 0.407837 0.828613 0.14917 0.15625 0.0117111
2 0.372559 0.84375 0.0986328 0.298828 0.0110779
2 0.753418 0.156738 0.366211 0.0600586 0.0102463
2 0.545166 0.161499 0.909668 0.0822754 0.00888062
4 0.925537 0.591675 0.105957 0.81665 0.00882721
4 0.960449 0.575073 0.0556641 0.82251 0.00796509
4 0.975342 0.603027 0.0493164 0.770508 0.00780869
2 0.725586 0.889648 0.1875 0.0253906 0.00732422
4 0.966553 0.592407 0.0668945 0.635498 0.00715637
2 0.957764 0.593872 0.0844727 0.77124 0.00674438
2 0.395386 0.828613 0.265869 0.152344 0.00593185
3 0.966309 0.588867 0.0673828 0.746094 0.00508499
2 0.56543 0.150635 0.762695 0.0559082 0.00483704
2 0.725098 0.178284 0.491211 0.120972 0.00431442
4 0.03125 0.544922 0.0625 0.810547 0.00328064
2 0.614258 0.890625 0.514648 0.0507812 0.00315666
14 0.850098 0.219238 0.174805 0.0957031 0.00312805
2 0.816895 0.220032 0.217773 0.108765 0.00308418
4 0.374268 0.828613 0.078125 0.15332 0.00306702
4 0.853027 0.217407 0.177734 0.0895996 0.00267601
9 0.374268 0.828613 0.078125 0.15332 0.00258446
3 0.956055 0.585938 0.0878906 0.763672 0.00257492
9 0.850098 0.219238 0.174805 0.0957031 0.00255394
2 0.720703 0.885254 0.186523 0.0429688 0.00249863
2 0.814941 0.140137 0.304688 0.0270996 0.00226784
14 0.374268 0.830078 0.0786133 0.15332 0.00224876
1 0.853516 0.218018 0.178711 0.09375 0.00223351
11 0.853027 0.217407 0.177734 0.0895996 0.00217819
2 0.977539 0.574219 0.0449219 0.732422 0.00214386
11 0.374268 0.828613 0.078125 0.15332 0.00209618
2 0.768066 0.209595 0.333008 0.106689 0.00208664
1 0.374512 0.830566 0.0878906 0.151367 0.0020237
3 0.371826 0.827637 0.0913086 0.154297 0.00182343
4 0.983154 0.696411 0.0336914 0.568115 0.00179005
3 0.0263062 0.544922 0.0526123 0.831055 0.00175953
16 0.853027 0.217407 0.177734 0.0895996 0.00175858
8 0.853027 0.217407 0.177734 0.0895996 0.00169086
4 0.955566 0.463867 0.0556641 0.473633 0.00165462
2 0.447632 0.821777 0.102783 0.110352 0.00163174
4 0.966309 0.588867 0.0673828 0.746094 0.00163174
2 0.791992 0.151611 0.329102 0.0410156 0.00159836
0 0.853027 0.217407 0.177734 0.0895996 0.00156498
16 0.374268 0.830078 0.0786133 0.15332 0.00155258
15 0.374268 0.828613 0.078125 0.15332 0.00148678
6 0.374268 0.828613 0.078125 0.15332 0.00148678
19 0.853027 0.217407 0.177734 0.0895996 0.00148678
6 0.853027 0.217407 0.177734 0.0895996 0.0014801
5 0.374268 0.828613 0.078125 0.15332 0.00147533
3 0.851562 0.217651 0.176758 0.0925293 0.00146675
2 0.854004 0.237976 0.182617 0.321899 0.00145531
12 0.853027 0.217407 0.177734 0.0895996 0.001441
17 0.853027 0.217407 0.177734 0.0895996 0.00142479
5 0.853027 0.217407 0.177734 0.0895996 0.00141335
13 0.725586 0.889648 0.1875 0.0253906 0.00140381
7 0.853027 0.217407 0.177734 0.0895996 0.00136948
7 0.374268 0.830078 0.0786133 0.15332 0.00134468
12 0.372559 0.82666 0.0878906 0.151367 0.00132751
19 0.374268 0.828613 0.078125 0.15332 0.00132751
0 0.374268 0.830078 0.0786133 0.15332 0.00131416
15 0.853027 0.217407 0.177734 0.0895996 0.00130749
2 0.644653 0.191772 0.673584 0.141846 0.00129604
8 0.374268 0.828613 0.078125 0.15332 0.00129128
2 0.499512 0.834473 0.351562 0.125977 0.00127602
4 0.0418854 0.495117 0.0646667 0.771484 0.00113201
10 0.851562 0.217651 0.176758 0.0925293 0.00110817
18 0.850098 0.219238 0.174805 0.0957031 0.00110149
18 0.374268 0.830078 0.0786133 0.15332 0.00107193
17 0.374268 0.828613 0.078125 0.15332 0.00105095
4 0.950684 0.681152 0.0673828 0.598633 0.00104046
2 0.672974 0.13623 0.591553 0.046875 0.00101662
