2 0.673828 0.948975 0.233398 0.0551758 0.765625
2 0.25 0.211914 0.0732422 0.188965 0.681152
2 0.455566 0.618164 0.175781 0.19043 0.559082
2 0.895996 0.154053 0.137695 0.0202637 0.112671
2 0.868408 0.151489 0.200684 0.0227051 0.0419006
13 0.438599 0.617188 0.1521 0.19043 0.0300903
3 0.0623779 0.47998 0.124756 0.886719 0.0249023
3 0.0361938 0.50354 0.0723877 0.83667 0.0213623
2 0.678711 0.940674 0.231445 0.0913086 0.0175934
4 0.421875 0.450806 0.283203 0.785889 0.0171967
2 0.234863 0.228271 0.0541992 0.174805 0.0171967
2 0.727051 0.945801 0.219727 0.0537109 0.0117569
2 0.61377 0.948242 0.387695 0.0683594 0.011528
2 0.139771 0.796875 0.0788574 0.155273 0.0101852
2 0.839844 0.151123 0.243164 0.029541 0.00975037
13 0.246582 0.213501 0.0737305 0.198486 0.00815582
13 0.141602 0.796875 0.0771484 0.15918 0.00738525
2 0.429321 0.616211 0.173584 0.143555 0.00627899
4 0.816895 0.478516 0.181641 0.750977 0.00572586
2 0.508667 0.620117 0.318604 0.198242 0.00567627
4 0.0828857 0.474731 0.165771 0.9021 0.00465775
4 0.249023 0.212158 0.0756836 0.196289 0.00457382
3 0.00263977 0.478027 0.00527954 0.887695 0.0043869
13 0.676758 0.949219 0.238281 0.0546875 0.00414658
1 0.679199 0.949219 0.239258 0.0566406 0.00378036
3 0 0.479004 0 0.862305 0.00328255
2 0.644531 0.956055 0.261719 0.0878906 0.00320053
3 0.0460815 0.495972 0.0921631 0.62915 0.00307846
2 0.884277 0.145874 0.15918 0.0280762 0.00288582
2 0.423584 0.473022 0.270996 0.764893 0.00272751
2 0.620605 0.955078 0.280273 0.0546875 0.00239754
2 0.700684 0.959229 0.272461 0.0581055 0.00239754
9 0.672363 0.948486 0.232422 0.0541992 0.0023632
7 0.672363 0.948486 0.232422 0.0541992 0.0021534
13 0.84082 0.151367 0.242188 0.0258789 0.00209045
2 0.244385 0.218994 0.120117 0.184082 0.00203323
14 0.674805 0.949219 0.235352 0.0566406 0.0020237
6 0.672363 0.948486 0.232422 0.0541992 0.0020237
16 0.676758 0.949219 0.238281 0.0546875 0.00197792
4 0.444214 0.617676 0.16626 0.205078 0.00196266
10 0.676758 0.949219 0.238281 0.0546875 0.00195694
18 0.672363 0.948486 0.232422 0.0541992 0.00195312
15 0.676758 0.949219 0.238281 0.0546875 0.0019474
11 0.673828 0.948975 0.233398 0.0551758 0.00194645
19 0.674805 0.949219 0.235352 0.0566406 0.00193691
9 0.246582 0.213501 0.0737305 0.198486 0.00191116
17 0.672363 0.948486 0.232422 0.0541992 0.00190163
5 0.676758 0.949219 0.238281 0.0546875 0.00189495
12 0.672363 0.948486 0.232422 0.0541992 0.00189304
2 0.470703 0.95752 0.367188 0.0302734 0.00187397
3 0.672363 0.948486 0.232422 0.0541992 0.00184155
2 0.460571 0.945312 0.692139 0.0761719 0.00184059
0 0.674805 0.949219 0.235352 0.0566406 0.00183582
2 0.699219 0.937012 0.232422 0.0585938 0.00181103
2 0.449463 0.637207 0.163574 0.356445 0.00180626
8 0.672363 0.948486 0.232422 0.0541992 0.00178623
4 0.674805 0.949219 0.235352 0.0566406 0.0017643
2 0.483398 0.611816 0.213867 0.266602 0.00173855
2 0.423828 0.617676 0.322266 0.191406 0.00170994
3 0.0213318 0.488647 0.0426636 0.901611 0.00169945
13 0.895996 0.154053 0.137695 0.0202637 0.00169849
4 0.0419769 0.478027 0.0796204 0.889648 0.00165749
2 0.391602 0.949707 0.783203 0.0947266 0.00157356
3 0.0437164 0.431152 0.0675964 0.795898 0.00154305
2 0.238464 0.217529 0.218384 0.183594 0.00154305
4 0.120972 0.486328 0.129395 0.847656 0.00153637
2 0.104248 0.871582 0.14624 0.0244141 0.0015173
4 0.0682983 0.447876 0.0875244 0.817139 0.00144005
2 0.898926 0.153687 0.202148 0.0270996 0.00143528
2 0.713867 0.955811 0.205078 0.0883789 0.00140572
2 0.677246 0.935791 0.227539 0.128418 0.00138187
2 0.0623779 0.47998 0.124756 0.886719 0.00136566
4 0.341492 0.451538 0.31311 0.874268 0.00133705
4 0.158325 0.417358 0.179443 0.825439 0.00125504
3 0.249756 0.213013 0.0751953 0.190186 0.00124931
14 0.453003 0.618164 0.170166 0.183594 0.00119781
1 0.246582 0.213501 0.0737305 0.198486 0.00119305
11 0.249756 0.213013 0.0751953 0.190186 0.00119305
4 0.505859 0.457275 0.385742 0.837402 0.00118542
3 0.0231018 0.758301 0.0462036 0.483398 0.00116348
2 0.678711 0.884277 0.250977 0.231445 0.00113583
2 0.822266 0.144531 0.249023 0.0368652 0.00111103
2 0.256836 0.172729 0.0488281 0.0839844 0.00109577
9 0.453003 0.618164 0.170166 0.183594 0.00105762
2 0.397949 0.925537 0.754883 0.117676 0.00105667
2 0.429199 0.617188 0.152344 0.239258 0.00105095
3 0 0.447998 0 0.774902 0.00103188
