2 0.0992432 0.236511 0.0412598 0.264282 0.750488
2 0.630371 0.0738525 0.154297 0.0361328 0.617188
2 0.0999756 0.235046 0.0546875 0.343384 0.111816
4 0.0986023 0.241272 0.0442505 0.32605 0.0133362
3 0.0996094 0.238281 0.0383301 0.303223 0.0129929
13 0.0987244 0.242859 0.0427856 0.273071 0.0126343
2 0.102539 0.237 0.097168 0.265259 0.0125198
2 0.114746 0.240234 0.0588379 0.304199 0.0124817
2 0.822266 0.829102 0.117188 0.0703125 0.0120392
2 0.630371 0.0714111 0.169922 0.0686035 0.0118484
2 0.593262 0.0725098 0.230469 0.0407715 0.0106277
2 0.821777 0.811523 0.114258 0.0351562 0.00845337
4 0.964111 0.528076 0.0717773 0.943848 0.00592041
2 0.0309753 0.237 0.0463257 0.278931 0.00590897
4 0.943359 0.570557 0.0820312 0.858887 0.00460815
2 0.102661 0.238708 0.0732422 0.199341 0.00448608
9 0.0991211 0.242371 0.0380859 0.302368 0.0039978
4 0.957275 0.726562 0.0581055 0.469727 0.00375175
2 0.609863 0.0805054 0.202148 0.0406494 0.00374031
14 0.0991211 0.242371 0.0380859 0.302368 0.00329018
2 0.0829773 0.24054 0.0977173 0.300171 0.00320816
13 0.630859 0.0736694 0.165039 0.0332031 0.00294685
11 0.0991211 0.242371 0.0380859 0.302368 0.00237465
3 0.101044 0.237 0.0603638 0.345337 0.00225639
2 0.661133 0.0679932 0.125977 0.0375977 0.00217819
5 0.0986023 0.241272 0.0442505 0.32605 0.00209045
1 0.0991516 0.24408 0.0394897 0.311646 0.00201797
17 0.100555 0.241272 0.048645 0.309448 0.00200272
16 0.0991211 0.242371 0.0380859 0.302368 0.00196266
7 0.0986023 0.241272 0.0442505 0.32605 0.00191975
12 0.0991516 0.24408 0.0394897 0.311646 0.00190258
0 0.0986023 0.241272 0.0442505 0.32605 0.00178146
8 0.0991211 0.242371 0.0380859 0.302368 0.00171089
2 0.106781 0.267334 0.0408325 0.267578 0.00166988
10 0.0986023 0.241272 0.0442505 0.32605 0.00166798
4 0.102539 0.243591 0.0812988 0.293091 0.00155449
19 0.0986023 0.241272 0.0442505 0.32605 0.00154972
2 0.0596619 0.230408 0.0715942 0.347778 0.00154018
15 0.0986023 0.241272 0.0442505 0.32605 0.00149059
4 0.630371 0.0738525 0.154297 0.0361328 0.00147152
14 0.630371 0.0738525 0.154297 0.0361328 0.00146008
2 0.541504 0.0699463 0.299805 0.0493164 0.00134754
6 0.0991211 0.242371 0.0380859 0.302368 0.00133419
13 0.101044 0.237 0.0603638 0.345337 0.0013113
9 0.630371 0.0738525 0.154297 0.0361328 0.00122929
2 0.631348 0.0889282 0.172852 0.0577393 0.00121689
2 0.0422363 0.234863 0.046875 0.32666 0.0011673
11 0.630371 0.0738525 0.154297 0.0361328 0.00116444
12 0.630371 0.0738525 0.154297 0.0361328 0.0011549
2 0.822754 0.842773 0.144531 0.0791016 0.00110531
5 0.630371 0.0738525 0.154297 0.0361328 0.00110245
3 0.0829773 0.24054 0.0977173 0.300171 0.00107479
2 0.084198 0.242493 0.0493774 0.288452 0.00105572
16 0.630371 0.0738525 0.154297 0.0361328 0.00103569
4 0.918945 0.564209 0.109375 0.871582 0.00103569
6 0.630371 0.0738525 0.154297 0.0361328 0.00102329
2 0.629395 0.0670166 0.197266 0.0447998 0.00100517
8 0.630371 0.0738525 0.154297 0.0361328 0.00100422
