2 0.396973 0.839355 0.131836 0.0898438 0.861328
4 0.761719 0.635864 0.136719 0.55249 0.427002
2 0.460693 0.67334 0.26416 0.463867 0.400635
4 0.485718 0.642944 0.212158 0.512939 0.381104
3 0.952881 0.550049 0.0942383 0.845215 0.10199
2 0.442017 0.713379 0.221436 0.330078 0.0435486
4 0.462402 0.619141 0.286133 0.640625 0.0362549
2 0.407104 0.837891 0.231689 0.112305 0.0360107
4 0.770508 0.675781 0.09375 0.477539 0.0305023
2 0.761719 0.635864 0.136719 0.55249 0.0278931
4 0.514648 0.496704 0.269531 0.846436 0.0206299
4 0.768066 0.512207 0.114258 0.854492 0.0192108
4 0.771484 0.744629 0.120117 0.408203 0.0123901
2 0.494141 0.618164 0.201172 0.629883 0.0113907
3 0.966309 0.513672 0.0673828 0.916016 0.00849152
14 0.485718 0.642944 0.212158 0.512939 0.00813293
4 0.75293 0.549927 0.185547 0.747803 0.00801849
13 0.460693 0.67334 0.26416 0.463867 0.00634766
3 0.962402 0.589355 0.0751953 0.751953 0.00617981
2 0.935059 0.0396118 0.0927734 0.0596924 0.00617981
14 0.761719 0.635864 0.136719 0.55249 0.00603485
3 0.956543 0.697266 0.0869141 0.554688 0.00507736
13 0.399414 0.836426 0.135742 0.0908203 0.00478745
2 0.39624 0.856445 0.146973 0.259766 0.00450134
2 0.0920105 0.967773 0.131409 0.0449219 0.00391769
4 0 0.542236 0 0.911621 0.003582
3 0.96582 0.651855 0.0683594 0.485352 0.00341988
3 0.0319214 0.54834 0.0638428 0.879883 0.00337601
3 0.458496 0.669922 0.269531 0.483398 0.00324059
14 0.397217 0.838867 0.130371 0.0869141 0.0029583
4 0.0375824 0.487793 0.0696106 0.883789 0.00291824
2 0.391846 0.808594 0.162598 0.382812 0.00285721
2 0.410156 0.820801 0.138672 0.100586 0.00284767
2 0.402466 0.765137 0.161865 0.223633 0.0025959
11 0.396362 0.838379 0.151611 0.101562 0.00247765
2 0.770508 0.675781 0.09375 0.477539 0.00246048
4 0.03479 0.563477 0.0695801 0.867188 0.00226784
3 0.761719 0.635864 0.136719 0.55249 0.00223923
1 0.474731 0.64563 0.235107 0.513428 0.0021801
2 0.447998 0.662598 0.294434 0.293945 0.00213242
1 0.397217 0.840332 0.132324 0.0859375 0.00208282
9 0.398926 0.835938 0.139648 0.101562 0.00205612
16 0.397217 0.838867 0.130371 0.0869141 0.0019722
4 0.443848 0.692383 0.243164 0.412109 0.00192547
3 0.39502 0.838867 0.150391 0.100586 0.00191307
9 0.460693 0.67334 0.26416 0.463867 0.00187492
4 0.399414 0.836426 0.135742 0.0908203 0.00184727
2 0.504517 0.678711 0.322998 0.579102 0.00179768
3 0 0.536255 0 0.92749 0.00175953
19 0.397217 0.840332 0.132324 0.0859375 0.00171375
6 0.397217 0.840332 0.132324 0.0859375 0.00168705
2 0.773438 0.544678 0.132812 0.855957 0.00168514
11 0.458496 0.669922 0.269531 0.483398 0.00165749
8 0.397217 0.840332 0.132324 0.0859375 0.00162411
4 0.517456 0.560547 0.210205 0.649414 0.00160789
2 0.952881 0.550049 0.0942383 0.845215 0.0015583
2 0.927246 0.150391 0.0830078 0.136719 0.00153065
18 0.458496 0.669922 0.269531 0.483398 0.00152206
12 0.397217 0.838867 0.130371 0.0869141 0.00152016
15 0.397217 0.840332 0.132324 0.0859375 0.0015192
4 0.952881 0.550049 0.0942383 0.845215 0.00148773
7 0.397217 0.838867 0.130371 0.0869141 0.0014782
13 0.761719 0.635864 0.136719 0.55249 0.00147057
0 0.396362 0.838379 0.151611 0.101562 0.00147057
2 0.519043 0.478638 0.254883 0.823975 0.00146961
16 0.458496 0.669922 0.269531 0.483398 0.00145817
3 0.950195 0.580566 0.0878906 0.599609 0.00143337
19 0.460693 0.67334 0.26416 0.463867 0.00141716
5 0.399414 0.836426 0.135742 0.0908203 0.00140762
5 0.460693 0.67334 0.26416 0.463867 0.0013895
7 0.458496 0.669922 0.269531 0.483398 0.00137043
17 0.458496 0.669922 0.269531 0.483398 0.00135994
6 0.458496 0.669922 0.269531 0.483398 0.00134945
15 0.460693 0.67334 0.26416 0.463867 0.00134754
10 0.460693 0.67334 0.26416 0.463867 0.00134754
17 0.397217 0.838867 0.130371 0.0869141 0.00134659
0 0.458496 0.669922 0.269531 0.483398 0.00133324
14 0.462402 0.619141 0.286133 0.640625 0.00126362
8 0.458496 0.669922 0.269531 0.483398 0.00125217
2 0.465332 0.569458 0.297852 0.7146 0.00125122
12 0.460693 0.67334 0.26416 0.463867 0.00124168
9 0.761719 0.635864 0.136719 0.55249 0.00116444
13 0.442017 0.713379 0.221436 0.330078 0.00114059
10 0.39502 0.838867 0.150391 0.100586 0.00112152
2 0.312073 0.844238 0.290894 0.113281 0.0010643
2 0.0734863 0.955078 0.127686 0.0703125 0.00104141
2 0.438477 0.801758 0.237305 0.21875 0.00103664
1 0.761719 0.635864 0.136719 0.55249 0.00102425
3 0.0363159 0.57959 0.0726318 0.749023 0.00102043
