2 0.775391 0.505859 0.0380859 0.0908203 0.684082
2 0.768066 0.498047 0.0517578 0.113281 0.0453186
4 0.0540771 0.543579 0.108154 0.910889 0.0288086
4 0.047226 0.482422 0.0798645 0.810547 0.0257416
2 0.779297 0.505981 0.102539 0.0993652 0.0188904
2 0.777832 0.505493 0.0615234 0.0837402 0.0185547
4 0.957764 0.727539 0.0610352 0.480469 0.0180511
13 0.771484 0.505371 0.0419922 0.0878906 0.0141983
3 0.954102 0.505127 0.0917969 0.938965 0.0109482
14 0.771484 0.505371 0.0419922 0.0878906 0.0104675
4 0.0736237 0.519531 0.0968933 0.861328 0.00653839
4 0.0400696 0.546387 0.0801392 0.907227 0.00383759
4 0.030304 0.456421 0.0545044 0.770752 0.00349236
2 0.954102 0.505127 0.0917969 0.938965 0.00247955
4 0 0.537598 0 0.924805 0.00217819
4 0.775391 0.505371 0.0371094 0.0878906 0.00214386
2 0.782715 0.49939 0.168945 0.0959473 0.00210953
11 0.775391 0.506226 0.0371094 0.0881348 0.00188637
4 0.965332 0.509155 0.0693359 0.964111 0.00188255
3 0.0467529 0.527832 0.0935059 0.868164 0.0018549
3 0 0.512939 0 0.974121 0.00185013
3 0.967041 0.579956 0.065918 0.840088 0.00181389
9 0.775391 0.506226 0.0371094 0.0881348 0.00162697
3 0.0379639 0.520508 0.0759277 0.910156 0.00158978
6 0.775391 0.506226 0.0371094 0.0881348 0.00138664
16 0.775391 0.506226 0.0371094 0.0881348 0.00137138
2 0.0540771 0.543579 0.108154 0.910889 0.00133324
12 0.775391 0.505371 0.0371094 0.0878906 0.00132179
17 0.775391 0.506226 0.0371094 0.0881348 0.00128841
15 0.775391 0.505371 0.0371094 0.0878906 0.00128651
5 0.775391 0.505371 0.0371094 0.0878906 0.00124741
4 0.973633 0.727661 0.0527344 0.538818 0.00124454
3 0.771484 0.505371 0.0419922 0.0878906 0.00123978
19 0.775391 0.505371 0.0371094 0.0878906 0.00119877
1 0.775391 0.505371 0.0371094 0.0878906 0.00119495
0 0.775391 0.505371 0.0371094 0.0878906 0.00117111
7 0.775391 0.505371 0.0371094 0.0878906 0.00107479
8 0.775391 0.505371 0.0371094 0.0878906 0.00105
4 0.959961 0.602173 0.0683594 0.795654 0.00103378
2 0.754883 0.50769 0.0966797 0.0852051 0.00102425
