2 0.51416 0.816406 0.0400391 0.0810547 0.489502
2 0.815918 0.867188 0.03125 0.135742 0.0681763
2 0.522461 0.814941 0.0664062 0.0869141 0.0394592
4 0.960693 0.518677 0.0727539 0.806396 0.0354004
3 0.0324402 0.512817 0.0648804 0.878662 0.0158234
13 0.51416 0.816895 0.0371094 0.0800781 0.0142365
14 0.510742 0.814941 0.0537109 0.0830078 0.00928497
2 0.45752 0.989746 0.379883 0.0205078 0.00876617
2 0.507812 0.808105 0.046875 0.113281 0.00826263
3 0.0447998 0.512573 0.0895996 0.924072 0.00725555
2 0.819824 0.841309 0.0341797 0.116211 0.00557327
4 0.0447998 0.512573 0.0895996 0.924072 0.00497437
2 0.518066 0.8125 0.12793 0.0947266 0.00378036
3 0.00653076 0.512329 0.0130615 0.942139 0.00366592
4 0.945312 0.576538 0.0683594 0.823486 0.00259781
4 0.959961 0.649292 0.0625 0.584229 0.00225258
4 0.118622 0.488159 0.109436 0.744385 0.00213051
4 0.95166 0.519043 0.0966797 0.961914 0.00209618
4 0.51416 0.816895 0.0371094 0.0800781 0.00204659
2 0.538574 0.990234 0.255859 0.0195312 0.00203896
11 0.51416 0.816895 0.0371094 0.0810547 0.00179291
2 0.827148 0.850586 0.0429688 0.106445 0.00172138
4 0.0708008 0.481079 0.123047 0.869873 0.00167656
9 0.51416 0.816406 0.0400391 0.0810547 0.00158024
1 0.51416 0.816895 0.0371094 0.0800781 0.00139809
2 0.540527 0.819824 0.102539 0.0810547 0.00138378
6 0.51416 0.816895 0.0371094 0.0810547 0.00133419
16 0.51416 0.816895 0.0371094 0.0810547 0.0012722
3 0 0.480469 0 0.921875 0.00120163
15 0.51416 0.816895 0.0371094 0.0810547 0.00117683
3 0.51416 0.816895 0.0371094 0.0800781 0.00111485
17 0.51416 0.816895 0.0371094 0.0810547 0.00109768
4 0.0957031 0.453491 0.0891113 0.729736 0.00107288
8 0.51416 0.816895 0.0371094 0.0800781 0.00104713
3 0.0297852 0.523926 0.0595703 0.8125 0.00104618
2 0.820801 0.866211 0.0800781 0.145508 0.00104046
