2 0.607422 0.841797 0.144531 0.0917969 0.848145
4 0.230286 0.666504 0.112671 0.519531 0.628418
2 0.536133 0.664062 0.255859 0.477539 0.527344
4 0.534302 0.657104 0.251709 0.486572 0.393066
4 0.236267 0.589233 0.136841 0.72583 0.256104
2 0.597656 0.841309 0.227539 0.109375 0.0463867
2 0.55957 0.706543 0.216797 0.344727 0.031311
3 0.0397644 0.553223 0.0795288 0.821289 0.0271912
2 0.230286 0.666504 0.112671 0.519531 0.0217438
2 0.566406 0.817871 0.245117 0.143555 0.0217285
4 0.262756 0.498169 0.212769 0.769287 0.0190735
3 0.957031 0.586792 0.0859375 0.81665 0.0179443
3 0.0358276 0.705566 0.0716553 0.517578 0.0172119
2 0.233154 0.566406 0.13916 0.697266 0.0135956
14 0.537109 0.657227 0.254883 0.495117 0.0123596
4 0.495605 0.553711 0.160156 0.737305 0.00933075
14 0.230286 0.666504 0.112671 0.519531 0.00905609
13 0.539062 0.662964 0.259766 0.496338 0.00694275
2 0.0623016 0.0489044 0.0897522 0.0696716 0.00630188
13 0.604004 0.84082 0.125 0.0791016 0.00488281
3 0.539062 0.662964 0.259766 0.496338 0.00452423
2 0.608887 0.856201 0.141602 0.266113 0.00418472
3 0.00349426 0.515381 0.00698853 0.937988 0.00415039
2 0.605469 0.816895 0.154297 0.107422 0.0041008
1 0.539062 0.662964 0.259766 0.496338 0.00403976
1 0.904785 0.970703 0.124023 0.0371094 0.0030899
14 0.240234 0.548462 0.145508 0.701904 0.00299644
3 0.234619 0.572144 0.135742 0.679932 0.00295639
3 0.971191 0.515015 0.0576172 0.964111 0.00293159
9 0.604492 0.839844 0.140625 0.0976562 0.00250816
11 0.606445 0.839844 0.143555 0.0888672 0.00244141
3 0.0211792 0.545044 0.0423584 0.790771 0.0024128
14 0.604492 0.839844 0.140625 0.0976562 0.00235558
9 0.539062 0.662964 0.259766 0.496338 0.00232124
4 0.492188 0.488281 0.238281 0.775391 0.00224304
11 0.539062 0.662964 0.259766 0.496338 0.0021801
2 0.606934 0.818115 0.164062 0.36377 0.00209236
18 0.539062 0.662964 0.259766 0.496338 0.00208855
3 0.604492 0.839844 0.140625 0.0976562 0.00198364
19 0.539062 0.662964 0.259766 0.496338 0.00191784
6 0.539062 0.662964 0.259766 0.496338 0.00191021
4 0.604004 0.84082 0.125 0.0791016 0.00189877
2 0.575806 0.833008 0.344482 0.103516 0.00188828
1 0.606445 0.839844 0.143555 0.0888672 0.00187302
16 0.539062 0.662964 0.259766 0.496338 0.00186729
17 0.539062 0.662964 0.259766 0.496338 0.00186729
2 0.60498 0.804199 0.123047 0.196289 0.00185013
0 0.539062 0.662964 0.259766 0.496338 0.00184536
7 0.539062 0.662964 0.259766 0.496338 0.00184536
16 0.606445 0.839844 0.143555 0.0888672 0.00178719
2 0.55957 0.712891 0.370117 0.431641 0.00177479
14 0.503296 0.604004 0.183838 0.489258 0.00174046
15 0.539062 0.662964 0.259766 0.496338 0.00174046
8 0.606445 0.839844 0.143555 0.0888672 0.00172615
10 0.539062 0.662964 0.259766 0.496338 0.00171947
12 0.537109 0.657227 0.254883 0.495117 0.001688
13 0.230286 0.666504 0.112671 0.519531 0.00166893
19 0.604004 0.84082 0.125 0.0791016 0.00164986
8 0.539062 0.662964 0.259766 0.496338 0.00164127
5 0.537109 0.657227 0.254883 0.495117 0.00163651
3 0 0.516724 0 0.945068 0.00161934
12 0.604004 0.839355 0.125977 0.0791016 0.00159454
0 0.606445 0.839844 0.143555 0.0888672 0.00151825
14 0.256836 0.518066 0.206543 0.825195 0.00147533
5 0.604004 0.84082 0.125 0.0791016 0.00146198
1 0.231445 0.666138 0.121582 0.532959 0.00144863
3 0.965576 0.624634 0.0688477 0.610107 0.00144196
6 0.604004 0.84082 0.125 0.0791016 0.00144005
7 0.606445 0.839844 0.143555 0.0888672 0.00143147
15 0.604004 0.84082 0.125 0.0791016 0.00139523
4 0.959717 0.516602 0.0766602 0.889648 0.00138283
3 0.032959 0.577271 0.065918 0.6521 0.00135803
3 0.045105 0.620728 0.09021 0.621826 0.00132275
17 0.606445 0.839844 0.143555 0.0888672 0.00126362
2 0.508301 0.621582 0.15625 0.681641 0.00123978
9 0.230286 0.666504 0.112671 0.519531 0.00123596
8 0.230286 0.666504 0.112671 0.519531 0.00117016
15 0.230286 0.666504 0.112671 0.519531 0.00115204
10 0.230286 0.666504 0.112671 0.519531 0.00114727
5 0.230286 0.666504 0.112671 0.519531 0.00114346
6 0.230286 0.666504 0.112671 0.519531 0.00113869
19 0.230286 0.666504 0.112671 0.519531 0.00113392
12 0.230286 0.666504 0.112671 0.519531 0.00112915
2 0.699707 0.859375 0.321289 0.0820312 0.00112915
7 0.230286 0.666504 0.112671 0.519531 0.00110722
16 0.230286 0.666504 0.112671 0.519531 0.00109863
0 0.230286 0.666504 0.112671 0.519531 0.00109863
10 0.604492 0.839844 0.140625 0.0976562 0.00108814
2 0.925781 0.967529 0.119141 0.0415039 0.00107193
18 0.230286 0.666504 0.112671 0.519531 0.00106525
17 0.230286 0.666504 0.112671 0.519531 0.00106144
11 0.230286 0.666504 0.112671 0.519531 0.00104904
