2 0.321228 0.785156 0.345825 0.108398 0.90625
2 0.887207 0.0695801 0.0625 0.0727539 0.240479
13 0.887207 0.0695801 0.0625 0.0727539 0.0164795
3 0.971191 0.51123 0.0576172 0.884766 0.0162201
4 0.94751 0.481934 0.0717773 0.876953 0.00782013
2 0.320862 0.800781 0.344604 0.200195 0.00695038
4 0.963867 0.51355 0.0722656 0.883057 0.00539398
2 0.215881 0.127441 0.26062 0.03125 0.00523758
13 0.316711 0.78418 0.352905 0.117188 0.00517273
3 0.960205 0.498047 0.0795898 0.849609 0.00456238
4 0.247314 0.353271 0.200195 0.431152 0.00417709
4 0.319763 0.78418 0.351685 0.114258 0.00394058
2 0.320862 0.821533 0.352417 0.339355 0.00331688
9 0.321899 0.785156 0.350342 0.112305 0.00272751
11 0.314087 0.783691 0.352295 0.113281 0.00271988
14 0.321899 0.785156 0.350342 0.112305 0.00260353
1 0.319397 0.785645 0.349487 0.113281 0.00243759
7 0.321899 0.785156 0.350342 0.112305 0.00230789
16 0.321899 0.785156 0.350342 0.112305 0.00219345
10 0.321899 0.785156 0.350342 0.112305 0.00217628
6 0.316711 0.78418 0.352905 0.117188 0.00217056
15 0.316711 0.78418 0.352905 0.117188 0.00217056
5 0.321899 0.785156 0.350342 0.112305 0.00214386
17 0.316711 0.78418 0.352905 0.117188 0.00207329
12 0.321899 0.785156 0.350342 0.112305 0.00206184
0 0.321899 0.785156 0.350342 0.112305 0.00203705
18 0.321899 0.785156 0.350342 0.112305 0.00202942
19 0.321899 0.785156 0.350342 0.112305 0.00201416
3 0.316711 0.78418 0.352905 0.117188 0.00199318
2 0.888672 0.0666046 0.0800781 0.0967712 0.00197029
8 0.316711 0.78418 0.352905 0.117188 0.00193214
2 0.115723 0.812988 0.0493164 0.0869141 0.00185299
2 0.877441 0.0795288 0.0908203 0.0787354 0.00142765
4 0.887695 0.0704346 0.0644531 0.0761719 0.00131035
13 0.214294 0.131958 0.259888 0.0244141 0.00128269
1 0.884766 0.0756836 0.0498047 0.0654297 0.00123215
14 0.887695 0.0704346 0.0644531 0.0761719 0.00119305
9 0.884766 0.0756836 0.0498047 0.0654297 0.00117207
2 0.191162 0.133545 0.291992 0.027832 0.00111103
4 0.962891 0.633789 0.0625 0.732422 0.00102329
