2 0.562622 0.35376 0.376709 0.0874023 0.905273
4 0.901855 0.500366 0.104492 0.809814 0.172119
4 0.339844 0.494019 0.120605 0.7229 0.0290833
4 0.116089 0.521973 0.117676 0.681641 0.0202026
4 0.908203 0.320312 0.0859375 0.510742 0.0143356
4 0.924805 0.321716 0.0673828 0.463013 0.0104675
2 0.901855 0.500366 0.104492 0.809814 0.00569916
2 0.566528 0.32373 0.366943 0.197754 0.00521469
13 0.561157 0.351318 0.385498 0.0888672 0.00456619
2 0.339844 0.494019 0.120605 0.7229 0.00292206
2 0.558594 0.364075 0.34375 0.348999 0.00291061
9 0.561401 0.35376 0.375244 0.0878906 0.00276947
4 0.562622 0.35376 0.376709 0.0874023 0.00270653
14 0.561401 0.35376 0.375244 0.0878906 0.00250435
4 0.926758 0.511719 0.0830078 0.916016 0.00244713
14 0.901855 0.500366 0.104492 0.809814 0.00240707
4 0.0824432 0.520142 0.105621 0.699951 0.00234222
3 0.970947 0.50769 0.0581055 0.865479 0.00232697
7 0.56543 0.352783 0.378906 0.0874023 0.00230026
1 0.561401 0.35376 0.375244 0.0878906 0.00229836
5 0.56543 0.352783 0.378906 0.0874023 0.00226593
0 0.561035 0.351074 0.386719 0.0878906 0.00225449
15 0.56543 0.352783 0.378906 0.0874023 0.00224686
16 0.56543 0.352783 0.378906 0.0874023 0.00224686
10 0.561401 0.35376 0.375244 0.0878906 0.00224304
11 0.55957 0.351074 0.388672 0.0976562 0.00224113
6 0.56543 0.352783 0.378906 0.0874023 0.00221252
12 0.56543 0.352783 0.378906 0.0874023 0.00216866
17 0.56543 0.352783 0.378906 0.0874023 0.00216103
19 0.56543 0.352783 0.378906 0.0874023 0.00213432
3 0.56543 0.352783 0.378906 0.0874023 0.00213432
8 0.56543 0.352783 0.378906 0.0874023 0.00209427
18 0.562378 0.352051 0.383057 0.0913086 0.00208473
3 0.901855 0.505859 0.104492 0.810547 0.00183487
2 0.499512 0.343994 0.390625 0.0859375 0.00128937
4 0.123993 0.401978 0.0913696 0.592529 0.00126266
3 0.963867 0.588257 0.0722656 0.790283 0.00122356
3 0.0274048 0.515137 0.0548096 0.886719 0.00115585
13 0.31543 0.220398 0.0429688 0.0616455 0.00109673
