2 0.410645 0.766602 0.355469 0.176758 0.86377
4 0.870117 0.484863 0.135742 0.794922 0.504883
2 0.488281 0.729492 0.206055 0.0996094 0.137329
2 0.0599365 0.890625 0.0500488 0.123047 0.131592
2 0.443481 0.733887 0.284912 0.121094 0.115906
2 0.839355 0.835938 0.134766 0.133789 0.0661621
2 0.875 0.498535 0.135742 0.745117 0.0202332
4 0.882324 0.35376 0.143555 0.478027 0.0187073
3 0.881348 0.499512 0.139648 0.725586 0.0148926
13 0.84375 0.835938 0.125977 0.136719 0.0117264
2 0.421631 0.766113 0.362793 0.286133 0.0111008
13 0.41333 0.774414 0.351074 0.194336 0.0104446
3 0.964111 0.512817 0.0717773 0.878662 0.00836945
4 0.195374 0.602661 0.148315 0.720459 0.00754166
4 0.85791 0.473022 0.125977 0.528564 0.00729752
14 0.870117 0.484863 0.135742 0.794922 0.00666428
2 0.200195 0.601562 0.151367 0.648438 0.00656891
2 0.0510101 0.905273 0.0652161 0.12207 0.00516891
4 0.41333 0.774414 0.351074 0.194336 0.00465012
9 0.0517578 0.896484 0.0576172 0.107422 0.00416946
1 0.413208 0.777344 0.359131 0.191406 0.00375175
14 0.413208 0.777344 0.359131 0.191406 0.00320244
3 0.0331573 0.486694 0.0611267 0.790283 0.00299072
9 0.413208 0.777344 0.359131 0.191406 0.00279617
2 0.318542 0.80127 0.260376 0.158203 0.00250053
2 0.221741 0.271057 0.0369873 0.107788 0.00239944
4 0.901367 0.505981 0.132812 0.837646 0.00234985
13 0.439941 0.744629 0.294922 0.140625 0.0022831
5 0.41333 0.774414 0.351074 0.194336 0.00222015
18 0.413208 0.777344 0.359131 0.191406 0.00221634
19 0.413208 0.777344 0.359131 0.191406 0.00219917
10 0.413208 0.777344 0.359131 0.191406 0.00218201
15 0.413208 0.777344 0.359131 0.191406 0.00206566
2 0.87793 0.825684 0.128906 0.113281 0.00204659
16 0.413208 0.777344 0.359131 0.191406 0.00204086
8 0.413208 0.777344 0.359131 0.191406 0.00203514
12 0.413208 0.777344 0.359131 0.191406 0.00203514
3 0.0372314 0.559082 0.0744629 0.862305 0.00203133
11 0.413208 0.777344 0.359131 0.191406 0.00201797
6 0.413208 0.777344 0.359131 0.191406 0.00200272
7 0.413208 0.777344 0.359131 0.191406 0.00193405
0 0.413208 0.777344 0.359131 0.191406 0.00192547
17 0.413208 0.777344 0.359131 0.191406 0.00189686
4 0.439941 0.744629 0.294922 0.140625 0.001894
14 0.881836 0.340027 0.138672 0.390259 0.00188255
4 0.186768 0.485352 0.117188 0.759766 0.00184155
9 0.87793 0.825684 0.128906 0.113281 0.00183392
13 0.0599365 0.890625 0.0500488 0.123047 0.00178242
3 0.413208 0.777344 0.359131 0.191406 0.0016613
1 0.0599365 0.890625 0.0500488 0.123047 0.00158691
13 0.855469 0.827148 0.0869141 0.105469 0.00156307
2 0.217224 0.272217 0.0499268 0.146973 0.00144672
4 0.875977 0.479492 0.130859 0.396484 0.00139618
2 0.820801 0.517944 0.25293 0.729736 0.00118732
2 0.499512 0.0174561 0.999023 0.0349121 0.00118065
1 0.875977 0.498047 0.141602 0.756836 0.00111485
1 0.0510101 0.905273 0.0652161 0.12207 0.00111389
13 0.875 0.498535 0.135742 0.745117 0.00111008
10 0.870117 0.484863 0.135742 0.794922 0.001091
14 0.439941 0.744629 0.294922 0.140625 0.00105667
3 0.969238 0.495117 0.0615234 0.676758 0.00103855
1 0.87793 0.825684 0.128906 0.113281 0.00101566
2 0.0512085 0.883301 0.0797119 0.0996094 0.00100136
