2 0.635742 0.290039 0.235352 0.193848 0.883301
2 0.311035 0.140137 0.0927734 0.118408 0.274414
13 0.313965 0.14389 0.0854492 0.117981 0.180298
2 0.0539551 0.738281 0.0285645 0.131836 0.107239
2 0.605469 0.708008 0.0302734 0.0585938 0.041687
13 0.636719 0.291016 0.239258 0.188965 0.0135117
4 0.0374756 0.489136 0.074707 0.808838 0.012825
2 0.647461 0.307434 0.230469 0.348022 0.0105286
4 0.63623 0.289795 0.234375 0.211426 0.0083313
2 0.0495605 0.750977 0.029541 0.179688 0.00593948
14 0.63623 0.289795 0.234375 0.211426 0.00587463
13 0.0539551 0.738281 0.0285645 0.131836 0.00582504
2 0.0410156 0.819092 0.0595703 0.346191 0.00523376
1 0.63623 0.289795 0.234375 0.211426 0.00503159
9 0.63623 0.289795 0.234375 0.211426 0.00480652
2 0.038208 0.802734 0.0371094 0.310547 0.00476837
16 0.63623 0.289795 0.234375 0.211426 0.00372505
7 0.63623 0.289795 0.234375 0.211426 0.00356865
10 0.63623 0.289795 0.234375 0.211426 0.00330353
8 0.63623 0.289795 0.234375 0.211426 0.00316429
3 0.63623 0.289795 0.234375 0.211426 0.00305557
2 0.0442505 0.770996 0.0305176 0.254883 0.00299454
5 0.63623 0.289795 0.234375 0.211426 0.00295067
19 0.63623 0.289795 0.234375 0.211426 0.00295067
14 0.314941 0.144531 0.0878906 0.116699 0.00292587
17 0.63623 0.289795 0.234375 0.211426 0.00284958
1 0.311035 0.140137 0.0927734 0.118408 0.00284195
12 0.63623 0.289795 0.234375 0.211426 0.0028286
4 0.314941 0.144531 0.0878906 0.116699 0.00274849
0 0.63623 0.289795 0.234375 0.211426 0.00265694
11 0.63623 0.289795 0.234375 0.211426 0.00263786
18 0.636719 0.291016 0.239258 0.188965 0.00258446
2 0.598633 0.709961 0.0458984 0.0498047 0.00253296
6 0.63623 0.289795 0.234375 0.211426 0.00251579
15 0.637695 0.288574 0.241211 0.191895 0.00249863
2 0.0288086 0.48584 0.0576172 0.791992 0.00206757
9 0.311035 0.140137 0.0927734 0.118408 0.00197411
4 0.939209 0.51001 0.121582 0.937012 0.00182629
13 0.605469 0.708008 0.0302734 0.0585938 0.00143909
4 0.0568848 0.513794 0.0969238 0.837646 0.00137711
14 0.605469 0.70752 0.03125 0.0576172 0.00132751
4 0.0450439 0.672607 0.0603027 0.654785 0.001297
3 0.946533 0.520996 0.106934 0.859375 0.00128841
3 0.0354614 0.535645 0.0709229 0.928711 0.00126266
4 0.0539551 0.738281 0.0285645 0.131836 0.00116348
2 0.0545654 0.720703 0.0340576 0.300781 0.00112152
2 0.538086 0.289307 0.424805 0.193359 0.00100803
