2 0.135315 0.465576 0.194214 0.050293 0.682129
4 0.429321 0.425171 0.0974121 0.798096 0.0510864
2 0.137177 0.466553 0.206116 0.0834961 0.049469
2 0.101562 0.466309 0.148438 0.0390625 0.0371399
2 0.137939 0.465698 0.275879 0.0617676 0.0314941
2 0.176758 0.468628 0.125488 0.0490723 0.0197296
2 0.178101 0.473633 0.110107 0.0332031 0.0182343
2 0.134399 0.478882 0.197021 0.0480957 0.0125046
3 0.961182 0.540527 0.0776367 0.818359 0.00690079
2 0.0869751 0.458618 0.138062 0.0515137 0.00451279
4 0.962158 0.452759 0.065918 0.735107 0.00383186
13 0.13089 0.467163 0.183533 0.0461426 0.00284386
2 0.165985 0.460205 0.170959 0.0541992 0.00270462
4 0.973389 0.44397 0.0512695 0.582764 0.00257111
3 0.00700378 0.477905 0.0140076 0.925049 0.00246239
2 0.199829 0.959473 0.320068 0.0283203 0.00240898
3 0.0198975 0.51062 0.0397949 0.869385 0.00237274
2 0.111908 0.449097 0.167786 0.0754395 0.00234985
2 0.101562 0.474609 0.165283 0.0712891 0.00176334
4 0.13089 0.467163 0.183533 0.0461426 0.00174904
2 0.431641 0.438721 0.0849609 0.61377 0.00174809
14 0.13504 0.46814 0.196716 0.0461426 0.0017395
7 0.129822 0.468384 0.191528 0.0476074 0.00162983
16 0.129822 0.468384 0.191528 0.0476074 0.00151348
9 0.129822 0.468384 0.191528 0.0476074 0.00150108
3 0.960449 0.43103 0.0615234 0.575439 0.00149441
15 0.129822 0.468384 0.191528 0.0476074 0.00147247
10 0.129822 0.468384 0.191528 0.0476074 0.00144958
6 0.129822 0.468384 0.191528 0.0476074 0.00143909
17 0.129822 0.468384 0.191528 0.0476074 0.00143909
12 0.129822 0.468384 0.191528 0.0476074 0.00143242
3 0.129822 0.468384 0.191528 0.0476074 0.00141621
11 0.129822 0.468384 0.191528 0.0476074 0.00141621
8 0.129822 0.468384 0.191528 0.0476074 0.00136185
5 0.129822 0.468384 0.191528 0.0476074 0.00135708
18 0.129822 0.468384 0.191528 0.0476074 0.0013361
0 0.129425 0.468384 0.19281 0.0466309 0.00131989
19 0.129822 0.468384 0.191528 0.0476074 0.00131989
3 0.945312 0.541748 0.109375 0.916504 0.0013113
4 0.981689 0.431885 0.0366211 0.57373 0.00128078
2 0.165985 0.473022 0.189514 0.0480957 0.00127792
2 0.304932 0.38501 0.11084 0.641113 0.00104809
2 0.158539 0.479858 0.150696 0.0373535 0.00104332
