2 0.655273 0.353394 0.132812 0.234619 0.882812
2 0.669922 0.351074 0.219727 0.244141 0.0394592
13 0.652832 0.342773 0.132812 0.219727 0.0170593
4 0.650391 0.342041 0.129883 0.254395 0.00917053
14 0.649414 0.342285 0.130859 0.244629 0.00674057
1 0.649414 0.342285 0.130859 0.244629 0.00623703
3 0.649414 0.342285 0.130859 0.244629 0.00595093
9 0.649414 0.342285 0.130859 0.244629 0.0058403
13 0.497559 0.134033 0.0947266 0.0861816 0.00362968
2 0.645996 0.321777 0.0976562 0.211426 0.003582
4 0.0405884 0.481445 0.0704346 0.813477 0.00349236
17 0.649414 0.342285 0.130859 0.244629 0.00342751
8 0.649414 0.342285 0.130859 0.244629 0.00342751
10 0.650391 0.342041 0.129883 0.254395 0.00342751
6 0.649414 0.342285 0.130859 0.244629 0.0032711
19 0.649414 0.342285 0.130859 0.244629 0.00312424
3 0 0.508911 0 0.982178 0.00304604
7 0.649414 0.342285 0.130859 0.244629 0.00303841
16 0.649414 0.342285 0.130859 0.244629 0.00301743
11 0.649414 0.342285 0.130859 0.244629 0.00291252
5 0.650391 0.342041 0.129883 0.254395 0.00271416
3 0.970703 0.631592 0.0585938 0.686035 0.00255966
15 0.650391 0.342041 0.129883 0.254395 0.00250053
3 0.0289001 0.51355 0.0578003 0.918213 0.00248337
0 0.650391 0.342041 0.129883 0.254395 0.00246239
12 0.650391 0.342041 0.129883 0.254395 0.00243378
18 0.652832 0.342773 0.132812 0.219727 0.00229645
2 0.639648 0.363281 0.129883 0.328125 0.00148582
2 0.614258 0.345459 0.179688 0.237305 0.00133514
4 0 0.540161 0 0.919678 0.00117016
3 0.955566 0.630859 0.0888672 0.738281 0.00101471
