2 0.376465 0.144409 0.269531 0.111572 0.903809
4 0.810547 0.258057 0.0859375 0.245605 0.52002
2 0.811035 0.25824 0.0830078 0.249146 0.195068
14 0.810547 0.258057 0.0859375 0.245605 0.0155334
2 0.374634 0.168579 0.262451 0.205811 0.012207
2 0.370117 0.112671 0.277344 0.225342 0.00770569
3 0.959229 0.545654 0.081543 0.908691 0.00720978
4 0.817871 0.403931 0.107422 0.537842 0.00643158
13 0.374756 0.13797 0.285645 0.11322 0.00595856
3 0.816895 0.259216 0.0908203 0.225708 0.00513458
4 0.82666 0.260986 0.176758 0.242676 0.00505829
2 0.379272 0.186707 0.278564 0.345337 0.00503922
2 0.744141 0.971436 0.474609 0.0336914 0.00502777
4 0.372803 0.147461 0.26123 0.109863 0.00440216
13 0.809082 0.259705 0.0849609 0.249146 0.00422668
3 0.959717 0.210327 0.0415039 0.301514 0.00384331
2 0.964355 0.260315 0.0341797 0.0848389 0.00370216
2 0.244202 0.968018 0.425659 0.0307617 0.00359535
9 0.374756 0.13797 0.285645 0.11322 0.00326157
4 0.946777 0.580811 0.106445 0.838379 0.00311279
2 0.961182 0.223328 0.0385742 0.258423 0.00309372
2 0.483887 0.135651 0.0488281 0.0983276 0.00309372
11 0.375977 0.14563 0.280273 0.108887 0.00307655
2 0.955078 0.271484 0.046875 0.0664062 0.00296974
4 0.959717 0.210327 0.0415039 0.301514 0.00296211
3 0.968018 0.609741 0.0639648 0.741455 0.00296021
1 0.373413 0.139862 0.278564 0.118713 0.00289726
9 0.811035 0.25824 0.0830078 0.249146 0.00278664
4 0.822754 0.509888 0.128906 0.761475 0.00277519
14 0.374756 0.13797 0.285645 0.11322 0.00269508
2 0.811523 0.26123 0.12207 0.200195 0.00240326
7 0.374756 0.13797 0.285645 0.11322 0.00234413
6 0.377441 0.143433 0.269531 0.115234 0.0023098
18 0.374756 0.13797 0.285645 0.11322 0.00223541
16 0.373413 0.139862 0.278564 0.118713 0.00222397
15 0.373413 0.139862 0.278564 0.118713 0.0022049
17 0.374756 0.13797 0.285645 0.11322 0.00219345
3 0.374756 0.13797 0.285645 0.11322 0.00218391
10 0.373413 0.139862 0.278564 0.118713 0.00216293
12 0.374756 0.13797 0.285645 0.11322 0.00208473
0 0.374756 0.13797 0.285645 0.11322 0.00206757
5 0.374756 0.13797 0.285645 0.11322 0.00205994
19 0.374756 0.13797 0.285645 0.11322 0.00205231
2 0.249512 0.959229 0.403809 0.0522461 0.00193024
8 0.373413 0.139862 0.278564 0.118713 0.00192547
2 0.416016 0.92749 0.0424805 0.0864258 0.00181389
10 0.811035 0.25824 0.0830078 0.249146 0.00172043
8 0.810547 0.258057 0.0859375 0.245605 0.00171471
12 0.810547 0.258057 0.0859375 0.245605 0.0016489
1 0.812988 0.259033 0.0849609 0.232422 0.00158787
16 0.810547 0.258057 0.0859375 0.245605 0.00150204
19 0.810547 0.258057 0.0859375 0.245605 0.00150204
15 0.811035 0.25824 0.0830078 0.249146 0.00146103
5 0.810547 0.258057 0.0859375 0.245605 0.00143337
7 0.810547 0.258057 0.0859375 0.245605 0.00136757
17 0.809082 0.259705 0.0849609 0.249146 0.00136089
6 0.810547 0.258057 0.0859375 0.245605 0.00135708
11 0.813965 0.259583 0.0869141 0.232788 0.00132561
4 0.374634 0.168579 0.262451 0.205811 0.00122643
2 0.366699 0.149536 0.289062 0.299072 0.00122547
2 0.962402 0.241455 0.0361328 0.161621 0.00121307
0 0.810547 0.258057 0.0859375 0.245605 0.00121212
18 0.813965 0.259583 0.0869141 0.232788 0.00120258
2 0.953613 0.25415 0.0439453 0.125977 0.00118256
2 0.766602 0.134399 0.128906 0.017334 0.00110626
4 0.837891 0.275635 0.114258 0.225098 0.00103951
