2 0.469238 0.15332 0.149414 0.137695 0.899414
2 0.480957 0.152802 0.223633 0.155334 0.0625
4 0.0469971 0.508423 0.0939941 0.965576 0.0248413
2 0.473022 0.168457 0.157471 0.291992 0.0140991
13 0.46936 0.154907 0.147217 0.133057 0.00753021
3 0.0398254 0.481934 0.0796509 0.928711 0.00440598
9 0.469116 0.152191 0.151611 0.139465 0.00339699
1 0.46936 0.154907 0.147217 0.133057 0.0031929
4 0.973877 0.519043 0.0522461 0.84375 0.00294876
14 0.470215 0.152283 0.154297 0.136841 0.00289154
3 0.469116 0.152191 0.151611 0.139465 0.0026474
4 0.961426 0.554321 0.0771484 0.864014 0.00248909
4 0.467651 0.154388 0.146729 0.135559 0.00246239
11 0.469238 0.153473 0.148438 0.135437 0.00239372
16 0.469238 0.153473 0.148438 0.135437 0.00180817
8 0.469238 0.153473 0.148438 0.135437 0.00180817
5 0.469238 0.153473 0.148438 0.135437 0.00171089
19 0.469238 0.153473 0.148438 0.135437 0.00167179
6 0.474609 0.152557 0.145508 0.145081 0.00163651
0 0.474609 0.151672 0.138672 0.139038 0.00154877
12 0.470215 0.152283 0.154297 0.136841 0.00152588
7 0.469116 0.152191 0.151611 0.139465 0.00151825
15 0.469238 0.153473 0.148438 0.135437 0.00148678
2 0.0485229 0.486328 0.0970459 0.972656 0.00135326
10 0.470215 0.152283 0.154297 0.136841 0.00131702
17 0.46936 0.154907 0.147217 0.133057 0.00124359
18 0.469116 0.152191 0.151611 0.139465 0.00120544
