2 0.502441 0.200928 0.150391 0.276855 0.889648
2 0.389893 0.139404 0.0244141 0.108154 0.0922852
2 0.506958 0.201172 0.2771 0.296875 0.0226135
13 0.502441 0.203186 0.146484 0.278198 0.014946
4 0.503418 0.201477 0.147461 0.301147 0.0136414
3 0.5 0.20282 0.142578 0.282837 0.00701904
1 0.502441 0.203186 0.146484 0.278198 0.00683212
9 0.503418 0.201477 0.147461 0.301147 0.00640106
14 0.49939 0.20166 0.145752 0.285156 0.006073
4 0.934082 0.545166 0.0947266 0.909668 0.00567627
4 0.0462646 0.453003 0.0839844 0.81665 0.00457001
10 0.503418 0.201477 0.147461 0.301147 0.00361633
13 0.390381 0.141479 0.0234375 0.104492 0.00354767
8 0.501953 0.199829 0.152344 0.295166 0.00338554
7 0.501953 0.199829 0.152344 0.295166 0.0033226
16 0.503418 0.201477 0.147461 0.301147 0.00309753
11 0.502441 0.203186 0.146484 0.278198 0.00307274
6 0.500488 0.202637 0.151367 0.291016 0.00300026
17 0.503418 0.201477 0.147461 0.301147 0.00290871
18 0.502441 0.203186 0.146484 0.278198 0.00284195
0 0.501953 0.199829 0.152344 0.295166 0.00280952
5 0.501953 0.199829 0.152344 0.295166 0.00276756
19 0.5 0.20282 0.142578 0.282837 0.00274658
12 0.501953 0.199829 0.152344 0.295166 0.00255966
15 0.503418 0.201477 0.147461 0.301147 0.00244141
2 0.834229 0.961426 0.274902 0.0361328 0.00154591
2 0.944092 0.821533 0.0981445 0.325684 0.00140858
2 0.486816 0.186249 0.145508 0.198792 0.00133514
