2 0.823242 0.397461 0.0341797 0.108887 0.862793
2 0.0639648 0.217407 0.0415039 0.153564 0.612793
2 0.477051 0.514526 0.0761719 0.130127 0.114624
2 0.823242 0.396973 0.0732422 0.125488 0.0545959
2 0.0771484 0.213989 0.0554199 0.169189 0.0388184
13 0.819336 0.394775 0.0400391 0.11377 0.0223083
2 0.0595856 0.217712 0.0905457 0.165161 0.0155869
13 0.0639648 0.217407 0.0415039 0.153564 0.0144882
2 0.570801 0.0390015 0.0527344 0.0455322 0.0136261
13 0.476685 0.516602 0.0817871 0.125 0.0121078
2 0.813965 0.391846 0.0439453 0.126465 0.00834656
2 0.831055 0.394775 0.15625 0.131348 0.00759506
2 0.0654297 0.209351 0.0472412 0.226318 0.00659943
14 0.822754 0.395752 0.0439453 0.116211 0.0064888
2 0.0629883 0.213135 0.0571289 0.313477 0.00541687
4 0.0646362 0.21814 0.0389404 0.156006 0.00388336
4 0.959229 0.728027 0.0639648 0.487305 0.00337029
4 0.823242 0.397461 0.0341797 0.108887 0.00326729
3 0.0357056 0.563843 0.0714111 0.66333 0.00324631
3 0.0686646 0.21106 0.0458984 0.170166 0.00323677
4 0.0407104 0.578125 0.0615234 0.748047 0.00286102
2 0.541016 0.038147 0.110352 0.0487061 0.00285339
2 0.0523682 0.224609 0.0355225 0.158203 0.00237274
1 0.820801 0.39624 0.0351562 0.105469 0.00229645
2 0.0834656 0.215576 0.101624 0.147461 0.00222015
9 0.820801 0.39624 0.0351562 0.105469 0.00221634
2 0.800293 0.398682 0.129883 0.118652 0.00199318
14 0.0688477 0.211731 0.0454102 0.164429 0.00198936
9 0.0686646 0.21106 0.0458984 0.170166 0.00197792
3 0.820801 0.39624 0.0351562 0.105469 0.00194836
2 0.822266 0.408936 0.0458984 0.268066 0.00193024
11 0.822754 0.398193 0.0341797 0.108398 0.00189781
2 0.602051 0.0411377 0.118164 0.0515137 0.00182152
2 0.0445557 0.827148 0.069458 0.328125 0.0017252
6 0.819824 0.396729 0.0341797 0.106934 0.00168514
16 0.822754 0.398193 0.0341797 0.108398 0.00166321
2 0.0847473 0.213257 0.1474 0.17749 0.00164604
12 0.820801 0.39624 0.0351562 0.105469 0.00158024
11 0.0639648 0.217407 0.0415039 0.153564 0.00149632
2 0.0370483 0.212463 0.0405273 0.235229 0.00146866
0 0.822754 0.398193 0.0341797 0.108398 0.0014677
17 0.822754 0.398193 0.0341797 0.108398 0.00145626
5 0.823242 0.397461 0.0341797 0.108887 0.00140858
15 0.823242 0.397461 0.0341797 0.108887 0.00132847
8 0.820801 0.39624 0.0351562 0.105469 0.00128937
4 0.214844 0.620483 0.103516 0.677002 0.00121975
19 0.823242 0.397461 0.0341797 0.108887 0.0012188
1 0.0686646 0.21106 0.0458984 0.170166 0.00118351
7 0.822754 0.398193 0.0341797 0.108398 0.00117111
15 0.0639648 0.217407 0.0415039 0.153564 0.00114822
16 0.0688477 0.211731 0.0454102 0.164429 0.00110912
6 0.0639648 0.217407 0.0415039 0.153564 0.00108337
5 0.0639648 0.217407 0.0415039 0.153564 0.00103378
