2 0.525391 0.687866 0.300781 0.462158 0.92334
2 0.530884 0.68457 0.241943 0.324219 0.126953
2 0.0283203 0.787598 0.041626 0.134766 0.0786133
2 0.0330353 0.812988 0.0398865 0.114258 0.0440063
4 0.522461 0.686523 0.313477 0.476562 0.02948
13 0.529297 0.684204 0.288086 0.465576 0.0166626
2 0.0296173 0.776855 0.0415955 0.237305 0.0142288
14 0.529297 0.684204 0.288086 0.465576 0.0082016
2 0.515625 0.609375 0.370117 0.391602 0.00723267
1 0.529297 0.684204 0.288086 0.465576 0.00719452
2 0.497192 0.764648 0.243896 0.331055 0.00705338
3 0.524414 0.6875 0.308594 0.479492 0.00591278
9 0.531372 0.684692 0.279053 0.468506 0.00564194
4 0.958008 0.502563 0.0839844 0.940186 0.00494766
2 0.579102 0.73877 0.347656 0.369141 0.00466537
2 0.032959 0.82666 0.0505371 0.342773 0.00455475
3 0.0280457 0.519653 0.0560913 0.925537 0.00401688
9 0.03125 0.874023 0.0532227 0.166992 0.00381088
11 0.529297 0.684204 0.288086 0.465576 0.00377846
18 0.529297 0.684204 0.288086 0.465576 0.00377846
0 0.529297 0.684204 0.288086 0.465576 0.00362015
16 0.528809 0.683472 0.286133 0.465088 0.00345612
2 0.532715 0.630859 0.258789 0.201172 0.00344849
2 0.0308838 0.825684 0.0478516 0.195312 0.00330925
2 0.0238647 0.748047 0.0341797 0.223633 0.00329399
7 0.529297 0.684204 0.288086 0.465576 0.0032711
19 0.529297 0.684204 0.288086 0.465576 0.00325966
6 0.529297 0.684204 0.288086 0.465576 0.00318336
8 0.529785 0.684082 0.277344 0.46875 0.00314331
10 0.529297 0.684204 0.288086 0.465576 0.00307274
12 0.529297 0.684204 0.288086 0.465576 0.0030632
17 0.528809 0.683472 0.286133 0.465088 0.00303078
15 0.528809 0.683472 0.286133 0.465088 0.00298309
5 0.530273 0.686523 0.296875 0.482422 0.00281525
2 0.506836 0.722168 0.276367 0.201172 0.002491
2 0.564575 0.69043 0.23999 0.242188 0.00225067
2 0.0449982 0.817383 0.0550232 0.104492 0.00211143
2 0.533203 0.550293 0.282227 0.425781 0.00200272
4 0.103271 0.260254 0.0822754 0.373535 0.00182819
3 0.0058136 0.516602 0.0116272 0.966797 0.00178242
4 0.0708008 0.494751 0.0773926 0.783936 0.00172997
13 0.0283203 0.787598 0.041626 0.134766 0.00144958
2 0.500488 0.550903 0.324219 0.622803 0.00124931
2 0.550781 0.49231 0.21875 0.700928 0.00115681
4 0.949951 0.303955 0.0551758 0.583496 0.00102425
13 0.530884 0.68457 0.241943 0.324219 0.00101662
