2 0.379395 0.133301 0.0771484 0.183105 0.83252
2 0.402832 0.754883 0.0527344 0.307617 0.763184
2 0.391602 0.763184 0.0932617 0.295898 0.145874
2 0.302246 0.770508 0.0488281 0.167969 0.0732422
2 0.376953 0.136353 0.0849609 0.272705 0.0196991
4 0.402832 0.754883 0.0527344 0.307617 0.0145645
2 0.399902 0.745117 0.0795898 0.197266 0.0129395
13 0.380127 0.130371 0.0786133 0.206055 0.0126724
3 0.402832 0.754883 0.0527344 0.307617 0.0103226
13 0.401367 0.759277 0.0629883 0.319336 0.00824738
2 0.417969 0.744141 0.0722656 0.259766 0.00671005
4 0.381104 0.127716 0.0795898 0.231873 0.0066452
9 0.400635 0.75293 0.0527344 0.300781 0.00563431
4 0.90918 0.414429 0.0898438 0.524658 0.00523376
2 0.189636 0.0300751 0.285767 0.0323792 0.00490189
14 0.401367 0.759277 0.0629883 0.319336 0.00447083
2 0.369629 0.746582 0.11084 0.319336 0.00443268
4 0.391602 0.763184 0.0932617 0.295898 0.00422287
4 0.921875 0.327881 0.0615234 0.505371 0.00369072
4 0.0413818 0.479492 0.0777588 0.858398 0.00340652
2 0.382324 0.128296 0.129883 0.189697 0.00339127
2 0.344238 0.751953 0.181641 0.279297 0.00320625
2 0.365845 0.132385 0.230225 0.189331 0.00291824
3 0.378906 0.130371 0.0820312 0.227539 0.00290871
9 0.378906 0.133209 0.0776367 0.187195 0.00276566
1 0.400391 0.756836 0.0629883 0.335938 0.00269508
5 0.400391 0.756836 0.0629883 0.335938 0.00266266
4 0.958496 0.740479 0.0556641 0.519043 0.00264931
17 0.401367 0.759277 0.0629883 0.319336 0.00259399
11 0.401367 0.759277 0.0629883 0.319336 0.00259399
3 0.391602 0.763184 0.0932617 0.295898 0.00244522
1 0.379639 0.130463 0.0805664 0.201477 0.00237656
19 0.401367 0.759277 0.0629883 0.319336 0.00237083
7 0.401367 0.759277 0.0629883 0.319336 0.00234413
16 0.401367 0.759277 0.0629883 0.319336 0.00224686
4 0.94165 0.324097 0.0678711 0.498291 0.00223923
10 0.400391 0.756836 0.0629883 0.335938 0.00221825
12 0.400391 0.756836 0.0629883 0.335938 0.00220108
8 0.401367 0.759277 0.0629883 0.319336 0.00217628
14 0.381104 0.127716 0.0795898 0.231873 0.00216103
0 0.400391 0.756836 0.0629883 0.335938 0.00205994
2 0.306396 0.77002 0.0795898 0.161133 0.00188541
15 0.400391 0.756836 0.0629883 0.335938 0.00186825
13 0.302246 0.770508 0.0488281 0.167969 0.00184727
6 0.401367 0.759277 0.0629883 0.319336 0.00181293
11 0.378418 0.131866 0.0776367 0.185486 0.00175476
4 0.926758 0.477539 0.0810547 0.757812 0.00169468
13 0.377441 0.759766 0.111328 0.289062 0.0016346
4 0.940918 0.58667 0.0810547 0.807129 0.00161648
4 0.0283813 0.455933 0.0567627 0.801025 0.00157261
5 0.381104 0.127716 0.0795898 0.231873 0.00148869
7 0.381104 0.127716 0.0795898 0.231873 0.00147629
12 0.381104 0.127716 0.0795898 0.231873 0.00144291
8 0.381104 0.127716 0.0795898 0.231873 0.00141525
16 0.381104 0.127716 0.0795898 0.231873 0.00140381
10 0.381104 0.127716 0.0795898 0.231873 0.00139904
2 0.408203 0.758301 0.3125 0.297852 0.00137234
2 0.412109 0.78418 0.0454102 0.279297 0.00135612
0 0.381104 0.127716 0.0795898 0.231873 0.0012598
6 0.381104 0.127716 0.0795898 0.231873 0.00121117
15 0.381104 0.127716 0.0795898 0.231873 0.00118351
17 0.381104 0.127716 0.0795898 0.231873 0.00117493
19 0.381104 0.127716 0.0795898 0.231873 0.00114346
18 0.402832 0.754883 0.0527344 0.307617 0.00110531
2 0.43103 0.748047 0.113525 0.295898 0.00109577
