2 0.535156 0.214722 0.262695 0.253174 0.80957
2 0.445801 0.212708 0.0683594 0.315796 0.449219
2 0.582031 0.186401 0.182617 0.203369 0.36792
2 0.181763 0.30957 0.0554199 0.348633 0.0753174
2 0.453979 0.217041 0.13501 0.281738 0.0378418
13 0.535645 0.214417 0.255859 0.266479 0.0159912
4 0.535156 0.216248 0.267578 0.263794 0.0141144
4 0.445801 0.212708 0.0683594 0.315796 0.00853729
1 0.535156 0.216248 0.267578 0.263794 0.00850677
14 0.534302 0.211853 0.251709 0.282349 0.00798798
4 0.181763 0.30957 0.0554199 0.348633 0.00698471
9 0.532227 0.21283 0.251953 0.278442 0.00606918
13 0.445801 0.212708 0.0683594 0.315796 0.00588226
3 0.533691 0.217346 0.265625 0.272339 0.00410461
3 0.445801 0.212708 0.0683594 0.315796 0.00384331
18 0.535156 0.216248 0.267578 0.263794 0.00355911
11 0.535156 0.216248 0.267578 0.263794 0.00345039
7 0.534302 0.211853 0.251709 0.282349 0.00343132
16 0.535156 0.216248 0.267578 0.263794 0.00328064
13 0.581055 0.18335 0.191406 0.227539 0.00317574
8 0.532227 0.21283 0.251953 0.278442 0.00317383
19 0.535156 0.216248 0.267578 0.263794 0.00307083
10 0.535156 0.216248 0.267578 0.263794 0.00304794
6 0.535156 0.216248 0.267578 0.263794 0.00303459
17 0.535156 0.216248 0.267578 0.263794 0.00298882
0 0.535156 0.216248 0.267578 0.263794 0.00295448
5 0.535156 0.216248 0.267578 0.263794 0.00292015
15 0.535156 0.216248 0.267578 0.263794 0.00287437
9 0.445801 0.212708 0.0683594 0.315796 0.00286293
12 0.535156 0.216248 0.267578 0.263794 0.00270081
14 0.445801 0.212708 0.0683594 0.315796 0.00252724
4 0.0460815 0.502441 0.0921631 0.995117 0.00230789
4 0.0390472 0.544678 0.0661926 0.852051 0.00166416
11 0.445801 0.212708 0.0683594 0.315796 0.0016098
1 0.445801 0.212708 0.0683594 0.315796 0.00146675
2 0.443481 0.253174 0.0671387 0.193848 0.00143623
5 0.445801 0.212708 0.0683594 0.315796 0.0014267
7 0.445801 0.212708 0.0683594 0.315796 0.00139904
4 0.581055 0.18335 0.191406 0.227539 0.00139904
10 0.445801 0.212708 0.0683594 0.315796 0.00137711
16 0.445801 0.212708 0.0683594 0.315796 0.00137711
8 0.445801 0.212708 0.0683594 0.315796 0.00136662
17 0.445801 0.212708 0.0683594 0.315796 0.00129509
19 0.445801 0.212708 0.0683594 0.315796 0.0012598
0 0.445801 0.212708 0.0683594 0.315796 0.00119781
12 0.445801 0.212708 0.0683594 0.315796 0.00114346
3 0.0379333 0.511475 0.0758667 0.977051 0.00109768
6 0.445801 0.212708 0.0683594 0.315796 0.00105762
15 0.445801 0.212708 0.0683594 0.315796 0.00100899
