2 0.678223 0.59082 0.0683594 0.136719 0.835938
2 0.682617 0.586914 0.121094 0.150391 0.121277
2 0.676758 0.598145 0.078125 0.234375 0.0178986
13 0.680176 0.589355 0.0712891 0.136719 0.0114899
4 0.0941162 0.506348 0.106445 0.913086 0.00592804
4 0.104492 0.26123 0.0993652 0.351562 0.00410843
2 0.675293 0.590332 0.236328 0.148438 0.00336456
14 0.680176 0.589355 0.0712891 0.136719 0.00301743
4 0.678711 0.590332 0.0683594 0.137695 0.00293732
2 0.650879 0.589844 0.106445 0.15332 0.00239754
9 0.678711 0.590332 0.0683594 0.137695 0.00234222
1 0.676758 0.588867 0.0722656 0.133789 0.00226784
3 0.0322266 0.511475 0.0644531 0.969238 0.00212097
11 0.678711 0.590332 0.0683594 0.137695 0.00203705
3 0.676758 0.588867 0.0722656 0.133789 0.00203323
4 0.0640869 0.503906 0.128174 0.992188 0.00186443
2 0.952393 0.117676 0.0385742 0.0881348 0.00181961
2 0.682129 0.571899 0.0859375 0.365967 0.001647
6 0.679688 0.59082 0.0732422 0.134766 0.00162983
13 0.682617 0.586914 0.121094 0.150391 0.00160694
16 0.680176 0.589355 0.0712891 0.136719 0.00159264
4 0.122345 0.474976 0.131287 0.899658 0.00152397
0 0.680176 0.589355 0.0712891 0.136719 0.00150204
15 0.679688 0.59082 0.0732422 0.134766 0.0013504
12 0.676758 0.588867 0.0722656 0.133789 0.00134563
5 0.678711 0.589844 0.0703125 0.136719 0.00132179
19 0.679688 0.59082 0.0732422 0.134766 0.00132084
2 0.944336 0.135132 0.0410156 0.0634766 0.00131321
2 0.95166 0.1008 0.0498047 0.149963 0.00129414
8 0.679688 0.59082 0.0732422 0.134766 0.00128365
9 0.950195 0.129761 0.0341797 0.0622559 0.00126266
7 0.680176 0.589355 0.0712891 0.136719 0.00125122
2 0.562744 0.969727 0.847168 0.0605469 0.00123119
4 0.979736 0.546387 0.0405273 0.887695 0.00121784
17 0.680176 0.589355 0.0712891 0.136719 0.00109959
18 0.680176 0.589355 0.0712891 0.136719 0.00103283
