2 0.751953 0.276306 0.160156 0.323364 0.846191
2 0.685547 0.224365 0.0800781 0.0371094 0.414062
2 0.769531 0.234863 0.119141 0.230957 0.150391
14 0.739258 0.365479 0.113281 0.116211 0.146362
2 0.750977 0.222412 0.188477 0.219238 0.0926514
2 0.687012 0.220947 0.0947266 0.0571289 0.0770264
2 0.47998 0.795898 0.0439453 0.154297 0.0303345
4 0.0771179 0.24292 0.0820923 0.375 0.0228577
2 0.738281 0.270752 0.273438 0.327637 0.0225372
2 0.71582 0.223633 0.157227 0.109863 0.0182037
2 0.78125 0.24707 0.100586 0.167969 0.016098
4 0.75 0.26886 0.162109 0.345093 0.015358
3 0.0363159 0.553711 0.0726318 0.871094 0.0140533
2 0.69043 0.232605 0.112305 0.0528564 0.0126877
3 0.0497437 0.513672 0.0994873 0.972656 0.00984955
2 0.677734 0.222717 0.140625 0.0443115 0.00972748
2 0.756836 0.284668 0.148438 0.188965 0.00935364
13 0.754395 0.269287 0.15918 0.29834 0.00812531
2 0.730957 0.227051 0.188477 0.155762 0.00671005
4 0.0577545 0.240051 0.0707703 0.350952 0.00537872
13 0.327148 0.125854 0.167969 0.0229492 0.00487518
3 0.755859 0.269592 0.152344 0.315308 0.00479126
2 0.698242 0.231201 0.116211 0.0883789 0.0045433
2 0.743652 0.338135 0.12793 0.19043 0.00428391
14 0.683594 0.223145 0.0771484 0.0375977 0.00414276
14 0.75 0.26886 0.162109 0.345093 0.00400925
9 0.75 0.26886 0.162109 0.345093 0.00382614
13 0.685547 0.224365 0.0800781 0.0371094 0.00315666
2 0.697754 0.218323 0.19043 0.0731201 0.00310516
2 0.686035 0.213379 0.104492 0.120605 0.00270271
1 0.738281 0.365967 0.119141 0.115723 0.00261688
1 0.75 0.26886 0.162109 0.345093 0.00257492
10 0.75 0.26886 0.162109 0.345093 0.0025444
3 0.0232544 0.515625 0.0465088 0.822266 0.00250626
4 0.0772705 0.510986 0.090332 0.978027 0.00233078
7 0.750488 0.267883 0.15918 0.329468 0.00230408
4 0.771484 0.233582 0.121094 0.263306 0.00218964
19 0.750488 0.267883 0.15918 0.329468 0.00214958
16 0.750488 0.267883 0.15918 0.329468 0.00208282
9 0.739258 0.365479 0.113281 0.116211 0.00208092
8 0.75 0.26886 0.162109 0.345093 0.00206375
11 0.750488 0.267883 0.15918 0.329468 0.00194931
17 0.750488 0.267883 0.15918 0.329468 0.00192738
0 0.750488 0.267883 0.15918 0.329468 0.00192738
2 0.0596924 0.256836 0.0615234 0.345703 0.00186443
5 0.750488 0.267883 0.15918 0.329468 0.00183868
12 0.750488 0.267883 0.15918 0.329468 0.00175476
6 0.750488 0.267883 0.15918 0.329468 0.00174236
4 0.0776367 0.314392 0.0541992 0.272583 0.00167084
15 0.750488 0.267883 0.15918 0.329468 0.00161171
13 0.771484 0.233582 0.121094 0.263306 0.00158596
18 0.754395 0.269287 0.15918 0.29834 0.00149727
2 0.713867 0.224854 0.287109 0.124023 0.00149441
2 0.739258 0.363525 0.111328 0.120605 0.00149059
2 0.0794373 0.287292 0.055481 0.263306 0.00145531
3 0.0756989 0.239929 0.0900574 0.329712 0.00144482
3 0.0706482 0.531372 0.0935669 0.937256 0.0012846
3 0.0494385 0.560913 0.098877 0.641846 0.00115204
2 0.0837097 0.337891 0.0293579 0.146484 0.00114059
13 0.32666 0.131836 0.179688 0.0288086 0.00104618
14 0.687012 0.220947 0.0947266 0.0571289 0.00104046
