2 0.405884 0.713379 0.322998 0.139648 0.89209
2 0.48645 0.712402 0.509521 0.164062 0.0466309
2 0.400391 0.700195 0.34668 0.232422 0.00870514
3 0.0366821 0.518188 0.0733643 0.908936 0.00699615
3 0 0.515625 0 0.908203 0.00580978
13 0.405273 0.714355 0.325195 0.139648 0.00506592
2 0.409912 0.735352 0.312988 0.373047 0.00466537
4 0.401855 0.712402 0.331055 0.138672 0.00361252
2 0.543945 0.729492 0.592773 0.115234 0.00297928
14 0.406494 0.713379 0.335449 0.136719 0.00276756
9 0.405273 0.714355 0.325195 0.139648 0.00260353
11 0.408203 0.711914 0.337891 0.139648 0.00260353
1 0.405151 0.713379 0.332275 0.138672 0.00228882
6 0.405029 0.713867 0.32666 0.138672 0.00221825
0 0.405029 0.712891 0.32373 0.140625 0.00201607
7 0.403809 0.713379 0.327148 0.141602 0.00197601
10 0.405029 0.713867 0.32666 0.138672 0.00189972
15 0.403809 0.713379 0.327148 0.141602 0.00189972
16 0.405273 0.714355 0.325195 0.139648 0.00187683
12 0.405029 0.713867 0.32666 0.138672 0.00187016
3 0.405273 0.714355 0.325195 0.139648 0.00181198
17 0.405273 0.714355 0.325195 0.139648 0.00181198
19 0.405029 0.712891 0.32373 0.140625 0.00180721
8 0.405029 0.713867 0.32666 0.138672 0.00178528
5 0.403809 0.713379 0.327148 0.141602 0.00178528
18 0.403809 0.713379 0.327148 0.141602 0.00177193
3 0.0136108 0.51355 0.0272217 0.953369 0.00154591
2 0.500488 0.73877 0.416992 0.0947266 0.00148201
2 0.44043 0.683105 0.400391 0.164062 0.00147629
2 0.614746 0.768066 0.280273 0.0380859 0.0014267
2 0.563477 0.751953 0.515625 0.0722656 0.00116253
2 0.939697 0.960205 0.0952148 0.0620117 0.00113392
3 0.0310059 0.700317 0.0620117 0.534912 0.00109768
1 0.5 0.990234 1 0.0195312 0.00108814
