2 0.599609 0.727539 0.412109 0.207031 0.906738
2 0.940918 0.803223 0.0292969 0.134766 0.0956421
13 0.839844 0.772461 0.146484 0.206055 0.0388489
2 0.839844 0.740234 0.144531 0.246094 0.031311
13 0.600586 0.727539 0.400391 0.205078 0.0183868
2 0.614258 0.743652 0.407227 0.335938 0.0131989
4 0.0424805 0.547607 0.0849609 0.904785 0.00927734
4 0.600464 0.726074 0.392822 0.220703 0.00885773
13 0.940918 0.803223 0.0292969 0.134766 0.00865936
1 0.600464 0.726074 0.392822 0.220703 0.00686646
14 0.600464 0.726074 0.392822 0.220703 0.00605011
9 0.600464 0.726074 0.392822 0.220703 0.00504303
7 0.600464 0.726074 0.392822 0.220703 0.00433731
16 0.600464 0.726074 0.392822 0.220703 0.0039978
19 0.600464 0.726074 0.392822 0.220703 0.00384521
4 0.0276184 0.514526 0.0551147 0.82251 0.00377655
3 0.599609 0.728516 0.40625 0.214844 0.00367737
18 0.599121 0.728516 0.407227 0.211914 0.00351524
5 0.600586 0.727539 0.400391 0.205078 0.00331688
8 0.597046 0.728027 0.391846 0.224609 0.00327301
10 0.600464 0.726074 0.392822 0.220703 0.00309563
2 0.941895 0.797363 0.0439453 0.172852 0.00308037
15 0.600586 0.727539 0.400391 0.205078 0.00305557
0 0.599609 0.728516 0.40625 0.214844 0.00304031
11 0.599609 0.728516 0.40625 0.214844 0.00301552
17 0.600464 0.726074 0.392822 0.220703 0.00297737
6 0.597046 0.728027 0.391846 0.224609 0.00296021
12 0.600464 0.726074 0.392822 0.220703 0.0029335
2 0.694336 0.709961 0.46582 0.208984 0.00292778
13 0.825195 0.736328 0.116211 0.183594 0.00264931
2 0.603516 0.773438 0.421875 0.167969 0.00193977
2 0.0344238 0.832031 0.0587158 0.318359 0.00182152
2 0.613647 0.705078 0.305908 0.179688 0.00164032
2 0.499023 0.969727 0.998047 0.0605469 0.00128651
2 0.443604 0.983643 0.887207 0.0327148 0.00123024
2 0.946533 0.802246 0.0854492 0.138672 0.0012207
2 0.0303192 0.904297 0.0445862 0.138672 0.00120926
2 0.0276184 0.514526 0.0551147 0.82251 0.00109673
