2 0.82959 0.937012 0.15625 0.0927734 0.725098
2 0.816895 0.945801 0.137695 0.0654297 0.0817871
2 0.846191 0.937012 0.231445 0.104492 0.0479431
2 0.856445 0.956055 0.209961 0.0703125 0.0365601
2 0.863281 0.973633 0.226562 0.0410156 0.0343933
2 0.800781 0.940674 0.331055 0.081543 0.0187073
13 0.833008 0.937012 0.161133 0.0986328 0.0185242
2 0.785156 0.95166 0.141602 0.0615234 0.0141296
2 0.806641 0.951416 0.134766 0.097168 0.0085144
2 0.757324 0.94873 0.219727 0.0673828 0.00678635
2 0.212341 0.958984 0.346802 0.0253906 0.00613403
2 0.210022 0.952148 0.344604 0.0244141 0.00484467
2 0.630371 0.94043 0.408203 0.0566406 0.00362015
2 0.0800781 0.522949 0.0458984 0.541016 0.00336647
4 0.0753174 0.515991 0.045166 0.567627 0.00336266
2 0.834473 0.965576 0.168945 0.059082 0.00307274
2 0.717285 0.945068 0.352539 0.0688477 0.00293922
2 0.852539 0.925781 0.141602 0.0820312 0.00246811
14 0.833008 0.937012 0.161133 0.0986328 0.00242996
1 0.829102 0.942871 0.167969 0.0810547 0.00233459
2 0.825684 0.89502 0.166992 0.209961 0.00205803
2 0.862305 0.967773 0.228516 0.0644531 0.00204659
9 0.828125 0.937012 0.15918 0.0927734 0.00196838
4 0.833008 0.937012 0.161133 0.0986328 0.00190926
2 0.101593 0.968262 0.165955 0.0361328 0.00176525
2 0.826172 0.935059 0.146484 0.129883 0.00159359
2 0.45459 0.947266 0.90918 0.0800781 0.00157356
11 0.827637 0.936768 0.163086 0.0874023 0.00155354
3 0.821289 0.940918 0.157227 0.0751953 0.00149632
2 0.595703 0.966797 0.391602 0.03125 0.00148582
2 0.79834 0.964111 0.138672 0.0600586 0.00143909
2 0.812012 0.916992 0.176758 0.113281 0.00126266
7 0.825684 0.946045 0.148438 0.0786133 0.00124359
19 0.832031 0.936523 0.167969 0.0878906 0.00115681
16 0.821289 0.940918 0.157227 0.0751953 0.00115299
12 0.832031 0.936523 0.167969 0.0878906 0.0011301
0 0.832031 0.936523 0.167969 0.0878906 0.00110435
10 0.821289 0.940918 0.157227 0.0751953 0.00105762
6 0.825684 0.94458 0.145508 0.0795898 0.00105667
5 0.832031 0.936523 0.167969 0.0878906 0.00105
15 0.821289 0.940918 0.157227 0.0751953 0.00104618
1 0.863037 0.974365 0.223145 0.043457 0.00102615
8 0.832031 0.936523 0.167969 0.0878906 0.0010252
2 0.165833 0.959473 0.307983 0.0361328 0.00100899
