2 0.529175 0.92334 0.12915 0.0498047 0.834473
2 0.0541992 0.412598 0.034668 0.369141 0.239258
2 0.531616 0.92334 0.139893 0.0791016 0.16687
2 0.520508 0.92334 0.194336 0.0595703 0.0975952
4 0.958252 0.51355 0.0834961 0.82251 0.0401001
2 0.512207 0.92041 0.351562 0.0576172 0.0197601
2 0.0551758 0.483398 0.0582275 0.62207 0.0165558
2 0.558594 0.928223 0.145508 0.0615234 0.0136185
3 0.963867 0.563477 0.0722656 0.772461 0.00843811
4 0.973633 0.489624 0.0527344 0.844971 0.00725174
2 0.0546265 0.358887 0.0300293 0.210938 0.00696182
2 0.481934 0.915527 0.240234 0.0615234 0.00657654
2 0.20282 0.810059 0.0513916 0.0517578 0.00470352
13 0.53125 0.92334 0.139648 0.0527344 0.00407791
4 0.958984 0.257385 0.0488281 0.401245 0.00384331
4 0.0541992 0.412598 0.034668 0.369141 0.00333786
3 0.0540771 0.413208 0.034668 0.335693 0.00290298
4 0.976562 0.255798 0.0410156 0.424927 0.00276756
4 0.062973 0.478516 0.0732727 0.888672 0.00235939
13 0.0541992 0.412598 0.034668 0.369141 0.00234985
2 0.446533 0.919922 0.284668 0.0458984 0.00226021
14 0.529175 0.92334 0.12915 0.0498047 0.00216484
2 0.538086 0.883301 0.140625 0.233398 0.00214577
2 0.429688 0.334717 0.046875 0.118164 0.001894
2 0.0437012 0.436523 0.0339355 0.424805 0.00188255
9 0.536133 0.924316 0.145508 0.0556641 0.00177288
11 0.540039 0.924805 0.146484 0.0585938 0.00161552
4 0.53125 0.918457 0.150391 0.0517578 0.00161076
4 0.984863 0.526855 0.0302734 0.833984 0.0015974
2 0.601562 0.919922 0.199219 0.0664062 0.00153446
2 0.0271301 0.410583 0.0288696 0.434692 0.00149536
3 0.536133 0.924316 0.145508 0.0556641 0.00148296
2 0.958252 0.51355 0.0834961 0.82251 0.00142479
2 0.417236 0.913086 0.338379 0.0634766 0.00140953
2 0.558594 0.932129 0.248047 0.0712891 0.00139236
7 0.536133 0.924316 0.145508 0.0556641 0.0013876
4 0.983643 0.256836 0.0327148 0.391602 0.00138664
6 0.533203 0.922852 0.144531 0.0585938 0.00136471
12 0.536133 0.924316 0.145508 0.0556641 0.00133896
8 0.536133 0.924316 0.145508 0.0556641 0.00126839
16 0.536133 0.924316 0.145508 0.0556641 0.00125885
2 0.577148 0.930664 0.0917969 0.0527344 0.00124645
4 0.950928 0.213013 0.0493164 0.389404 0.00123119
2 0.0537109 0.478516 0.0791016 0.904297 0.0012207
2 0.507935 0.916016 0.145264 0.0556641 0.00121689
2 0.53064 0.824707 0.159424 0.350586 0.00121021
0 0.531738 0.919922 0.138672 0.0537109 0.00121021
1 0.53125 0.92334 0.139648 0.0527344 0.00120544
5 0.536133 0.924316 0.145508 0.0556641 0.00119209
10 0.53125 0.92334 0.139648 0.0527344 0.00118637
4 0.0551758 0.483398 0.0582275 0.62207 0.00118065
3 0.0274048 0.478027 0.0548096 0.886719 0.00116348
15 0.540039 0.924805 0.146484 0.0585938 0.00115967
3 0.0537109 0.478516 0.0791016 0.904297 0.00113964
2 0.696289 0.0391693 0.0751953 0.0412903 0.00111866
2 0.306152 0.996582 0.612305 0.00683594 0.00111866
2 0.553223 0.909668 0.125977 0.0693359 0.00109005
17 0.536133 0.924316 0.145508 0.0556641 0.0010767
4 0.963379 0.51062 0.0732422 0.918213 0.00106907
3 0.0551758 0.483398 0.0582275 0.62207 0.00106049
19 0.533203 0.922852 0.144531 0.0585938 0.00104237
2 0.578247 0.916016 0.30249 0.0673828 0.00102711
