2 0.505493 0.713379 0.200928 0.181641 0.816406
2 0.419434 0.642944 0.065918 0.434814 0.247437
2 0.442383 0.60791 0.0898438 0.426758 0.0257568
2 0.47522 0.612305 0.154053 0.451172 0.0169067
2 0.499512 0.642578 0.200195 0.324219 0.0155945
4 0.961182 0.537231 0.0776367 0.917725 0.01548
2 0.519409 0.727051 0.179932 0.274414 0.0149689
4 0.0976562 0.479126 0.109131 0.830811 0.0111389
13 0.50769 0.735352 0.186768 0.21875 0.0106964
4 0.960205 0.463013 0.0620117 0.687256 0.00945282
4 0.419434 0.642944 0.065918 0.434814 0.00721741
4 0.50769 0.735352 0.186768 0.21875 0.00451279
4 0.961182 0.713989 0.0581055 0.550537 0.00437546
4 0.94165 0.476562 0.10498 0.904297 0.00419617
4 0.101074 0.338318 0.0891113 0.491333 0.00385094
13 0.419434 0.642944 0.065918 0.434814 0.00348663
3 0.029541 0.513672 0.059082 0.885742 0.00322723
14 0.50769 0.735352 0.186768 0.21875 0.0028801
4 0.946289 0.204529 0.0546875 0.324341 0.00280762
9 0.50769 0.735352 0.186768 0.21875 0.00275993
1 0.50769 0.735352 0.186768 0.21875 0.00263405
2 0.972656 0.477051 0.046875 0.580078 0.00256729
4 0.0644379 0.48938 0.0940247 0.843506 0.00255203
3 0.506226 0.740723 0.187744 0.245117 0.0025177
2 0.426392 0.650391 0.141357 0.333008 0.00251579
3 0.419434 0.642944 0.065918 0.434814 0.00223541
4 0.969727 0.621948 0.0546875 0.756104 0.00219536
2 0.387695 0.983887 0.775391 0.0322266 0.00209808
4 0.949219 0.386475 0.0664062 0.628418 0.00202179
5 0.50769 0.735352 0.186768 0.21875 0.00197601
19 0.50769 0.735352 0.186768 0.21875 0.00197601
11 0.512207 0.714844 0.18457 0.191406 0.00189209
15 0.50769 0.735352 0.186768 0.21875 0.00188541
10 0.50769 0.735352 0.186768 0.21875 0.00188541
18 0.50769 0.735352 0.186768 0.21875 0.00179291
2 0.968018 0.727051 0.0483398 0.473633 0.00177956
8 0.50769 0.735352 0.186768 0.21875 0.00177956
16 0.50769 0.735352 0.186768 0.21875 0.0017643
7 0.506226 0.740723 0.187744 0.245117 0.0017643
12 0.50769 0.735352 0.186768 0.21875 0.0017643
17 0.50769 0.735352 0.186768 0.21875 0.00165939
6 0.50769 0.735352 0.186768 0.21875 0.00165176
0 0.50769 0.735352 0.186768 0.21875 0.00163364
2 0.970703 0.604736 0.0546875 0.790527 0.00142193
4 0.0466309 0.51123 0.0932617 0.930664 0.00139713
2 0.474609 0.754883 0.238281 0.27832 0.00139046
3 0.0634766 0.518066 0.126953 0.838867 0.00127316
2 0.42627 0.551392 0.0888672 0.785889 0.00126743
2 0.415771 0.962891 0.831543 0.0742188 0.00117588
4 0.0256348 0.487305 0.0512695 0.866211 0.00112534
