2 0.563354 0.748047 0.328369 0.118164 0.866699
2 0.556641 0.710449 0.335938 0.21582 0.0120773
13 0.559448 0.74707 0.334229 0.114258 0.00509262
2 0.65332 0.614746 0.0625 0.1875 0.00505447
2 0.5625 0.668457 0.351562 0.348633 0.00447845
2 0.663086 0.630371 0.104492 0.288086 0.00394058
2 0.568848 0.761719 0.30957 0.238281 0.0038662
4 0.565918 0.748047 0.327148 0.109375 0.00276947
9 0.559448 0.74707 0.334229 0.114258 0.00260925
11 0.569824 0.745605 0.324219 0.111328 0.00258636
2 0.561523 0.773193 0.318359 0.396973 0.00218391
14 0.563477 0.746582 0.334961 0.114258 0.00215149
7 0.559448 0.74707 0.334229 0.114258 0.00212288
6 0.563477 0.746582 0.334961 0.114258 0.00203705
15 0.563477 0.746582 0.334961 0.114258 0.00202942
16 0.563477 0.746582 0.334961 0.114258 0.00200653
10 0.563477 0.746582 0.334961 0.114258 0.00199699
18 0.559448 0.74707 0.334229 0.114258 0.00194836
5 0.563477 0.746582 0.334961 0.114258 0.00192928
17 0.563477 0.746582 0.334961 0.114258 0.00191307
1 0.561035 0.750488 0.344727 0.116211 0.00189495
0 0.562378 0.748047 0.326416 0.119141 0.00189209
12 0.559448 0.74707 0.334229 0.114258 0.00188923
3 0.559448 0.74707 0.334229 0.114258 0.00187397
8 0.563477 0.746582 0.334961 0.114258 0.00179863
19 0.563477 0.746582 0.334961 0.114258 0.00177097
2 0.562622 0.777832 0.349365 0.100586 0.00142956
2 0.458984 0.989258 0.917969 0.0214844 0.00123119
4 0.0410767 0.525879 0.0821533 0.948242 0.00115395
2 0.0376129 0.832031 0.0666199 0.330078 0.00109673
2 0.62207 0.731934 0.288086 0.124023 0.00103664
