2 0.212891 0.338013 0.0927734 0.415771 0.679688
4 0.214844 0.339905 0.107422 0.401245 0.102478
4 0.2854 0.355042 0.119141 0.418823 0.0423279
2 0.19928 0.295654 0.0662842 0.36084 0.0236816
2 0.242676 0.348938 0.144531 0.413452 0.0234375
2 0.2854 0.355042 0.119141 0.418823 0.0134888
2 0.189026 0.33551 0.112183 0.444214 0.0134659
2 0.211365 0.337097 0.127075 0.299438 0.00893402
13 0.210205 0.339111 0.0922852 0.440918 0.00674057
3 0.210205 0.339111 0.0922852 0.440918 0.00663757
2 0.783936 0.963379 0.38916 0.0361328 0.00557709
14 0.210205 0.339111 0.0922852 0.440918 0.00448608
2 0.244385 0.311707 0.103027 0.353149 0.00380325
4 0.95874 0.529785 0.0825195 0.94043 0.00376892
9 0.206299 0.333984 0.0859375 0.44043 0.00367928
4 0.953857 0.385864 0.0864258 0.675537 0.00290871
2 0.191772 0.229736 0.0358887 0.175293 0.00284958
4 0.211426 0.322815 0.0688477 0.38269 0.00283051
2 0.186218 0.313782 0.0670166 0.430054 0.00276566
4 0.243164 0.335876 0.127441 0.424927 0.00251961
1 0.213745 0.339844 0.0949707 0.451172 0.00243187
4 0.971436 0.598999 0.0571289 0.802002 0.00208092
11 0.210205 0.339111 0.0922852 0.440918 0.00198174
16 0.210205 0.339111 0.0922852 0.440918 0.00195885
5 0.213745 0.339844 0.0949707 0.451172 0.0019331
8 0.210205 0.339111 0.0922852 0.440918 0.00193024
12 0.213745 0.339844 0.0949707 0.451172 0.00185204
7 0.210205 0.339111 0.0922852 0.440918 0.00181293
19 0.210205 0.339111 0.0922852 0.440918 0.00172901
17 0.210205 0.339111 0.0922852 0.440918 0.00169086
10 0.210205 0.339111 0.0922852 0.440918 0.00166321
9 0.22583 0.342529 0.104492 0.388184 0.00162506
0 0.213745 0.339844 0.0949707 0.451172 0.00160408
6 0.210205 0.339111 0.0922852 0.440918 0.00156975
3 0.976318 0.605835 0.0473633 0.78833 0.00154591
4 0.312012 0.360107 0.232422 0.42334 0.00154305
2 0.227356 0.408081 0.109741 0.332275 0.00148582
15 0.213745 0.339844 0.0949707 0.451172 0.00143909
4 0.97583 0.386475 0.0483398 0.685059 0.00141144
4 0.980469 0.529663 0.0390625 0.940674 0.00137043
2 0.222595 0.337219 0.306763 0.387085 0.00128078
2 0.154053 0.334473 0.0947266 0.479492 0.0012722
4 0.956787 0.503906 0.0864258 0.913086 0.00125694
4 0.187683 0.329102 0.154907 0.44043 0.00122929
13 0.25531 0.321838 0.101685 0.335815 0.00119305
4 0.959473 0.661011 0.0595703 0.677979 0.00116062
4 0.15332 0.352539 0.0966797 0.577148 0.00114155
18 0.22583 0.342529 0.104492 0.388184 0.00105
2 0.784668 0.952393 0.385742 0.0424805 0.00103951
