2 0.513672 0.39917 0.15918 0.227051 0.878418
2 0.533691 0.399414 0.268555 0.248047 0.0414124
13 0.512207 0.406006 0.155273 0.212402 0.0191803
2 0.73877 0.406738 0.0654297 0.114258 0.00997162
4 0.513184 0.400146 0.148438 0.240723 0.00954437
14 0.509766 0.404419 0.15625 0.233154 0.00693512
3 0.509644 0.404663 0.150635 0.229736 0.00621796
1 0.51123 0.405151 0.154297 0.224854 0.0056839
9 0.509766 0.402588 0.151367 0.249512 0.00537491
8 0.509766 0.404419 0.15625 0.233154 0.00360107
6 0.509766 0.404419 0.15625 0.233154 0.0034771
17 0.509766 0.404419 0.15625 0.233154 0.00330544
10 0.509766 0.402588 0.151367 0.249512 0.0032692
19 0.509766 0.404419 0.15625 0.233154 0.00319099
7 0.509766 0.402588 0.151367 0.249512 0.00315666
5 0.509766 0.402588 0.151367 0.249512 0.00307083
18 0.509644 0.404663 0.150635 0.229736 0.00302505
16 0.51123 0.405151 0.154297 0.224854 0.00298882
11 0.51123 0.405151 0.154297 0.224854 0.00296402
0 0.509644 0.404663 0.150635 0.229736 0.00282097
12 0.509766 0.402588 0.151367 0.249512 0.00264931
15 0.509766 0.402588 0.151367 0.249512 0.00252914
2 0.530762 0.415894 0.168945 0.318604 0.00193405
3 0.957764 0.56543 0.0844727 0.859375 0.00169277
13 0.513794 0.403931 0.172607 0.328857 0.00164032
3 0.976562 0.506836 0.046875 0.797852 0.001441
2 0.947021 0.936035 0.0883789 0.0986328 0.00123787
13 0.73877 0.406738 0.0654297 0.114258 0.00120926
