2 0.38916 0.741699 0.137207 0.227539 0.888672
4 0.185974 0.498047 0.123169 0.871094 0.0241241
4 0.184326 0.397705 0.09375 0.635254 0.0163879
2 0.37207 0.742188 0.297852 0.237305 0.0162201
13 0.393311 0.741699 0.14209 0.208008 0.0157623
4 0.389404 0.742188 0.142578 0.238281 0.0109329
2 0.0612793 0.841797 0.0577393 0.0380859 0.0104294
4 0.960449 0.546387 0.0693359 0.833008 0.00716019
14 0.389404 0.742188 0.142578 0.238281 0.00624084
3 0.393311 0.738281 0.143066 0.228516 0.00561905
9 0.389404 0.742188 0.142578 0.238281 0.00536728
1 0.389893 0.742188 0.137207 0.253906 0.00515366
2 0.399414 0.710449 0.164062 0.321289 0.00460815
8 0.389404 0.742188 0.142578 0.238281 0.00343132
2 0.186523 0.510742 0.138184 0.769531 0.00318336
10 0.389893 0.742188 0.137207 0.253906 0.00318336
6 0.389404 0.742188 0.142578 0.238281 0.0031147
19 0.389404 0.742188 0.142578 0.238281 0.00307846
17 0.389404 0.742188 0.142578 0.238281 0.00307846
7 0.393555 0.740723 0.148438 0.260742 0.00306892
11 0.389404 0.742188 0.142578 0.238281 0.00293922
16 0.389404 0.742188 0.142578 0.238281 0.00293922
5 0.389893 0.742188 0.137207 0.253906 0.00289917
4 0.971924 0.694946 0.0561523 0.594482 0.00272179
4 0.164062 0.333191 0.126953 0.484985 0.00261497
18 0.393311 0.741699 0.14209 0.208008 0.00260925
0 0.389404 0.742188 0.142578 0.238281 0.00251389
15 0.389893 0.742188 0.137207 0.253906 0.00247955
2 0.0725403 0.842773 0.10199 0.0400391 0.00244713
12 0.389893 0.742188 0.137207 0.253906 0.00244331
4 0.961914 0.133789 0.0527344 0.234375 0.00236511
4 0.961426 0.710938 0.0595703 0.49707 0.00201607
13 0.388184 0.741211 0.154297 0.325195 0.00138283
2 0.975586 0.800293 0.0371094 0.333008 0.00136757
4 0.949951 0.10257 0.0805664 0.194763 0.00133324
4 0.165405 0.449707 0.106201 0.663086 0.00116539
