2 0.360107 0.790039 0.0727539 0.164062 0.495605
2 0.0785828 0.655762 0.0464478 0.245117 0.240723
2 0.555176 0.195862 0.139648 0.134644 0.149658
2 0.358154 0.814941 0.0610352 0.102539 0.132446
2 0.605469 0.196411 0.0449219 0.159912 0.0427551
14 0.65625 0.95874 0.0615234 0.0356445 0.0301056
2 0.359131 0.791016 0.121094 0.174805 0.0238495
2 0.072876 0.595703 0.0296631 0.148438 0.0214539
13 0.360107 0.790039 0.0722656 0.163086 0.010704
2 0.588867 0.196045 0.0742188 0.161621 0.0101395
4 0.963867 0.577637 0.0722656 0.78418 0.00804138
4 0.557617 0.204712 0.162109 0.14624 0.00668335
4 0.0805664 0.661621 0.0549316 0.294922 0.00582886
2 0.0893555 0.664062 0.0959473 0.274414 0.00520325
13 0.357666 0.814453 0.0629883 0.102539 0.00478363
13 0.0785828 0.655762 0.0464478 0.245117 0.00440979
14 0.652832 0.960205 0.104492 0.0366211 0.00352097
2 0.0859375 0.678711 0.0588379 0.329102 0.00329971
4 0.457031 0.598633 0.273438 0.62793 0.00293159
2 0.366699 0.816895 0.101562 0.100586 0.00290871
2 0.0695801 0.649414 0.0471191 0.314453 0.0028553
4 0.0821533 0.516113 0.0861816 0.84375 0.00275803
3 0.0805664 0.661621 0.0549316 0.294922 0.0025959
4 0.976562 0.604492 0.046875 0.789062 0.00250244
2 0.0516968 0.757812 0.103394 0.484375 0.00229645
2 0.636719 0.195679 0.110352 0.148193 0.00216484
14 0.655762 0.960205 0.0664062 0.0795898 0.00205803
4 0.663086 0.209534 0.0595703 0.13855 0.00201225
14 0.360107 0.790039 0.0722656 0.163086 0.00191975
2 0.47522 0.577026 0.256592 0.69165 0.00189304
2 0.0679321 0.597168 0.0318604 0.182617 0.00185394
4 0.378418 0.681641 0.111328 0.399414 0.00184631
2 0.65332 0.207642 0.0732422 0.125244 0.00176239
4 0.360107 0.790039 0.0722656 0.163086 0.00168133
2 0.16748 0.776855 0.0395508 0.107422 0.00156784
2 0.610352 0.196533 0.102539 0.155273 0.00148773
2 0.561035 0.199402 0.143555 0.214478 0.00147438
2 0.0226593 0.654297 0.0403748 0.385742 0.0014658
4 0.54834 0.185181 0.138672 0.223877 0.00144196
9 0.360107 0.790039 0.0722656 0.163086 0.00137901
4 0.949463 0.54187 0.101074 0.91626 0.0013485
11 0.359375 0.79248 0.0688477 0.15918 0.0013113
4 0.636719 0.195679 0.110352 0.148193 0.00125885
13 0.072876 0.595703 0.0296631 0.148438 0.00124168
4 0.0657349 0.76709 0.126099 0.46582 0.00114059
4 0.404053 0.654785 0.17041 0.461914 0.0011158
2 0.0232544 0.48584 0.0465088 0.810547 0.00110626
14 0.358398 0.81543 0.0600586 0.103516 0.00103664
1 0.360107 0.790039 0.0722656 0.163086 0.00102139
