2 0.685547 0.222168 0.0332031 0.0649414 0.206787
2 0.688477 0.221252 0.0566406 0.0692139 0.0179596
3 0.0455933 0.483521 0.0911865 0.9021 0.0124741
4 0.0380249 0.459229 0.0739746 0.882324 0.00875854
2 0.683105 0.227783 0.0410156 0.0966797 0.00841522
2 0.676758 0.224365 0.0498047 0.0566406 0.00659561
4 0.54248 0.436035 0.147461 0.725586 0.00613403
3 0.963379 0.567017 0.0732422 0.760498 0.00579834
2 0.690918 0.222107 0.0986328 0.0718994 0.00556946
4 0.956299 0.516235 0.0874023 0.889404 0.00444412
13 0.685059 0.222168 0.0283203 0.0673828 0.0042038
3 0.0378723 0.480957 0.0757446 0.887695 0.0037365
2 0.668945 0.227966 0.0771484 0.06604 0.00278664
14 0.685547 0.222412 0.0283203 0.0703125 0.00206947
3 0.0268555 0.456665 0.0537109 0.860107 0.00194931
4 0.9646 0.455078 0.059082 0.796875 0.00184631
2 0.711914 0.222351 0.0957031 0.0631104 0.00157356
4 0.913574 0.275024 0.0488281 0.406982 0.0015564
2 0.52063 0.0140076 0.845459 0.0280151 0.00145054
3 0.971436 0.477661 0.0551758 0.753662 0.00144386
14 0.724121 0.0125885 0.0439453 0.025177 0.00144196
2 0.181641 0.0163574 0.100586 0.0327148 0.00136948
2 0.692383 0.212463 0.0400391 0.0926514 0.00131893
2 0.967529 0.512207 0.059082 0.833008 0.00114155
2 0.696777 0.220215 0.167969 0.0766602 0.00113964
