2 0.628906 0.808594 0.243164 0.0517578 0.850098
2 0.757324 0.478027 0.03125 0.193359 0.285645
2 0.946045 0.123413 0.0512695 0.0546875 0.112366
2 0.755859 0.453735 0.0390625 0.260498 0.0895386
2 0.631836 0.797363 0.263672 0.0986328 0.0521851
13 0.947266 0.126099 0.046875 0.0578613 0.0122528
13 0.757324 0.470703 0.0332031 0.207031 0.0096817
2 0.94751 0.141113 0.0483398 0.0861816 0.00729752
2 0.761719 0.432129 0.0527344 0.387695 0.00619507
2 0.94043 0.111847 0.0537109 0.0604858 0.00555801
2 0.36084 0.9375 0.0732422 0.0498047 0.00481796
3 0.954346 0.531372 0.0913086 0.937256 0.00476456
13 0.62793 0.808594 0.242188 0.0517578 0.00447464
2 0.950195 0.157166 0.046875 0.136841 0.00411606
2 0.945801 0.121979 0.0966797 0.0580444 0.00344276
2 0.592773 0.800293 0.256836 0.0683594 0.00301361
2 0.691406 0.802246 0.28125 0.0605469 0.00291252
4 0.626465 0.809082 0.243164 0.0517578 0.00264359
4 0.756836 0.423584 0.0576172 0.343262 0.00257683
9 0.62793 0.807617 0.24707 0.0527344 0.00238991
4 0.757324 0.470703 0.0332031 0.207031 0.00237656
7 0.62793 0.807617 0.24707 0.0527344 0.00228882
15 0.62793 0.807617 0.24707 0.0527344 0.00222015
10 0.62793 0.807617 0.24707 0.0527344 0.00217628
14 0.62793 0.808594 0.242188 0.0517578 0.00216103
16 0.62793 0.807617 0.24707 0.0527344 0.00215912
5 0.62793 0.807617 0.24707 0.0527344 0.00212479
6 0.62793 0.807617 0.24707 0.0527344 0.00211716
12 0.62793 0.807617 0.24707 0.0527344 0.00209427
11 0.62793 0.807617 0.24707 0.0527344 0.00205994
17 0.62793 0.807617 0.24707 0.0527344 0.00205231
8 0.62793 0.807617 0.24707 0.0527344 0.00202942
0 0.62793 0.807617 0.24707 0.0527344 0.00201988
19 0.62793 0.807617 0.24707 0.0527344 0.00201225
18 0.62793 0.807617 0.24707 0.0527344 0.00198174
3 0.62793 0.807617 0.24707 0.0527344 0.00196648
2 0.626953 0.811035 0.230469 0.37793 0.00193119
2 0.619141 0.815918 0.217773 0.0810547 0.00190067
13 0.355713 0.939453 0.0698242 0.0507812 0.00183868
2 0.74707 0.455444 0.0800781 0.235596 0.00182056
2 0.936523 0.941895 0.0742188 0.0732422 0.00166416
3 0.97168 0.535034 0.0566406 0.929932 0.00165367
2 0.633301 0.763184 0.245117 0.188477 0.00164223
1 0.62793 0.807617 0.24707 0.0527344 0.001544
13 0.94043 0.111847 0.0537109 0.0604858 0.00150681
9 0.757324 0.478027 0.03125 0.193359 0.00150299
2 0.768066 0.578735 0.125 0.727295 0.00146008
13 0.757812 0.475952 0.0458984 0.255127 0.001441
2 0.760742 0.477051 0.0742188 0.175781 0.00142956
3 0.756348 0.452148 0.0419922 0.258789 0.00140095
4 0.784668 0.578613 0.138672 0.776367 0.00131512
14 0.757324 0.478027 0.03125 0.193359 0.00116253
1 0.942139 0.94873 0.0688477 0.0732422 0.00110722
3 0.757324 0.478027 0.03125 0.193359 0.00101852
