2 0.850098 0.374023 0.150391 0.291016 0.892578
2 0.864014 0.372864 0.256348 0.317749 0.0669556
4 0.849609 0.373047 0.147461 0.300781 0.0185394
2 0.256104 0.74707 0.0366211 0.0546875 0.0174866
13 0.849609 0.373047 0.147461 0.300781 0.0147476
2 0.789551 0.378662 0.046875 0.320801 0.0104218
3 0.849609 0.368896 0.15625 0.29834 0.0085907
4 0.0872803 0.453613 0.111328 0.739258 0.00798798
14 0.851074 0.372681 0.152344 0.309326 0.00741196
9 0.84375 0.371094 0.152344 0.296875 0.00601578
2 0.81543 0.37085 0.120117 0.304199 0.00595093
1 0.850098 0.373047 0.146484 0.304688 0.00583649
4 0.039917 0.459717 0.0655518 0.744629 0.00550842
3 0.0428162 0.516235 0.0856323 0.967529 0.00375366
13 0.28418 0.869629 0.226074 0.0449219 0.00356674
10 0.845703 0.367554 0.166992 0.327393 0.00330734
11 0.849609 0.373047 0.147461 0.300781 0.00322151
7 0.845703 0.367676 0.167969 0.31543 0.00313568
16 0.850098 0.373047 0.146484 0.304688 0.00312424
19 0.845703 0.367676 0.167969 0.31543 0.00308609
18 0.850098 0.373047 0.146484 0.304688 0.00308609
3 0.0293579 0.518921 0.0587158 0.925049 0.00308418
8 0.84375 0.371094 0.152344 0.296875 0.00302505
0 0.849609 0.373047 0.147461 0.300781 0.00297928
17 0.84375 0.371094 0.152344 0.296875 0.00293159
6 0.842285 0.371338 0.155273 0.29541 0.00272369
4 0.117554 0.518188 0.133301 0.729248 0.00268745
5 0.839844 0.369385 0.154297 0.262207 0.00252724
4 0.115845 0.419189 0.0883789 0.675293 0.00252533
12 0.850098 0.373047 0.146484 0.304688 0.00246429
2 0.802246 0.366333 0.0761719 0.279053 0.00245285
15 0.850098 0.373047 0.146484 0.304688 0.00244522
3 0.0298157 0.455078 0.0571899 0.763672 0.00239182
2 0.274902 0.868164 0.226074 0.0458984 0.00177956
4 0.0527954 0.514404 0.105591 0.95166 0.00164604
3 0.000274658 0.511353 0.000549316 0.977295 0.00126934
3 0.050705 0.494629 0.0729065 0.750977 0.00104523
