2 0.409668 0.762695 0.12207 0.275391 0.87793
4 0.971191 0.519165 0.0576172 0.801514 0.0461121
2 0.410767 0.761719 0.207764 0.291016 0.0307922
4 0.40332 0.764648 0.115723 0.273438 0.0232086
13 0.40332 0.763184 0.116699 0.277344 0.0132828
3 0.40625 0.759277 0.119141 0.31543 0.00759888
4 0.0466309 0.517212 0.0932617 0.965576 0.00726318
4 0.956543 0.52124 0.0869141 0.95752 0.00662613
9 0.40625 0.759277 0.119141 0.31543 0.00621414
14 0.407837 0.762207 0.123779 0.299805 0.00603867
1 0.408325 0.762695 0.122803 0.288086 0.00474167
4 0.952881 0.516602 0.0727539 0.861328 0.00433731
2 0.423828 0.779297 0.0805664 0.280273 0.00387573
10 0.40625 0.759277 0.119141 0.31543 0.00349617
8 0.407837 0.762207 0.123779 0.299805 0.00341225
19 0.407837 0.762207 0.123779 0.299805 0.00329399
7 0.40625 0.759277 0.119141 0.31543 0.00326157
17 0.407837 0.762207 0.123779 0.299805 0.00305748
4 0.0751801 0.527344 0.114288 0.945312 0.00297737
3 0.033844 0.516602 0.067688 0.921875 0.00294113
16 0.407837 0.762207 0.123779 0.299805 0.00294113
11 0.408325 0.762695 0.122803 0.288086 0.00289726
6 0.407837 0.762207 0.123779 0.299805 0.00284004
0 0.40625 0.759277 0.119141 0.31543 0.00270462
5 0.40625 0.759277 0.119141 0.31543 0.00263214
4 0.974609 0.720459 0.0507812 0.559082 0.00254631
2 0.394287 0.753906 0.130371 0.201172 0.00250626
4 0.0256348 0.485229 0.0512695 0.87915 0.00247192
12 0.40625 0.759277 0.119141 0.31543 0.00246239
15 0.40625 0.759277 0.119141 0.31543 0.0024147
18 0.408325 0.762695 0.122803 0.288086 0.00234795
2 0.971191 0.519165 0.0576172 0.801514 0.00190163
3 0.949707 0.492798 0.100586 0.885498 0.00178432
4 0.982178 0.558105 0.0356445 0.783203 0.00168324
3 0.972412 0.522217 0.0551758 0.955566 0.00155163
4 0.960938 0.370239 0.0605469 0.538818 0.00127029
4 0.961914 0.148804 0.0410156 0.267822 0.00121498
2 0.400879 0.720215 0.0913086 0.240234 0.00110054
