2 0.611328 0.23822 0.0595703 0.313599 0.848633
2 0.592773 0.237061 0.0644531 0.3125 0.0487976
2 0.615234 0.231689 0.111328 0.30127 0.0258026
2 0.616211 0.239502 0.0839844 0.200684 0.0188141
4 0.605469 0.234375 0.0566406 0.296875 0.0152664
3 0.607422 0.234802 0.0537109 0.311646 0.0119247
13 0.607422 0.234802 0.0537109 0.311646 0.00994873
2 0.598633 0.226074 0.108398 0.237305 0.00811768
9 0.611328 0.23822 0.0595703 0.313599 0.00550842
4 0.958252 0.604004 0.0834961 0.791992 0.00545883
14 0.611328 0.23822 0.0595703 0.313599 0.00480652
3 0.0294495 0.519287 0.0588989 0.934082 0.00424194
3 0.0407104 0.518066 0.0814209 0.948242 0.00344086
2 0.643555 0.231934 0.12793 0.321289 0.0032177
4 0.969238 0.56665 0.0615234 0.866699 0.00283623
2 0.581055 0.226013 0.102539 0.305786 0.00283241
5 0.606445 0.229675 0.0517578 0.325806 0.00276375
11 0.607422 0.234802 0.0537109 0.311646 0.00274467
12 0.606445 0.229675 0.0517578 0.325806 0.00263786
1 0.61084 0.240173 0.0605469 0.323364 0.00261307
16 0.607422 0.234802 0.0537109 0.311646 0.00246048
7 0.607422 0.234802 0.0537109 0.311646 0.00245285
17 0.607422 0.234802 0.0537109 0.311646 0.00244141
8 0.607422 0.234802 0.0537109 0.311646 0.00234795
19 0.607422 0.234802 0.0537109 0.311646 0.00229454
0 0.606445 0.229675 0.0517578 0.325806 0.0022049
3 0 0.501953 0 0.996094 0.00214767
4 0.614258 0.235107 0.0947266 0.29834 0.00213242
10 0.611328 0.23822 0.0595703 0.313599 0.00211334
3 0.602539 0.238464 0.0869141 0.278931 0.00209236
15 0.606445 0.229675 0.0517578 0.325806 0.00194645
6 0.607422 0.234802 0.0537109 0.311646 0.0018177
13 0.602539 0.238464 0.0869141 0.278931 0.00172234
4 0.95752 0.713745 0.0751953 0.545166 0.00162125
2 0.610352 0.238525 0.230469 0.259766 0.00153351
2 0.597168 0.268555 0.0410156 0.26709 0.00145531
2 0.9729 0.827148 0.0541992 0.337891 0.0012331
18 0.61084 0.240173 0.0605469 0.323364 0.00114059
2 0.950684 0.856445 0.0927734 0.28125 0.00112247
2 0.96875 0.903564 0.0585938 0.161621 0.00107193
4 0.0502319 0.514771 0.100464 0.943115 0.00106812
