2 0.491211 0.837402 0.388672 0.0576172 0.845703
2 0.866211 0.302002 0.0410156 0.0957031 0.0631104
9 0.0210571 0.0231628 0.0371094 0.0463257 0.0584717
2 0.490601 0.842773 0.391846 0.100586 0.0545044
13 0.866211 0.302002 0.0410156 0.0957031 0.0172729
4 0.0435791 0.518921 0.0871582 0.919189 0.0155029
9 0.0222778 0.0218811 0.0445557 0.0437622 0.00756454
4 0.0756989 0.518188 0.104706 0.797607 0.0073204
3 0.961182 0.585327 0.0776367 0.764893 0.00702286
2 0.507324 0.82373 0.381836 0.0644531 0.0064888
3 0.0512695 0.499023 0.0849609 0.772461 0.00506592
3 0.0210571 0.0231628 0.0371094 0.0463257 0.00408173
13 0.503784 0.836426 0.390869 0.0595703 0.00386047
3 0.973877 0.543335 0.0522461 0.91333 0.00349236
3 0.0368958 0.516846 0.0737915 0.907715 0.00341034
3 0.036499 0.515747 0.072998 0.667725 0.0031662
2 0.950928 0.827393 0.0922852 0.308105 0.00304794
4 0.622559 0.111816 0.112305 0.217773 0.00256348
4 0.491699 0.838379 0.396484 0.0566406 0.00246239
2 0.838867 0.304688 0.110352 0.0883789 0.00246239
2 0.022171 0.0205994 0.0396423 0.0411987 0.00229073
4 0.953613 0.574585 0.0927734 0.805908 0.00228691
9 0.505371 0.835938 0.387695 0.0595703 0.00227547
7 0.505371 0.835938 0.387695 0.0595703 0.00224113
10 0.505371 0.835938 0.387695 0.0595703 0.00216293
15 0.505371 0.835938 0.387695 0.0595703 0.0021553
11 0.498901 0.839844 0.377197 0.0527344 0.00215149
16 0.505371 0.835938 0.387695 0.0595703 0.00214577
2 0.85791 0.292236 0.0615234 0.0820312 0.00213432
5 0.498901 0.839844 0.377197 0.0527344 0.00211906
18 0.505371 0.835938 0.387695 0.0595703 0.00208855
12 0.505371 0.835938 0.387695 0.0595703 0.00208092
17 0.505371 0.835938 0.387695 0.0595703 0.00206375
6 0.498901 0.839844 0.377197 0.0527344 0.00206184
0 0.498901 0.839844 0.377197 0.0527344 0.00205421
19 0.498901 0.839844 0.377197 0.0527344 0.00204659
8 0.498901 0.839844 0.377197 0.0527344 0.00203896
3 0.498901 0.839844 0.377197 0.0527344 0.0020237
4 0 0.54126 0 0.913574 0.0019083
14 0.498901 0.839844 0.377197 0.0527344 0.00186348
3 0 0.508667 0 0.982666 0.00180531
1 0.498901 0.839844 0.377197 0.0527344 0.00168419
2 0.505371 0.779785 0.360352 0.44043 0.00165367
4 0.915527 0.524902 0.0878906 0.652344 0.00162411
2 0.408203 0.831543 0.508789 0.0576172 0.00149345
1 0.0209351 0.0221558 0.0418701 0.0443115 0.00148487
2 0.496948 0.825439 0.328369 0.349121 0.00142479
4 0.776367 0.584351 0.142578 0.831299 0.00127506
4 0.0368958 0.516846 0.0737915 0.907715 0.00121593
14 0.866211 0.302002 0.0410156 0.0957031 0.00115776
4 0.979248 0.575928 0.0415039 0.83252 0.00112057
14 0.0210571 0.0231628 0.0371094 0.0463257 0.00112057
2 0.454956 0.848145 0.47876 0.0693359 0.00110054
2 0.864746 0.301025 0.100586 0.0913086 0.00105381
4 0.866211 0.302002 0.0410156 0.0957031 0.00105095
2 0.782227 0.656494 0.112305 0.679199 0.00104332
