2 0.771484 0.234131 0.078125 0.10791 0.714355
2 0.0598755 0.0834961 0.0367432 0.0996094 0.226929
2 0.765625 0.252441 0.0957031 0.0761719 0.0881348
13 0.178955 0.387207 0.0644531 0.0917969 0.0373535
9 0.0595703 0.0769806 0.0406494 0.100189 0.0255585
2 0.760742 0.24115 0.134766 0.0977783 0.0210114
2 0.178955 0.387207 0.0644531 0.0917969 0.0123749
1 0.0610962 0.0826416 0.0401611 0.097168 0.0107727
13 0.771973 0.246338 0.0820312 0.0810547 0.0103989
4 0.958984 0.511108 0.0566406 0.753174 0.00593567
14 0.0610962 0.0826416 0.0401611 0.097168 0.00421906
13 0.0598755 0.0834961 0.0367432 0.0996094 0.00395966
2 0.064621 0.0825348 0.0816956 0.113251 0.00332069
4 0.94873 0.523438 0.102539 0.953125 0.00291252
2 0.767578 0.246338 0.21875 0.0932617 0.00276375
14 0.178223 0.386963 0.0683594 0.0913086 0.00229836
2 0.735352 0.253662 0.145508 0.0820312 0.00206566
2 0.766113 0.21521 0.0927734 0.234131 0.00206375
4 0.771484 0.233215 0.0771484 0.108765 0.00204086
11 0.768555 0.236816 0.0800781 0.102051 0.00190449
4 0.97168 0.516724 0.0546875 0.876709 0.00182819
1 0.771484 0.233215 0.0771484 0.108765 0.00173283
9 0.772461 0.231445 0.0751953 0.114746 0.00167179
14 0.771484 0.233215 0.0771484 0.108765 0.00151157
2 0.946777 0.936035 0.104492 0.108398 0.00150967
8 0.771484 0.233215 0.0771484 0.108765 0.00140476
19 0.771484 0.233215 0.0771484 0.108765 0.00134945
2 0.78125 0.216492 0.0683594 0.146118 0.00134754
5 0.771484 0.233215 0.0771484 0.108765 0.00131893
8 0.0610962 0.0826416 0.0401611 0.097168 0.00131416
12 0.771484 0.233215 0.0771484 0.108765 0.00126934
16 0.771484 0.233215 0.0771484 0.108765 0.00121117
0 0.771484 0.233215 0.0771484 0.108765 0.00118256
15 0.771484 0.233215 0.0771484 0.108765 0.00116444
2 0.927246 0.902344 0.141602 0.1875 0.0011425
3 0.0610962 0.0826416 0.0401611 0.097168 0.0011425
2 0.983887 0.806641 0.0322266 0.386719 0.0011425
4 0.967041 0.564941 0.065918 0.827148 0.00113773
2 0.78418 0.224854 0.136719 0.138672 0.00111771
4 0.0444946 0.518921 0.0726318 0.811768 0.00111389
6 0.771484 0.233215 0.0771484 0.108765 0.00111103
7 0.771484 0.233215 0.0771484 0.108765 0.00108147
4 0.0736237 0.519775 0.0900574 0.956543 0.0010767
13 0.772949 0.234863 0.102539 0.115234 0.00104523
11 0.0598755 0.0834961 0.0367432 0.0996094 0.00102425
2 0.771973 0.271484 0.0830078 0.11084 0.00100994
