2 0.530273 0.865723 0.282227 0.0332031 0.445557
4 0.438477 0.61145 0.0898438 0.4021 0.400635
2 0.616211 0.858887 0.466797 0.0429688 0.368408
4 0.440308 0.602539 0.151611 0.379883 0.313477
2 0.437378 0.604004 0.141846 0.384766 0.190063
2 0.449341 0.599121 0.0876465 0.458008 0.110779
2 0.392578 0.602051 0.167969 0.40332 0.0756836
2 0.663086 0.852051 0.470703 0.0605469 0.0673218
4 0.393555 0.609253 0.166016 0.38501 0.0411072
13 0.379883 0.644043 0.12207 0.160156 0.0409546
2 0.379883 0.644043 0.12207 0.160156 0.0394897
2 0.459961 0.868164 0.469727 0.0458984 0.0305786
2 0.399048 0.628418 0.202881 0.242188 0.0227509
13 0.785645 0.839844 0.210938 0.0302734 0.011467
13 0.649414 0.854004 0.475586 0.0537109 0.0114059
2 0.785645 0.839844 0.210938 0.0302734 0.00677872
13 0.399414 0.611938 0.143555 0.414795 0.00671768
14 0.437012 0.608398 0.102539 0.414062 0.00641632
4 0.145752 0.451294 0.114258 0.769287 0.00637054
2 0.501099 0.0363159 0.980225 0.0567627 0.00619888
2 0.724609 0.850098 0.286133 0.0253906 0.00619888
2 0.696289 0.850586 0.421875 0.0400391 0.00536346
4 0.131317 0.413452 0.0908813 0.561768 0.00534058
2 0.769043 0.844238 0.192383 0.0205078 0.00528717
4 0.399048 0.628418 0.202881 0.242188 0.00505829
4 0.457397 0.604004 0.0998535 0.488281 0.0049324
2 0.523926 0.856934 0.314453 0.0458984 0.00448227
4 0.316406 0.5802 0.104492 0.417725 0.00424576
2 0.414917 0.867188 0.625244 0.0585938 0.00361252
2 0.65625 0.869629 0.477539 0.0566406 0.00337982
2 0.617188 0.868652 0.40332 0.0390625 0.00323677
2 0.420776 0.628906 0.122314 0.282227 0.00315285
4 0.976807 0.518555 0.0463867 0.883789 0.0030098
4 0.379883 0.644043 0.12207 0.160156 0.00273323
13 0.437378 0.604004 0.141846 0.384766 0.00246048
4 0.456055 0.624512 0.0615234 0.410156 0.00230026
13 0.530273 0.865723 0.282227 0.0332031 0.00226974
2 0.356934 0.572754 0.121582 0.398438 0.00195122
3 0.428711 0.611328 0.12207 0.376953 0.0018692
2 0.45459 0.640625 0.0546875 0.397461 0.00184631
4 0.356934 0.600098 0.143066 0.407227 0.00183868
2 0.513672 0.879395 0.257812 0.0449219 0.00171089
4 0.391968 0.543823 0.215088 0.525635 0.00170708
2 0.654297 0.865234 0.435547 0.106445 0.00163269
3 0.0244751 0.515137 0.0489502 0.892578 0.00152493
4 0.350586 0.57666 0.227051 0.395508 0.00147915
4 0.966064 0.572876 0.0678711 0.854248 0.00146294
2 0.382324 0.642578 0.204102 0.148438 0.0014267
4 0.649414 0.854004 0.475586 0.0537109 0.00140858
2 0.390381 0.671387 0.143066 0.246094 0.00136852
4 0.530273 0.865723 0.282227 0.0332031 0.0013361
14 0.408691 0.597168 0.177734 0.392578 0.00132179
2 0.505737 0.0274963 0.931885 0.0549927 0.001297
5 0.530273 0.865723 0.282227 0.0332031 0.00123596
4 0.962646 0.813232 0.0649414 0.373535 0.0012207
2 0.535645 0.868164 0.28125 0.0751953 0.00119305
9 0.440308 0.602539 0.151611 0.379883 0.00115395
4 0.977295 0.758301 0.043457 0.483398 0.00115108
4 0.34082 0.571777 0.0976562 0.512695 0.00114632
0 0.530273 0.865723 0.282227 0.0332031 0.00109482
1 0.530273 0.865723 0.282227 0.0332031 0.00107384
19 0.530273 0.865723 0.282227 0.0332031 0.00107098
15 0.530273 0.865723 0.282227 0.0332031 0.00106239
2 0.407959 0.605469 0.281738 0.360352 0.00104809
4 0.417358 0.546387 0.153564 0.436523 0.00104046
9 0.438477 0.61145 0.0898438 0.4021 0.00103188
13 0.574707 0.861816 0.418945 0.0400391 0.00101662
10 0.530273 0.865723 0.282227 0.0332031 0.00100136
