2 0.363892 0.777832 0.287842 0.145508 0.891113
14 0.267822 0.306396 0.0385742 0.0410156 0.19165
2 0.901855 0.871582 0.101562 0.0419922 0.0164948
2 0.273865 0.0687866 0.170044 0.0423584 0.0164185
14 0.268799 0.311523 0.0390625 0.0722656 0.0147247
2 0.370117 0.800781 0.289062 0.240234 0.0141602
2 0.269287 0.306396 0.0375977 0.0415039 0.00952148
13 0.280273 0.0687256 0.17041 0.0439453 0.00767136
2 0.363953 0.807617 0.298462 0.384766 0.00474548
4 0.369507 0.782227 0.284424 0.140625 0.00464249
13 0.361572 0.783203 0.285645 0.130859 0.00453949
14 0.261719 0.307129 0.0869141 0.046875 0.00359917
13 0.899902 0.873047 0.103516 0.0361328 0.00356483
2 0.949707 0.910889 0.0791016 0.135254 0.0030365
11 0.362549 0.776855 0.282715 0.145508 0.00297356
14 0.361572 0.783203 0.285645 0.130859 0.00278091
3 0.0403748 0.513672 0.0807495 0.972656 0.0027256
9 0.360474 0.776855 0.298584 0.143555 0.00258446
4 0.937988 0.489868 0.0810547 0.860107 0.00218773
14 0.279785 0.307373 0.0522461 0.0488281 0.00218391
1 0.361572 0.783203 0.285645 0.130859 0.00215149
16 0.362549 0.776855 0.282715 0.145508 0.00208855
7 0.360474 0.776855 0.298584 0.143555 0.0019989
6 0.360474 0.776855 0.298584 0.143555 0.00199127
15 0.360474 0.776855 0.298584 0.143555 0.00190067
3 0.360474 0.776855 0.298584 0.143555 0.00187016
0 0.361572 0.783203 0.285645 0.130859 0.00184631
17 0.360474 0.776855 0.298584 0.143555 0.00182629
18 0.360474 0.776855 0.298584 0.143555 0.00181389
10 0.360718 0.77832 0.28833 0.143555 0.00180435
12 0.360474 0.776855 0.298584 0.143555 0.00177193
5 0.360474 0.776855 0.298584 0.143555 0.00175762
19 0.361572 0.783203 0.285645 0.130859 0.00174904
8 0.359985 0.783203 0.291748 0.132812 0.00170708
13 0.267822 0.306396 0.0385742 0.0410156 0.00167179
9 0.0150146 0.883789 0.0266113 0.0898438 0.00137234
2 0.921875 0.869141 0.0722656 0.0390625 0.00128555
4 0.370117 0.800781 0.289062 0.240234 0.00125694
3 0.0127869 0.518188 0.0255737 0.955811 0.00120831
2 0.302246 0.759766 0.229004 0.102539 0.00106525
2 0.267334 0.304932 0.0410156 0.0683594 0.00102997
