2 0.397461 0.590332 0.0532227 0.0859375 0.80127
2 0.392578 0.589844 0.0849609 0.0908203 0.0635986
13 0.397217 0.59082 0.0522461 0.0849609 0.0135269
2 0.196716 0.0302887 0.288208 0.0292664 0.00581741
14 0.394287 0.589844 0.0644531 0.0849609 0.0055542
4 0.955078 0.517822 0.0898438 0.964355 0.00359917
4 0.858398 0.56604 0.109375 0.571045 0.00339127
2 0.769043 0.962646 0.225586 0.0258789 0.00299454
4 0.395996 0.590332 0.0556641 0.0839844 0.0026722
2 0.409668 0.588379 0.168945 0.0927734 0.00266266
4 0.0421295 0.515991 0.0644226 0.782471 0.00208473
11 0.395996 0.590332 0.0556641 0.0839844 0.00191116
9 0.39502 0.59082 0.0566406 0.0839844 0.00190449
2 0.376465 0.594727 0.0708008 0.0751953 0.00167942
16 0.397217 0.59082 0.0522461 0.0849609 0.00162792
1 0.39502 0.59082 0.0566406 0.0839844 0.00154209
6 0.395996 0.590332 0.0556641 0.0839844 0.00151253
3 0.397217 0.59082 0.0522461 0.0849609 0.00151157
0 0.397217 0.59082 0.0522461 0.0849609 0.00144863
4 0.979492 0.485474 0.0410156 0.812256 0.00139236
15 0.395996 0.590332 0.0556641 0.0839844 0.00135612
12 0.397217 0.59082 0.0522461 0.0849609 0.00133991
5 0.395996 0.590332 0.0556641 0.0839844 0.00132561
19 0.397217 0.59082 0.0522461 0.0849609 0.00126934
7 0.397217 0.59082 0.0522461 0.0849609 0.00125885
8 0.395996 0.590332 0.0556641 0.0839844 0.00124454
2 0.274231 0.0319824 0.457397 0.0319824 0.00114441
18 0.39502 0.59082 0.0566406 0.0839844 0.00111198
17 0.397217 0.59082 0.0522461 0.0849609 0.00108147
2 0.418945 0.586426 0.0864258 0.0791016 0.00102615
2 0.395508 0.604492 0.0683594 0.277344 0.00100708
