2 0.318359 0.949463 0.254883 0.0541992 0.831055
2 0.542969 0.618164 0.166992 0.182617 0.557617
2 0.752441 0.21637 0.0712891 0.194214 0.36499
2 0.52002 0.625 0.251953 0.204102 0.223389
2 0.13678 0.149902 0.19519 0.020752 0.154541
3 0.956543 0.505371 0.0869141 0.913086 0.0699463
2 0.770996 0.228271 0.0439453 0.163574 0.0455017
2 0.298584 0.956055 0.261719 0.0878906 0.0143661
2 0.104492 0.154175 0.132812 0.0185547 0.0136261
2 0.352539 0.94165 0.265625 0.0737305 0.0126495
13 0.864746 0.79541 0.0771484 0.164062 0.011528
13 0.55127 0.618652 0.15332 0.178711 0.0115051
2 0.864746 0.797852 0.0761719 0.164062 0.0100708
2 0.441406 0.628418 0.399414 0.199219 0.00996399
13 0.752441 0.21637 0.0712891 0.194214 0.00839233
2 0.142639 0.152832 0.197144 0.032959 0.00696945
2 0.252747 0.949951 0.353882 0.059082 0.0066452
2 0.121979 0.144775 0.1828 0.0258789 0.00474167
4 0.945801 0.481934 0.108398 0.895508 0.0045929
3 0.968506 0.516724 0.0629883 0.654053 0.00445175
13 0.317383 0.94873 0.250488 0.0556641 0.00397873
2 0.594727 0.932861 0.791016 0.106934 0.00355148
2 0.251465 0.951172 0.254883 0.0488281 0.00354004
2 0.0775146 0.374268 0.0419922 0.0449219 0.00350952
4 0.542969 0.615234 0.167969 0.193359 0.00335693
2 0.390991 0.955566 0.341064 0.0498047 0.00319862
4 0.208984 0.526001 0.183594 0.817139 0.00304413
13 0.530762 0.625 0.220703 0.217773 0.00300407
13 0.13678 0.149902 0.19519 0.020752 0.00292397
2 0.763672 0.215942 0.123047 0.199951 0.00279045
1 0.316406 0.948486 0.261719 0.0541992 0.00273895
2 0.899658 0.874512 0.151855 0.0224609 0.00265503
2 0.500488 0.588379 0.276367 0.336914 0.00251198
2 0.270996 0.939697 0.254883 0.097168 0.0023613
2 0.527466 0.614258 0.194092 0.285156 0.00229645
2 0.279297 0.942383 0.20459 0.046875 0.00224495
2 0.738281 0.200073 0.0585938 0.139893 0.00223541
4 0.616699 0.421021 0.186523 0.724365 0.0022316
2 0.588501 0.957764 0.811279 0.0629883 0.00222397
9 0.317932 0.950195 0.25769 0.0566406 0.00215912
7 0.318359 0.94873 0.256836 0.0537109 0.00209427
4 0.753906 0.212524 0.0703125 0.205322 0.00208855
2 0.744141 0.184082 0.0498047 0.0976562 0.00204659
2 0.324219 0.897949 0.239258 0.204102 0.00203896
14 0.317383 0.94873 0.250488 0.0556641 0.00201988
5 0.317383 0.94873 0.250488 0.0556641 0.00198174
16 0.318359 0.94873 0.256836 0.0537109 0.00195217
10 0.318359 0.94873 0.256836 0.0537109 0.00195217
19 0.317383 0.94873 0.250488 0.0556641 0.00195122
15 0.318359 0.94873 0.256836 0.0537109 0.00193691
6 0.318359 0.94873 0.256836 0.0537109 0.0019083
11 0.317383 0.94873 0.250488 0.0556641 0.00189114
17 0.318359 0.94873 0.256836 0.0537109 0.00187016
12 0.318359 0.94873 0.256836 0.0537109 0.0018568
4 0.317932 0.950195 0.25769 0.0566406 0.00184059
18 0.318359 0.94873 0.256836 0.0537109 0.00183487
0 0.317383 0.94873 0.250488 0.0556641 0.00181198
8 0.318359 0.94873 0.256836 0.0537109 0.00177765
4 0.902588 0.481323 0.175293 0.908447 0.00175762
3 0.318359 0.94873 0.256836 0.0537109 0.00174999
2 0.73877 0.166748 0.0419922 0.0612793 0.00168324
4 0.487183 0.45813 0.365479 0.843506 0.00166798
2 0.349548 0.956055 0.353638 0.0683594 0.00164413
2 0.101532 0.154053 0.140198 0.0341797 0.00162601
2 0.434326 0.618652 0.410645 0.323242 0.00157547
2 0.508301 0.957275 0.444336 0.0405273 0.00157547
14 0.55127 0.618652 0.15332 0.178711 0.00156689
2 0.956543 0.505371 0.0869141 0.913086 0.001544
13 0.770996 0.228271 0.0439453 0.163574 0.00149727
2 0.171204 0.148071 0.260132 0.0256348 0.00143719
9 0.546875 0.616699 0.167969 0.196289 0.00136948
2 0.865234 0.965576 0.191406 0.0317383 0.00131416
1 0.550781 0.617676 0.177734 0.211914 0.0013113
2 0.291016 0.961182 0.262695 0.0541992 0.001297
9 0.753906 0.215088 0.0722656 0.183105 0.00128078
4 0.634766 0.45105 0.277344 0.867432 0.0012188
13 0.176331 0.145874 0.285034 0.0334473 0.00120354
2 0.308594 0.937012 0.226074 0.0615234 0.00119114
2 0.761719 0.244629 0.0507812 0.135742 0.0011692
2 0.773926 0.227539 0.0830078 0.158203 0.00115204
3 0.546875 0.616699 0.167969 0.196289 0.00109768
2 0.432007 0.94458 0.415283 0.0717773 0.00109577
4 0.486694 0.62793 0.28833 0.188477 0.00101757
2 0.959229 0.950684 0.0483398 0.0458984 0.00101662
