2 0.227051 0.449585 0.0644531 0.119385 0.671875
2 0.656738 0.134399 0.0654297 0.167969 0.333008
2 0.641602 0.234802 0.0458984 0.0435791 0.0928955
2 0.229004 0.44873 0.102539 0.125977 0.0681152
2 0.799316 0.0344391 0.256836 0.0331726 0.0568848
2 0.668945 0.151825 0.0634766 0.128967 0.0153656
13 0.656738 0.134399 0.0654297 0.167969 0.0114975
13 0.227539 0.449585 0.0625 0.120361 0.00875854
2 0.640137 0.22876 0.0478516 0.0737305 0.00680161
2 0.230408 0.426758 0.0626221 0.0771484 0.00674438
2 0.680176 0.18689 0.0625 0.057373 0.00485992
2 0.651367 0.158264 0.0634766 0.259644 0.00465012
2 0.240173 0.446411 0.0767822 0.0915527 0.00348282
2 0.227539 0.453491 0.074707 0.235596 0.003479
2 0.657227 0.112061 0.0488281 0.159668 0.00341606
2 0.646484 0.234863 0.105469 0.0507812 0.00340462
4 0.709473 0.495239 0.131836 0.743896 0.00325775
2 0.664551 0.132416 0.106445 0.153137 0.00298119
2 0.652832 0.213196 0.0693359 0.0823975 0.00286674
14 0.227539 0.449585 0.0625 0.120361 0.00268745
2 0.649902 0.237061 0.0712891 0.0751953 0.00262642
14 0.641113 0.233398 0.0449219 0.043457 0.00242615
4 0.659668 0.134735 0.0546875 0.175354 0.00224686
13 0.641602 0.234802 0.0458984 0.0435791 0.00214767
2 0.67334 0.179321 0.0683594 0.0827637 0.00206184
3 0.229492 0.453247 0.0678711 0.12085 0.00185299
9 0.227539 0.449585 0.0625 0.120361 0.00182724
4 0.229492 0.453247 0.0678711 0.12085 0.00180244
11 0.227539 0.449585 0.0625 0.120361 0.0017643
14 0.655762 0.130157 0.0576172 0.179138 0.00174046
1 0.230896 0.452637 0.0675049 0.12793 0.0016222
2 0.963867 0.931152 0.0585938 0.0947266 0.00155067
2 0.645996 0.12085 0.0419922 0.171143 0.00154209
2 0.95874 0.825195 0.0786133 0.322266 0.00151443
2 0.234131 0.434814 0.132324 0.0795898 0.00148487
2 0.628418 0.231445 0.0644531 0.0556641 0.00140762
3 0.0368652 0.480591 0.0737305 0.925537 0.00136852
19 0.227539 0.449585 0.0625 0.120361 0.0013485
5 0.227539 0.449585 0.0625 0.120361 0.00129604
2 0.223633 0.473022 0.0629883 0.105713 0.00128555
16 0.227539 0.449585 0.0625 0.120361 0.00127697
12 0.227539 0.449585 0.0625 0.120361 0.00126648
15 0.227539 0.449585 0.0625 0.120361 0.00126648
6 0.226562 0.450806 0.0615234 0.124756 0.00125217
9 0.656738 0.134399 0.0654297 0.167969 0.00123692
4 0.0891724 0.500977 0.100464 0.919922 0.00121498
8 0.227539 0.449585 0.0625 0.120361 0.00120449
0 0.227539 0.449585 0.0625 0.120361 0.00113583
2 0.815918 0.0380249 0.269531 0.0511475 0.00111198
4 0.0620117 0.48877 0.124023 0.977539 0.00109959
7 0.227539 0.449585 0.0625 0.120361 0.00109673
4 0.116089 0.502441 0.120117 0.864258 0.00108719
1 0.656738 0.134399 0.0654297 0.167969 0.00105858
