2 0.461304 0.806885 0.0432129 0.32959 0.783691
2 0.464844 0.810547 0.0742188 0.300781 0.0960693
4 0.0495605 0.489868 0.0881348 0.879639 0.0313721
2 0.482422 0.805664 0.0712891 0.326172 0.0215759
2 0.44873 0.796875 0.0751953 0.333984 0.0163269
3 0.462891 0.808105 0.0449219 0.338867 0.0146942
4 0.46167 0.808594 0.0424805 0.347656 0.0128174
13 0.461304 0.805908 0.0461426 0.32959 0.0077095
9 0.46167 0.806641 0.0444336 0.330078 0.00515366
14 0.46167 0.806641 0.0444336 0.330078 0.00428009
2 0.440186 0.799316 0.124512 0.305664 0.00328636
2 0.470337 0.806152 0.0876465 0.201172 0.00311852
2 0.0437012 0.827148 0.0665283 0.326172 0.00271606
4 0.464844 0.810547 0.0742188 0.300781 0.0026741
11 0.462891 0.803711 0.0449219 0.337891 0.00252533
3 0.0338135 0.515259 0.067627 0.965576 0.0025177
3 0.464844 0.810547 0.0742188 0.300781 0.00236511
12 0.462891 0.803711 0.0449219 0.337891 0.00234604
5 0.462891 0.803711 0.0449219 0.337891 0.00227356
2 0.0518036 0.77832 0.0455627 0.179688 0.00218201
16 0.462891 0.803711 0.0449219 0.337891 0.00216293
2 0.0516357 0.757324 0.0496826 0.303711 0.00209618
4 0.0799408 0.525513 0.102325 0.874756 0.00204849
7 0.46167 0.806641 0.0444336 0.330078 0.00204277
4 0.94873 0.519531 0.0771484 0.882812 0.00203705
1 0.46167 0.808594 0.0424805 0.347656 0.00201797
17 0.461304 0.805908 0.0461426 0.32959 0.00196838
0 0.46167 0.808594 0.0424805 0.347656 0.00191784
8 0.462891 0.803711 0.0449219 0.337891 0.00183582
4 0.0338135 0.515259 0.067627 0.965576 0.00181675
3 0.00242615 0.504883 0.00485229 0.990234 0.00180912
10 0.46228 0.80542 0.0471191 0.328613 0.00174046
19 0.46167 0.806641 0.0444336 0.330078 0.00173473
15 0.46228 0.80542 0.0471191 0.328613 0.0017271
2 0.487305 0.806641 0.121094 0.287109 0.00168896
13 0.463013 0.805176 0.0808105 0.28418 0.00144768
6 0.461304 0.805908 0.0461426 0.32959 0.00140762
4 0.0411377 0.536621 0.0822754 0.926758 0.00132465
4 0.888672 0.525391 0.123047 0.810547 0.00131702
2 0.0512695 0.731934 0.0601807 0.420898 0.00130367
4 0.944092 0.484863 0.111816 0.947266 0.00121307
4 0.963623 0.548096 0.0727539 0.903809 0.00107574
3 0.947266 0.47937 0.105469 0.926025 0.00101948
