2 0.429688 0.74707 0.0957031 0.310547 0.888184
2 0.927246 0.902344 0.0341797 0.0810547 0.0444946
4 0.633789 0.571655 0.166992 0.678955 0.0162659
2 0.434814 0.743652 0.0952148 0.200195 0.0157166
4 0.427124 0.749023 0.0969238 0.270508 0.0142365
2 0.943848 0.141846 0.0517578 0.0366211 0.0141602
13 0.429688 0.74707 0.0957031 0.310547 0.0125122
2 0.413086 0.747559 0.222656 0.299805 0.00997162
4 0.64502 0.560059 0.140625 0.479492 0.00964355
3 0.429688 0.749023 0.0947266 0.279297 0.00876617
9 0.430176 0.74707 0.09375 0.311523 0.00694656
4 0.960205 0.504883 0.0795898 0.916016 0.00688934
2 0.45166 0.745605 0.0800781 0.31543 0.00597
14 0.431152 0.747559 0.09375 0.320312 0.00540161
4 0.0455933 0.534424 0.0911865 0.931152 0.00358582
2 0.93457 0.901367 0.0458984 0.101562 0.00337982
1 0.431274 0.74707 0.0895996 0.332031 0.0032711
8 0.429688 0.74707 0.0957031 0.310547 0.0029335
11 0.429688 0.74707 0.0957031 0.310547 0.00282097
7 0.429688 0.74707 0.0957031 0.310547 0.00277901
4 0.0265503 0.512695 0.0531006 0.81543 0.00276947
10 0.430176 0.74707 0.09375 0.311523 0.00276566
16 0.430176 0.74707 0.09375 0.311523 0.00272369
2 0.414795 0.748047 0.368652 0.305664 0.00264168
17 0.430176 0.74707 0.09375 0.311523 0.00263977
19 0.429688 0.74707 0.0957031 0.310547 0.00259018
4 0.975342 0.484253 0.0493164 0.900635 0.00257683
5 0.430664 0.74707 0.0888672 0.324219 0.00255966
4 0.614258 0.522461 0.253906 0.852539 0.00249481
0 0.429688 0.74707 0.0957031 0.310547 0.00234032
4 0.943115 0.487793 0.0766602 0.816406 0.00221634
12 0.429688 0.74707 0.0957031 0.310547 0.00218964
6 0.429688 0.74707 0.0957031 0.310547 0.00218201
2 0.0367584 0.834961 0.0653992 0.302734 0.00214958
18 0.433716 0.743164 0.0935059 0.27832 0.00196457
15 0.431274 0.74707 0.0895996 0.332031 0.00179672
2 0.944824 0.156006 0.0576172 0.0683594 0.00150585
2 0.454102 0.730957 0.151367 0.330078 0.00143337
13 0.927734 0.902344 0.0332031 0.0839844 0.00139809
4 0.063385 0.512817 0.109558 0.837646 0.00131512
2 0.9375 0.135498 0.0585938 0.0393066 0.001297
2 0.922852 0.890137 0.0498047 0.0947266 0.00128365
2 0.928711 0.873047 0.0478516 0.138672 0.00127029
2 0.935547 0.138062 0.09375 0.0336914 0.00118828
14 0.940918 0.137573 0.0546875 0.0368652 0.00114441
4 0.0418701 0.498413 0.067749 0.831299 0.00105476
2 0.649902 0.596191 0.12793 0.420898 0.00105476
2 0.942383 0.902832 0.0898438 0.0830078 0.00102901
