2 0.38916 0.805664 0.0976562 0.0341797 0.684082
2 0.380859 0.805176 0.155273 0.046875 0.0431824
4 0.0457764 0.512085 0.0723877 0.811768 0.0420227
2 0.387939 0.804688 0.100098 0.0712891 0.0372314
3 0.0431519 0.546265 0.0863037 0.856689 0.0182953
14 0.388428 0.805176 0.0996094 0.0478516 0.0154114
3 0.0316772 0.548462 0.0633545 0.852295 0.0152893
4 0.960938 0.541138 0.078125 0.917725 0.0115891
2 0.386963 0.79834 0.106934 0.112305 0.0103836
2 0.374512 0.804688 0.240234 0.0410156 0.0096283
3 0.000671387 0.548218 0.00134277 0.901611 0.00907135
2 0.420288 0.804199 0.151611 0.0517578 0.00594711
2 0.375977 0.799316 0.0932617 0.0458984 0.00532532
3 0 0.548218 0 0.903564 0.00514603
2 0.437744 0.979004 0.379395 0.0419922 0.00351906
4 0.0359497 0.543945 0.0718994 0.813477 0.00335312
2 0.0431519 0.546265 0.0863037 0.856689 0.00333214
4 0.36084 0.128815 0.138184 0.236511 0.00284004
13 0.388672 0.805664 0.0966797 0.0390625 0.0027504
2 0.346191 0.814941 0.194336 0.0693359 0.00265694
3 0.956543 0.513428 0.0869141 0.973145 0.00251961
2 0.308167 0.977539 0.426636 0.0449219 0.0023365
4 0.0691833 0.539185 0.100403 0.888428 0.00174618
2 0.382324 0.824219 0.130859 0.0673828 0.00168324
9 0.964355 0.938965 0.0615234 0.0888672 0.00163937
4 0.817871 0.506226 0.133789 0.526611 0.0012722
2 0.557617 0.976318 0.475586 0.0473633 0.00124264
4 0 0.540894 0 0.886963 0.00123692
4 0.387939 0.805664 0.0996094 0.0351562 0.00123596
3 0.972168 0.505127 0.0556641 0.989746 0.00115585
2 0.398071 0.79248 0.1521 0.0576172 0.00113201
2 0.0355835 0.487305 0.0621338 0.791992 0.00111866
2 0.426758 0.800781 0.186523 0.0712891 0.00108719
9 0.388184 0.804688 0.0932617 0.0380859 0.00107574
11 0.387939 0.805664 0.0996094 0.0351562 0.00105381
2 0.404053 0.799805 0.103027 0.0429688 0.00102425
6 0.38916 0.805664 0.0976562 0.0341797 0.00101662
3 0.387939 0.805664 0.0996094 0.0351562 0.00100136
