2 0.711914 0.875488 0.232422 0.12793 0.867188
4 0.241699 0.207733 0.118164 0.242249 0.348145
4 0.201477 0.464478 0.109253 0.709717 0.0536499
3 0.957764 0.528809 0.0844727 0.942383 0.0527954
4 0.806152 0.56665 0.131836 0.839355 0.0413513
4 0.234375 0.24707 0.10791 0.165527 0.0288086
2 0.2453 0.204559 0.118286 0.235413 0.0271301
2 0.787109 0.865234 0.0742188 0.12207 0.0163727
2 0.708496 0.869629 0.24707 0.209961 0.0111465
14 0.242615 0.206238 0.121704 0.239868 0.00997925
4 0.245056 0.25116 0.143677 0.235962 0.00855255
2 0.234863 0.246826 0.108887 0.164551 0.00709915
13 0.237305 0.244629 0.104004 0.162598 0.00662231
13 0.710938 0.878906 0.244141 0.118164 0.0045929
4 0.211487 0.514771 0.173706 0.863037 0.00424576
2 0.762695 0.870117 0.163086 0.125977 0.00408554
4 0.140747 0.250977 0.114746 0.163574 0.00397491
2 0.695312 0.849609 0.292969 0.140625 0.00364304
14 0.234375 0.24707 0.10791 0.165527 0.00354385
4 0.709961 0.879883 0.243164 0.116211 0.00347519
1 0.712891 0.875977 0.224609 0.120117 0.0033226
4 0.19043 0.23999 0.193359 0.183594 0.00307465
4 0.0697327 0.516602 0.102722 0.84082 0.00301933
2 0.720703 0.848389 0.244141 0.303223 0.00287819
14 0.708984 0.87793 0.238281 0.123047 0.00283241
11 0.708008 0.876953 0.228516 0.117188 0.00275993
13 0.244141 0.206116 0.118164 0.238159 0.00266075
2 0.495239 0.661133 0.0700684 0.263672 0.00265503
9 0.713867 0.875977 0.236328 0.125 0.00263405
4 0.103729 0.195465 0.0903931 0.248718 0.00234032
3 0.967285 0.583984 0.0654297 0.652344 0.00229263
3 0.965332 0.521118 0.0693359 0.83667 0.00196457
16 0.70752 0.871582 0.262695 0.125977 0.00191593
6 0.713867 0.875977 0.236328 0.125 0.00187016
0 0.708984 0.87793 0.238281 0.123047 0.00184536
7 0.713867 0.875977 0.236328 0.125 0.00184059
10 0.713867 0.875977 0.236328 0.125 0.00177002
15 0.713867 0.875977 0.236328 0.125 0.00177002
3 0.0302124 0.481445 0.0604248 0.862305 0.00174046
2 0.647461 0.868652 0.336914 0.131836 0.00172997
3 0.713867 0.875977 0.236328 0.125 0.00172901
17 0.713867 0.875977 0.236328 0.125 0.00172329
12 0.713867 0.875977 0.236328 0.125 0.00172329
4 0.273865 0.246094 0.189575 0.183105 0.00170231
5 0.713867 0.875977 0.236328 0.125 0.00168991
8 0.709473 0.877441 0.243164 0.120117 0.00168419
19 0.708984 0.87793 0.238281 0.123047 0.00168133
18 0.713867 0.875977 0.236328 0.125 0.00159359
4 0.117188 0.244141 0.109131 0.239258 0.00154495
1 0.243652 0.205017 0.112305 0.226685 0.00128174
4 0.950195 0.530762 0.0996094 0.938477 0.00125694
3 0.243652 0.205017 0.112305 0.226685 0.00120926
4 0.805176 0.526367 0.0996094 0.604492 0.00119686
9 0.246094 0.20874 0.114258 0.226562 0.00119114
2 0.666016 0.885742 0.241211 0.120117 0.00118923
4 0.272217 0.201141 0.144043 0.236389 0.00108624
