2 0.948242 0.880859 0.0361328 0.140625 0.0316772
3 0.0418091 0.482544 0.0836182 0.814209 0.0302582
2 0.94873 0.861328 0.0498047 0.182617 0.0293579
3 0.0017395 0.477417 0.003479 0.865479 0.0201416
2 0.958984 0.836914 0.0585938 0.21582 0.01651
3 0.946533 0.526123 0.106934 0.947754 0.015625
3 0.0348511 0.522583 0.0697021 0.698975 0.0120087
2 0.181061 0.819824 0.189148 0.162109 0.0110168
2 0.145782 0.827148 0.111755 0.134766 0.00792694
2 0.959961 0.883301 0.0527344 0.164062 0.00767517
2 0.958984 0.807129 0.0722656 0.334961 0.00710678
4 0.0388794 0.457642 0.0698242 0.791748 0.00693512
3 0.94873 0.542358 0.0849609 0.915283 0.00676346
13 0.164124 0.822266 0.168823 0.162109 0.00624466
3 0 0.509277 0 0.861328 0.00561905
3 0.966309 0.521973 0.0673828 0.956055 0.00497055
3 0.0309448 0.455078 0.0618896 0.796875 0.00341225
13 0.137451 0.832031 0.101562 0.12207 0.00317955
2 0.180176 0.207214 0.118164 0.0284424 0.00259972
3 0.022644 0.473267 0.0452881 0.713623 0.0025444
4 0.209961 0.452026 0.123047 0.646729 0.00236893
1 0.207947 0.808105 0.221802 0.151367 0.00224495
13 0.948242 0.880859 0.0361328 0.140625 0.00221634
2 0.940918 0.891113 0.0341797 0.113281 0.00169468
13 0.94873 0.861328 0.0498047 0.182617 0.00147057
3 0.0341492 0.520996 0.0682983 0.529297 0.0014286
3 0 0.447632 0 0.782471 0.00139236
1 0.164124 0.822266 0.168823 0.162109 0.00133419
4 0.0402832 0.505737 0.0805664 0.72876 0.00118351
4 0.0647583 0.44873 0.124146 0.818359 0.00118351
4 0.217773 0.505249 0.158691 0.858643 0.00112629
4 0 0.483887 0 0.856445 0.00110722
2 0.135864 0.844238 0.0878906 0.0957031 0.00103378
