2 0.504883 0.259277 0.323242 0.210449 0.899902
2 0.506348 0.299316 0.336914 0.120605 0.203247
4 0.963135 0.518433 0.0717773 0.801025 0.0175934
13 0.505371 0.256409 0.316406 0.207886 0.0167389
4 0.963623 0.682007 0.0649414 0.518799 0.0104675
2 0.507812 0.275146 0.331055 0.34668 0.00894165
4 0.507446 0.255798 0.311279 0.221802 0.00863647
14 0.507446 0.255798 0.311279 0.221802 0.00763321
1 0.507446 0.255798 0.311279 0.221802 0.00651932
9 0.504883 0.255432 0.320312 0.2323 0.00622559
2 0.420898 0.25708 0.140625 0.212891 0.00509262
4 0.0427856 0.486206 0.0751953 0.859619 0.00457001
7 0.507446 0.255798 0.311279 0.221802 0.00434113
16 0.507446 0.255798 0.311279 0.221802 0.00408173
19 0.507446 0.255798 0.311279 0.221802 0.00366211
8 0.504883 0.255432 0.320312 0.2323 0.00352287
5 0.507446 0.255798 0.311279 0.221802 0.00352287
10 0.507446 0.255798 0.311279 0.221802 0.00342751
18 0.504883 0.255615 0.321289 0.218262 0.00333977
3 0.504883 0.255615 0.321289 0.218262 0.00329971
0 0.507446 0.255798 0.311279 0.221802 0.00328445
11 0.507446 0.255798 0.311279 0.221802 0.0032711
6 0.504883 0.255432 0.320312 0.2323 0.00319862
17 0.507446 0.255798 0.311279 0.221802 0.00316048
12 0.507446 0.255798 0.311279 0.221802 0.00300407
15 0.505371 0.256409 0.316406 0.207886 0.00278282
4 0.971436 0.623657 0.0571289 0.752686 0.0020504
3 0.0304871 0.514648 0.0609741 0.882812 0.00198364
2 0.53125 0.312012 0.259766 0.0869141 0.00140762
4 0.97168 0.742188 0.0507812 0.515625 0.00134563
