2 0.390869 0.154297 0.132324 0.0849609 0.869629
4 0.774414 0.328247 0.115234 0.435303 0.67041
4 0.493652 0.349182 0.146484 0.422729 0.167114
2 0.493652 0.34082 0.150391 0.395508 0.1203
3 0.95166 0.507935 0.0966797 0.911865 0.0745239
2 0.168701 0.208374 0.0541992 0.142334 0.067749
2 0.403198 0.151978 0.235596 0.0976562 0.0440063
3 0.959473 0.355713 0.0810547 0.592285 0.0413208
2 0.945801 0.932129 0.0849609 0.0888672 0.0383911
2 0.483765 0.372009 0.218018 0.463989 0.0292358
4 0.521118 0.442871 0.233154 0.641602 0.0256042
2 0.0993652 0.0284424 0.124023 0.0366211 0.024292
13 0.389648 0.1521 0.141602 0.0869141 0.0220642
4 0.47522 0.371765 0.219482 0.471313 0.0209045
2 0.770508 0.343689 0.111328 0.439575 0.0171204
3 0.954834 0.372803 0.0864258 0.501465 0.0147247
2 0.173584 0.188477 0.112793 0.161621 0.0145493
14 0.774414 0.328247 0.115234 0.435303 0.0137482
4 0.510864 0.42218 0.175537 0.470093 0.0128174
4 0.759277 0.496582 0.18457 0.853516 0.00891113
3 0.955322 0.440063 0.0776367 0.819092 0.00619125
2 0.941162 0.949219 0.0864258 0.0644531 0.006073
2 0.392334 0.169678 0.143066 0.265137 0.00536346
4 0.752441 0.338379 0.134766 0.524414 0.00517654
14 0.389648 0.1521 0.141602 0.0869141 0.00461197
2 0.940918 0.908691 0.102539 0.157227 0.00379562
3 0.0388184 0.49353 0.0776367 0.762939 0.0037117
14 0.500977 0.350525 0.150391 0.366333 0.00330925
2 0.496704 0.341553 0.153076 0.242676 0.00302315
9 0.390625 0.153076 0.130859 0.0839844 0.00292015
3 0.773438 0.333862 0.110352 0.427979 0.00287628
4 0.793945 0.274353 0.112305 0.444458 0.0028553
4 0.0361328 0.459351 0.0678711 0.784424 0.00284767
11 0.394043 0.155884 0.128906 0.0803223 0.00275803
1 0.390869 0.154175 0.127441 0.0788574 0.00271034
2 0.44165 0.325195 0.26416 0.482422 0.00249863
4 0.387695 0.152832 0.142578 0.0849609 0.0023632
13 0.403198 0.151978 0.235596 0.0976562 0.00225067
3 0.970215 0.338257 0.0595703 0.528564 0.00215149
4 0.494629 0.349609 0.151367 0.245117 0.00210762
3 0.388428 0.149292 0.148926 0.0834961 0.0020752
3 0.0308228 0.515259 0.0616455 0.957764 0.00190735
16 0.394043 0.155884 0.128906 0.0803223 0.00187588
2 0.385742 0.169495 0.160645 0.101929 0.00183868
6 0.394043 0.155884 0.128906 0.0803223 0.00181103
19 0.394043 0.155884 0.128906 0.0803223 0.00174141
12 0.390869 0.154175 0.127441 0.0788574 0.00171185
8 0.394043 0.155884 0.128906 0.0803223 0.00170898
13 0.770508 0.343689 0.111328 0.439575 0.00167942
3 0.966309 0.519287 0.0673828 0.961426 0.00166607
2 0.161377 0.22345 0.0639648 0.0980225 0.00166035
13 0.171021 0.206665 0.0559082 0.149658 0.00162601
7 0.387695 0.151367 0.138672 0.0878906 0.00160313
15 0.394043 0.155884 0.128906 0.0803223 0.0015564
0 0.394043 0.155884 0.128906 0.0803223 0.0015564
3 0.946045 0.420898 0.10791 0.624023 0.00153351
3 0.0290527 0.456177 0.0581055 0.788818 0.00146294
9 0.770508 0.343689 0.111328 0.439575 0.00146008
5 0.394043 0.155884 0.128906 0.0803223 0.00144958
1 0.772949 0.329102 0.12207 0.443359 0.00141621
17 0.394043 0.155884 0.128906 0.0803223 0.00139523
13 0.501099 0.342896 0.140381 0.294678 0.00137615
2 0.384766 0.202026 0.161133 0.404053 0.00134373
10 0.388428 0.149292 0.148926 0.0834961 0.00130558
2 0.816895 0.961182 0.299805 0.034668 0.00129223
2 0.926758 0.82959 0.0771484 0.0488281 0.00127506
18 0.387695 0.15271 0.141602 0.083252 0.00124454
19 0.770508 0.343689 0.111328 0.439575 0.00118351
10 0.774414 0.328247 0.115234 0.435303 0.0011816
8 0.774414 0.328247 0.115234 0.435303 0.00117683
12 0.770508 0.343689 0.111328 0.439575 0.00116444
15 0.774414 0.328247 0.115234 0.435303 0.00115013
11 0.774414 0.328247 0.115234 0.435303 0.00115013
16 0.774414 0.328247 0.115234 0.435303 0.00115013
6 0.770508 0.343689 0.111328 0.439575 0.00113773
7 0.774414 0.328247 0.115234 0.435303 0.00113201
5 0.774414 0.328247 0.115234 0.435303 0.00113201
4 0.782227 0.357178 0.126953 0.646973 0.0011282
4 0 0.523926 0 0.944336 0.0011034
0 0.772949 0.329102 0.12207 0.443359 0.0011034
17 0.774414 0.328247 0.115234 0.435303 0.00109768
18 0.774414 0.328247 0.115234 0.435303 0.00109768
3 0 0.480225 0 0.960449 0.00109291
2 0.514771 0.42041 0.204834 0.602539 0.00105286
4 0.95459 0.471069 0.0908203 0.85083 0.00100136
