4 0.675293 0.403564 0.272461 0.453613 0.600586
14 0.678223 0.399658 0.280273 0.471191 0.0980835
2 0.0933228 0.663574 0.0604248 0.0673828 0.0900879
2 0.677734 0.4021 0.268555 0.452637 0.0852661
13 0.0933228 0.663574 0.0604248 0.0673828 0.0785522
2 0.893066 0.251953 0.046875 0.268555 0.0596008
4 0.893555 0.245605 0.0517578 0.339355 0.0426636
2 0.897949 0.265137 0.0292969 0.26709 0.019928
4 0.660645 0.473022 0.266602 0.723877 0.0113907
3 0.966309 0.539551 0.0673828 0.920898 0.00525284
1 0.676758 0.397644 0.274414 0.444946 0.00460434
13 0.676758 0.397644 0.274414 0.444946 0.00453568
2 0.0906067 0.665039 0.0907593 0.0751953 0.00413895
4 0.900391 0.334412 0.0507812 0.448364 0.00410843
4 0.842773 0.509644 0.0888672 0.66626 0.00382423
13 0.0906067 0.665039 0.0907593 0.0751953 0.0037384
4 0.6875 0.416626 0.242188 0.240967 0.00340843
13 0.652832 0.192505 0.336914 0.0383301 0.00332451
4 0.966553 0.453613 0.0551758 0.729492 0.0031395
4 0.873047 0.408569 0.078125 0.700439 0.00311089
4 0.898438 0.399292 0.0761719 0.56665 0.00267982
3 0.676758 0.397644 0.274414 0.444946 0.0025692
4 0.101074 0.432251 0.0898438 0.678467 0.00255775
9 0.676758 0.397644 0.274414 0.444946 0.00254059
13 0.893066 0.251953 0.046875 0.268555 0.00236511
0 0.676758 0.397644 0.274414 0.444946 0.00231361
16 0.676758 0.397644 0.274414 0.444946 0.00231361
18 0.676758 0.397644 0.274414 0.444946 0.00227737
6 0.676758 0.397644 0.274414 0.444946 0.00222588
7 0.676758 0.397644 0.274414 0.444946 0.00222588
10 0.676758 0.397644 0.274414 0.444946 0.00222588
4 0.896973 0.248535 0.0332031 0.265625 0.00221062
11 0.676758 0.397644 0.274414 0.444946 0.00217438
19 0.676758 0.397644 0.274414 0.444946 0.00215721
12 0.676758 0.397644 0.274414 0.444946 0.00214005
2 0.884766 0.319702 0.0595703 0.510986 0.00212097
14 0.6875 0.416626 0.242188 0.240967 0.0021019
15 0.676758 0.397644 0.274414 0.444946 0.00209999
5 0.676758 0.397644 0.274414 0.444946 0.00205803
2 0.897461 0.316223 0.0537109 0.422241 0.00204468
17 0.676758 0.397644 0.274414 0.444946 0.00201035
8 0.676758 0.397644 0.274414 0.444946 0.00198746
2 0.751953 0.26123 0.109375 0.16748 0.00194836
4 0.115723 0.523926 0.112305 0.663086 0.00179577
14 0.0944519 0.663086 0.062561 0.0742188 0.00178623
13 0.587891 0.196289 0.47168 0.0458984 0.00150967
4 0.62793 0.478027 0.269531 0.525391 0.00135326
4 0.712891 0.476074 0.211914 0.539062 0.00122929
4 0.944336 0.541382 0.111328 0.917236 0.00116253
2 0.197693 0.969727 0.334106 0.0390625 0.0011425
2 0.977539 0.45459 0.0390625 0.768555 0.00111771
4 0.732422 0.334106 0.160156 0.366943 0.00109577
3 0.0250854 0.516602 0.0501709 0.887695 0.00107384
