2 0.581055 0.358154 0.289062 0.251465 0.902832
4 0.114746 0.35376 0.0686035 0.445801 0.0836182
13 0.581543 0.359985 0.296875 0.235107 0.0180969
4 0.581055 0.358398 0.286133 0.254883 0.0145874
14 0.581055 0.358398 0.286133 0.254883 0.0106735
1 0.581055 0.358398 0.286133 0.254883 0.00777817
9 0.581055 0.358398 0.286133 0.254883 0.00676346
4 0.10791 0.297974 0.0959473 0.417725 0.00626373
3 0.5802 0.358032 0.30249 0.241943 0.00524139
16 0.576172 0.35791 0.310547 0.262695 0.0047493
7 0.576172 0.35791 0.310547 0.262695 0.00439453
18 0.580688 0.356689 0.301514 0.239746 0.00418091
8 0.578613 0.356445 0.30957 0.262695 0.00394058
19 0.576172 0.35791 0.310547 0.262695 0.00382233
10 0.578613 0.356445 0.30957 0.262695 0.00382042
11 0.5802 0.358032 0.30249 0.241943 0.00369453
0 0.5802 0.358032 0.30249 0.241943 0.0036087
17 0.576172 0.35791 0.310547 0.262695 0.00352478
5 0.576172 0.35791 0.310547 0.262695 0.00349808
6 0.5802 0.358032 0.30249 0.241943 0.00345802
12 0.578613 0.356445 0.30957 0.262695 0.00319672
15 0.580688 0.356689 0.301514 0.239746 0.00318336
2 0.112762 0.308105 0.0708618 0.395508 0.00253487
2 0.36377 0.494629 0.117188 0.196289 0.00248718
4 0.106445 0.447876 0.090332 0.656982 0.00125027
14 0.110596 0.320862 0.0698242 0.439331 0.00100708
