2 0.470703 0.300293 0.136719 0.131348 0.875
2 0.456055 0.302002 0.228516 0.148926 0.0498657
4 0.0488281 0.524414 0.0961914 0.892578 0.036438
4 0.0300903 0.484741 0.0601807 0.811768 0.0115814
13 0.469727 0.301758 0.146484 0.132812 0.0114822
2 0.4646 0.302979 0.147949 0.217773 0.01091
4 0.943115 0.516357 0.109863 0.967285 0.00839233
4 0.946289 0.727539 0.0566406 0.515625 0.00682449
2 0.470215 0.317078 0.171875 0.388306 0.00630951
4 0.957031 0.757812 0.0507812 0.484375 0.00439453
4 0.0394287 0.513306 0.0788574 0.924561 0.00392532
14 0.465332 0.304688 0.146484 0.130371 0.00356865
11 0.465332 0.304688 0.146484 0.130371 0.00286865
1 0.464844 0.304443 0.140625 0.125977 0.00273895
9 0.471802 0.30249 0.133545 0.12793 0.00265884
4 0.470703 0.301514 0.145508 0.131836 0.00263023
2 0.960449 0.787109 0.0419922 0.408203 0.00259972
3 0.470703 0.300537 0.134766 0.129883 0.00226021
3 0 0.512695 0 0.974609 0.00199318
16 0.465332 0.304688 0.146484 0.130371 0.00177097
8 0.471802 0.30249 0.133545 0.12793 0.00170517
6 0.465332 0.304688 0.146484 0.130371 0.00168991
12 0.471313 0.300781 0.135498 0.128906 0.0015564
19 0.471802 0.30249 0.133545 0.12793 0.00154114
0 0.471313 0.300781 0.135498 0.128906 0.00153828
5 0.470703 0.301514 0.145508 0.131836 0.00148964
4 0.93457 0.266113 0.0654297 0.381836 0.00146008
2 0.0449524 0.513672 0.0899048 0.933594 0.00137615
7 0.465332 0.304688 0.146484 0.130371 0.00137043
3 0.0488281 0.524414 0.0961914 0.892578 0.00134373
15 0.471802 0.30249 0.133545 0.12793 0.00130367
4 0.0411224 0.728027 0.0696106 0.536133 0.0012989
17 0.470703 0.301514 0.145508 0.131836 0.00127983
4 0 0.541382 0 0.905518 0.00126171
4 0.968994 0.56189 0.0620117 0.876221 0.00125885
10 0.470093 0.300781 0.155518 0.13623 0.00123692
4 0.945312 0.482544 0.0742188 0.845459 0.00123024
2 0.949463 0.752441 0.0522461 0.495117 0.00122929
4 0.015686 0.449097 0.0313721 0.736572 0.00118351
3 0 0.483398 0 0.882812 0.00117016
18 0.470703 0.301514 0.145508 0.131836 0.00109482
4 0.0653229 0.4646 0.0812683 0.728027 0.00108814
4 0.972412 0.766113 0.0415039 0.467773 0.00100327
