2 0.577637 0.241455 0.169922 0.0991211 0.865234
2 0.559082 0.243103 0.283203 0.113892 0.0650635
4 0.0442963 0.48291 0.0710754 0.818359 0.0196991
2 0.583008 0.216064 0.176758 0.180176 0.00893402
4 0.0459595 0.512573 0.0919189 0.957275 0.00689697
3 0.0318909 0.513916 0.0637817 0.925293 0.0054245
13 0.57666 0.240723 0.183594 0.0922852 0.00395966
2 0.582031 0.251953 0.1875 0.312988 0.00387192
4 0.95874 0.546265 0.0825195 0.897705 0.0032444
11 0.579102 0.239746 0.18457 0.0996094 0.00322723
3 0.0459595 0.512573 0.0919189 0.957275 0.00315666
14 0.579102 0.239746 0.18457 0.0996094 0.00297356
2 0.950195 0.824219 0.0800781 0.316406 0.00270081
4 0.577637 0.241455 0.169922 0.0991211 0.00246048
16 0.579102 0.239746 0.18457 0.0996094 0.00226593
4 0.956299 0.695679 0.0698242 0.518799 0.00215721
1 0.578613 0.239197 0.185547 0.102173 0.00213242
3 0.000854492 0.504639 0.00170898 0.990723 0.00209808
9 0.577148 0.242676 0.177734 0.101562 0.0020771
2 0.949951 0.910156 0.0668945 0.117188 0.00192642
3 0.0235901 0.561035 0.0471802 0.856445 0.00189209
6 0.579102 0.239746 0.18457 0.0996094 0.00187874
4 0.970947 0.517578 0.0581055 0.912109 0.00183964
19 0.579102 0.239746 0.18457 0.0996094 0.00181293
3 0.577148 0.242676 0.177734 0.101562 0.00172997
8 0.579102 0.239746 0.18457 0.0996094 0.00171185
7 0.579102 0.239746 0.18457 0.0996094 0.00167179
4 0.0298157 0.45813 0.0532837 0.798584 0.00161648
17 0.578613 0.240295 0.178711 0.0970459 0.00161362
0 0.579102 0.239746 0.18457 0.0996094 0.00160694
15 0.57666 0.240723 0.183594 0.0922852 0.00154495
10 0.57666 0.240723 0.183594 0.0922852 0.00152111
12 0.578613 0.239197 0.185547 0.102173 0.00149059
5 0.577148 0.240723 0.177734 0.0942383 0.00141048
18 0.577148 0.240723 0.177734 0.0942383 0.00134945
2 0.614258 0.23761 0.129883 0.103882 0.00117779
2 0.57666 0.264709 0.211914 0.111206 0.00104046
2 0.0442963 0.48291 0.0710754 0.818359 0.00100899
