2 0.527832 0.547852 0.0488281 0.275391 0.666992
2 0.523926 0.554688 0.0664062 0.34375 0.0650024
4 0.674805 0.494995 0.131836 0.748291 0.0367126
2 0.513184 0.560059 0.0615234 0.270508 0.0209351
2 0.523438 0.548462 0.110352 0.270264 0.0108414
4 0.659668 0.491333 0.139648 0.536865 0.0103302
4 0.229919 0.541016 0.143677 0.454102 0.00814819
4 0.530273 0.526245 0.0556641 0.332275 0.00803375
2 0.528809 0.499023 0.0410156 0.207031 0.00727081
3 0.526367 0.541016 0.0458984 0.298828 0.0063591
13 0.527832 0.547852 0.0488281 0.275391 0.00626755
2 0.53418 0.501953 0.0673828 0.390625 0.00595856
3 0.970215 0.522949 0.0595703 0.954102 0.00489044
2 0.652832 0.509766 0.152344 0.402344 0.00463867
4 0.190765 0.447998 0.20929 0.537598 0.00379562
9 0.526367 0.541016 0.0458984 0.298828 0.00298309
2 0.545898 0.555664 0.0771484 0.299805 0.00217056
14 0.52832 0.543457 0.0488281 0.291992 0.00216484
4 0.533203 0.553711 0.128906 0.358398 0.00211334
2 0.535156 0.510864 0.0449219 0.2771 0.00210762
4 0.520508 0.550659 0.0917969 0.277588 0.00209618
3 0.960693 0.585571 0.0786133 0.809326 0.00198746
1 0.526367 0.541016 0.0458984 0.298828 0.00178528
5 0.526367 0.541016 0.0458984 0.298828 0.00173855
2 0.803223 0.967529 0.301758 0.027832 0.00172234
11 0.526367 0.541016 0.0458984 0.298828 0.0015583
12 0.526367 0.541016 0.0458984 0.298828 0.00152302
2 0.305542 0.0316772 0.56665 0.0429688 0.00147057
16 0.526367 0.541016 0.0458984 0.298828 0.00145912
17 0.52832 0.543457 0.0488281 0.291992 0.00145721
7 0.526367 0.541016 0.0458984 0.298828 0.00131893
2 0.27301 0.0261688 0.414917 0.0367737 0.00128937
0 0.526367 0.541016 0.0458984 0.298828 0.00127792
8 0.526367 0.541016 0.0458984 0.298828 0.00126839
4 0.517578 0.564941 0.0654297 0.368164 0.00125599
10 0.526367 0.541016 0.0458984 0.298828 0.00121498
19 0.52832 0.543457 0.0488281 0.291992 0.00120354
15 0.526367 0.541016 0.0458984 0.298828 0.00116444
4 0.526367 0.541504 0.0410156 0.266602 0.00110054
2 0.520996 0.592285 0.0410156 0.241211 0.00101089
6 0.52832 0.543457 0.0488281 0.291992 0.00101089
