2 0.564941 0.807129 0.1875 0.276367 0.841797
2 0.552734 0.140625 0.145508 0.0209961 0.0273438
2 0.570312 0.740723 0.200195 0.171875 0.0229034
13 0.563477 0.807129 0.189453 0.288086 0.0159912
4 0.563477 0.807129 0.189453 0.288086 0.0133286
13 0.368408 0.889648 0.0795898 0.0527344 0.00812531
14 0.564453 0.806152 0.191406 0.293945 0.00788879
1 0.563477 0.807129 0.189453 0.288086 0.0071373
2 0.556152 0.770508 0.279297 0.220703 0.00701141
3 0.563477 0.807129 0.189453 0.288086 0.00660706
2 0.606445 0.139893 0.276367 0.0263672 0.00650406
2 0.552734 0.140259 0.158203 0.0322266 0.0055542
9 0.564453 0.806152 0.191406 0.293945 0.00535583
18 0.563477 0.807129 0.189453 0.288086 0.00345612
11 0.563477 0.807129 0.189453 0.288086 0.00344467
16 0.563477 0.807129 0.189453 0.288086 0.00317383
8 0.5625 0.804199 0.188477 0.297852 0.00313568
7 0.563477 0.807129 0.189453 0.288086 0.00311279
0 0.563477 0.807129 0.189453 0.288086 0.00311279
3 0 0.509399 0 0.981201 0.00310516
19 0.563477 0.807129 0.189453 0.288086 0.00304222
6 0.563477 0.807129 0.189453 0.288086 0.00301552
10 0.563477 0.807129 0.189453 0.288086 0.00291443
3 0.0296936 0.513672 0.0593872 0.908203 0.00288773
17 0.563477 0.807129 0.189453 0.288086 0.00283432
4 0.959473 0.509521 0.0810547 0.934082 0.00283051
5 0.563965 0.802246 0.200195 0.272461 0.00279427
15 0.563477 0.807129 0.189453 0.288086 0.00270653
12 0.563477 0.807129 0.189453 0.288086 0.00266457
13 0.552734 0.140625 0.145508 0.0209961 0.00252533
4 0.0413666 0.515137 0.0813293 0.848633 0.00228691
4 0 0.538086 0 0.923828 0.00158787
3 0.971191 0.50647 0.0576172 0.957764 0.00154686
3 0.0446777 0.524292 0.0893555 0.87915 0.00147247
2 0.453735 0.140503 0.395264 0.0292969 0.00132561
3 0.944092 0.506104 0.111816 0.987793 0.0012989
2 0.537231 0.138184 0.269287 0.0297852 0.00125694
2 0.363037 0.982666 0.726074 0.034668 0.00116062
2 0.455322 0.789551 0.318848 0.283203 0.00110912
2 0.571289 0.734863 0.19043 0.304688 0.0010643
