2 0.70752 0.607422 0.0869141 0.129883 0.760254
2 0.661621 0.608398 0.0380859 0.108398 0.162598
2 0.681152 0.611816 0.0566406 0.126953 0.153809
2 0.71582 0.624512 0.0839844 0.0810547 0.0736084
2 0.717773 0.632324 0.0703125 0.0556641 0.0221252
2 0.68457 0.60791 0.141602 0.134766 0.0147095
13 0.70752 0.606934 0.0869141 0.12793 0.0112457
2 0.722168 0.624023 0.141602 0.0849609 0.00559616
2 0.710449 0.637695 0.105469 0.0673828 0.00512695
13 0.661621 0.608398 0.0380859 0.108398 0.00463867
2 0.662109 0.611328 0.09375 0.117188 0.0045166
4 0.0412445 0.484009 0.0793762 0.822998 0.00303078
14 0.714844 0.607422 0.0810547 0.118164 0.00291061
2 0.706055 0.597656 0.0800781 0.214844 0.0024395
2 0.730957 0.611328 0.102539 0.121094 0.0022049
13 0.681152 0.611816 0.0566406 0.126953 0.00206566
11 0.706543 0.606934 0.0673828 0.125977 0.00200844
9 0.706543 0.606934 0.0673828 0.125977 0.00178719
3 0.0333862 0.515503 0.0667725 0.965088 0.00171089
2 0.708984 0.622559 0.0917969 0.314453 0.00164604
4 0.964355 0.497925 0.0712891 0.961182 0.00164413
4 0.70752 0.606934 0.0869141 0.12793 0.00162315
2 0.955322 0.519287 0.0893555 0.961426 0.00156116
2 0.708496 0.607422 0.299805 0.130859 0.00142097
1 0.70752 0.606934 0.0869141 0.12793 0.00138378
6 0.706543 0.606934 0.0673828 0.125977 0.00137138
16 0.706543 0.606934 0.0673828 0.125977 0.00137138
14 0.661621 0.608398 0.0380859 0.108398 0.00134373
4 0.0467529 0.505859 0.0935059 0.988281 0.00133705
3 0.955322 0.519287 0.0893555 0.961426 0.00131607
14 0.691406 0.608398 0.0849609 0.134766 0.00129986
3 0.708008 0.608398 0.0693359 0.12793 0.00128937
15 0.706543 0.606934 0.0673828 0.125977 0.00121117
19 0.712891 0.606934 0.0771484 0.116211 0.00118256
8 0.70752 0.606934 0.0869141 0.12793 0.0011797
2 0.70459 0.624023 0.0683594 0.108398 0.00115299
5 0.706543 0.606934 0.0673828 0.125977 0.00114632
0 0.706543 0.606934 0.0673828 0.125977 0.00108528
12 0.70752 0.606934 0.0869141 0.12793 0.00106525
7 0.70752 0.606934 0.0869141 0.12793 0.00104904
