2 0.500488 0.0421143 0.109375 0.0498047 0.789062
4 0.633301 0.609375 0.171875 0.490234 0.405762
2 0.385742 0.0444336 0.331055 0.0603027 0.230591
2 0.671387 0.208252 0.03125 0.0976562 0.0664062
4 0.618652 0.516602 0.178711 0.737305 0.0645752
2 0.495605 0.0403442 0.124023 0.0806885 0.0550232
2 0.485718 0.043396 0.173096 0.0566406 0.0523376
2 0.429688 0.043457 0.205078 0.0585938 0.0343323
2 0.49707 0.0523224 0.130859 0.0574646 0.0264282
4 0.193359 0.658203 0.116699 0.5 0.0190125
2 0.303711 0.0401154 0.527344 0.0679626 0.0176697
2 0.780762 0.039917 0.0488281 0.0446777 0.0164948
2 0.633301 0.609375 0.171875 0.490234 0.0144806
4 0.191895 0.494629 0.120605 0.44043 0.0116882
2 0.474121 0.0428467 0.385742 0.0593262 0.0102768
2 0.328125 0.376465 0.0527344 0.0727539 0.00966644
14 0.632812 0.609863 0.170898 0.498047 0.0091095
4 0.655273 0.674805 0.166992 0.438477 0.0068512
13 0.498047 0.0411224 0.123047 0.0515442 0.00437927
13 0.671387 0.208252 0.03125 0.0976562 0.00406647
4 0.593262 0.574829 0.172852 0.559326 0.00376129
2 0.366638 0.0566406 0.421021 0.0740967 0.00346947
2 0.804688 0.0397797 0.0908203 0.0454407 0.00310516
2 0.498901 0.103027 0.119385 0.206055 0.00308228
2 0.763672 0.0399933 0.0761719 0.0428162 0.00303841
3 0.963379 0.515137 0.0732422 0.830078 0.00296593
4 0.204102 0.549316 0.12207 0.639648 0.0028038
4 0.675293 0.573853 0.198242 0.612061 0.00276756
14 0.191895 0.494629 0.120605 0.44043 0.00267792
2 0.484375 0.0354614 0.107422 0.0463867 0.00253487
14 0.500488 0.0421143 0.109375 0.0498047 0.00232124
2 0.435059 0.0487213 0.265625 0.0771179 0.00215721
3 0.500488 0.0421143 0.109375 0.0498047 0.0021286
2 0.593262 0.574829 0.172852 0.559326 0.0021286
9 0.501953 0.041687 0.106445 0.0496826 0.00206184
2 0.63916 0.666992 0.131836 0.370117 0.0019722
11 0.500488 0.0421143 0.109375 0.0498047 0.00195503
1 0.632812 0.609863 0.170898 0.498047 0.00188065
12 0.500488 0.0421143 0.109375 0.0498047 0.00171089
2 0.522339 0.0389404 0.116455 0.0579834 0.00166607
7 0.501953 0.041687 0.106445 0.0496826 0.00156879
13 0.330322 0.368408 0.0634766 0.081543 0.00154781
16 0.500488 0.0421143 0.109375 0.0498047 0.00152302
13 0.632812 0.609863 0.170898 0.498047 0.00150108
8 0.501953 0.041687 0.106445 0.0496826 0.00145054
13 0.385742 0.0444336 0.331055 0.0603027 0.00139427
14 0.618652 0.516602 0.178711 0.737305 0.0013876
2 0.829102 0.0419922 0.145508 0.053833 0.00137997
15 0.500488 0.0421143 0.109375 0.0498047 0.00137711
3 0.631348 0.572266 0.175781 0.578125 0.00136566
6 0.503052 0.041748 0.104248 0.0549316 0.00135708
4 0.500488 0.0421143 0.109375 0.0498047 0.00129318
10 0.500488 0.0421143 0.109375 0.0498047 0.00127316
0 0.501953 0.041687 0.106445 0.0496826 0.00127029
5 0.501953 0.041687 0.106445 0.0496826 0.00126553
2 0.618652 0.516602 0.178711 0.737305 0.00123024
17 0.501953 0.041687 0.106445 0.0496826 0.00116634
19 0.501953 0.041687 0.106445 0.0496826 0.00114346
6 0.632812 0.609863 0.170898 0.498047 0.00112152
2 0.325684 0.40918 0.0551758 0.0908203 0.00109577
9 0.632812 0.609863 0.170898 0.498047 0.00109482
11 0.632812 0.609863 0.170898 0.498047 0.001091
18 0.501953 0.041687 0.106445 0.0496826 0.00108719
7 0.632812 0.609863 0.170898 0.498047 0.00107002
0 0.632812 0.609863 0.170898 0.498047 0.00107002
1 0.498047 0.0411224 0.123047 0.0515442 0.00106907
19 0.632812 0.609863 0.170898 0.498047 0.00105286
18 0.632812 0.609863 0.170898 0.498047 0.00104904
4 0.947998 0.540405 0.104004 0.919189 0.00103951
17 0.632812 0.609863 0.170898 0.498047 0.00102901
16 0.632812 0.609863 0.170898 0.498047 0.00102901
4 0.583984 0.546875 0.290039 0.65625 0.00102329
10 0.632812 0.609863 0.170898 0.498047 0.00102139
