2 0.895996 0.0550537 0.0712891 0.0634766 0.778809
2 0.196533 0.174194 0.0236816 0.111572 0.69873
2 0.904297 0.0537262 0.109375 0.0739441 0.639648
2 0.470703 0.1828 0.0351562 0.119263 0.454102
2 0.199463 0.170715 0.0341797 0.134155 0.372559
2 0.345947 0.55957 0.0932617 0.0595703 0.0841675
2 0.189941 0.179688 0.0366211 0.121094 0.0653076
4 0.118317 0.479614 0.138367 0.843506 0.030777
3 0.966309 0.583862 0.0673828 0.699463 0.0299225
2 0.198486 0.174561 0.0717773 0.131348 0.01474
2 0.924805 0.0641937 0.138672 0.0945129 0.0129623
13 0.196899 0.175049 0.0246582 0.116699 0.0124969
13 0.471191 0.184814 0.0351562 0.119141 0.0114822
2 0.882812 0.0550079 0.234375 0.094574 0.0103912
2 0.46582 0.182617 0.0791016 0.12793 0.00741577
4 0.960205 0.514526 0.0737305 0.82251 0.0072937
2 0.906738 0.0529327 0.186523 0.0816345 0.00669479
13 0.895996 0.0549927 0.0712891 0.0635986 0.00662994
2 0.195496 0.170349 0.103638 0.156372 0.00551605
2 0.884766 0.0552979 0.0800781 0.0939941 0.0049324
4 0.966309 0.583862 0.0673828 0.699463 0.00443268
13 0.199829 0.170044 0.0397949 0.136475 0.00419235
13 0.904297 0.0537262 0.109375 0.0739441 0.00392914
4 0.196533 0.174194 0.0236816 0.111572 0.00385475
2 0.480591 0.188232 0.0476074 0.113281 0.00378036
4 0.476562 0.56543 0.116211 0.726562 0.0037365
2 0.220947 0.170776 0.0688477 0.136475 0.00327492
4 0.961426 0.696289 0.0634766 0.522461 0.00314903
3 0.0245361 0.51709 0.0490723 0.961914 0.00237083
4 0.470825 0.185608 0.0339355 0.111206 0.00231934
14 0.196533 0.174194 0.0236816 0.111572 0.00223351
14 0.471191 0.184814 0.0351562 0.119141 0.0022316
9 0.196533 0.174194 0.0236816 0.111572 0.00221825
14 0.901367 0.0518341 0.09375 0.0660095 0.00219154
11 0.895996 0.0549927 0.0712891 0.0635986 0.00210381
1 0.895996 0.0549927 0.0712891 0.0635986 0.00210381
14 0.918945 0.0551758 0.144531 0.0738525 0.00195694
3 0.918945 0.0551758 0.144531 0.0738525 0.00186729
8 0.902832 0.0510712 0.09375 0.0724182 0.00184822
9 0.470703 0.1828 0.0351562 0.119263 0.00180531
3 0.976074 0.583862 0.0478516 0.62915 0.00178146
9 0.894531 0.0525513 0.0751953 0.069458 0.00176716
11 0.904297 0.0537262 0.109375 0.0739441 0.00174236
9 0.918945 0.0551758 0.144531 0.0738525 0.00171375
4 0.895996 0.0549927 0.0712891 0.0635986 0.00170517
4 0.199463 0.170715 0.0341797 0.134155 0.00170517
14 0.199951 0.171387 0.0332031 0.134766 0.00165367
11 0.196533 0.174194 0.0236816 0.111572 0.00159931
0 0.895996 0.0549927 0.0712891 0.0635986 0.00157166
2 0.184326 0.176208 0.0844727 0.109009 0.00156212
4 0.0372925 0.529541 0.074585 0.940918 0.0015583
5 0.196533 0.174194 0.0236816 0.111572 0.00153732
2 0.500488 0.807617 0.0458984 0.237305 0.00153255
13 0.345947 0.55957 0.0932617 0.0595703 0.00152874
2 0.896484 0.108276 0.0878906 0.216553 0.00152016
16 0.895996 0.0549927 0.0712891 0.0635986 0.00150585
6 0.196533 0.174194 0.0236816 0.111572 0.00150204
4 0.269043 0.546997 0.132812 0.906006 0.00145912
1 0.196533 0.174194 0.0236816 0.111572 0.00145531
3 0.956787 0.508667 0.0864258 0.814697 0.00145149
3 0.895996 0.0549927 0.0712891 0.0635986 0.00144863
2 0.458008 0.182861 0.0478516 0.130371 0.00144577
4 0.918945 0.0551758 0.144531 0.0738525 0.00141144
12 0.895996 0.0549927 0.0712891 0.0635986 0.00137615
2 0.878906 0.0618134 0.170898 0.0775452 0.00136375
16 0.196533 0.174194 0.0236816 0.111572 0.00136185
15 0.196533 0.174194 0.0236816 0.111572 0.00135231
6 0.895996 0.0549927 0.0712891 0.0635986 0.00134945
5 0.895996 0.0549927 0.0712891 0.0635986 0.00134945
3 0.196533 0.174194 0.0236816 0.111572 0.00134659
2 0.373535 0.563477 0.0732422 0.0693359 0.00131893
4 0.0654297 0.534424 0.107422 0.931152 0.00131702
16 0.918945 0.0551758 0.144531 0.0738525 0.00128555
12 0.196533 0.174194 0.0236816 0.111572 0.00128078
7 0.895996 0.0549927 0.0712891 0.0635986 0.00127888
2 0.922852 0.161255 0.154297 0.32251 0.00127792
0 0.196533 0.174194 0.0236816 0.111572 0.00125027
7 0.918945 0.0551758 0.144531 0.0738525 0.00122643
11 0.470825 0.185608 0.0339355 0.111206 0.00121689
9 0.199463 0.170715 0.0341797 0.134155 0.00119114
15 0.895996 0.0549927 0.0712891 0.0635986 0.00116825
19 0.895996 0.0549927 0.0712891 0.0635986 0.00116444
2 0.184692 0.178467 0.0556641 0.150391 0.00114155
12 0.918945 0.0551758 0.144531 0.0738525 0.00113392
17 0.196533 0.174194 0.0236816 0.111572 0.0011301
2 0.46521 0.188965 0.052002 0.0966797 0.00111675
8 0.918945 0.0551758 0.144531 0.0738525 0.0011158
19 0.196533 0.174194 0.0236816 0.111572 0.00111198
17 0.895996 0.0549927 0.0712891 0.0635986 0.00109768
15 0.904297 0.0537262 0.109375 0.0739441 0.001091
1 0.470703 0.1828 0.0351562 0.119263 0.00108433
6 0.918945 0.0551758 0.144531 0.0738525 0.00107002
0 0.904297 0.0537262 0.109375 0.0739441 0.00106716
1 0.904297 0.0537262 0.109375 0.0739441 0.00105858
7 0.196533 0.174194 0.0236816 0.111572 0.0010376
8 0.196533 0.174194 0.0236816 0.111572 0.0010252
2 0.161621 0.18396 0.0898438 0.112549 0.00101852
18 0.895996 0.0549927 0.0712891 0.0635986 0.00101185
10 0.918945 0.0551758 0.144531 0.0738525 0.00100136
