2 0.157104 0.372559 0.159912 0.287109 0.881836
2 0.729492 0.87207 0.196289 0.0361328 0.127441
2 0.177734 0.369629 0.262207 0.313477 0.0335693
13 0.729492 0.87207 0.196289 0.0361328 0.0332031
3 0.952637 0.509277 0.0947266 0.895508 0.0266418
4 0.95874 0.543823 0.074707 0.867432 0.0193024
2 0.209656 0.381348 0.050415 0.258789 0.0189819
4 0.155945 0.373047 0.154907 0.300781 0.0172424
3 0.973145 0.508911 0.0537109 0.906006 0.0167847
13 0.15744 0.371582 0.156799 0.297852 0.0158539
2 0.144043 0.366699 0.129395 0.201172 0.0117264
2 0.745117 0.747559 0.0380859 0.0566406 0.00886536
3 0.152863 0.369873 0.15033 0.277832 0.00746918
2 0.197632 0.379395 0.0827637 0.272461 0.00677872
1 0.15744 0.371582 0.156799 0.297852 0.0067749
14 0.153381 0.373535 0.158081 0.297852 0.00666428
9 0.153381 0.373535 0.158081 0.297852 0.00514221
3 0.943359 0.525024 0.0800781 0.830811 0.004776
4 0.912842 0.510742 0.119629 0.893555 0.00359344
11 0.15744 0.371582 0.156799 0.297852 0.00354195
18 0.15744 0.371582 0.156799 0.297852 0.00334167
0 0.15744 0.371582 0.156799 0.297852 0.00333023
3 0.959717 0.483887 0.0668945 0.783203 0.00329971
8 0.152802 0.372864 0.150452 0.318726 0.0030899
16 0.15744 0.371582 0.156799 0.297852 0.00308037
10 0.152802 0.372864 0.150452 0.318726 0.00301933
19 0.15744 0.371582 0.156799 0.297852 0.00297546
5 0.152802 0.372864 0.150452 0.318726 0.00291634
6 0.15744 0.371582 0.156799 0.297852 0.00284958
7 0.15744 0.371582 0.156799 0.297852 0.00281525
17 0.155762 0.371948 0.151367 0.299072 0.00276184
12 0.15744 0.371582 0.156799 0.297852 0.00267792
15 0.15744 0.371582 0.156799 0.297852 0.00252533
2 0.729492 0.879395 0.203125 0.0654297 0.00250244
3 0.963867 0.518066 0.0722656 0.651367 0.00169468
2 0.716309 0.864746 0.213867 0.0361328 0.00147629
2 0.194519 0.37793 0.137329 0.301758 0.00134945
2 0.73877 0.884766 0.213867 0.0390625 0.00128555
3 0.99707 0.505981 0.00585938 0.923584 0.00122547
4 0.888672 0.469849 0.118164 0.732178 0.00107956
