2 0.447754 0.116943 0.356445 0.20459 0.885254
2 0.491699 0.169434 0.262695 0.0952148 0.848145
2 0.338623 0.0924988 0.0991211 0.157776 0.591797
2 0.244324 0.0839539 0.331665 0.147522 0.102112
13 0.337891 0.0923767 0.0981445 0.16925 0.0260773
2 0.458496 0.147583 0.351562 0.295166 0.00965881
2 0.46875 0.151093 0.323242 0.141174 0.00634003
13 0.457764 0.119354 0.333496 0.192932 0.00553513
4 0.337646 0.0931091 0.100586 0.168762 0.00550842
1 0.45166 0.120514 0.348633 0.194519 0.00545502
13 0.493164 0.167847 0.256836 0.0964355 0.00512314
2 0.329834 0.0921326 0.206543 0.167297 0.00465393
4 0.456665 0.127075 0.338623 0.17749 0.00436401
2 0.490845 0.152954 0.250732 0.221436 0.00372887
9 0.439819 0.118683 0.360596 0.193298 0.00349426
4 0.491699 0.169434 0.262695 0.0952148 0.00298882
14 0.44873 0.117676 0.34082 0.202637 0.00281715
4 0.97876 0.699097 0.0424805 0.527588 0.00247765
9 0.492188 0.167603 0.261719 0.0947266 0.00243759
14 0.492188 0.167603 0.261719 0.0947266 0.00226402
2 0.349854 0.109863 0.119141 0.219727 0.00223923
11 0.491699 0.168701 0.266602 0.090332 0.00218201
11 0.439819 0.118683 0.360596 0.193298 0.00209808
1 0.493164 0.167847 0.257812 0.0949707 0.00205421
7 0.492188 0.167603 0.261719 0.0947266 0.00195312
9 0.337646 0.0931091 0.100586 0.168762 0.00194645
6 0.492188 0.167603 0.261719 0.0947266 0.00192261
6 0.44873 0.116425 0.344727 0.203674 0.00190449
1 0.337891 0.0923767 0.0981445 0.16925 0.00188828
16 0.492188 0.167603 0.261719 0.0947266 0.00187778
10 0.492188 0.167603 0.261719 0.0947266 0.00186348
15 0.492188 0.167603 0.261719 0.0947266 0.00182152
5 0.492188 0.167603 0.261719 0.0947266 0.00180626
4 0.959717 0.523682 0.0805664 0.952637 0.00179482
17 0.492188 0.167603 0.261719 0.0947266 0.00177097
8 0.44873 0.116425 0.344727 0.203674 0.00176907
8 0.493164 0.167847 0.257812 0.0949707 0.0017643
12 0.492188 0.167603 0.261719 0.0947266 0.0017643
3 0.492188 0.167603 0.261719 0.0947266 0.0017643
0 0.493164 0.167847 0.257812 0.0949707 0.00175667
4 0.954346 0.457153 0.065918 0.7771 0.00174427
19 0.493164 0.167847 0.257812 0.0949707 0.00172329
18 0.492188 0.167603 0.261719 0.0947266 0.00167751
0 0.457031 0.121124 0.330078 0.18988 0.00165844
17 0.44873 0.116425 0.344727 0.203674 0.00164223
16 0.453979 0.121979 0.340088 0.191589 0.00163651
7 0.447754 0.125854 0.351562 0.251709 0.00160217
5 0.44873 0.116425 0.344727 0.203674 0.00157928
19 0.453979 0.121979 0.340088 0.191589 0.00157356
15 0.44873 0.116425 0.344727 0.203674 0.00153732
10 0.447754 0.125854 0.351562 0.251709 0.00152969
12 0.457031 0.121124 0.330078 0.18988 0.00151634
2 0.252441 0.989746 0.238281 0.0205078 0.00151634
2 0.279358 0.112305 0.329956 0.187988 0.00148582
3 0.457031 0.121124 0.330078 0.18988 0.00140858
18 0.456665 0.127075 0.338623 0.17749 0.00139999
3 0.980713 0.510132 0.0385742 0.899658 0.00132656
3 0.338623 0.0910645 0.100098 0.162109 0.00124359
2 0.178772 0.985352 0.302612 0.0292969 0.00119495
14 0.337646 0.0931091 0.100586 0.168762 0.00119114
2 0.544922 0.164185 0.201172 0.0974121 0.00116825
4 0.94043 0.522949 0.113281 0.954102 0.00104523
