2 0.699707 0.808594 0.0722656 0.311523 0.806152
4 0.367432 0.498047 0.139648 0.766602 0.252441
2 0.705566 0.797363 0.116211 0.279297 0.0487366
4 0.787598 0.0877686 0.145508 0.135986 0.0444946
4 0.360596 0.456055 0.0869141 0.720703 0.0405273
2 0.699219 0.806641 0.0898438 0.201172 0.0271759
4 0.584473 0.556763 0.0898438 0.556396 0.0198364
4 0.702148 0.810547 0.0791016 0.277344 0.0136414
13 0.699707 0.808594 0.0722656 0.311523 0.00951385
3 0.699707 0.811035 0.0761719 0.28125 0.0094223
2 0.678223 0.805176 0.0693359 0.288086 0.00651932
9 0.699707 0.808594 0.0722656 0.311523 0.00534058
2 0.584473 0.556763 0.0898438 0.556396 0.00520706
3 0.955322 0.5 0.0893555 1 0.00498962
4 0.591797 0.489746 0.118164 0.764648 0.00447464
14 0.699707 0.808594 0.0722656 0.311523 0.00432968
2 0.367432 0.498047 0.139648 0.766602 0.00360107
2 0.786621 0.0889282 0.149414 0.130493 0.00347519
4 0.356934 0.505371 0.126953 0.525391 0.00338745
14 0.367432 0.498047 0.139648 0.766602 0.00318336
4 0.744141 0.0826416 0.238281 0.13501 0.00318336
4 0.956055 0.518066 0.0820312 0.84082 0.00317001
1 0.69873 0.80835 0.0712891 0.324707 0.00302505
3 0.0353088 0.513916 0.0706177 0.929199 0.00288773
3 0.0436401 0.510742 0.0872803 0.939453 0.00283241
4 0.833496 0.0933228 0.0810547 0.132935 0.00276566
11 0.699707 0.808594 0.0722656 0.311523 0.00268555
8 0.699707 0.808594 0.0722656 0.311523 0.00256157
7 0.699707 0.808594 0.0722656 0.311523 0.00253105
17 0.700195 0.804688 0.0664062 0.307617 0.00250816
5 0.697266 0.805176 0.0634766 0.314453 0.00248718
2 0.67627 0.802246 0.126953 0.274414 0.00248337
16 0.699707 0.808594 0.0722656 0.311523 0.00247192
10 0.697266 0.805176 0.0634766 0.314453 0.00241089
4 0.365967 0.35614 0.0698242 0.488892 0.00239182
0 0.69873 0.80835 0.0712891 0.324707 0.00234032
12 0.69873 0.80835 0.0712891 0.324707 0.00230408
3 0.970215 0.5 0.0595703 1 0.00225449
19 0.699707 0.808594 0.0722656 0.311523 0.00216675
2 0.68457 0.833008 0.0498047 0.263672 0.00216484
6 0.699707 0.808594 0.0722656 0.311523 0.00194263
15 0.69873 0.80835 0.0712891 0.324707 0.00187397
2 0.704102 0.812012 0.210938 0.258789 0.00184536
4 0.927734 0.525391 0.0878906 0.876953 0.00181389
4 0.0408783 0.458862 0.066925 0.824463 0.00169659
2 0.702148 0.763184 0.0566406 0.254883 0.00167656
4 0.947998 0.5 0.104004 1 0.00166988
4 0.773926 0.0928345 0.172852 0.185669 0.00164509
4 0.218506 0.485718 0.0727539 0.735596 0.00160503
4 0.973877 0.516602 0.0522461 0.883789 0.00142097
4 0.0507812 0.510498 0.101562 0.955566 0.0014143
18 0.69873 0.80835 0.0712891 0.324707 0.00140476
2 0.592773 0.706055 0.145508 0.462891 0.00139618
4 0.336914 0.473633 0.110352 0.726562 0.00128269
2 0.708008 0.810059 0.328125 0.283203 0.00120068
2 0.360107 0.462402 0.0883789 0.629883 0.00119591
2 0.734863 0.797363 0.140625 0.311523 0.00116444
2 0.0436401 0.510742 0.0872803 0.939453 0.00116348
4 0.586914 0.708984 0.125977 0.460938 0.00102425
