2 0.584473 0.362793 0.291016 0.236328 0.805176
13 0.352539 0.503418 0.0712891 0.179688 0.578125
1 0.986328 0.948975 0.0253906 0.0629883 0.208496
1 0.0283203 0.937256 0.0335693 0.0961914 0.15332
1 0.984863 0.946045 0.0302734 0.100098 0.10376
2 0.518066 0.336731 0.418945 0.272827 0.0591431
1 0.986328 0.934814 0.0214844 0.0834961 0.0575562
1 0.982422 0.921387 0.03125 0.139648 0.0406189
14 0.03125 0.939941 0.0465088 0.112305 0.0401001
2 0.0326538 0.864746 0.0488281 0.270508 0.0381775
1 0.987793 0.916992 0.0244141 0.115234 0.0342102
13 0.357178 0.525757 0.109863 0.235596 0.0326233
1 0.0311279 0.927246 0.0447998 0.137695 0.0300446
13 0.352539 0.501953 0.0605469 0.115234 0.0217896
2 0.683105 0.343018 0.478516 0.241211 0.0205383
13 0.579102 0.363525 0.262695 0.200195 0.0202484
2 0.0529175 0.491577 0.10022 0.952393 0.0192871
2 0.510742 0.943604 0.925781 0.112793 0.018631
1 0.980469 0.887695 0.0371094 0.193359 0.0176849
4 0.0557251 0.494385 0.098999 0.956543 0.0175476
4 0.0394897 0.365356 0.0546875 0.656006 0.0163116
13 0.338623 0.132812 0.134277 0.098877 0.0135651
1 0.0224609 0.924805 0.03125 0.0957031 0.0127258
1 0.588989 0.359619 0.253662 0.197266 0.011528
1 0.0424957 0.940674 0.0624695 0.0913086 0.0111618
1 0.978271 0.952393 0.0297852 0.0756836 0.0103302
2 0.0305786 0.925049 0.0495605 0.138184 0.0100174
14 0.587891 0.362793 0.259766 0.198242 0.00978851
9 0.584961 0.359619 0.257812 0.189941 0.00972748
13 0.987305 0.904053 0.0234375 0.131348 0.00907898
2 0.414062 0.324036 0.617188 0.34021 0.0088501
1 0.0308533 0.893555 0.050354 0.207031 0.00875854
2 0.335205 0.128296 0.152344 0.115967 0.00814056
9 0.0302734 0.927246 0.0456543 0.143555 0.00793457
4 0.588989 0.359619 0.253662 0.197266 0.00775146
13 0.306885 0.46875 0.0249023 0.0615234 0.00722122
1 0.353516 0.503906 0.0698242 0.188477 0.00681686
13 0.344238 0.140625 0.0976562 0.0666504 0.00653076
2 0.504272 0.894287 0.921143 0.211426 0.00652313
13 0.966064 0.646973 0.0541992 0.59375 0.00650406
4 0.96875 0.741455 0.0566406 0.513184 0.0063591
13 0.0557251 0.494385 0.098999 0.956543 0.00540924
2 0.355957 0.504028 0.0810547 0.186279 0.00527954
13 0.379883 0.504028 0.09375 0.186279 0.00508499
2 0.580566 0.352539 0.183594 0.249023 0.0049324
4 0.97998 0.763672 0.0400391 0.472656 0.00492096
14 0.986328 0.947266 0.0273438 0.0605469 0.00467682
1 0.0273438 0.912842 0.0302734 0.125488 0.00450516
2 0.98291 0.910889 0.0341797 0.162598 0.00418854
13 0.982666 0.824951 0.0307617 0.29541 0.00417328
4 0.0337982 0.804688 0.0469055 0.390625 0.00372696
2 0.0462799 0.37561 0.071991 0.725342 0.00328636
2 0.0404053 0.818115 0.0576172 0.36377 0.00323677
13 0.320068 0.119873 0.123047 0.0708008 0.00310516
1 0.976562 0.818359 0.0410156 0.34375 0.00310135
13 0.393555 0.491211 0.0610352 0.139648 0.00309563
2 0.984863 0.946045 0.0302734 0.100098 0.00309181
19 0.579102 0.363525 0.262695 0.200195 0.00305939
14 0.352539 0.503418 0.0712891 0.179688 0.00302315
13 0.328125 0.130737 0.0878906 0.0466309 0.00300789
16 0.579102 0.363525 0.262695 0.200195 0.00292206
2 0.509766 0.297363 0.451172 0.435547 0.00288773
18 0.579102 0.363525 0.262695 0.200195 0.00287437
7 0.579102 0.363525 0.262695 0.200195 0.00287437
1 0.976807 0.938965 0.0405273 0.0830078 0.00281715
8 0.579102 0.363525 0.262695 0.200195 0.0027771
13 0.340088 0.476562 0.0522461 0.152344 0.00274658
13 0.262939 0.478394 0.027832 0.076416 0.00273323
14 0.984131 0.951172 0.0317383 0.0859375 0.00265312
1 0.973633 0.0480347 0.0449219 0.0831299 0.00261688
13 0.556152 0.352905 0.356445 0.251221 0.00253677
11 0.579102 0.363525 0.262695 0.200195 0.00252914
1 0.991699 0.94458 0.0166016 0.0561523 0.00252914
3 0.579102 0.36499 0.264648 0.200684 0.00251961
2 0.898682 0.958496 0.202637 0.0595703 0.00251007
15 0.579102 0.363525 0.262695 0.200195 0.00250053
14 0.0305176 0.895996 0.0446777 0.198242 0.00247002
17 0.579102 0.363525 0.262695 0.200195 0.00246048
13 0.0308533 0.893555 0.050354 0.207031 0.00243759
13 0.364014 0.52832 0.059082 0.174805 0.00243759
13 0.981445 0.904785 0.0332031 0.161133 0.00243187
2 0.0267792 0.109375 0.0450745 0.203369 0.00241852
12 0.579102 0.363525 0.262695 0.200195 0.00240326
10 0.579102 0.363525 0.262695 0.200195 0.00240326
13 0.334473 0.51123 0.0913086 0.18457 0.00239372
0 0.579102 0.36499 0.264648 0.200684 0.00233269
1 0.036438 0.845947 0.0430908 0.265137 0.00231743
1 0.0571136 0.951172 0.0923157 0.0761719 0.00229645
2 0.985352 0.9104 0.0253906 0.134277 0.00226212
2 0.0324097 0.894775 0.0397949 0.183105 0.00225449
4 0.353516 0.503906 0.0698242 0.188477 0.00224113
6 0.579102 0.363525 0.262695 0.200195 0.0022068
13 0.314697 0.472168 0.0273438 0.0742188 0.00218582
5 0.579102 0.363525 0.262695 0.200195 0.00215721
2 0.980713 0.869629 0.0385742 0.239258 0.0021553
4 0.982666 0.824951 0.0307617 0.29541 0.00213623
2 0.357178 0.525757 0.109863 0.235596 0.00212097
13 0.984131 0.943359 0.0317383 0.111328 0.00211716
13 0.334961 0.454102 0.0488281 0.106445 0.00205612
13 0.968262 0.672363 0.0419922 0.376953 0.00205231
13 0.385132 0.51123 0.233643 0.275391 0.00201988
13 0.355469 0.556763 0.0634766 0.263428 0.00200272
4 0.0355225 0.246338 0.0545654 0.492676 0.0019474
1 0.980469 0.425171 0.0390625 0.553955 0.00192642
13 0.390137 0.180603 0.198242 0.132935 0.00187206
13 0.973633 0.780762 0.0449219 0.416992 0.00187016
13 0.341553 0.156616 0.118652 0.0847168 0.00184822
1 0.979736 0.0662689 0.0385742 0.103302 0.00183582
13 0.957764 0.543945 0.027832 0.0791016 0.00179195
13 0.350586 0.467285 0.0625 0.114258 0.00178814
2 0.0522461 0.860596 0.0666504 0.259277 0.0017786
13 0.318848 0.51123 0.219727 0.272461 0.0017767
13 0.986328 0.944336 0.0234375 0.0722656 0.00174618
2 0.505859 0.774414 0.886719 0.451172 0.00171852
13 0.961182 0.564819 0.0405273 0.454346 0.00169182
1 0.991211 0.933105 0.0175781 0.0888672 0.00161076
4 0.969727 0.51416 0.0605469 0.801758 0.0015955
2 0.0372314 0.277954 0.0618896 0.537842 0.00159454
1 0.0297852 0.96582 0.0427246 0.0683594 0.00159454
2 0.031311 0.933105 0.0349121 0.116211 0.00158119
4 0.556152 0.352905 0.356445 0.251221 0.00156212
1 0.0370941 0.0469971 0.0393372 0.0852051 0.0015173
13 0.296143 0.473145 0.0239258 0.0810547 0.00142956
1 0.981445 0.964844 0.0292969 0.0703125 0.00138187
13 0.0356445 0.366211 0.0496826 0.732422 0.00136089
2 0.816895 0.960938 0.334961 0.0605469 0.00135803
1 0.0215454 0.950439 0.0430908 0.097168 0.00131702
13 0.0311127 0.940674 0.0508118 0.11084 0.00128651
14 0.0273438 0.928955 0.03479 0.0893555 0.00127792
2 0.986328 0.944336 0.0234375 0.0722656 0.00127792
2 0.368164 0.151306 0.208008 0.175903 0.00126648
13 0.980713 0.869629 0.0385742 0.239258 0.00123405
2 0.65332 0.36084 0.295898 0.216797 0.0012064
1 0.96582 0.776367 0.0566406 0.435547 0.00118542
2 0.0457153 0.93457 0.059082 0.103516 0.00118351
2 0.980469 0.934326 0.0292969 0.115723 0.0011549
1 0.0839691 0.954102 0.117462 0.0605469 0.00115013
13 0.351318 0.152832 0.159668 0.128906 0.00113106
1 0.971436 0.0582275 0.0571289 0.116455 0.00112724
1 0.0368195 0.788086 0.0501404 0.396484 0.00112534
13 0.978516 0.716064 0.0410156 0.567871 0.00111103
13 0.400391 0.207092 0.142578 0.0931396 0.00104523
13 0.974854 0.550293 0.0444336 0.623047 0.00103855
2 0.50293 0.446045 0.538086 0.556152 0.00103474
1 0.972656 0.0304413 0.0507812 0.0587463 0.0010252
4 0.0529938 0.334106 0.0756531 0.573975 0.00102234
4 0.0302734 0.927246 0.0456543 0.143555 0.00101852
