13 0.61377 0.181763 0.0341797 0.108154 0.506348
13 0.610352 0.178833 0.0263672 0.0827637 0.239014
1 0.0244141 0.916016 0.0378418 0.126953 0.208496
1 0.0240784 0.949951 0.0386353 0.0883789 0.142456
1 0.984375 0.947754 0.03125 0.0673828 0.0509949
13 0.805664 0.66748 0.0332031 0.157227 0.0458069
4 0.943604 0.480591 0.081543 0.906006 0.0446472
4 0.0802917 0.470947 0.110901 0.941895 0.039856
13 0.0244141 0.912842 0.0389404 0.131348 0.037262
13 0.602539 0.182434 0.0507812 0.108765 0.0342102
1 0.981445 0.920166 0.0292969 0.11084 0.0273132
1 0.0226746 0.967285 0.039856 0.0576172 0.0246124
14 0.706055 0.973877 0.0683594 0.019043 0.0175476
1 0.0259705 0.911377 0.0502319 0.159668 0.0129242
4 0.0413818 0.753906 0.0454102 0.466797 0.00984955
1 0.979492 0.0669403 0.0351562 0.109039 0.00982666
1 0.987305 0.943604 0.0214844 0.050293 0.00978088
14 0.61084 0.179199 0.0234375 0.0859375 0.00868988
1 0.0293884 0.869629 0.0405884 0.209961 0.00780106
1 0.613281 0.18158 0.0292969 0.109985 0.00721359
1 0.0346527 0.0549927 0.0437317 0.0802002 0.00652695
4 0.0514069 0.489258 0.0866394 0.978516 0.00649261
4 0.948975 0.30249 0.0786133 0.591309 0.00624084
2 0.706543 0.973877 0.0664062 0.019043 0.00611877
13 0.024231 0.898926 0.0458984 0.196289 0.00513077
2 0.613281 0.18158 0.0292969 0.109985 0.00461197
14 0.613281 0.182312 0.0322266 0.109985 0.00409317
13 0.660156 0.969482 0.203125 0.0395508 0.00317001
1 0.976318 0.110565 0.0356445 0.183167 0.0031395
1 0.98291 0.96167 0.0341797 0.0727539 0.00308037
1 0.0302734 0.82666 0.0477295 0.297852 0.00304604
13 0.0302734 0.868164 0.0446777 0.216797 0.00278091
4 0.0479126 0.668335 0.0491943 0.561768 0.00255203
13 0.586914 0.180481 0.0800781 0.103882 0.00238991
2 0.0802917 0.470947 0.110901 0.941895 0.00230408
1 0.977295 0.883057 0.0317383 0.179199 0.00216484
4 0.973633 0.239685 0.0527344 0.449341 0.00201416
1 0.0405884 0.865723 0.0523682 0.227539 0.00188351
1 0.0395508 0.925049 0.0610352 0.116699 0.00187588
1 0.97583 0.927734 0.0288086 0.09375 0.00187016
1 0.982422 0.933594 0.0234375 0.0820312 0.00182247
2 0.705078 0.969727 0.0761719 0.0234375 0.00179291
13 0.620117 0.170288 0.0410156 0.112549 0.00173187
1 0.609375 0.17981 0.0273438 0.0837402 0.00169849
1 0.0149078 0.887207 0.0298157 0.180664 0.00158119
4 0.914062 0.5 0.136719 1 0.00153637
13 0.610352 0.17981 0.0878906 0.11499 0.0014782
2 0.609375 0.17981 0.0273438 0.0837402 0.00146675
1 0.0274658 0.065094 0.0463867 0.0978394 0.00142956
1 0.822998 0.980713 0.336426 0.0288086 0.00137997
10 0.613281 0.18158 0.0292969 0.109985 0.00136948
1 0.0375977 0.0756531 0.0484619 0.119202 0.00136089
4 0.12146 0.492065 0.165527 0.951416 0.00132275
13 0.695801 0.97168 0.152344 0.03125 0.00127697
1 0.974609 0.172302 0.0410156 0.325317 0.00122738
4 0.61377 0.181213 0.0322266 0.107788 0.00113869
13 0.742188 0.972656 0.369141 0.0410156 0.00113201
1 0.975586 0.0526886 0.0410156 0.0752869 0.00110149
13 0.604492 0.185303 0.0273438 0.0874023 0.0010891
2 0.0273438 0.915527 0.0405273 0.125977 0.00108242
13 0.707031 0.972656 0.0605469 0.0195312 0.00103283
6 0.613281 0.18158 0.0292969 0.109985 0.00100708
