2 0.894531 0.0551758 0.0615234 0.0612793 0.827148
13 0.473145 0.181824 0.0322266 0.100708 0.51709
2 0.911133 0.0533905 0.0996094 0.0636292 0.374023
13 0.894043 0.0568695 0.0576172 0.059845 0.163574
13 0.200684 0.166992 0.0270996 0.101318 0.15564
2 0.0541382 0.496338 0.0994873 0.952637 0.0823975
2 0.896484 0.0531921 0.0771484 0.0835571 0.0528564
14 0.893555 0.0557861 0.0634766 0.0614014 0.0411682
13 0.209229 0.859375 0.0258789 0.230469 0.0327759
13 0.221191 0.847656 0.0380859 0.21582 0.0298157
4 0.0394287 0.758545 0.0549316 0.447754 0.0273285
1 0.89502 0.052063 0.0742188 0.0722656 0.0242004
13 0.207886 0.160645 0.0397949 0.0961914 0.0219574
4 0.0541382 0.496338 0.0994873 0.952637 0.0217743
2 0.918457 0.0541534 0.133789 0.0857849 0.0184784
1 0.985352 0.9646 0.0292969 0.0649414 0.0182648
13 0.90918 0.0534515 0.0927734 0.0664368 0.0171814
14 0.257568 0.82666 0.0146484 0.0185547 0.0151443
1 0.026062 0.94165 0.0328369 0.108887 0.013588
2 0.0411377 0.440186 0.0822754 0.874512 0.0128021
1 0.0263824 0.944336 0.0246277 0.078125 0.0117493
2 0.0371552 0.366211 0.0690002 0.714844 0.0109253
1 0.0281982 0.916992 0.0380859 0.158203 0.0101852
13 0.471558 0.162201 0.0393066 0.147278 0.00906372
13 0.46582 0.17572 0.0371094 0.112915 0.00850677
13 0.499512 0.82373 0.0253906 0.242188 0.00827026
13 0.199463 0.165222 0.0454102 0.118286 0.00804138
13 0.776855 0.481934 0.0263672 0.152344 0.00691605
14 0.470703 0.18396 0.0273438 0.0964355 0.00640106
1 0.923828 0.0553436 0.125 0.0753479 0.0062294
13 0.448975 0.75 0.0424805 0.376953 0.00603485
1 0.471558 0.184937 0.0275879 0.0979004 0.00567245
14 0.199219 0.16626 0.0239258 0.104492 0.00564194
2 0.471558 0.184937 0.0275879 0.0979004 0.00544357
13 0.918457 0.0516968 0.131836 0.079834 0.00540161
9 0.890625 0.0578613 0.0644531 0.0682373 0.00533676
2 0.857422 0.0598907 0.144531 0.061615 0.00519562
4 0.972656 0.728027 0.0410156 0.442383 0.00519562
4 0.945068 0.515015 0.074707 0.921143 0.00503922
13 0.484863 0.772461 0.0410156 0.365234 0.00477219
1 0.977783 0.73877 0.0327148 0.370117 0.00464249
14 0.0257568 0.941895 0.0350342 0.108398 0.00450897
14 0.914551 0.0534515 0.0996094 0.068634 0.0043335
13 0.0742798 0.62793 0.0452881 0.331055 0.00428009
13 0.480469 0.144409 0.0498047 0.171631 0.00423813
13 0.216187 0.876221 0.0251465 0.210449 0.00401688
8 0.894531 0.0561066 0.0664062 0.0635681 0.00397873
1 0.0260468 0.0589752 0.0272522 0.103973 0.00394821
13 0.0844421 0.62793 0.0352173 0.155273 0.00386238
13 0.515015 0.125122 0.118408 0.184082 0.00383377
1 0.982422 0.942383 0.03125 0.107422 0.00378418
13 0.891602 0.0535431 0.0810547 0.101166 0.00370407
13 0.0605774 0.665161 0.0668335 0.519287 0.00356674
9 0.90918 0.0534515 0.0927734 0.0664368 0.00345421
13 0.189941 0.167603 0.0351562 0.103271 0.00343513
2 0.881836 0.0602264 0.0771484 0.065094 0.00343323
13 0.479126 0.171936 0.0378418 0.0975342 0.00340652
13 0.458984 0.741211 0.0380859 0.359375 0.00338554
13 0.774902 0.461914 0.0273438 0.0966797 0.00304604
6 0.890625 0.0578613 0.0644531 0.0682373 0.00296783
1 0.978516 0.922363 0.0351562 0.12793 0.00294495
13 0.0269623 0.900146 0.0371399 0.172363 0.00287628
13 0.482056 0.741699 0.0593262 0.40332 0.00285912
2 0.908691 0.057251 0.116211 0.114502 0.00279236
12 0.893066 0.055191 0.0615234 0.0627136 0.00276756
13 0.497559 0.791504 0.0283203 0.158203 0.00275993
1 0.024765 0.966309 0.0332336 0.0615234 0.00266457
1 0.200684 0.167725 0.0231934 0.104492 0.00262451
13 0.489624 0.811768 0.0656738 0.376465 0.00257492
13 0.454102 0.779297 0.0771484 0.388672 0.00250053
2 0.203735 0.16626 0.0383301 0.106934 0.00250053
1 0.0205231 0.951416 0.0363464 0.0854492 0.00244522
13 0.467529 0.193604 0.0307617 0.0966797 0.00243378
4 0.893066 0.055191 0.0615234 0.0627136 0.0024147
13 0.77832 0.500122 0.0361328 0.179443 0.00239944
4 0.63916 0.524048 0.116211 0.912842 0.00214767
7 0.890625 0.0578613 0.0644531 0.0682373 0.00214005
19 0.890625 0.0578613 0.0644531 0.0682373 0.00206757
5 0.893066 0.055191 0.0615234 0.0627136 0.00205803
4 0.0344849 0.818359 0.0418701 0.355469 0.00203896
3 0.890625 0.0578613 0.0644531 0.0682373 0.00198746
16 0.890625 0.0578613 0.0644531 0.0682373 0.00197983
1 0.975342 0.950195 0.0297852 0.0898438 0.00197601
13 0.0778198 0.626953 0.0338135 0.202148 0.00195885
13 0.508789 0.793945 0.0419922 0.336914 0.0019207
13 0.0289307 0.854492 0.0307617 0.185547 0.00191021
10 0.890625 0.0578613 0.0644531 0.0682373 0.00190449
13 0.471191 0.712402 0.0390625 0.325195 0.00189018
2 0.0265503 0.280029 0.0531006 0.529785 0.0018692
15 0.890625 0.0578613 0.0644531 0.0682373 0.00184536
13 0.457031 0.697754 0.0263672 0.265625 0.00183582
2 0.200684 0.167725 0.0231934 0.104492 0.00180054
2 0.930176 0.0699921 0.125977 0.092926 0.00177956
13 0.492676 0.796875 0.0322266 0.337891 0.00177574
0 0.890625 0.0578613 0.0644531 0.0682373 0.00177479
13 0.452148 0.655273 0.0244141 0.120117 0.00176907
18 0.890625 0.0578613 0.0644531 0.0682373 0.00173378
17 0.890625 0.0578613 0.0644531 0.0682373 0.00170803
1 0.982422 0.950684 0.0214844 0.0791016 0.00170135
14 0.255615 0.825195 0.0180664 0.0253906 0.00169373
13 0.485962 0.114014 0.0534668 0.17041 0.00166321
2 0.870117 0.0682983 0.244141 0.136597 0.00166321
2 0.879395 0.0531158 0.115234 0.068573 0.0016613
4 0.0411377 0.440186 0.0822754 0.874512 0.0016489
13 0.469849 0.158936 0.0300293 0.113037 0.00159264
11 0.890625 0.0578613 0.0644531 0.0682373 0.00159073
1 0.965576 0.650269 0.0454102 0.592041 0.00158691
4 0.964355 0.649414 0.0556641 0.585938 0.0015707
4 0.0365601 0.244934 0.0632324 0.475952 0.0015707
2 0.0220795 0.936035 0.0337219 0.112305 0.00155735
14 0.26001 0.825195 0.0209961 0.0234375 0.0015192
13 0.510254 0.772461 0.0732422 0.439453 0.00150776
13 0.453369 0.655762 0.0356445 0.173828 0.0014925
2 0.903809 0.072998 0.192383 0.145996 0.00148487
4 0.0460815 0.36438 0.0739746 0.64624 0.00141239
13 0.526367 0.733398 0.0859375 0.451172 0.0014019
2 0.940186 0.0492706 0.090332 0.0645447 0.00139236
1 0.203735 0.16626 0.0383301 0.106934 0.00135231
1 0.0283203 0.955078 0.0339355 0.0683594 0.0013504
13 0.496094 0.177246 0.0683594 0.103027 0.00133801
6 0.90918 0.0534515 0.0927734 0.0664368 0.00128365
2 0.024292 0.904053 0.0388184 0.186035 0.00125694
13 0.214844 0.808105 0.0332031 0.152344 0.00124359
14 0.255127 0.82959 0.0141602 0.0253906 0.00124073
14 0.260254 0.830078 0.0146484 0.0224609 0.00123024
10 0.470703 0.18396 0.0273438 0.0964355 0.00122166
4 0.472656 0.180786 0.0302734 0.101807 0.0012188
4 0.0522461 0.730957 0.0648193 0.420898 0.00120926
13 0.464355 0.660645 0.0449219 0.431641 0.00117779
4 0.957031 0.730957 0.0566406 0.47168 0.00114346
1 0.0214844 0.95166 0.0257568 0.0634766 0.00114155
4 0.0605774 0.665161 0.0668335 0.519287 0.00114155
1 0.209229 0.859375 0.0258789 0.230469 0.0011282
2 0.831055 0.063385 0.206055 0.0817261 0.00110245
13 0.448242 0.696777 0.0385742 0.207031 0.00108242
4 0.220215 0.858887 0.0375977 0.223633 0.00107002
1 0.027832 0.0518036 0.0366211 0.0780334 0.00105476
13 0.460938 0.666504 0.0263672 0.174805 0.0010376
2 0.0435028 0.670166 0.0628967 0.608887 0.00101089
13 0.048584 0.493652 0.097168 0.948242 0.00100517
