2 0.588379 0.210205 0.277344 0.223633 0.878418
1 0.02565 0.945068 0.0336609 0.0825195 0.208252
13 0.918457 0.298096 0.0380859 0.0957031 0.13501
2 0.51123 0.527832 0.890625 0.862305 0.0671997
1 0.0262451 0.918945 0.0379639 0.132812 0.0533142
4 0.0626526 0.47168 0.0924683 0.943359 0.0456238
1 0.981201 0.951904 0.0356445 0.0922852 0.0385742
4 0.94043 0.491211 0.0859375 0.782227 0.0291138
1 0.0273438 0.92627 0.0285645 0.102539 0.0250397
13 0.588379 0.207031 0.282227 0.213379 0.0234375
1 0.034668 0.0643768 0.041626 0.109039 0.0220642
9 0.587769 0.208405 0.29126 0.235046 0.0149231
14 0.588379 0.210205 0.277344 0.223633 0.012825
2 0.667847 0.216492 0.449463 0.267212 0.0107651
1 0.976562 0.0711517 0.0351562 0.099884 0.0101318
4 0.0472412 0.729248 0.0487061 0.498535 0.0101166
1 0.980713 0.922363 0.0366211 0.149414 0.0096817
1 0.984375 0.925049 0.0273438 0.118652 0.00920105
13 0.939453 0.411255 0.0898438 0.763428 0.00917053
1 0.587891 0.211304 0.265625 0.206787 0.00891876
4 0.587891 0.211304 0.265625 0.206787 0.0085144
2 0.386719 0.177368 0.705078 0.314209 0.00800323
2 0.462891 0.502808 0.925781 0.570557 0.00764084
13 0.919922 0.344727 0.0332031 0.1875 0.00742722
13 0.130371 0.811035 0.0273438 0.0654297 0.00727463
1 0.0315552 0.893311 0.0404053 0.182129 0.00616455
2 0.0621948 0.487305 0.098999 0.956055 0.00488663
13 0.934814 0.349915 0.0756836 0.445679 0.00385094
2 0.634766 0.285461 0.423828 0.393921 0.00334549
8 0.587891 0.209961 0.276367 0.227539 0.00317955
4 0.0515289 0.61377 0.0561218 0.601562 0.00295258
19 0.585938 0.214111 0.266602 0.193359 0.00281906
1 0.0427856 0.868164 0.048584 0.228516 0.00281143
13 0.0315552 0.893311 0.0404053 0.182129 0.00274467
18 0.587891 0.211304 0.265625 0.206787 0.0026989
16 0.585938 0.214111 0.266602 0.193359 0.00268936
13 0.902344 0.299072 0.0742188 0.106445 0.00266457
7 0.585938 0.214111 0.266602 0.193359 0.00263786
3 0.587891 0.211304 0.265625 0.206787 0.00255585
13 0.933105 0.28009 0.0380859 0.153687 0.00247765
2 0.128662 0.810547 0.0253906 0.0712891 0.00247383
11 0.587891 0.210205 0.270508 0.197754 0.00244141
1 0.976318 0.0522461 0.0356445 0.0592041 0.00242996
13 0.919434 0.379578 0.0429688 0.334595 0.00241852
13 0.974609 0.168854 0.0292969 0.235046 0.00234985
15 0.587891 0.210205 0.270508 0.197754 0.002285
1 0.0242615 0.970459 0.0355835 0.0512695 0.00228119
17 0.587891 0.210205 0.270508 0.197754 0.00227547
0 0.587891 0.211304 0.265625 0.206787 0.00225639
13 0.03479 0.846191 0.0422363 0.27832 0.00219154
1 0.0246429 0.87085 0.0371399 0.23291 0.00218201
5 0.587891 0.210205 0.270508 0.197754 0.00216484
10 0.585938 0.214111 0.266602 0.193359 0.00216293
12 0.585938 0.214111 0.266602 0.193359 0.00216293
1 0.0344238 0.0665283 0.0622559 0.133057 0.00214386
13 0.914551 0.282227 0.0527344 0.10498 0.00209045
4 0.0393677 0.244873 0.0584717 0.489746 0.00203323
2 0.580688 0.162109 0.303467 0.22168 0.00197792
6 0.585938 0.214111 0.266602 0.193359 0.00197029
13 0.930176 0.342529 0.0615234 0.248535 0.00191689
1 0.03479 0.846191 0.0422363 0.27832 0.00180626
13 0.936035 0.297852 0.0585938 0.244629 0.00180054
13 0.926758 0.447998 0.0625 0.562012 0.00177574
4 0.937988 0.636719 0.0634766 0.635742 0.00174809
1 0.916016 0.300293 0.0390625 0.104004 0.00170994
13 0.0236053 0.90625 0.0340881 0.164062 0.00160313
1 0.976562 0.174805 0.0332031 0.300781 0.00160313
13 0.931152 0.300049 0.0527344 0.104492 0.00160122
1 0.0205688 0.899414 0.0357666 0.160156 0.00158691
2 0.734375 0.21051 0.478516 0.353394 0.00154972
14 0.0246735 0.937988 0.0434265 0.0908203 0.0013895
13 0.9729 0.222351 0.0366211 0.335571 0.0012989
2 0.594482 0.560547 0.811035 0.614258 0.00124931
1 0.0522461 0.59021 0.0570068 0.608643 0.00120926
13 0.0427856 0.868164 0.048584 0.228516 0.00117397
1 0.979248 0.0971375 0.0356445 0.140686 0.00117207
2 0.0246735 0.937988 0.0434265 0.0908203 0.00111008
1 0.982422 0.793457 0.0234375 0.349609 0.00109196
1 0.981201 0.955811 0.027832 0.0708008 0.0010891
13 0.0246735 0.937988 0.0434265 0.0908203 0.0010643
2 0.916016 0.300293 0.0390625 0.104004 0.00105476
13 0.977539 0.0764618 0.0332031 0.10318 0.00105286
13 0.90332 0.307861 0.109375 0.14502 0.00100517
