13 0.641602 0.648926 0.106445 0.157227 0.757324
2 0.63916 0.663574 0.106445 0.18457 0.603027
13 0.40271 0.820801 0.266846 0.132812 0.538574
13 0.21582 0.0918579 0.0629883 0.133667 0.342041
13 0.509766 0.836914 0.0830078 0.0849609 0.264648
4 0.0582581 0.482422 0.0934448 0.964844 0.132812
13 0.486694 0.742188 0.0568848 0.317383 0.112305
13 0.606445 0.679688 0.178711 0.21875 0.0846558
13 0.417725 0.739258 0.233887 0.28125 0.069397
13 0.401611 0.849121 0.273926 0.0771484 0.0638428
13 0.493652 0.737305 0.0917969 0.288086 0.0378723
1 0.983398 0.939209 0.0332031 0.102051 0.0377808
1 0.0252686 0.949707 0.0316162 0.0830078 0.0375061
13 0.530762 0.727051 0.134766 0.305664 0.032135
13 0.472168 0.717285 0.108398 0.317383 0.0290527
2 0.401367 0.821777 0.255859 0.133789 0.0262299
13 0.581665 0.710449 0.239014 0.299805 0.0256195
1 0.0371094 0.0410767 0.0476074 0.0804443 0.0239716
13 0.5 0.820801 0.0849609 0.118164 0.0227356
13 0.67334 0.550781 0.170898 0.384766 0.0194092
1 0.97876 0.920166 0.0366211 0.13623 0.0173035
13 0.175171 0.0898132 0.153564 0.156311 0.0156555
1 0.980713 0.0732422 0.034668 0.112549 0.0143356
14 0.645996 0.651367 0.105469 0.162109 0.0133133
13 0.152466 0.187256 0.0283203 0.121094 0.0107498
13 0.689453 0.640625 0.214844 0.207031 0.0104141
2 0.0684814 0.493408 0.0961914 0.958496 0.00950623
1 0.975586 0.943604 0.0332031 0.0991211 0.00894165
13 0.504395 0.794922 0.0732422 0.178711 0.00868225
4 0.0418854 0.249268 0.0612488 0.498535 0.00860596
13 0.533325 0.691406 0.196045 0.289062 0.0085144
1 0.977783 0.165833 0.0366211 0.291382 0.00823212
4 0.0452881 0.725586 0.0458984 0.4375 0.0080719
1 0.644531 0.649902 0.115234 0.178711 0.00796509
13 0.666016 0.668945 0.160156 0.176758 0.00795746
1 0.402344 0.816895 0.260742 0.138672 0.00785065
13 0.521484 0.820801 0.101562 0.125977 0.00780106
4 0.976562 0.726562 0.0449219 0.417969 0.00775146
13 0.494629 0.729492 0.18457 0.331055 0.00770187
1 0.985352 0.914307 0.0273438 0.112793 0.00767136
2 0.212402 0.0889893 0.0708008 0.151367 0.0076561
13 0.493164 0.808594 0.0546875 0.120117 0.00743484
13 0.716797 0.447998 0.359375 0.697754 0.0072403
2 0.606445 0.679688 0.178711 0.21875 0.0064621
13 0.633789 0.682129 0.0976562 0.174805 0.00630951
4 0.945801 0.513062 0.0888672 0.930908 0.00603104
13 0.979492 0.902344 0.0371094 0.164062 0.00601578
13 0.229736 0.097168 0.0698242 0.14917 0.00582123
13 0.479004 0.692383 0.0546875 0.333008 0.0050087
1 0.977783 0.112518 0.034668 0.17926 0.00489044
13 0.728516 0.635254 0.320312 0.243164 0.00468063
4 0.972412 0.615845 0.0532227 0.660889 0.00447464
1 0.21582 0.0918579 0.0629883 0.133667 0.00442505
4 0.40271 0.820801 0.266846 0.132812 0.00441742
1 0.0257111 0.915771 0.0276794 0.11377 0.0038681
2 0.74707 0.415649 0.408203 0.678467 0.00366974
13 0.65918 0.606445 0.129883 0.253906 0.00363541
13 0.198853 0.0914612 0.0925293 0.153015 0.00354195
1 0.606445 0.679688 0.178711 0.21875 0.00351143
13 0.430908 0.788086 0.311035 0.18457 0.00338173
13 0.145325 0.0894775 0.261108 0.153076 0.00335693
9 0.63916 0.663574 0.106445 0.18457 0.00333405
4 0.967285 0.420532 0.0556641 0.71167 0.00330544
1 0.983398 0.959473 0.0332031 0.0810547 0.00326729
4 0.644531 0.649902 0.115234 0.178711 0.00319481
13 0.661133 0.633789 0.286133 0.265625 0.00305748
14 0.215454 0.0892944 0.0651855 0.138306 0.002882
14 0.402344 0.816895 0.260742 0.138672 0.00278854
13 0.490723 0.796875 0.0332031 0.0996094 0.0027523
1 0.986328 0.939941 0.0214844 0.0830078 0.00272942
8 0.63916 0.663574 0.106445 0.18457 0.00269127
2 0.381958 0.847168 0.267334 0.0869141 0.00265312
13 0.977295 0.934814 0.0356445 0.120605 0.00255966
13 0.972656 0.88501 0.0449219 0.179199 0.00248337
4 0.216125 0.0921936 0.0633545 0.141785 0.00243759
13 0.490601 0.793457 0.0783691 0.147461 0.00243378
2 0.581665 0.710449 0.239014 0.299805 0.00225067
1 0.0370941 0.0776367 0.0422668 0.155273 0.00209236
1 0.972656 0.908691 0.0449219 0.170898 0.00204659
2 0.145325 0.0894775 0.261108 0.153076 0.0020256
13 0.568481 0.650391 0.282959 0.225586 0.00198746
2 0.175171 0.0898132 0.153564 0.156311 0.00193882
13 0.950195 0.520996 0.0859375 0.936523 0.00191784
1 0.0283203 0.950684 0.0281982 0.0595703 0.00188828
13 0.433105 0.628906 0.209961 0.537109 0.00187874
13 0.0636292 0.47937 0.102722 0.951416 0.00172997
5 0.63916 0.663574 0.106445 0.18457 0.00171852
4 0.966553 0.73291 0.0532227 0.524414 0.00171185
1 0.489258 0.721191 0.0595703 0.313477 0.0016613
9 0.401367 0.821777 0.255859 0.133789 0.00165367
10 0.63916 0.663574 0.106445 0.18457 0.00165367
13 0.156006 0.178772 0.0446777 0.124878 0.001647
2 0.634277 0.664551 0.0703125 0.09375 0.00164127
4 0.314941 0.488647 0.271973 0.905518 0.00163746
7 0.63916 0.663574 0.106445 0.18457 0.00163364
18 0.63916 0.663574 0.106445 0.18457 0.00162792
19 0.63916 0.663574 0.106445 0.18457 0.00156593
1 0.418701 0.739258 0.23291 0.287109 0.00155163
1 0.0234375 0.964844 0.036499 0.0664062 0.00153255
3 0.637695 0.663574 0.104492 0.176758 0.00152397
13 0.0249786 0.902344 0.0291443 0.132812 0.00148487
13 0.375732 0.709961 0.253418 0.360352 0.00146675
12 0.637695 0.663574 0.104492 0.176758 0.0014658
13 0.214783 0.138184 0.0733643 0.220703 0.00144196
1 0.399902 0.845703 0.257812 0.0878906 0.0014286
6 0.643555 0.648438 0.105469 0.165039 0.00141239
15 0.637695 0.663574 0.104492 0.176758 0.00140953
13 0.967285 0.420532 0.0556641 0.71167 0.00140858
13 0.591797 0.870117 0.0146484 0.0419922 0.00140381
13 0.667969 0.515137 0.170898 0.634766 0.00139713
13 0.742676 0.788086 0.0214844 0.152344 0.00139046
16 0.63916 0.663574 0.106445 0.18457 0.00138283
11 0.63916 0.663574 0.106445 0.18457 0.00137138
13 0.223938 0.0735779 0.0531006 0.0945435 0.00136948
1 0.974854 0.245117 0.0463867 0.435059 0.0013628
4 0.973877 0.838867 0.0405273 0.306641 0.00135422
17 0.63916 0.663574 0.106445 0.18457 0.0013504
0 0.63916 0.663574 0.106445 0.18457 0.00133896
13 0.476562 0.810059 0.0986328 0.128906 0.00133038
13 0.186432 0.10437 0.195496 0.20874 0.00132084
13 0.475708 0.819824 0.155029 0.139648 0.00131607
13 0.507324 0.80957 0.148438 0.15625 0.00131512
2 0.509766 0.836914 0.0830078 0.0849609 0.00130939
13 0.413208 0.803711 0.207764 0.193359 0.00129032
1 0.0640411 0.47937 0.105316 0.951416 0.00126839
2 0.666016 0.661621 0.290039 0.254883 0.00126076
1 0.978271 0.0551605 0.0336914 0.0742493 0.00125313
13 0.455566 0.724609 0.34668 0.347656 0.00125122
2 0.408936 0.740234 0.22998 0.296875 0.0012455
13 0.437622 0.82666 0.144287 0.130859 0.00124073
13 0.658203 0.628906 0.102539 0.134766 0.00121593
13 0.414551 0.865234 0.270508 0.0634766 0.00120735
14 0.510254 0.838379 0.0820312 0.0888672 0.00120068
2 0.651367 0.629395 0.105469 0.149414 0.00119019
13 0.972412 0.615845 0.0532227 0.660889 0.00117016
13 0.973877 0.838867 0.0405273 0.306641 0.00114059
13 0.376099 0.779297 0.314209 0.244141 0.00111198
2 0.676758 0.660156 0.197266 0.22168 0.00110912
13 0.490234 0.777344 0.0478516 0.201172 0.00110531
6 0.40271 0.820801 0.266846 0.132812 0.00110245
13 0.367432 0.840332 0.221191 0.108398 0.00108242
13 0.612793 0.665039 0.100586 0.180664 0.00108147
2 0.48645 0.729492 0.0788574 0.320312 0.00107956
13 0.479858 0.796875 0.060791 0.120117 0.00107861
13 0.539917 0.785645 0.144775 0.259766 0.00107574
1 0.0224762 0.939453 0.0245056 0.0644531 0.00105762
4 0.0366211 0.757324 0.0456543 0.408203 0.00105
4 0.0493317 0.548828 0.0705261 0.758789 0.00104904
4 0.974854 0.245117 0.0463867 0.435059 0.00103378
1 0.975586 0.9646 0.0351562 0.0649414 0.00103188
13 0.504883 0.797852 0.0634766 0.101562 0.00101757
7 0.402344 0.816895 0.260742 0.138672 0.00101376
4 0.0404053 0.476074 0.0808105 0.952148 0.00100899
1 0.0302734 0.052536 0.043335 0.0939026 0.00100803
