13 0.0919189 0.618652 0.0893555 0.102539 0.561035
13 0.666992 0.717285 0.0439453 0.313477 0.512207
13 0.496582 0.717285 0.0517578 0.202148 0.498291
1 0.0302887 0.919922 0.0351257 0.117188 0.389648
1 0.97876 0.940674 0.034668 0.0991211 0.378662
2 0.0943604 0.614746 0.104492 0.116211 0.204834
13 0.683594 0.696289 0.0615234 0.333984 0.19751
13 0.515137 0.76416 0.0205078 0.108398 0.165894
1 0.971436 0.945312 0.0336914 0.0917969 0.145264
1 0.984375 0.920898 0.0273438 0.101562 0.112488
13 0.36084 0.837402 0.114258 0.0537109 0.101379
1 0.0332794 0.959473 0.0520935 0.0537109 0.0913696
13 0.666016 0.767578 0.0507812 0.204102 0.0900269
13 0.667969 0.709961 0.0703125 0.320312 0.0719604
1 0.974609 0.925049 0.0332031 0.0991211 0.0510254
1 0.977539 0.924072 0.0410156 0.147949 0.0488892
2 0.35791 0.838379 0.113281 0.0488281 0.0417786
1 0.0283203 0.887451 0.0255127 0.168457 0.039093
13 0.485229 0.705078 0.0334473 0.206055 0.0380249
14 0.345703 0.851562 0.0639648 0.0332031 0.0378418
1 0.964111 0.94458 0.0581055 0.0893555 0.0376282
1 0.0305328 0.906982 0.0461121 0.150879 0.0355835
13 0.493774 0.720703 0.0788574 0.223633 0.0348206
13 0.468262 0.734863 0.112305 0.230469 0.0323486
13 0.480835 0.666016 0.0393066 0.126953 0.032074
1 0.976562 0.966064 0.0410156 0.0678711 0.0309448
1 0.029541 0.968506 0.0539551 0.0375977 0.0297089
1 0.0283356 0.938477 0.0429382 0.0859375 0.0296631
13 0.509277 0.75 0.0214844 0.130859 0.0293427
13 0.503906 0.709961 0.0283203 0.210938 0.0234833
13 0.476562 0.65918 0.0224609 0.103516 0.0232391
2 0.345703 0.852051 0.0698242 0.0351562 0.0228729
13 0.484863 0.691406 0.0537109 0.174805 0.0207367
13 0.101074 0.672363 0.0732422 0.21582 0.019516
13 0.688477 0.705078 0.0966797 0.370117 0.0162811
13 0.0961914 0.603027 0.121338 0.15625 0.0154572
13 0.505859 0.73584 0.0390625 0.188477 0.0140762
13 0.496582 0.726074 0.0507812 0.116211 0.0135498
13 0.41748 0.790039 0.205078 0.135742 0.0129547
4 0.967285 0.636841 0.0537109 0.679443 0.0129089
1 0.970947 0.969727 0.0366211 0.0507812 0.0128632
1 0.0224609 0.918213 0.0430908 0.101074 0.0116806
1 0.032959 0.0685272 0.0407715 0.118073 0.0112991
13 0.383789 0.0992737 0.0561523 0.163269 0.0108566
4 0.977783 0.760742 0.0405273 0.449219 0.0105743
13 0.3479 0.849121 0.0708008 0.0390625 0.00914001
14 0.0953674 0.618652 0.0905151 0.107422 0.0087738
13 0.11438 0.537598 0.0996094 0.164062 0.00856018
13 0.390381 0.0814056 0.0410156 0.123322 0.00855255
1 0.977783 0.0622711 0.0307617 0.0959167 0.00821686
13 0.667969 0.747559 0.0341797 0.199219 0.0073204
13 0.663574 0.597168 0.0263672 0.0654297 0.00694275
1 0.978271 0.885742 0.0336914 0.199219 0.00675201
1 0.030426 0.849121 0.0413208 0.256836 0.00644684
13 0.664551 0.649902 0.0322266 0.226562 0.00642395
1 0.0953674 0.618652 0.0905151 0.107422 0.00618362
1 0.1297 0.0290527 0.189819 0.0258789 0.00616455
13 0.509766 0.764648 0.0332031 0.121094 0.00597763
13 0.0747681 0.723145 0.1073 0.40918 0.00596619
1 0.66748 0.713867 0.046875 0.308594 0.00582886
13 0.652832 0.790039 0.0517578 0.169922 0.00561142
1 0.494629 0.714355 0.0566406 0.202148 0.00541687
13 0.519043 0.77002 0.0185547 0.0859375 0.00506973
4 0.955322 0.548828 0.065918 0.878906 0.00462341
13 0.675293 0.760742 0.0458984 0.34375 0.00443268
1 0.980225 0.174561 0.0239258 0.290527 0.00393295
14 0.977539 0.949219 0.0429688 0.0898438 0.00390244
1 0.034668 0.778564 0.0339355 0.395996 0.00384712
1 0.0292816 0.884277 0.0299377 0.109375 0.00368309
13 0.477661 0.70166 0.0319824 0.195312 0.00341415
13 0.510254 0.672852 0.0390625 0.298828 0.00336838
13 0.0856934 0.643555 0.0932617 0.146484 0.00336266
4 0.666992 0.723145 0.0595703 0.34668 0.00335884
13 0.515625 0.637695 0.0654297 0.483398 0.00329399
1 0.982178 0.103027 0.027832 0.151367 0.00327873
1 0.225586 0.0299835 0.177246 0.0276794 0.00318527
1 0.683594 0.697266 0.0673828 0.366211 0.00318146
13 0.666016 0.806641 0.0576172 0.317383 0.00305939
14 0.359375 0.839844 0.109863 0.0488281 0.00302505
4 0.0919189 0.618652 0.0893555 0.102539 0.00297356
1 0.975586 0.0526123 0.0410156 0.0673828 0.00295448
13 0.648926 0.711914 0.119141 0.300781 0.00292969
1 0.985352 0.946289 0.0292969 0.09375 0.00281715
4 0.97168 0.844482 0.0488281 0.279785 0.00271797
4 0.69043 0.706543 0.0800781 0.375977 0.00266075
13 0.392822 0.0693207 0.0307617 0.0901184 0.00266075
1 0.0374146 0.970703 0.0533447 0.0488281 0.00262451
13 0.480957 0.663574 0.0253906 0.0839844 0.00260735
4 0.496582 0.717285 0.0527344 0.200195 0.00257683
1 0.984375 0.885254 0.0273438 0.161133 0.00257683
13 0.511719 0.755859 0.0322266 0.19043 0.00256157
1 0.982422 0.166718 0.0234375 0.169006 0.00240135
14 0.974854 0.967529 0.0385742 0.0512695 0.00231743
13 0.490112 0.708984 0.0490723 0.112305 0.00222778
13 0.498047 0.681152 0.0410156 0.154297 0.00219727
14 0.513672 0.763672 0.0205078 0.106445 0.00216866
13 0.675781 0.680664 0.0351562 0.333984 0.00212669
13 0.11853 0.648926 0.126953 0.149414 0.00204468
13 0.519531 0.764648 0.0283203 0.0839844 0.00201607
1 0.968018 0.0634003 0.0424805 0.106842 0.00199127
13 0.781738 0.679199 0.0175781 0.0527344 0.00196838
13 0.361816 0.82959 0.12207 0.0898438 0.00192451
14 0.496582 0.717285 0.0527344 0.200195 0.00190926
13 0.662598 0.770996 0.0332031 0.144531 0.00189495
2 0.496216 0.723145 0.057373 0.18457 0.00187016
13 0.671875 0.662109 0.0380859 0.199219 0.0018568
13 0.515625 0.706543 0.0458984 0.204102 0.00185108
13 0.811035 0.591797 0.0390625 0.0986328 0.00183392
1 0.0415192 0.947266 0.0497742 0.0800781 0.00181484
1 0.515137 0.766113 0.0185547 0.105469 0.00181007
2 0.666504 0.717285 0.046875 0.301758 0.00180149
13 0.100464 0.56543 0.0939941 0.183594 0.0017662
1 0.943604 0.0589142 0.106934 0.0872498 0.00172234
14 0.981445 0.934082 0.0351562 0.0830078 0.00170231
14 0.66748 0.720703 0.0595703 0.318359 0.00169659
1 0.912842 0.94458 0.137207 0.0854492 0.00166512
4 0.882812 0.763184 0.0332031 0.411133 0.00166225
13 0.712402 0.937744 0.0576172 0.0717773 0.0016613
13 0.723633 0.939453 0.046875 0.0517578 0.00163746
13 0.417114 0.758789 0.193115 0.21875 0.00161171
10 0.0953674 0.618652 0.0905151 0.107422 0.00160789
13 0.664062 0.609375 0.03125 0.09375 0.00157356
13 0.772461 0.681152 0.0234375 0.0595703 0.00156307
13 0.504883 0.767578 0.0292969 0.0957031 0.00152397
13 0.980713 0.853027 0.0288086 0.177734 0.00152111
4 0.9375 0.502563 0.0957031 0.912842 0.00151634
13 0.653809 0.750488 0.0664062 0.254883 0.00148487
13 0.743652 0.765625 0.131836 0.423828 0.0014782
11 0.0953674 0.618652 0.0905151 0.107422 0.00145912
1 0.0346832 0.712036 0.0458679 0.534912 0.00144386
1 0.36084 0.837402 0.114258 0.0537109 0.00136471
2 0.515137 0.76416 0.0205078 0.108398 0.0013485
13 0.665039 0.663086 0.0566406 0.224609 0.00134277
13 0.671387 0.711426 0.03125 0.178711 0.00131798
13 0.896484 0.944824 0.171875 0.0908203 0.00131321
12 0.0953674 0.618652 0.0905151 0.107422 0.00128269
13 0.97876 0.940674 0.034668 0.0991211 0.00127125
18 0.0953674 0.618652 0.0905151 0.107422 0.00126362
2 0.972656 0.940186 0.0390625 0.0864258 0.00122452
13 0.897949 0.961426 0.147461 0.0517578 0.00121975
2 0.284973 0.836914 0.268921 0.0644531 0.00121593
13 0.517578 0.774902 0.0322266 0.137695 0.00120068
13 0.106567 0.67334 0.0622559 0.141602 0.00120068
9 0.0941162 0.618652 0.092041 0.102539 0.00119495
14 0.972412 0.936523 0.0356445 0.0878906 0.00119305
13 0.381592 0.836914 0.141113 0.0673828 0.00118065
13 0.0302887 0.919922 0.0351257 0.117188 0.00114632
13 0.121185 0.514648 0.136047 0.307617 0.00113964
1 0.942139 0.953125 0.0942383 0.0664062 0.00112343
13 0.419189 0.705078 0.183105 0.222656 0.00112343
13 0.119019 0.837402 0.0263672 0.0732422 0.00111961
13 0.505859 0.697754 0.0458984 0.170898 0.00110245
13 0.514648 0.776367 0.015625 0.0888672 0.00110149
1 0.873047 0.0356598 0.236328 0.0253601 0.00109291
4 0.979492 0.916016 0.0410156 0.162109 0.00108528
14 0.0302734 0.919189 0.0394287 0.10498 0.00107861
13 0.790039 0.946533 0.285156 0.0874023 0.00107384
13 0.484863 0.686035 0.0351562 0.109375 0.00107288
4 0.788086 0.734863 0.0654297 0.413086 0.00107002
1 0.961914 0.0573578 0.0625 0.0871887 0.00106525
6 0.0933838 0.616699 0.108887 0.107422 0.00106239
13 0.474121 0.652832 0.0351562 0.0869141 0.00105381
1 0.976318 0.0553436 0.0473633 0.0958557 0.00104237
13 0.341797 0.839844 0.10498 0.0410156 0.00101566
4 0.770996 0.763672 0.0693359 0.431641 0.00101471
13 0.70752 0.70166 0.0810547 0.326172 0.00101089
1 0.914307 0.0598907 0.149902 0.094574 0.00100899
13 0.772461 0.678223 0.0429688 0.0703125 0.00100803
13 0.510742 0.588867 0.0351562 0.0380859 0.00100708
13 0.374756 0.153931 0.0703125 0.256104 0.00100708
1 0.979248 0.0430756 0.0317383 0.0622864 0.00100517
8 0.0943604 0.614746 0.104492 0.116211 0.00100136
