2 0.618164 0.241516 0.0429688 0.324585 0.466553
1 0.980469 0.953369 0.0390625 0.0893555 0.361572
2 0.570312 0.233887 0.146484 0.328613 0.337646
13 0.102295 0.819336 0.0837402 0.123047 0.325928
13 0.097168 0.848633 0.0888672 0.197266 0.302979
2 0.603516 0.233093 0.0810547 0.332642 0.171509
2 0.770508 0.221924 0.330078 0.296387 0.142456
13 0.619629 0.243347 0.0439453 0.31311 0.105896
2 0.345215 0.212219 0.581055 0.351929 0.0787964
2 0.668457 0.235596 0.157227 0.328613 0.0744019
2 0.529785 0.236084 0.21875 0.274902 0.0632324
1 0.977539 0.922363 0.0410156 0.15332 0.055603
13 0.0964355 0.818359 0.117188 0.162109 0.0473022
4 0.066452 0.465088 0.102448 0.930176 0.039917
2 0.632812 0.245605 0.0849609 0.314941 0.0383301
1 0.0229187 0.953857 0.0394897 0.0825195 0.0213928
13 0.105957 0.790527 0.0856934 0.113281 0.0197601
2 0.513794 0.509888 0.823975 0.937256 0.0194397
1 0.0263519 0.94165 0.0266418 0.081543 0.017807
13 0.0863037 0.877197 0.0715332 0.208496 0.016571
13 0.0734863 0.828613 0.125732 0.197266 0.0159607
1 0.980713 0.935059 0.0327148 0.0947266 0.0115509
2 0.708008 0.237488 0.260742 0.292603 0.0114212
2 0.519531 0.24054 0.291016 0.345093 0.0111465
13 0.052063 0.867188 0.0838623 0.232422 0.0111313
2 0.441772 0.233398 0.387939 0.268066 0.00940704
2 0.0981445 0.849121 0.0900879 0.201172 0.00839233
1 0.971436 0.958984 0.0454102 0.0742188 0.00780487
1 0.618652 0.240723 0.046875 0.316895 0.00768661
1 0.0981445 0.864258 0.0949707 0.21875 0.00746536
13 0.0619507 0.89209 0.0457764 0.18457 0.00743866
1 0.026474 0.918457 0.0325012 0.12207 0.00698471
1 0.982422 0.914795 0.0253906 0.133301 0.00696945
1 0.0415039 0.141174 0.0457764 0.207886 0.00676727
13 0.0944824 0.757324 0.0952148 0.258789 0.0065155
2 0.0996094 0.800293 0.106934 0.163086 0.00615692
1 0.10498 0.809082 0.0910645 0.134766 0.00591278
13 0.978516 0.902832 0.0371094 0.174805 0.00590134
2 0.0684357 0.450195 0.109955 0.875977 0.00587845
13 0.0270691 0.922363 0.046814 0.0986328 0.00531387
2 0.614258 0.233826 0.232422 0.30188 0.00531387
13 0.775391 0.211609 0.337891 0.356079 0.00505447
13 0.654297 0.239258 0.120117 0.317383 0.00472641
4 0.0482025 0.303223 0.0659485 0.547852 0.00469208
1 0.976807 0.0688324 0.0385742 0.0901184 0.00457764
2 0.788086 0.206299 0.382812 0.412598 0.00436401
13 0.570312 0.233887 0.146484 0.328613 0.00429535
4 0.097168 0.848633 0.0888672 0.197266 0.00406647
1 0.978271 0.833984 0.0336914 0.292969 0.00406265
1 0.020874 0.928955 0.0345459 0.0932617 0.00395584
13 0.110229 0.789062 0.0744629 0.0683594 0.00387955
1 0.977539 0.101562 0.0390625 0.154541 0.00378227
4 0.557617 0.235168 0.167969 0.324585 0.00373077
14 0.618652 0.244202 0.0498047 0.316284 0.00332832
2 0.334351 0.311768 0.639893 0.623535 0.0032196
13 0.0354614 0.914551 0.0446777 0.143555 0.00314522
13 0.603516 0.233093 0.0810547 0.332642 0.00301743
4 0.770508 0.221924 0.330078 0.296387 0.00295448
13 0.0263672 0.905762 0.0274658 0.145508 0.00295067
1 0.0341797 0.112549 0.0369873 0.197021 0.00292778
4 0.953125 0.513672 0.078125 0.870117 0.00287628
13 0.0775146 0.866699 0.155029 0.24707 0.00281906
1 0.973633 0.171143 0.0371094 0.287598 0.00281715
13 0.121613 0.859375 0.164001 0.226562 0.00262642
14 0.978271 0.957031 0.0375977 0.0800781 0.00255585
13 0.0455933 0.820801 0.0511475 0.285156 0.00242805
2 0.794434 0.13681 0.395508 0.233215 0.00237274
4 0.0415039 0.757324 0.0428467 0.44043 0.0023632
13 0.0900879 0.699707 0.103516 0.396484 0.00210762
4 0.102081 0.813477 0.0814819 0.118164 0.0019083
2 0.102295 0.819336 0.0837402 0.123047 0.00185585
13 0.0454102 0.131439 0.0544434 0.213196 0.00183678
13 0.978271 0.953369 0.0395508 0.0893555 0.00182056
1 0.0385742 0.0716705 0.0455322 0.113983 0.00179863
1 0.775391 0.211609 0.337891 0.356079 0.00179672
1 0.0214844 0.953857 0.0345459 0.0551758 0.00179482
4 0.621582 0.237854 0.0478516 0.318237 0.0017767
2 0.620117 0.196167 0.0351562 0.228271 0.00174713
2 0.453735 0.269958 0.576904 0.332153 0.0017128
13 0.529785 0.236084 0.21875 0.274902 0.00170898
1 0.972656 0.882324 0.0449219 0.231445 0.00169468
1 0.972412 0.942139 0.0375977 0.109863 0.00167751
1 0.569336 0.234619 0.151367 0.337891 0.00165558
13 0.972656 0.882324 0.0449219 0.231445 0.00162697
13 0.0317383 0.86499 0.0384521 0.230957 0.00154305
4 0.603516 0.233093 0.0810547 0.332642 0.00153732
2 0.508789 0.94043 0.896484 0.119141 0.00148869
2 0.978271 0.953369 0.0395508 0.0893555 0.00148773
13 0.0713501 0.796875 0.086792 0.195312 0.00144386
1 0.97168 0.775879 0.0449219 0.426758 0.00142956
13 0.0424042 0.88501 0.051178 0.192871 0.0014143
14 0.770508 0.221924 0.330078 0.296387 0.00138378
13 0.0571289 0.925293 0.0577393 0.12207 0.00137901
4 0.34082 0.220154 0.526367 0.303833 0.00135136
14 0.102295 0.819336 0.0837402 0.123047 0.00132847
2 0.713257 0.475952 0.518799 0.798096 0.00131702
13 0.620117 0.167786 0.0302734 0.194702 0.00124931
2 0.620605 0.128448 0.0244141 0.0927124 0.00123787
2 0.979004 0.910889 0.0419922 0.17627 0.00123215
1 0.036438 0.0689697 0.0614014 0.137939 0.00122738
2 0.749512 0.350647 0.40918 0.401245 0.00120831
9 0.770508 0.221924 0.330078 0.296387 0.00120354
2 0.582031 0.238953 0.0927734 0.305298 0.00118732
4 0.100708 0.435791 0.162109 0.871582 0.00116348
9 0.569336 0.234619 0.151367 0.337891 0.00116158
1 0.973877 0.969727 0.0444336 0.0488281 0.00115299
9 0.620117 0.239746 0.0488281 0.314453 0.00113583
1 0.0408936 0.909424 0.0535889 0.161621 0.00110435
1 0.0296021 0.938721 0.0474854 0.10498 0.00109005
2 0.952393 0.517822 0.0952148 0.952637 0.00107765
1 0.971436 0.0547943 0.0415039 0.0622864 0.00107098
14 0.569336 0.234619 0.151367 0.337891 0.00105381
1 0.603516 0.233093 0.0810547 0.332642 0.00105095
4 0.512695 0.231934 0.254883 0.275879 0.00105095
13 0.0551605 0.142944 0.0600891 0.169678 0.00102711
