2 0.616333 0.298584 0.437256 0.268066 0.847656
1 0.982422 0.965332 0.0332031 0.0615234 0.330811
1 0.0271606 0.949707 0.0341797 0.0888672 0.16394
1 0.984375 0.952148 0.0253906 0.0664062 0.0804443
1 0.982178 0.946045 0.0317383 0.102051 0.0640259
2 0.621094 0.302246 0.260742 0.269043 0.0547485
13 0.556641 0.687012 0.0585938 0.0449219 0.0324707
1 0.975586 0.95874 0.0351562 0.0727539 0.0178375
1 0.0289307 0.920166 0.0333252 0.13623 0.0145874
1 0.0276794 0.966064 0.0415649 0.0639648 0.0138626
2 0.739746 0.0384521 0.0546875 0.0240479 0.0126724
13 0.617188 0.289856 0.416992 0.235718 0.0118713
2 0.694458 0.24115 0.611084 0.356567 0.0114441
4 0.613403 0.294922 0.392334 0.213867 0.0108566
1 0.979248 0.914062 0.0336914 0.164062 0.010498
14 0.613159 0.298645 0.426025 0.230835 0.00971985
2 0.716309 0.364502 0.223633 0.132324 0.00871277
9 0.609375 0.299561 0.412109 0.222656 0.00869751
2 0.523438 0.256104 0.280273 0.200684 0.008461
1 0.977295 0.0666351 0.0415039 0.0837708 0.00757599
1 0.614258 0.294434 0.400391 0.216797 0.00745392
1 0.856934 0.0375824 0.262695 0.0332336 0.00656509
2 0.668945 0.331543 0.347656 0.1875 0.00471115
2 0.855713 0.0427246 0.276855 0.050415 0.00440598
2 0.603027 0.368408 0.43457 0.144531 0.00440598
1 0.983398 0.91748 0.0253906 0.125977 0.00346756
13 0.740723 0.0401001 0.0566406 0.0274658 0.00333595
2 0.980469 0.965576 0.0351562 0.0571289 0.00310326
1 0.978516 0.865723 0.0351562 0.25293 0.00284958
4 0.641479 0.28302 0.554932 0.296265 0.0026474
19 0.609375 0.299561 0.412109 0.222656 0.00264359
16 0.609375 0.299561 0.412109 0.222656 0.00263405
18 0.609375 0.299561 0.412109 0.222656 0.0026226
8 0.609375 0.299561 0.412109 0.222656 0.00261116
7 0.609375 0.299561 0.412109 0.222656 0.00244522
14 0.982422 0.963867 0.0351562 0.0605469 0.00243187
2 0.541504 0.313965 0.50293 0.206055 0.00243187
13 0.561035 0.675781 0.046875 0.0498047 0.00241089
9 0.641479 0.28302 0.554932 0.296265 0.00235558
1 0.975342 0.0865326 0.0356445 0.114532 0.00232887
3 0.609375 0.299561 0.412109 0.222656 0.00227928
11 0.609375 0.299561 0.412109 0.222656 0.00227928
13 0.0535278 0.177216 0.0413818 0.19928 0.00227356
2 0.605347 0.377747 0.461182 0.396851 0.00226212
1 0.0348969 0.868652 0.0393372 0.22168 0.00225449
17 0.609375 0.299561 0.412109 0.222656 0.00224495
2 0.741211 0.0432129 0.0625 0.0206299 0.00219154
13 0.982422 0.963867 0.0351562 0.0605469 0.0021553
15 0.616821 0.285583 0.438232 0.229614 0.0021534
0 0.609375 0.299561 0.412109 0.222656 0.00208473
2 0.558594 0.683105 0.0439453 0.0449219 0.00206947
13 0.0414886 0.219727 0.0534973 0.439453 0.00201797
12 0.609375 0.299561 0.412109 0.222656 0.00199699
14 0.739746 0.0384521 0.0546875 0.0240479 0.00199318
1 0.970703 0.0545654 0.0507812 0.0615234 0.00196457
13 0.565918 0.683594 0.0380859 0.0429688 0.00194359
5 0.616821 0.285583 0.438232 0.229614 0.00193214
10 0.616821 0.285583 0.438232 0.229614 0.00192356
6 0.609375 0.299561 0.412109 0.222656 0.00188351
4 0.949219 0.483887 0.0742188 0.865234 0.00184727
2 0.447388 0.307312 0.657959 0.272095 0.00180435
1 0.974609 0.81543 0.0410156 0.345703 0.00178528
2 0.637207 0.244446 0.460938 0.233765 0.00178432
1 0.972656 0.947754 0.0429688 0.104492 0.0017643
13 0.641479 0.28302 0.554932 0.296265 0.00166225
1 0.0370941 0.0861511 0.0344543 0.145569 0.00162029
1 0.855469 0.0239105 0.253906 0.0366516 0.00161839
2 0.484863 0.590332 0.898438 0.739258 0.00157547
1 0.976318 0.921631 0.0375977 0.10791 0.00154305
2 0.574219 0.42981 0.514648 0.587646 0.00144577
14 0.0265961 0.950684 0.0351868 0.0830078 0.00141525
1 0.538574 0.0107727 0.0957031 0.0215454 0.0012598
14 0.643066 0.282166 0.543945 0.310669 0.0012579
4 0.947998 0.731934 0.0551758 0.518555 0.0012331
2 0.5 0.929199 0.887695 0.124023 0.0012188
4 0.0414886 0.219727 0.0534973 0.439453 0.00119686
13 0.964844 0.640625 0.0488281 0.650391 0.00118256
1 0.967773 0.740967 0.0429688 0.502441 0.00117874
13 0.27832 0.0687561 0.0883789 0.0651245 0.00115871
13 0.975342 0.0865326 0.0356445 0.114532 0.00115013
13 0.0404053 0.148621 0.0330811 0.179321 0.00111485
2 0.729004 0.0379486 0.0800781 0.0334778 0.00105476
1 0.970703 0.964355 0.0527344 0.0673828 0.00104904
2 0.532349 0.279785 0.411865 0.197754 0.00102997
1 0.0326538 0.9021 0.0506592 0.191895 0.00102425
