2 0.630859 0.236084 0.384766 0.169922 0.834473
4 0.152344 0.506714 0.105225 0.902588 0.604004
1 0.0227051 0.945801 0.0350342 0.0927734 0.311279
1 0.982178 0.95166 0.0356445 0.0908203 0.0795898
1 0.0211334 0.90625 0.0361023 0.175781 0.0351868
2 0.717773 0.241455 0.226562 0.144043 0.0186462
13 0.220154 0.0701904 0.0274658 0.083252 0.0157776
2 0.625977 0.22583 0.217773 0.166504 0.0113449
1 0.980469 0.924316 0.0351562 0.141602 0.0105209
13 0.62793 0.236084 0.381836 0.17627 0.0105057
9 0.625977 0.240662 0.381836 0.154419 0.00921631
4 0.957764 0.508423 0.0727539 0.848389 0.00849915
14 0.618652 0.234863 0.362305 0.14502 0.0076561
4 0.620605 0.235352 0.366211 0.14209 0.00600815
4 0.184875 0.468018 0.169312 0.903809 0.00580215
2 0.0215607 0.940186 0.0391541 0.0961914 0.00566483
13 0.226562 0.0757751 0.0288086 0.117981 0.00561142
1 0.0269775 0.0681458 0.0388184 0.115173 0.00538635
1 0.0304871 0.917969 0.0410767 0.140625 0.00536728
1 0.973389 0.957275 0.0356445 0.0776367 0.00518036
4 0.981445 0.756348 0.03125 0.375977 0.00485611
1 0.0231628 0.873535 0.0440063 0.243164 0.00478745
4 0.160889 0.491211 0.104248 0.617188 0.00478363
2 0.21875 0.0637207 0.0288086 0.0754395 0.00471878
1 0.616211 0.236572 0.353516 0.153809 0.00445175
2 0.729492 0.206787 0.394531 0.213379 0.00418472
1 0.977295 0.0582733 0.0317383 0.0741272 0.00402451
2 0.630859 0.302002 0.300781 0.280273 0.00392532
13 0.48877 0.495117 0.121094 0.867188 0.00369453
4 0.0999756 0.470093 0.133789 0.930908 0.00361252
2 0.53125 0.252686 0.488281 0.225586 0.00342178
1 0.0211792 0.9646 0.0385742 0.0688477 0.00316811
1 0.116333 0.0316772 0.204346 0.034668 0.0031414
1 0.0327148 0.0573425 0.0311279 0.0855103 0.00313187
1 0.0214844 0.92334 0.0351562 0.104492 0.00309753
4 0.141327 0.494141 0.198792 0.944336 0.00284576
1 0.973389 0.0511475 0.0454102 0.057373 0.0025425
1 0.159058 0.493286 0.103516 0.911865 0.00246429
8 0.630859 0.236084 0.384766 0.169922 0.00243759
13 0.15332 0.50293 0.105957 0.919922 0.00231934
4 0.48877 0.495117 0.121094 0.867188 0.00223351
1 0.985352 0.945801 0.0234375 0.0771484 0.00210762
13 0.630859 0.302002 0.300781 0.280273 0.00205612
13 0.521484 0.498657 0.144531 0.838623 0.0020504
6 0.62793 0.237793 0.388672 0.166016 0.00190353
2 0.159607 0.485229 0.120239 0.951416 0.00186253
16 0.620605 0.235352 0.366211 0.14209 0.00181961
4 0.9729 0.761963 0.0522461 0.476074 0.00179768
1 0.972656 0.952148 0.0488281 0.0957031 0.0017786
7 0.620605 0.235352 0.366211 0.14209 0.00177765
18 0.620605 0.235352 0.366211 0.14209 0.0017643
19 0.620605 0.235352 0.366211 0.14209 0.00172997
2 0.55957 0.235352 0.271484 0.145508 0.00167084
1 0.982422 0.958008 0.0234375 0.0742188 0.00161743
4 0.0356293 0.473145 0.0700989 0.946289 0.00160217
17 0.620605 0.235352 0.366211 0.14209 0.00158215
3 0.618652 0.234863 0.362305 0.14502 0.00156498
15 0.620605 0.235352 0.366211 0.14209 0.00153255
11 0.618652 0.234863 0.362305 0.14502 0.00152779
1 0.0276489 0.169922 0.0411377 0.322266 0.0015192
13 0.540161 0.450073 0.232178 0.726807 0.00151539
12 0.620605 0.235352 0.366211 0.14209 0.00142956
0 0.620605 0.235352 0.366211 0.14209 0.00142956
1 0.985352 0.884277 0.0234375 0.155273 0.00140476
1 0.016571 0.924561 0.0331421 0.125488 0.00138474
5 0.618652 0.234863 0.362305 0.14502 0.00138092
1 0.125183 0.0671539 0.229126 0.094696 0.00137997
14 0.0229797 0.937988 0.0336304 0.112305 0.00132847
10 0.62793 0.236084 0.381836 0.17627 0.00131416
1 0.982666 0.736816 0.0307617 0.395508 0.00126266
2 0.736816 0.151245 0.491211 0.25415 0.00123787
1 0.0220337 0.100464 0.0308838 0.182861 0.00120926
1 0.034668 0.078186 0.038208 0.13269 0.00119495
13 0.0234375 0.941406 0.0371094 0.0917969 0.00117493
13 0.957764 0.508423 0.0727539 0.848389 0.00116158
4 0.155182 0.358032 0.141785 0.658936 0.00115681
2 0.640625 0.156128 0.22168 0.123779 0.00115681
1 0.972656 0.901367 0.0410156 0.1875 0.00109768
2 0.661621 0.1828 0.483398 0.290649 0.00109196
1 0.986328 0.9104 0.0195312 0.13623 0.00108337
13 0.0232086 0.901855 0.0343933 0.161133 0.00105858
13 0.624512 0.304932 0.0439453 0.103027 0.00101566
