2 0.474121 0.668945 0.193359 0.282227 0.854004
13 0.8125 0.751953 0.138672 0.216797 0.786133
13 0.473267 0.668457 0.178467 0.276367 0.45752
1 0.0263367 0.948242 0.036438 0.0859375 0.208862
1 0.983398 0.947266 0.0332031 0.0996094 0.180176
1 0.0302887 0.934326 0.0265808 0.0883789 0.0860596
1 0.985352 0.938721 0.0234375 0.0795898 0.0805054
1 0.986328 0.914062 0.0253906 0.130859 0.0368958
1 0.0313568 0.916504 0.0354309 0.139648 0.0320435
1 0.0371094 0.0647736 0.0463867 0.118988 0.0317993
13 0.803223 0.640625 0.0830078 0.448242 0.0307617
13 0.787109 0.736328 0.0986328 0.199219 0.0283661
1 0.975342 0.964844 0.0317383 0.0683594 0.0254059
13 0.977539 0.828613 0.0351562 0.288086 0.022522
1 0.0253601 0.924072 0.0361938 0.101074 0.0223541
1 0.981201 0.913818 0.0336914 0.164551 0.0214233
1 0.0256348 0.905518 0.0379639 0.175293 0.0189056
13 0.981201 0.908447 0.027832 0.155762 0.0171661
1 0.0351562 0.105347 0.0430908 0.195068 0.0144653
1 0.977295 0.0632935 0.0317383 0.0906982 0.0140991
1 0.980469 0.0823669 0.0351562 0.129211 0.0139771
1 0.80957 0.757324 0.119141 0.206055 0.0124054
13 0.842285 0.750488 0.181641 0.256836 0.0119934
9 0.479004 0.67041 0.178711 0.244141 0.011795
14 0.473999 0.671387 0.193604 0.274414 0.010437
13 0.835449 0.831055 0.113281 0.078125 0.0101852
13 0.818848 0.750488 0.0986328 0.175781 0.00982666
13 0.967285 0.776367 0.0400391 0.423828 0.00978088
13 0.779297 0.758789 0.234375 0.287109 0.00920105
1 0.039566 0.143677 0.0517273 0.269775 0.00882721
13 0.807617 0.803223 0.142578 0.12793 0.00793457
1 0.973633 0.914062 0.0390625 0.144531 0.00706482
14 0.813477 0.751465 0.132812 0.209961 0.0069313
1 0.478027 0.67041 0.174805 0.245117 0.00691605
13 0.979736 0.894531 0.0405273 0.166016 0.00680161
1 0.97583 0.939209 0.0327148 0.119629 0.00587082
13 0.969482 0.904541 0.0356445 0.181152 0.00576019
4 0.823242 0.751953 0.15625 0.21875 0.00569916
2 0.814941 0.751465 0.134766 0.210938 0.00551987
1 0.986328 0.918945 0.0214844 0.0917969 0.00534439
1 0.979248 0.864014 0.0336914 0.256348 0.00529861
4 0.479004 0.67041 0.178711 0.244141 0.00520706
1 0.975586 0.975586 0.0351562 0.0410156 0.00498962
13 0.980469 0.928223 0.0390625 0.112305 0.00485229
13 0.805664 0.716309 0.102539 0.28418 0.0044136
1 0.0292969 0.862061 0.0393066 0.256348 0.00420761
13 0.800781 0.731934 0.0869141 0.140625 0.00390434
1 0.972412 0.953613 0.043457 0.0927734 0.00374603
19 0.479004 0.67041 0.178711 0.244141 0.0035305
1 0.982422 0.973633 0.0332031 0.0488281 0.00331879
1 0.976562 0.106323 0.0371094 0.161621 0.0032959
16 0.479004 0.67041 0.178711 0.244141 0.00326538
4 0.0435791 0.292969 0.0578613 0.551758 0.00322533
8 0.479004 0.67041 0.178711 0.244141 0.0031414
7 0.479004 0.67041 0.178711 0.244141 0.0031414
18 0.479004 0.67041 0.178711 0.244141 0.0031414
1 0.0250854 0.963623 0.0413818 0.0727539 0.00307083
1 0.0371094 0.939453 0.043457 0.078125 0.00298119
1 0.97583 0.0523529 0.0405273 0.0652161 0.00297356
11 0.479004 0.67041 0.178711 0.244141 0.00294113
3 0.479004 0.67041 0.178711 0.244141 0.0029068
2 0.487671 0.313599 0.899658 0.603271 0.00284958
10 0.479004 0.67041 0.178711 0.244141 0.00284004
12 0.479004 0.67041 0.178711 0.244141 0.00275421
17 0.479004 0.67041 0.178711 0.244141 0.00267792
6 0.479004 0.67041 0.178711 0.244141 0.00264931
15 0.479004 0.67041 0.178711 0.244141 0.00264931
2 0.546875 0.668945 0.291016 0.28125 0.00261688
13 0.967529 0.699219 0.0512695 0.572266 0.00261688
0 0.478027 0.67041 0.174805 0.245117 0.00246429
5 0.479004 0.67041 0.178711 0.244141 0.00239372
13 0.82666 0.827637 0.0810547 0.0644531 0.00225449
1 0.977783 0.164856 0.034668 0.281616 0.00222778
13 0.980469 0.952393 0.03125 0.0737305 0.00216675
1 0.0283203 0.911133 0.0257568 0.0996094 0.00208092
1 0.976562 0.806152 0.0390625 0.34668 0.00206184
13 0.841309 0.744629 0.0556641 0.192383 0.00205231
2 0.503906 0.114014 0.919922 0.17749 0.00201607
2 0.501343 0.176514 0.893799 0.353027 0.00187111
7 0.813477 0.751465 0.132812 0.209961 0.00183392
1 0.970459 0.0512695 0.0551758 0.088623 0.00183105
13 0.800293 0.653809 0.129883 0.385742 0.00182724
13 0.796875 0.617188 0.0537109 0.404297 0.00179005
13 0.796875 0.511719 0.0859375 0.701172 0.00178909
8 0.814941 0.751465 0.134766 0.210938 0.00175285
1 0.990234 0.932373 0.0195312 0.0961914 0.00172329
13 0.775391 0.767578 0.195312 0.199219 0.00168228
13 0.969482 0.808838 0.0610352 0.353027 0.00166607
3 0.813477 0.751465 0.132812 0.209961 0.00166416
18 0.813477 0.751465 0.132812 0.209961 0.00165653
13 0.785645 0.60791 0.0898438 0.472656 0.00163174
5 0.813477 0.751465 0.132812 0.209961 0.00162506
12 0.813477 0.751465 0.132812 0.209961 0.00159454
1 0.880371 0.0343781 0.223633 0.0296326 0.00155258
1 0.977295 0.0670624 0.0454102 0.122711 0.00154877
13 0.846191 0.779297 0.132812 0.186523 0.00154114
13 0.960449 0.967773 0.0595703 0.0546875 0.00151443
1 0.0341797 0.963379 0.0313721 0.0576172 0.00147247
13 0.859375 0.822754 0.128906 0.114258 0.00144672
16 0.813477 0.751465 0.132812 0.209961 0.00144005
10 0.814941 0.751465 0.134766 0.210938 0.00142479
6 0.813477 0.751465 0.132812 0.209961 0.00140762
1 0.168274 0.967285 0.320679 0.0439453 0.00139427
2 0.40979 0.668457 0.196045 0.317383 0.00135899
13 0.140137 0.805664 0.0200195 0.0546875 0.00132179
13 0.570312 0.761719 0.12207 0.078125 0.0013113
19 0.810059 0.755859 0.12207 0.201172 0.00129604
15 0.813477 0.751465 0.132812 0.209961 0.00127125
9 0.814941 0.751465 0.134766 0.210938 0.0012579
13 0.670898 0.697754 0.452148 0.234375 0.00122738
1 0.0380859 0.954346 0.0334473 0.0639648 0.0012207
17 0.813477 0.751465 0.132812 0.209961 0.00120449
11 0.814941 0.751465 0.134766 0.210938 0.00120068
2 0.976807 0.804199 0.0424805 0.334961 0.001194
13 0.828613 0.630371 0.161133 0.456055 0.00117588
0 0.814941 0.751465 0.134766 0.210938 0.00114536
13 0.984375 0.938965 0.0234375 0.0966797 0.00109673
13 0.955566 0.896484 0.0771484 0.1875 0.00109386
4 0.0377808 0.208008 0.0567627 0.413086 0.00108147
1 0.0457764 0.422974 0.0653076 0.831787 0.00101948
1 0.0317383 0.0484009 0.0509033 0.0968018 0.00101376
