13 0.744629 0.671875 0.03125 0.175781 0.602539
2 0.799316 0.23291 0.0585938 0.0532227 0.564941
1 0.982666 0.949219 0.034668 0.0996094 0.463135
1 0.0283203 0.930908 0.0301514 0.108887 0.382324
13 0.802246 0.231445 0.0732422 0.0576172 0.246582
13 0.743652 0.680176 0.0478516 0.188477 0.191895
1 0.985352 0.945801 0.0253906 0.0771484 0.15686
13 0.84375 0.16864 0.133789 0.160767 0.155273
1 0.0240784 0.943848 0.0425415 0.104492 0.127808
1 0.980469 0.925049 0.0351562 0.147949 0.111328
2 0.831787 0.969727 0.305176 0.0507812 0.0969849
13 0.754883 0.678711 0.0439453 0.197266 0.0612183
14 0.797852 0.233398 0.0595703 0.0571289 0.053833
13 0.419189 0.740723 0.0307617 0.0537109 0.0459595
1 0.816895 0.978271 0.317383 0.0317383 0.045105
13 0.851562 0.145386 0.115234 0.106689 0.0430603
13 0.745117 0.672363 0.0234375 0.117188 0.0413208
1 0.0224762 0.923096 0.0301208 0.114746 0.0393066
1 0.980225 0.0707245 0.0375977 0.0853577 0.0375671
1 0.975342 0.939697 0.0356445 0.108887 0.0344849
1 0.986328 0.917725 0.0253906 0.109863 0.0342407
1 0.027359 0.889648 0.0275574 0.167969 0.029007
13 0.804199 0.233704 0.0507812 0.0496826 0.0284576
4 0.973389 0.263672 0.0493164 0.439453 0.0255737
1 0.812988 0.981445 0.265625 0.0214844 0.0203705
1 0.0327301 0.813477 0.0365906 0.332031 0.0203247
2 0.816895 0.978271 0.317383 0.0317383 0.0171661
1 0.731445 0.981445 0.120117 0.0214844 0.015976
1 0.981445 0.958984 0.0273438 0.0761719 0.0155258
13 0.417969 0.691895 0.0380859 0.133789 0.0136108
1 0.0271301 0.910156 0.038269 0.169922 0.0119934
1 0.972656 0.957275 0.0410156 0.0717773 0.0118408
13 0.824707 0.17749 0.0820312 0.157227 0.0108032
4 0.963135 0.476562 0.0639648 0.942383 0.0101776
2 0.830078 0.944092 0.298828 0.0961914 0.00999451
13 0.808594 0.204407 0.0898438 0.12146 0.00907135
13 0.733887 0.683105 0.0380859 0.178711 0.00901794
1 0.744141 0.668945 0.0263672 0.15625 0.00885773
2 0.837891 0.1698 0.132812 0.157959 0.00882721
13 0.860352 0.127808 0.107422 0.0803223 0.00878143
13 0.744141 0.716309 0.0361328 0.256836 0.0082016
1 0.831787 0.969727 0.305176 0.0507812 0.00749588
1 0.0250854 0.963623 0.0386963 0.0610352 0.00676346
1 0.0400391 0.0787354 0.0422363 0.133545 0.00634003
2 0.785645 0.230225 0.0488281 0.0537109 0.00619888
1 0.742188 0.680664 0.0371094 0.192383 0.00603485
1 0.798828 0.233154 0.0585938 0.0556641 0.0055809
13 0.754395 0.678711 0.0332031 0.144531 0.00541306
14 0.744141 0.669434 0.0253906 0.15332 0.00524902
1 0.972412 0.970459 0.0356445 0.0512695 0.00524139
13 0.412109 0.67627 0.0463867 0.171875 0.00508499
1 0.619141 0.981445 0.167969 0.0234375 0.00508499
1 0.0296936 0.870117 0.0360718 0.214844 0.00505447
1 0.0311584 0.91748 0.0409546 0.118164 0.00497437
2 0.808594 0.204407 0.0898438 0.12146 0.00466156
13 0.739258 0.646484 0.0419922 0.132812 0.00458527
13 0.96582 0.354736 0.0605469 0.583496 0.00458145
9 0.797852 0.233398 0.0595703 0.0571289 0.0042305
4 0.96582 0.330078 0.0644531 0.585938 0.00421143
13 0.397705 0.908691 0.0756836 0.0878906 0.00415039
2 0.744141 0.671387 0.0253906 0.161133 0.00380135
13 0.737305 0.672363 0.03125 0.115234 0.00379753
13 0.772461 0.671387 0.0888672 0.18457 0.00359726
13 0.818115 0.975342 0.312988 0.0375977 0.00350952
13 0.742188 0.65625 0.0224609 0.0966797 0.00341225
1 0.0400391 0.0569305 0.0526123 0.0860901 0.00338745
1 0.982178 0.970703 0.0297852 0.046875 0.0032711
14 0.745117 0.672852 0.0371094 0.180664 0.00325203
13 0.979736 0.0890808 0.0327148 0.124573 0.00315857
4 0.837891 0.1698 0.132812 0.157959 0.003088
13 0.974609 0.238831 0.0449219 0.415894 0.00300789
9 0.831787 0.969727 0.305176 0.0507812 0.00294304
2 0.80127 0.22583 0.0751953 0.103027 0.00290489
13 0.970703 0.112183 0.0351562 0.184326 0.00282097
13 0.891602 0.796387 0.0332031 0.0292969 0.00270844
1 0.0385742 0.180298 0.0421143 0.324463 0.00265694
13 0.974854 0.460938 0.0424805 0.624023 0.00260353
1 0.9729 0.0856476 0.034668 0.118256 0.00255013
1 0.975342 0.151703 0.0375977 0.233215 0.00250626
4 0.744629 0.672363 0.0244141 0.168945 0.00243187
13 0.03125 0.866699 0.0330811 0.237305 0.00242424
1 0.982666 0.83252 0.0288086 0.297852 0.00230217
8 0.799805 0.233948 0.0625 0.0560303 0.00220299
14 0.981689 0.951416 0.0366211 0.0874023 0.00218201
1 0.976562 0.884766 0.0351562 0.199219 0.00210381
1 0.962891 0.940918 0.0605469 0.100586 0.00200272
14 0.802246 0.980225 0.258789 0.0258789 0.00195885
2 0.887695 0.796875 0.0380859 0.0292969 0.00195503
4 0.972656 0.386963 0.0449219 0.608887 0.00188637
13 0.975342 0.151703 0.0375977 0.233215 0.00185108
13 0.743164 0.752441 0.0439453 0.353516 0.00184917
1 0.0227966 0.980469 0.0374146 0.0351562 0.00184917
1 0.0308838 0.0683899 0.0484619 0.117126 0.00182724
12 0.798828 0.233154 0.0585938 0.0556641 0.00181675
13 0.745605 0.688477 0.0185547 0.0976562 0.00177193
1 0.034668 0.106201 0.0404053 0.173828 0.00177193
4 0.0504761 0.447754 0.0750732 0.895508 0.0017395
13 0.762695 0.689941 0.0517578 0.15625 0.0017252
2 0.981689 0.951416 0.0366211 0.0874023 0.00170898
2 0.744141 0.674805 0.0449219 0.189453 0.00167942
14 0.0273438 0.922363 0.0318604 0.0986328 0.00167561
4 0.746094 0.671387 0.0400391 0.181641 0.00164127
6 0.798828 0.233154 0.0585938 0.0556641 0.00162983
13 0.744141 0.643066 0.0224609 0.147461 0.00161171
13 0.982666 0.949219 0.034668 0.0996094 0.00160694
14 0.742676 0.66748 0.0195312 0.0966797 0.00159931
13 0.980469 0.905762 0.0332031 0.15332 0.00154781
13 0.740234 0.67627 0.0214844 0.0966797 0.00153828
4 0.802246 0.231445 0.0732422 0.0576172 0.00152779
4 0.0328979 0.800049 0.0396729 0.378418 0.00150204
1 0.981201 0.968262 0.0375977 0.0634766 0.00149727
13 0.722168 0.680176 0.0751953 0.199219 0.00149632
13 0.749512 0.700195 0.0302734 0.161133 0.00148106
2 0.981445 0.86377 0.0351562 0.266602 0.00145626
1 0.991211 0.933105 0.0175781 0.0927734 0.0014143
1 0.744141 0.97583 0.453125 0.0444336 0.0013628
4 0.977295 0.518921 0.0395508 0.587158 0.00133705
1 0.981445 0.0989075 0.0351562 0.143494 0.00133133
5 0.798828 0.233154 0.0585938 0.0556641 0.00129414
13 0.748535 0.680176 0.0908203 0.19043 0.00128746
14 0.985352 0.943604 0.0273438 0.0717773 0.00128365
13 0.980469 0.0690918 0.0390625 0.0825195 0.00123692
1 0.960205 0.9646 0.0620117 0.0610352 0.00123215
4 0.0418701 0.24646 0.0603027 0.477783 0.0012207
1 0.0370941 0.901855 0.0478821 0.157227 0.00118065
1 0.845215 0.165405 0.126953 0.1521 0.00117874
1 0.751953 0.672363 0.0390625 0.186523 0.00117588
13 0.0283203 0.930908 0.0301514 0.108887 0.0011692
1 0.970703 0.112183 0.0351562 0.184326 0.00115585
7 0.796875 0.23468 0.0576172 0.0496826 0.00114155
2 0.969727 0.248474 0.0605469 0.442505 0.0011282
2 0.785156 0.22876 0.0751953 0.0629883 0.00112152
1 0.0198364 0.973389 0.0396729 0.0473633 0.00111771
2 0.86084 0.925293 0.174805 0.0576172 0.00111675
16 0.797852 0.233398 0.0595703 0.0571289 0.00110912
10 0.797852 0.233398 0.0595703 0.0571289 0.00106716
13 0.896484 0.13147 0.0361328 0.0859375 0.00105572
2 0.0283203 0.930908 0.0301514 0.108887 0.00103951
13 0.425049 0.73584 0.0336914 0.0537109 0.00103378
3 0.797852 0.233398 0.0595703 0.0571289 0.00102615
13 0.842285 0.124481 0.170898 0.103577 0.00101757
15 0.797852 0.233398 0.0595703 0.0571289 0.00100994
19 0.797852 0.233398 0.0595703 0.0571289 0.00100613
1 0.979736 0.863037 0.0405273 0.273926 0.00100613
