2 0.454834 0.113739 0.318848 0.206604 0.842285
2 0.482422 0.170654 0.287109 0.0925293 0.753906
2 0.335205 0.092041 0.0883789 0.152588 0.716309
13 0.342773 0.0935974 0.0786133 0.150696 0.479736
1 0.978516 0.951172 0.0371094 0.0820312 0.104309
1 0.977783 0.0543823 0.0327148 0.072876 0.0316772
1 0.0351562 0.0434113 0.0354004 0.0777283 0.0284729
1 0.978271 0.922363 0.0356445 0.131836 0.0261993
14 0.97876 0.950928 0.0424805 0.0766602 0.0202179
1 0.974609 0.954102 0.0332031 0.0605469 0.018158
1 0.978516 0.0517273 0.0429688 0.0942993 0.0179291
4 0.0352783 0.209045 0.0544434 0.415894 0.017395
1 0.0270691 0.931641 0.0320435 0.09375 0.0171356
2 0.324219 0.100098 0.187988 0.153564 0.0139084
2 0.509277 0.148041 0.321289 0.125793 0.012825
13 0.454224 0.113159 0.320068 0.194824 0.0117111
9 0.457886 0.115692 0.31665 0.197815 0.0108261
1 0.0269928 0.895508 0.0348816 0.166016 0.00995636
9 0.482422 0.170654 0.287109 0.0925293 0.00982666
13 0.475708 0.166382 0.243896 0.100098 0.00974274
2 0.481934 0.164795 0.180664 0.0949707 0.00952148
2 0.378418 0.102539 0.194336 0.157959 0.00891876
13 0.036499 0.20813 0.0495605 0.41626 0.00869751
14 0.335449 0.0930176 0.0913086 0.155273 0.00798035
2 0.460693 0.121033 0.184082 0.2052 0.00746536
1 0.969727 0.0489044 0.0449219 0.0662537 0.00686646
1 0.335449 0.0930176 0.0913086 0.155273 0.00645065
4 0.462891 0.11734 0.308594 0.190613 0.00618744
1 0.982422 0.920898 0.0214844 0.101562 0.00617981
2 0.35498 0.102173 0.102051 0.179199 0.00597763
14 0.455566 0.114502 0.310547 0.202393 0.00546265
2 0.439453 0.156616 0.303711 0.124756 0.00541306
2 0.253845 0.104248 0.278442 0.179199 0.004879
2 0.645142 0.0975342 0.658936 0.16748 0.00471878
9 0.336914 0.0915527 0.0888672 0.154785 0.00449753
1 0.976807 0.148621 0.034668 0.243774 0.00444412
1 0.977539 0.100586 0.0351562 0.157471 0.00402451
14 0.478027 0.164795 0.259766 0.0949707 0.00402451
2 0.972656 0.0532837 0.03125 0.0800781 0.00394821
1 0.0254211 0.914062 0.0271606 0.0878906 0.00390625
13 0.0331421 0.13443 0.0286865 0.200867 0.0038662
1 0.0349731 0.88501 0.0432129 0.200684 0.00384903
4 0.0410919 0.295776 0.0574646 0.498291 0.00372505
1 0.455566 0.114502 0.310547 0.202393 0.00364876
1 0.0366364 0.081604 0.0353699 0.158569 0.00356674
1 0.482422 0.170654 0.287109 0.0925293 0.00354767
1 0.975586 0.966064 0.0371094 0.050293 0.00329781
2 0.510864 0.457642 0.849365 0.727295 0.00322723
1 0.983398 0.895996 0.0253906 0.0957031 0.00317955
2 0.48584 0.171387 0.12207 0.0864258 0.00317574
4 0.342285 0.0933228 0.0805664 0.154907 0.00306892
4 0.0494537 0.479492 0.0976257 0.936523 0.00296211
8 0.337158 0.0914307 0.0854492 0.152832 0.00283623
8 0.460693 0.113037 0.306152 0.185791 0.00283432
2 0.0494537 0.479492 0.0976257 0.936523 0.00280952
1 0.978271 0.872559 0.0336914 0.231445 0.00277901
4 0.487793 0.168335 0.243164 0.09375 0.00274086
1 0.0276337 0.86084 0.0397034 0.24707 0.00260162
1 0.0405273 0.0375977 0.0534668 0.0600586 0.00256729
1 0.0297241 0.0662842 0.0355225 0.132568 0.00256348
1 0.979248 0.94043 0.0239258 0.0800781 0.00256348
8 0.487793 0.168335 0.243164 0.09375 0.00253677
1 0.984375 0.92627 0.0234375 0.0693359 0.00247955
1 0.0244751 0.949219 0.0354004 0.0703125 0.00244141
1 0.970703 0.063446 0.0390625 0.101135 0.0020752
2 0.188354 0.0710449 0.33374 0.129639 0.00201416
6 0.454834 0.113739 0.318848 0.206604 0.00197029
1 0.868652 0.0292511 0.211914 0.023407 0.00188828
6 0.487793 0.168335 0.243164 0.09375 0.0018425
1 0.96167 0.961426 0.0629883 0.0537109 0.00182724
4 0.0348511 0.153198 0.0444336 0.306396 0.00178623
2 0.589844 0.129028 0.536133 0.143799 0.00175571
19 0.461426 0.114349 0.317383 0.2005 0.00174332
1 0.0283203 0.9375 0.0240479 0.0742188 0.00171471
2 0.980469 0.0545044 0.0351562 0.0662842 0.00167847
19 0.335449 0.0930176 0.0913086 0.155273 0.00165558
1 0.980469 0.879883 0.0234375 0.130859 0.00162411
1 0.0385742 0.055954 0.0454102 0.091217 0.00158024
2 0.512573 0.0843201 0.439697 0.138977 0.00156689
4 0.961426 0.556763 0.0576172 0.872803 0.0015583
2 0.337891 0.0989685 0.0712891 0.0945435 0.00155449
15 0.335449 0.0930176 0.0913086 0.155273 0.00154305
7 0.457886 0.115692 0.31665 0.197815 0.00154114
16 0.458618 0.113617 0.297607 0.174133 0.00152206
15 0.461426 0.114349 0.317383 0.2005 0.00150204
10 0.335449 0.0930176 0.0913086 0.155273 0.00149536
10 0.461426 0.114349 0.317383 0.2005 0.00148487
5 0.335449 0.0930176 0.0913086 0.155273 0.00148392
5 0.461426 0.114349 0.317383 0.2005 0.00147915
11 0.461426 0.114349 0.317383 0.2005 0.0014677
11 0.335449 0.0930176 0.0913086 0.155273 0.0014677
7 0.335449 0.0930176 0.0913086 0.155273 0.00146103
12 0.335449 0.0930176 0.0913086 0.155273 0.00146103
2 0.323792 0.10083 0.266479 0.20166 0.00146008
3 0.335449 0.0930176 0.0913086 0.155273 0.00143909
6 0.336914 0.0915527 0.0888672 0.154785 0.00143814
1 0.981689 0.825684 0.0288086 0.285156 0.00139618
18 0.458618 0.113617 0.297607 0.174133 0.00139141
13 0.9729 0.106934 0.0307617 0.172119 0.00138283
12 0.461426 0.114349 0.317383 0.2005 0.00137424
17 0.335449 0.0930176 0.0913086 0.155273 0.00136852
18 0.335449 0.0930176 0.0913086 0.155273 0.00134087
1 0.975586 0.918945 0.0273438 0.101562 0.00133991
3 0.461426 0.114349 0.317383 0.2005 0.00132656
2 0.0275879 0.929443 0.0354004 0.105957 0.00132084
17 0.461426 0.114349 0.317383 0.2005 0.00130081
15 0.482422 0.170654 0.287109 0.0925293 0.00124359
0 0.335449 0.0930176 0.0913086 0.155273 0.00124073
13 0.0332794 0.147644 0.040863 0.260376 0.0012207
1 0.84082 0.0296021 0.24707 0.0330811 0.00119591
12 0.482422 0.170654 0.287109 0.0925293 0.00119209
0 0.458496 0.116058 0.321289 0.195618 0.00117588
1 0.97168 0.938965 0.0429688 0.0869141 0.00115871
2 0.977539 0.944336 0.0410156 0.0957031 0.00115013
11 0.490234 0.1698 0.233398 0.0898438 0.00114727
16 0.482422 0.170654 0.287109 0.0925293 0.00114155
7 0.482422 0.170654 0.287109 0.0925293 0.00114155
16 0.335449 0.0930176 0.0913086 0.155273 0.00113869
8 0.476074 0.151978 0.305664 0.118652 0.0011282
6 0.476074 0.151978 0.305664 0.118652 0.00111961
0 0.487793 0.168335 0.243164 0.09375 0.00110149
13 0.324463 0.0866394 0.0908203 0.161682 0.00109959
1 0.984863 0.955078 0.0302734 0.0742188 0.00108242
4 0.934814 0.498047 0.10498 0.892578 0.00107574
2 0.977539 0.0534668 0.0449219 0.0974121 0.00107384
13 0.337891 0.0989685 0.0712891 0.0945435 0.00107193
10 0.482422 0.170654 0.287109 0.0925293 0.00106812
4 0.967529 0.68811 0.0395508 0.567139 0.00106239
3 0.482422 0.170654 0.287109 0.0925293 0.00105286
2 0.191345 0.0480347 0.329224 0.0787354 0.00103092
