2 0.478027 0.818848 0.197266 0.112305 0.85791
13 0.571289 0.834473 0.0400391 0.0849609 0.460449
1 0.981689 0.945068 0.0307617 0.0981445 0.234619
2 0.571289 0.83252 0.0390625 0.0830078 0.119507
13 0.191528 0.760254 0.101807 0.0664062 0.098999
1 0.980713 0.922607 0.034668 0.146973 0.0548706
14 0.469238 0.817871 0.179688 0.0957031 0.052124
1 0.982178 0.962646 0.0356445 0.0708008 0.0426636
13 0.175018 0.757324 0.184631 0.0830078 0.0317993
13 0.480469 0.819824 0.192383 0.102539 0.0281372
1 0.571289 0.834473 0.0361328 0.0878906 0.0268097
14 0.571289 0.834473 0.0361328 0.0878906 0.0222778
2 0.472046 0.817871 0.107666 0.0820312 0.0212097
1 0.972412 0.965088 0.0317383 0.0639648 0.0204315
2 0.514771 0.51416 0.841553 0.738281 0.0203552
2 0.557617 0.824219 0.129883 0.0957031 0.0141068
4 0.0419159 0.736084 0.049469 0.500488 0.0129852
1 0.976807 0.887207 0.0366211 0.204102 0.0120468
2 0.480957 0.802734 0.25293 0.166992 0.012001
4 0.0437012 0.611694 0.0533447 0.581299 0.0112915
9 0.480957 0.819336 0.195312 0.102539 0.00921631
1 0.972412 0.938965 0.0317383 0.112305 0.00814819
13 0.218262 0.155518 0.0708008 0.0483398 0.00807953
1 0.977539 0.972412 0.0292969 0.0512695 0.00804138
13 0.0416412 0.782227 0.0402527 0.380859 0.00776291
13 0.580078 0.834473 0.03125 0.0771484 0.00759125
1 0.0241394 0.95166 0.0341187 0.0654297 0.00718689
1 0.97168 0.918457 0.0390625 0.131836 0.00632858
13 0.0437012 0.611694 0.0533447 0.581299 0.00629807
1 0.970459 0.956543 0.043457 0.0869141 0.00608444
1 0.980713 0.836914 0.0307617 0.298828 0.00576019
1 0.974609 0.0650482 0.0351562 0.0957336 0.00551987
2 0.20752 0.762207 0.106934 0.0664062 0.0052681
1 0.986328 0.930908 0.0273438 0.118652 0.00516891
1 0.470215 0.819824 0.173828 0.0966797 0.00510025
1 0.075531 0.960938 0.103333 0.0410156 0.0050354
1 0.976807 0.116547 0.0385742 0.196594 0.00485992
13 0.207214 0.750488 0.0987549 0.0859375 0.00471115
13 0.579102 0.832031 0.117188 0.0810547 0.00447464
13 0.557617 0.824219 0.129883 0.0957031 0.00426865
2 0.579102 0.832031 0.117188 0.0810547 0.0040741
1 0.191528 0.760254 0.101807 0.0664062 0.00389099
2 0.474487 0.785645 0.336182 0.232422 0.00377083
8 0.470703 0.819336 0.169922 0.0976562 0.00361633
1 0.0302734 0.947021 0.0246582 0.0766602 0.00319099
1 0.973633 0.233948 0.0449219 0.4198 0.00311661
13 0.198486 0.76709 0.074707 0.0566406 0.003088
2 0.445435 0.818359 0.198975 0.0908203 0.00282478
4 0.482056 0.818848 0.201904 0.103516 0.00277328
1 0.96167 0.967529 0.0551758 0.0571289 0.0027256
13 0.563965 0.831055 0.0634766 0.0869141 0.00257683
1 0.0293121 0.919189 0.0232849 0.106934 0.00248528
1 0.162842 0.762207 0.186035 0.0722656 0.00224304
1 0.0227814 0.967285 0.0398865 0.0537109 0.00217438
2 0.446777 0.838867 0.342773 0.236328 0.00214386
1 0.0415649 0.0477753 0.0567627 0.0802307 0.00209045
1 0.0528564 0.955322 0.0666504 0.0600586 0.00208282
6 0.482056 0.818848 0.201904 0.103516 0.00198555
13 0.199707 0.730469 0.115234 0.126953 0.00196838
14 0.472046 0.817871 0.107666 0.0820312 0.00193882
1 0.983398 0.900635 0.0234375 0.17334 0.00192356
1 0.96167 0.943848 0.0551758 0.0986328 0.0018158
10 0.470703 0.819336 0.169922 0.0976562 0.00169945
2 0.473755 0.788086 0.184326 0.136719 0.00166702
7 0.480957 0.819336 0.195312 0.102539 0.00159931
19 0.470703 0.819336 0.169922 0.0976562 0.00151253
16 0.480957 0.819336 0.195312 0.102539 0.00149536
11 0.470703 0.819336 0.169922 0.0976562 0.0014534
1 0.080719 0.966309 0.102234 0.0263672 0.00143242
1 0.970459 0.0524902 0.0415039 0.0670166 0.00142765
0 0.482056 0.818848 0.201904 0.103516 0.00141907
12 0.469238 0.819336 0.179688 0.101562 0.00141621
13 0.0754089 0.96167 0.103577 0.0395508 0.00141144
1 0.0353394 0.914307 0.0335693 0.120605 0.00140762
15 0.469238 0.817871 0.179688 0.0957031 0.00139236
3 0.470703 0.819336 0.169922 0.0976562 0.00136662
10 0.571289 0.834473 0.0361328 0.0878906 0.00135899
13 0.983398 0.900635 0.0234375 0.17334 0.00133038
1 0.979736 0.055603 0.0385742 0.0689697 0.00132751
18 0.480957 0.819336 0.195312 0.102539 0.00131035
2 0.493042 0.564941 0.849854 0.420898 0.00129032
4 0.570312 0.83252 0.0341797 0.0830078 0.00122738
13 0.0402374 0.849854 0.0372009 0.253418 0.00119877
5 0.480469 0.819824 0.192383 0.102539 0.001194
4 0.968994 0.480835 0.0620117 0.942627 0.00119019
13 0.841797 0.619141 0.0263672 0.0722656 0.00118256
13 0.0363617 0.899414 0.0339661 0.152344 0.00113201
17 0.48291 0.820801 0.202148 0.102539 0.00111771
9 0.571289 0.834473 0.0400391 0.0849609 0.00108814
11 0.571289 0.834473 0.0361328 0.0878906 0.00106716
6 0.571289 0.834473 0.0361328 0.0878906 0.00103378
12 0.571289 0.834473 0.0361328 0.0878906 0.00102234
13 0.981689 0.943359 0.0288086 0.107422 0.00101662
