2 0.546387 0.745117 0.338867 0.135742 0.780762
13 0.666504 0.601562 0.0722656 0.208008 0.724609
13 0.651367 0.613281 0.0566406 0.178711 0.683105
4 0.065979 0.465576 0.103149 0.931152 0.12793
13 0.651855 0.615723 0.0498047 0.117188 0.0527344
2 0.645508 0.608398 0.141602 0.245117 0.0492859
4 0.86377 0.594849 0.0996094 0.55249 0.0366211
2 0.663086 0.592773 0.09375 0.181641 0.0330505
2 0.540894 0.706055 0.349854 0.22168 0.0326538
13 0.549316 0.743164 0.326172 0.129883 0.0300598
14 0.549316 0.744141 0.322266 0.125977 0.0271759
2 0.435303 0.744629 0.600098 0.165039 0.0260773
2 0.373901 0.710449 0.658447 0.237305 0.026001
2 0.375488 0.49939 0.664062 0.811768 0.0248718
13 0.68457 0.592773 0.0849609 0.198242 0.0238495
2 0.568359 0.747559 0.267578 0.0976562 0.0234375
2 0.562012 0.63916 0.300781 0.297852 0.0222473
13 0.645508 0.608398 0.141602 0.245117 0.019455
1 0.970703 0.0660248 0.046875 0.11795 0.0166016
4 0.878906 0.462158 0.149414 0.836426 0.0153198
2 0.379028 0.692749 0.669678 0.522705 0.0142746
2 0.0664062 0.472656 0.106689 0.945312 0.0131683
9 0.556763 0.74707 0.316162 0.108398 0.0129929
1 0.0199738 0.901367 0.0276794 0.142578 0.00905609
13 0.559692 0.606445 0.255615 0.244141 0.00901794
1 0.0199127 0.925293 0.0245056 0.0927734 0.00885773
14 0.671387 0.597168 0.0810547 0.199219 0.00818634
1 0.658691 0.593262 0.0732422 0.200195 0.00735474
1 0.54834 0.743652 0.333008 0.132812 0.00720596
13 0.641113 0.591309 0.0722656 0.213867 0.00712585
13 0.685059 0.607422 0.165039 0.243164 0.0066452
4 0.945068 0.450684 0.0942383 0.901367 0.00631714
2 0.654297 0.611328 0.0634766 0.183594 0.00528336
2 0.36731 0.555298 0.648193 0.490967 0.00514603
1 0.0429688 0.046463 0.053833 0.0874939 0.00513077
4 0.0966797 0.435547 0.160889 0.871094 0.00486374
13 0.57019 0.614258 0.3479 0.3125 0.00479507
4 0.654297 0.601562 0.0673828 0.202148 0.00466919
14 0.651367 0.613281 0.0566406 0.178711 0.00393677
13 0.619629 0.598633 0.233398 0.249023 0.0038929
1 0.969482 0.164795 0.0454102 0.312012 0.00353813
1 0.0410156 0.0585938 0.076416 0.11084 0.00352669
4 0.549316 0.741211 0.332031 0.126953 0.00331497
1 0.961182 0.0542755 0.0463867 0.106781 0.00301933
2 0.483887 0.385498 0.892578 0.76123 0.00289345
1 0.975342 0.0960693 0.0415039 0.189453 0.00287056
13 0.658691 0.578125 0.0693359 0.146484 0.00267601
13 0.6875 0.603516 0.243164 0.277344 0.00265694
8 0.548828 0.740723 0.329102 0.132812 0.00263977
1 0.0192413 0.871338 0.0347595 0.200684 0.00243759
2 0.540161 0.739746 0.18335 0.12793 0.00238609
2 0.515137 0.62207 0.449219 0.400391 0.00229073
2 0.495972 0.480591 0.595947 0.691162 0.0022831
6 0.548828 0.740723 0.329102 0.132812 0.00219917
13 0.614258 0.625488 0.15918 0.228516 0.00217628
2 0.414185 0.63623 0.632568 0.287109 0.00203514
13 0.554199 0.739258 0.361328 0.205078 0.00202179
13 0.654297 0.641602 0.078125 0.233398 0.00194073
13 0.699219 0.612305 0.0683594 0.196289 0.00190258
14 0.662598 0.603027 0.0703125 0.145508 0.00182724
13 0.864258 0.594238 0.0898438 0.539062 0.00182056
4 0.0350952 0.246582 0.0549316 0.493164 0.0017271
4 0.916748 0.447266 0.137207 0.894531 0.00169849
2 0.509644 0.197327 0.912354 0.377808 0.00168991
2 0.544922 0.722168 0.263672 0.155273 0.00163746
14 0.651855 0.615723 0.0498047 0.117188 0.00161362
1 0.950928 0.0486908 0.0727539 0.0854797 0.00160599
2 0.445312 0.307739 0.890625 0.450928 0.0015974
0 0.548828 0.740723 0.329102 0.132812 0.00144386
11 0.55127 0.743652 0.314453 0.129883 0.00142097
1 0.977295 0.14502 0.0336914 0.195801 0.00139809
4 0.354248 0.47168 0.638184 0.904297 0.00139618
18 0.667969 0.600098 0.0830078 0.205078 0.00138855
4 0.0444336 0.488647 0.065918 0.800049 0.00136375
7 0.667969 0.600586 0.0830078 0.207031 0.00134373
9 0.54895 0.720703 0.3396 0.203125 0.00133228
5 0.667969 0.600586 0.0830078 0.207031 0.00133228
8 0.667969 0.600586 0.0830078 0.207031 0.00133228
13 0.673828 0.601562 0.0644531 0.114258 0.00132751
3 0.549805 0.740723 0.323242 0.125977 0.00130081
2 0.609375 0.730469 0.235352 0.0917969 0.00129509
7 0.549805 0.740723 0.323242 0.125977 0.00129032
15 0.546387 0.745117 0.338867 0.135742 0.00128746
1 0.0293427 0.0681152 0.0487366 0.118896 0.00126934
4 0.0394897 0.474609 0.0789795 0.949219 0.00126362
1 0.031189 0.884277 0.041626 0.164062 0.00126266
12 0.546387 0.745117 0.338867 0.135742 0.00125885
16 0.546387 0.745117 0.338867 0.135742 0.00124359
3 0.667969 0.600586 0.0830078 0.207031 0.00124264
13 0.871582 0.702637 0.0576172 0.317383 0.00123501
13 0.0664062 0.472656 0.106689 0.945312 0.00123405
9 0.651367 0.612793 0.0576172 0.180664 0.00119305
5 0.543457 0.742676 0.332031 0.137695 0.00119209
10 0.549316 0.743164 0.326172 0.129883 0.00118637
19 0.543457 0.742676 0.332031 0.137695 0.00118256
12 0.667969 0.600586 0.0830078 0.207031 0.0011673
17 0.543457 0.742676 0.332031 0.137695 0.00114632
16 0.667969 0.600586 0.0830078 0.207031 0.00114059
18 0.54834 0.743652 0.333008 0.132812 0.00110245
2 0.940674 0.400757 0.11084 0.772705 0.0010891
10 0.667969 0.600586 0.0830078 0.207031 0.00107098
13 0.561523 0.691895 0.31543 0.231445 0.00105667
17 0.667969 0.600586 0.0830078 0.207031 0.00104713
19 0.666504 0.601074 0.0810547 0.204102 0.00104427
6 0.667969 0.600586 0.0830078 0.207031 0.00102234
2 0.651855 0.615723 0.0498047 0.117188 0.00101852
15 0.667969 0.600586 0.0830078 0.207031 0.00100327
