2 0.682617 0.675781 0.257812 0.130859 0.886719
13 0.779297 0.177795 0.0996094 0.0980225 0.328125
13 0.757324 0.0993652 0.0253906 0.0612793 0.211304
13 0.455566 0.821289 0.0566406 0.0976562 0.196533
13 0.753906 0.106293 0.0390625 0.0813599 0.092041
13 0.836914 0.363159 0.245117 0.521729 0.0891113
1 0.978516 0.942871 0.0371094 0.104492 0.0778809
1 0.0371094 0.0417633 0.0454102 0.08078 0.0678101
2 0.683105 0.6875 0.181641 0.125 0.0488281
4 0.064209 0.489746 0.102783 0.961914 0.0455017
14 0.0281982 0.951172 0.0473633 0.0859375 0.0411987
1 0.0266724 0.935547 0.0358887 0.0898438 0.0407104
2 0.0626984 0.488647 0.0999451 0.964111 0.0398865
13 0.86377 0.0666504 0.0185547 0.0440674 0.0394897
13 0.92041 0.169312 0.0527344 0.109131 0.0332031
13 0.683105 0.680664 0.245117 0.125977 0.0292664
1 0.980713 0.962402 0.0366211 0.0732422 0.0242004
4 0.976562 0.237976 0.046875 0.436157 0.0241394
13 0.969727 0.27356 0.0527344 0.450928 0.0236969
13 0.92334 0.307312 0.104492 0.485962 0.0219269
13 0.760742 0.186218 0.134766 0.122192 0.0209808
13 0.800781 0.289978 0.1875 0.399536 0.0201569
13 0.432739 0.615234 0.0935059 0.119141 0.0191956
13 0.896973 0.312195 0.138672 0.319946 0.0176697
1 0.0281982 0.951172 0.0473633 0.0859375 0.0171509
13 0.739258 0.117188 0.0605469 0.11377 0.0159454
13 0.88623 0.307312 0.160156 0.476196 0.0156403
1 0.776855 0.176331 0.0966797 0.101929 0.0140991
2 0.686523 0.696289 0.320312 0.198242 0.01371
13 0.97583 0.160095 0.034668 0.217896 0.012001
2 0.452759 0.821777 0.0622559 0.0976562 0.011322
14 0.681641 0.681152 0.257812 0.129883 0.0110855
1 0.974365 0.924316 0.0415039 0.129883 0.0107269
4 0.0404663 0.753662 0.0549316 0.453613 0.00968933
9 0.681641 0.681152 0.253906 0.124023 0.00856018
13 0.726562 0.106934 0.0800781 0.0979004 0.00823975
2 0.449585 0.520996 0.753174 0.839844 0.00808716
13 0.447876 0.801758 0.244873 0.171875 0.00799561
13 0.438477 0.672852 0.413086 0.241211 0.00766754
13 0.975342 0.121948 0.0297852 0.185059 0.00754547
13 0.772949 0.358154 0.161133 0.602051 0.00727463
13 0.759766 0.120361 0.0400391 0.107422 0.00594711
4 0.0471191 0.664551 0.0556641 0.563477 0.00584793
1 0.0316772 0.918701 0.0449219 0.137207 0.00567627
13 0.437012 0.62207 0.0600586 0.103516 0.00547791
13 0.759277 0.320435 0.104492 0.450928 0.00517273
4 0.973145 0.327026 0.0537109 0.556885 0.00517273
13 0.773438 0.143188 0.0976562 0.136475 0.00496674
1 0.677246 0.683594 0.28418 0.125977 0.00486755
13 0.952393 0.282227 0.0834961 0.537109 0.00486755
13 0.912598 0.252686 0.0439453 0.29541 0.00485992
2 0.635254 0.708008 0.475586 0.226562 0.00469589
2 0.0287781 0.94165 0.0464478 0.106934 0.00468063
1 0.981445 0.946777 0.0253906 0.0673828 0.00458527
14 0.760254 0.099884 0.0224609 0.0634155 0.0041275
13 0.73291 0.281738 0.0371094 0.105957 0.00406265
2 0.978271 0.911133 0.0375977 0.160156 0.00405884
13 0.795898 0.17041 0.0800781 0.0856934 0.00403976
2 0.438477 0.672852 0.413086 0.241211 0.00398636
4 0.95752 0.470215 0.0712891 0.832031 0.00377846
2 0.686035 0.686523 0.106445 0.100586 0.00375366
4 0.679199 0.681152 0.260742 0.12207 0.0036087
13 0.884277 0.356323 0.209961 0.619385 0.0036087
13 0.910156 0.183289 0.0498047 0.109009 0.00358009
2 0.769531 0.688965 0.394531 0.193359 0.00353432
13 0.912598 0.270508 0.0644531 0.351562 0.00344658
2 0.432983 0.615723 0.0969238 0.118164 0.00340843
13 0.869141 0.0670776 0.0175781 0.046875 0.00335312
2 0.760254 0.099884 0.0224609 0.0634155 0.00333405
1 0.454834 0.821289 0.0581055 0.0996094 0.00333214
8 0.681641 0.682129 0.246094 0.124023 0.00331879
2 0.656738 0.697266 0.326172 0.138672 0.00330544
1 0.980469 0.132599 0.0253906 0.202087 0.00324059
1 0.0371094 0.0743408 0.0408936 0.148682 0.00323296
13 0.762695 0.0965881 0.0244141 0.0614624 0.00320053
2 0.470703 0.73877 0.819336 0.453125 0.00298119
13 0.932129 0.214722 0.0429688 0.208252 0.00294876
14 0.452759 0.821777 0.0622559 0.0976562 0.00292969
13 0.748047 0.137543 0.0878906 0.129211 0.00292015
14 0.777344 0.181213 0.100586 0.0941162 0.00290489
14 0.0266724 0.935547 0.0358887 0.0898438 0.0027771
2 0.776855 0.176331 0.0966797 0.101929 0.00271034
13 0.936035 0.156097 0.0693359 0.135559 0.00257492
2 0.654785 0.65918 0.350586 0.193359 0.00246811
2 0.447876 0.801758 0.244873 0.171875 0.00244141
13 0.969727 0.187622 0.0527344 0.264893 0.00237083
4 0.0356445 0.821533 0.0466309 0.29834 0.00235939
13 0.849609 0.0732422 0.175781 0.092041 0.00231361
1 0.976562 0.0708771 0.0332031 0.122894 0.0022316
13 0.90332 0.26123 0.0654297 0.230469 0.00222397
13 0.841309 0.287048 0.198242 0.341919 0.00221252
1 0.97168 0.957275 0.0410156 0.0717773 0.00221252
6 0.675781 0.683105 0.28125 0.124023 0.00205421
2 0.979492 0.950195 0.0351562 0.0898438 0.00200844
13 0.896973 0.224792 0.0966797 0.431274 0.00199318
13 0.446167 0.812988 0.0812988 0.107422 0.0019455
1 0.977783 0.0505524 0.034668 0.0771179 0.00192642
13 0.937988 0.227051 0.0673828 0.454102 0.00191784
1 0.975342 0.883545 0.0395508 0.191895 0.00191498
2 0.264221 0.195557 0.435425 0.309082 0.00190926
2 0.0332642 0.89502 0.0551758 0.194336 0.00179386
13 0.921387 0.156189 0.0615234 0.157349 0.0017662
14 0.0316772 0.918701 0.0449219 0.137207 0.00176239
4 0.779297 0.177795 0.0996094 0.0980225 0.00175571
13 0.78125 0.286194 0.113281 0.41687 0.00175476
13 0.824219 0.465576 0.0585938 0.157715 0.00172424
2 0.971924 0.942139 0.0444336 0.0942383 0.00171852
13 0.732422 0.174622 0.140625 0.129272 0.00167942
13 0.957764 0.411133 0.0844727 0.769531 0.00163841
1 0.984863 0.953613 0.0302734 0.0830078 0.00162506
13 0.896973 0.222656 0.0576172 0.214355 0.00161839
13 0.976807 0.328247 0.0463867 0.577881 0.00160694
13 0.929199 0.48877 0.129883 0.896484 0.00158787
7 0.681641 0.681152 0.253906 0.124023 0.00158405
1 0.0301208 0.0517578 0.0504761 0.103516 0.00157547
13 0.877441 0.327393 0.131836 0.219727 0.00154686
1 0.758789 0.100494 0.0253906 0.0636597 0.00154686
19 0.677246 0.683594 0.28418 0.125977 0.00154591
2 0.976562 0.865479 0.0390625 0.245605 0.00153828
10 0.680176 0.682617 0.251953 0.125 0.00150585
1 0.985352 0.911133 0.0214844 0.109375 0.00150204
4 0.953613 0.320557 0.0830078 0.640137 0.00148678
13 0.776367 0.301331 0.143555 0.276245 0.00146484
15 0.678223 0.682617 0.282227 0.124023 0.00146389
5 0.678223 0.682617 0.282227 0.124023 0.0014534
13 0.774902 0.102051 0.0371094 0.0703125 0.00144482
13 0.978516 0.942871 0.0371094 0.104492 0.00144291
3 0.680176 0.681152 0.256836 0.120117 0.00139809
1 0.0244141 0.964111 0.039917 0.0717773 0.00138474
11 0.678223 0.682617 0.282227 0.124023 0.00137043
16 0.680176 0.681152 0.256836 0.120117 0.00136662
4 0.978516 0.181885 0.0371094 0.34668 0.00136566
14 0.755371 0.100952 0.0332031 0.0717773 0.00132847
14 0.980469 0.951904 0.0390625 0.0844727 0.00132465
1 0.0205688 0.915771 0.0357666 0.11377 0.00131226
12 0.678223 0.682617 0.282227 0.124023 0.00130272
17 0.678223 0.682617 0.282227 0.124023 0.00129795
0 0.679199 0.681152 0.260742 0.12207 0.00128651
1 0.984375 0.931152 0.0195312 0.0771484 0.00128651
13 0.864258 0.0664062 0.0283203 0.0518799 0.0012579
13 0.975586 0.102661 0.0429688 0.161377 0.00124645
2 0.954102 0.512085 0.0917969 0.932861 0.0012455
18 0.681641 0.681152 0.253906 0.124023 0.00123978
2 0.0453491 0.939697 0.0650635 0.101074 0.00122738
13 0.450928 0.840332 0.0581055 0.0927734 0.00122738
4 0.455566 0.821289 0.0566406 0.0976562 0.00118256
2 0.246399 0.736328 0.435913 0.451172 0.00117493
4 0.835938 0.365356 0.233398 0.511475 0.0011549
2 0.0546417 0.375 0.0769958 0.74707 0.00111866
1 0.754395 0.109009 0.0361328 0.0893555 0.00109196
13 0.750977 0.109863 0.09375 0.107422 0.00106144
13 0.697754 0.671387 0.31543 0.209961 0.00104237
13 0.0626984 0.488647 0.0999451 0.964111 0.00103283
2 0.477417 0.769043 0.400635 0.260742 0.00101948
2 0.962646 0.379517 0.074707 0.707764 0.00100327
2 0.754395 0.109009 0.0361328 0.0893555 0.00100327
13 0.802246 0.446533 0.269531 0.495605 0.00100231
