13 0.707031 0.209045 0.102539 0.173706 0.803711
13 0.543457 0.222656 0.0390625 0.279785 0.489746
13 0.6875 0.176941 0.0546875 0.115845 0.246216
2 0.54248 0.217285 0.0419922 0.277832 0.167358
13 0.696289 0.189331 0.0771484 0.142334 0.153931
2 0.296753 0.187927 0.523682 0.338989 0.0626221
2 0.522949 0.20697 0.0996094 0.289185 0.0415039
2 0.705566 0.21167 0.108398 0.186523 0.0385742
2 0.552734 0.226379 0.0419922 0.259155 0.0204773
13 0.549805 0.217102 0.0742188 0.290405 0.0189514
13 0.62793 0.223145 0.166992 0.241699 0.016037
13 0.696289 0.219482 0.15332 0.202637 0.0158081
1 0.543945 0.220032 0.0380859 0.261108 0.0137787
13 0.732422 0.209717 0.155273 0.20459 0.0132751
1 0.977295 0.0578003 0.0356445 0.09021 0.013237
1 0.0273438 0.92041 0.0263672 0.110352 0.0126495
14 0.704102 0.210266 0.108398 0.184937 0.00984192
4 0.94751 0.485962 0.0834961 0.89917 0.00966644
1 0.023819 0.958496 0.0343933 0.0751953 0.00906372
1 0.705566 0.21167 0.108398 0.186523 0.0089798
1 0.974854 0.0500641 0.0483398 0.0680847 0.00712585
4 0.706543 0.20813 0.104492 0.178955 0.00695038
14 0.54248 0.217285 0.0419922 0.277832 0.00577545
14 0.686035 0.174805 0.0537109 0.112305 0.00576019
13 0.552734 0.244141 0.0410156 0.236328 0.00538635
2 0.482422 0.485352 0.859375 0.947266 0.00538254
13 0.712402 0.246399 0.104492 0.143921 0.00532913
13 0.662109 0.196564 0.149414 0.214783 0.00524139
13 0.538086 0.174744 0.0292969 0.23645 0.00495529
2 0.544922 0.218933 0.0859375 0.272095 0.00465393
1 0.686035 0.174805 0.0537109 0.112305 0.00420761
13 0.571777 0.226318 0.0878906 0.266602 0.00418472
2 0.469727 0.197266 0.222656 0.293945 0.00413513
1 0.0477295 0.0473022 0.0635986 0.0900879 0.00393677
2 0.571777 0.226318 0.0878906 0.266602 0.00392914
13 0.708984 0.263916 0.103516 0.269531 0.00390244
2 0.512329 0.165894 0.11499 0.331787 0.0038414
1 0.694824 0.190308 0.0878906 0.138916 0.00383568
2 0.686035 0.174805 0.0537109 0.112305 0.00373077
1 0.0302734 0.933594 0.036377 0.0839844 0.00367737
13 0.969971 0.100311 0.0366211 0.171936 0.00347137
13 0.674316 0.212891 0.286133 0.283691 0.00345421
2 0.36377 0.467773 0.658203 0.749023 0.00334549
13 0.757324 0.207397 0.268555 0.277588 0.00329399
13 0.541992 0.217773 0.0322266 0.143555 0.00324631
13 0.670898 0.151611 0.0439453 0.0681152 0.00295258
2 0.69043 0.184082 0.0800781 0.128906 0.0029335
14 0.69043 0.184082 0.0800781 0.128906 0.00292778
1 0.0400238 0.0871582 0.0451965 0.166748 0.00254822
13 0.705078 0.218506 0.0830078 0.112305 0.00243759
13 0.537598 0.181274 0.0400391 0.340088 0.00232887
1 0.979736 0.0839539 0.0385742 0.137268 0.00226974
13 0.52832 0.226074 0.0800781 0.266113 0.00224304
4 0.0488739 0.474121 0.0719299 0.948242 0.00220299
2 0.307251 0.28125 0.49292 0.358887 0.00211906
8 0.705566 0.21167 0.108398 0.186523 0.00208664
2 0.48877 0.220947 0.150391 0.270508 0.00206375
13 0.970947 0.0645447 0.034668 0.109192 0.00202942
1 0.970947 0.0645447 0.034668 0.109192 0.00201988
13 0.534668 0.0691833 0.0244141 0.0784302 0.00189877
9 0.700684 0.204468 0.101562 0.168213 0.00187492
2 0.623535 0.224365 0.161133 0.232422 0.00187397
18 0.709961 0.210938 0.105469 0.185059 0.00184345
13 0.506836 0.0881348 0.145508 0.17627 0.00183678
7 0.709473 0.210205 0.103516 0.187012 0.00182629
5 0.709473 0.210205 0.103516 0.187012 0.00177097
1 0.038559 0.177917 0.045929 0.331665 0.00171661
3 0.709473 0.210205 0.103516 0.187012 0.00168991
12 0.709473 0.210205 0.103516 0.187012 0.00166416
13 0.679199 0.157959 0.0458984 0.0803223 0.00157547
1 0.0356445 0.0530853 0.0512695 0.100372 0.00153732
10 0.709473 0.210205 0.103516 0.187012 0.00152683
13 0.979492 0.0983887 0.0390625 0.154785 0.00152493
16 0.709473 0.210205 0.103516 0.187012 0.00151539
1 0.0292816 0.94751 0.0272522 0.0737305 0.00149536
13 0.681152 0.202576 0.0673828 0.189575 0.00147915
6 0.709473 0.210205 0.103516 0.187012 0.00139618
17 0.709473 0.210205 0.103516 0.187012 0.00139046
2 0.309448 0.307129 0.574463 0.588867 0.00137997
2 0.727539 0.1922 0.166992 0.206421 0.00137711
15 0.709473 0.210205 0.103516 0.187012 0.00136852
4 0.290527 0.192627 0.488281 0.285645 0.00133228
11 0.709473 0.210205 0.103516 0.187012 0.00132179
19 0.709473 0.210205 0.103516 0.187012 0.00131607
0 0.705566 0.21167 0.108398 0.186523 0.00126648
2 0.661621 0.218384 0.150391 0.225342 0.00126457
4 0.543945 0.223694 0.0410156 0.282104 0.0012064
13 0.542969 0.172852 0.0712891 0.345703 0.00115013
12 0.696777 0.194824 0.0908203 0.14209 0.00108719
13 0.54834 0.233398 0.0341797 0.145508 0.00108051
18 0.696777 0.194824 0.0908203 0.14209 0.00106239
6 0.696777 0.194824 0.0908203 0.14209 0.00102615
9 0.539551 0.218079 0.0400391 0.278687 0.00101185
13 0.666016 0.180542 0.0742188 0.151123 0.00100517
13 0.515625 0.473633 0.816406 0.888672 0.00100231
