2 0.631348 0.802246 0.217773 0.0527344 0.816895
13 0.756348 0.47937 0.0205078 0.146729 0.310791
13 0.358154 0.940186 0.0620117 0.0649414 0.224976
1 0.0235748 0.942139 0.0242615 0.059082 0.164185
13 0.763672 0.506348 0.0498047 0.389648 0.141357
13 0.754883 0.46167 0.03125 0.221191 0.108337
13 0.756348 0.508789 0.0234375 0.292969 0.107422
13 0.366699 0.927734 0.0805664 0.0917969 0.0809937
13 0.76123 0.540894 0.0361328 0.289307 0.0770874
13 0.757812 0.466797 0.0341797 0.314453 0.056488
13 0.924805 0.939941 0.0488281 0.0537109 0.0549927
2 0.630371 0.804199 0.145508 0.0458984 0.0467529
13 0.374756 0.89502 0.0878906 0.129883 0.0402222
1 0.0252075 0.91748 0.0241699 0.116211 0.0295868
1 0.969727 0.0484619 0.0429688 0.0887451 0.0278168
13 0.9375 0.943115 0.0556641 0.0610352 0.0271454
2 0.636719 0.794434 0.196289 0.0898438 0.023056
1 0.980713 0.945801 0.0288086 0.0849609 0.0229645
14 0.634277 0.800293 0.207031 0.0458984 0.0177002
13 0.754883 0.410156 0.0244141 0.300781 0.0153275
1 0.9375 0.943115 0.0556641 0.0610352 0.0151291
13 0.78418 0.49707 0.0878906 0.402344 0.0147171
4 0.0485687 0.606812 0.0559387 0.616455 0.0141983
1 0.0212402 0.930176 0.0262451 0.0742188 0.013443
13 0.754883 0.477051 0.0146484 0.0966797 0.012558
13 0.750977 0.43689 0.0429688 0.25708 0.0124969
13 0.344482 0.938232 0.109863 0.0727539 0.0124664
13 0.773926 0.544922 0.0546875 0.287109 0.0120087
1 0.983154 0.962891 0.0336914 0.0664062 0.0114899
2 0.637207 0.804688 0.106445 0.0361328 0.0105209
13 0.36084 0.931641 0.0385742 0.0498047 0.0102921
1 0.962891 0.0731659 0.0546875 0.117096 0.0100937
2 0.63623 0.814941 0.208008 0.0507812 0.00991058
13 0.954102 0.102539 0.0605469 0.0549316 0.0092926
1 0.0343628 0.0589447 0.0438232 0.113556 0.0092392
1 0.981445 0.915039 0.0292969 0.123047 0.00836945
13 0.947266 0.112518 0.0566406 0.0435181 0.00834656
4 0.0432281 0.746094 0.0492859 0.507812 0.00804901
13 0.632812 0.732422 0.177734 0.169922 0.00708771
1 0.626953 0.803711 0.198242 0.0429688 0.00676346
13 0.769043 0.592285 0.0488281 0.418945 0.00589752
1 0.976562 0.0678558 0.0351562 0.107941 0.00588226
1 0.756348 0.47937 0.0205078 0.146729 0.00563812
1 0.0187683 0.952393 0.0308228 0.0541992 0.00553894
13 0.634277 0.800293 0.207031 0.0458984 0.00526047
13 0.754883 0.384033 0.0283203 0.197754 0.00511551
9 0.626953 0.804199 0.191406 0.0458984 0.00507355
13 0.770508 0.557129 0.0732422 0.365234 0.00461197
2 0.621582 0.79248 0.176758 0.0566406 0.00458527
13 0.782715 0.645996 0.0263672 0.0605469 0.00447845
1 0.0283051 0.936523 0.0279846 0.0683594 0.0042305
1 0.967285 0.938232 0.0322266 0.090332 0.00390434
2 0.632812 0.732422 0.177734 0.169922 0.00369644
13 0.426514 0.175537 0.019043 0.0693359 0.00365257
13 0.369629 0.933594 0.0634766 0.0458984 0.00359344
1 0.96875 0.035553 0.0546875 0.071106 0.00358772
1 0.964111 0.873047 0.0444336 0.183594 0.00350952
1 0.965576 0.912842 0.043457 0.11377 0.00346184
13 0.819336 0.456482 0.173828 0.478638 0.00318527
2 0.634766 0.796875 0.256836 0.146484 0.00315857
13 0.760254 0.464355 0.0244141 0.160156 0.003088
13 0.959961 0.88623 0.0449219 0.148438 0.00299454
4 0.966553 0.693359 0.0512695 0.599609 0.00292015
14 0.756348 0.479614 0.0205078 0.144287 0.00290489
4 0.0617676 0.496826 0.0910645 0.955566 0.00287247
14 0.0235901 0.937012 0.0241089 0.0712891 0.00276184
1 0.974854 0.957764 0.0307617 0.0668945 0.00275421
8 0.631348 0.802246 0.217773 0.0527344 0.00274658
13 0.427734 0.830078 0.0214844 0.136719 0.00266647
13 0.952637 0.0925903 0.0673828 0.0828857 0.00266647
14 0.780762 0.789551 0.0292969 0.0166016 0.0025692
1 0.0339355 0.914551 0.036377 0.107422 0.00254822
1 0.0328522 0.0688477 0.0289001 0.119141 0.00254822
2 0.756348 0.479614 0.0205078 0.144287 0.00252533
13 0.310303 0.94043 0.144043 0.0742188 0.00247192
4 0.634277 0.805176 0.207031 0.0439453 0.00247192
13 0.753418 0.45166 0.0205078 0.144531 0.00244522
4 0.0426636 0.396973 0.0611572 0.793945 0.00239754
2 0.356201 0.94165 0.0673828 0.0698242 0.00238609
1 0.358154 0.940186 0.0620117 0.0649414 0.00235748
13 0.759277 0.475586 0.0166016 0.0957031 0.00235558
13 0.755371 0.463684 0.03125 0.495483 0.00233269
1 0.967529 0.10965 0.0356445 0.175232 0.00231743
2 0.654785 0.799805 0.138672 0.0458984 0.00221252
1 0.02005 0.966553 0.0344849 0.0571289 0.00219536
13 0.950439 0.0754852 0.0795898 0.112701 0.00215912
13 0.356689 0.92041 0.109863 0.114258 0.00213432
2 0.926758 0.94165 0.0488281 0.0561523 0.00212479
13 0.74707 0.483276 0.0380859 0.240479 0.00207901
13 0.949707 0.931641 0.0478516 0.0712891 0.00204468
13 0.786133 0.640625 0.0224609 0.0820312 0.00203514
13 0.754883 0.53418 0.0869141 0.487305 0.0020237
13 0.84082 0.40332 0.232422 0.625 0.00201988
13 0.843262 0.151733 0.0449219 0.101807 0.00201607
1 0.978271 0.886963 0.0375977 0.187012 0.00200272
1 0.0268402 0.953125 0.0300598 0.0527344 0.00200081
4 0.969727 0.729004 0.0371094 0.473633 0.00190353
13 0.756836 0.416504 0.0429688 0.371094 0.00188541
13 0.376221 0.867188 0.0717773 0.167969 0.00187016
13 0.765625 0.590332 0.0654297 0.237305 0.00186062
1 0.0364838 0.869385 0.0403137 0.206543 0.00184441
1 0.952148 0.10498 0.0605469 0.0671387 0.00180817
13 0.964844 0.859863 0.0332031 0.206055 0.00178337
13 0.388428 0.661621 0.120117 0.133789 0.00176811
13 0.762207 0.435425 0.0488281 0.242432 0.00173664
6 0.635742 0.800781 0.203125 0.0478516 0.00169086
13 0.424805 0.860352 0.0214844 0.0449219 0.00168896
1 0.763672 0.506348 0.0498047 0.389648 0.00167179
13 0.625977 0.67041 0.182617 0.257812 0.00164604
13 0.729492 0.472778 0.107422 0.450928 0.00153923
13 0.759277 0.516113 0.0224609 0.202148 0.00152397
13 0.75293 0.572266 0.0576172 0.46875 0.00152206
13 0.426025 0.85498 0.0214844 0.078125 0.00150394
13 0.57666 0.192383 0.0546875 0.161621 0.00147915
4 0.358154 0.940186 0.0620117 0.0649414 0.00146866
13 0.65332 0.710938 0.125 0.177734 0.0014677
13 0.756836 0.463989 0.0185547 0.263428 0.00145435
1 0.754883 0.452393 0.03125 0.240723 0.00141621
2 0.680176 0.802246 0.265625 0.0400391 0.00138474
4 0.0618286 0.666504 0.0662842 0.604492 0.00135326
2 0.65332 0.710938 0.125 0.177734 0.00133991
2 0.763672 0.504395 0.0576172 0.37207 0.0012846
13 0.615234 0.686035 0.106445 0.132812 0.00127983
4 0.218262 0.600098 0.0878906 0.743164 0.00127888
1 0.972656 0.942139 0.0292969 0.074707 0.00124645
2 0.589233 0.807617 0.255127 0.0400391 0.00122643
1 0.76123 0.540894 0.0361328 0.289307 0.00120258
5 0.634766 0.799316 0.200195 0.046875 0.00115681
0 0.635742 0.800781 0.203125 0.0478516 0.00114536
1 0.968994 0.0928345 0.0424805 0.112671 0.00113869
2 0.0236206 0.942139 0.026001 0.0571289 0.00113869
3 0.634766 0.799316 0.200195 0.046875 0.00113487
13 0.978271 0.886963 0.0375977 0.187012 0.00110722
1 0.92334 0.94043 0.0478516 0.0537109 0.00109959
4 0.0429535 0.307007 0.0539856 0.528564 0.00109768
14 0.358887 0.94165 0.0644531 0.065918 0.00108814
2 0.638184 0.807617 0.0712891 0.0332031 0.00108528
13 0.95752 0.246704 0.0654297 0.463623 0.00106621
13 0.762207 0.550293 0.0322266 0.1875 0.00105953
13 0.706055 0.549683 0.148438 0.496338 0.00104618
1 0.0134888 0.947754 0.0269775 0.0556641 0.00103378
1 0.986328 0.939453 0.0273438 0.0703125 0.00102806
13 0.392578 0.870117 0.081543 0.119141 0.00102615
4 0.757324 0.51123 0.0332031 0.318359 0.00102615
1 0.158691 0.0293579 0.248535 0.0339355 0.00102329
13 0.791016 0.556152 0.0615234 0.166016 0.00102234
10 0.634277 0.800293 0.207031 0.0458984 0.00101852
2 0.611816 0.808105 0.0839844 0.0322266 0.00101376
13 0.807129 0.550781 0.155273 0.470703 0.00100231
