2 0.416504 0.733398 0.173828 0.230469 0.797852
1 0.982666 0.940674 0.034668 0.103027 0.215332
1 0.0336914 0.945312 0.0534668 0.0957031 0.167969
1 0.036377 0.918945 0.0422363 0.140625 0.0778198
1 0.986328 0.932129 0.0234375 0.108398 0.0614929
13 0.41748 0.73291 0.158203 0.208008 0.0506897
1 0.978516 0.922607 0.0371094 0.133301 0.0455933
13 0.407959 0.28833 0.0273438 0.0527344 0.0443726
2 0.358582 0.731934 0.320923 0.230469 0.0376587
13 0.0366211 0.902832 0.0400391 0.157227 0.0297546
1 0.982422 0.94873 0.0273438 0.0751953 0.0232391
1 0.0351562 0.950195 0.0330811 0.0800781 0.0231323
1 0.980469 0.053421 0.0292969 0.0664978 0.0222168
2 0.637573 0.529663 0.621338 0.870361 0.0143585
1 0.982422 0.867676 0.0292969 0.231445 0.0132523
14 0.41748 0.73291 0.158203 0.208008 0.0125961
9 0.416626 0.73291 0.166748 0.212891 0.00902557
1 0.03125 0.922363 0.0251465 0.0927734 0.00865936
1 0.0318451 0.93335 0.0400696 0.0922852 0.00853729
1 0.981689 0.959229 0.0366211 0.081543 0.00836945
13 0.0374756 0.870117 0.0499268 0.253906 0.00777435
1 0.409668 0.725098 0.177734 0.21582 0.00763321
1 0.0317993 0.964111 0.0566406 0.0717773 0.00727844
1 0.974854 0.883301 0.0385742 0.211914 0.00656891
1 0.975586 0.822754 0.0410156 0.336914 0.00581741
1 0.0327148 0.871094 0.0360107 0.203125 0.0057106
1 0.977783 0.148743 0.0385742 0.239624 0.00567627
2 0.036377 0.920898 0.0574951 0.158203 0.00543976
4 0.982178 0.800293 0.0317383 0.348633 0.0052681
13 0.0472412 0.887451 0.0568848 0.184082 0.00514984
13 0.985352 0.9021 0.0234375 0.154785 0.00495911
2 0.285706 0.733398 0.47937 0.333008 0.00479889
4 0.0380249 0.796875 0.0495605 0.363281 0.00439835
2 0.506226 0.95874 0.915283 0.0825195 0.00418091
1 0.97168 0.939697 0.046875 0.0991211 0.00409698
1 0.986328 0.898438 0.0273438 0.164062 0.00397491
4 0.953125 0.479614 0.078125 0.898193 0.0035305
8 0.412964 0.723145 0.158447 0.208984 0.00346184
14 0.0327759 0.932617 0.0401611 0.113281 0.00341797
13 0.321533 0.331543 0.0263672 0.0761719 0.00338745
2 0.478516 0.460693 0.764648 0.872559 0.00337791
1 0.0348511 0.0547028 0.0515137 0.0934753 0.00333405
4 0.416504 0.733887 0.175781 0.223633 0.0031929
13 0.0336914 0.945312 0.0534668 0.0957031 0.00318909
1 0.0322266 0.85498 0.0469971 0.268555 0.00294304
1 0.0445099 0.932861 0.0625916 0.118652 0.00283623
2 0.480469 0.985352 0.865234 0.0292969 0.00283051
2 0.465088 0.740234 0.312012 0.209961 0.00281334
13 0.0358276 0.857422 0.0391846 0.18457 0.0027523
2 0.0328217 0.946533 0.0534973 0.0913086 0.00262451
1 0.0429688 0.957031 0.0568848 0.0742188 0.00250816
4 0.974365 0.266907 0.0512695 0.49353 0.00242424
13 0.798828 0.54834 0.0224609 0.0527344 0.00237846
2 0.0374756 0.870117 0.0499268 0.253906 0.00237465
13 0.036377 0.920898 0.0574951 0.158203 0.00224876
2 0.798828 0.54834 0.0224609 0.0527344 0.00201416
1 0.974609 0.945312 0.03125 0.0917969 0.00199127
2 0.983398 0.908691 0.0273438 0.157227 0.00195503
2 0.634766 0.52002 0.59668 0.541016 0.00191593
4 0.95874 0.329346 0.0727539 0.593262 0.0019083
14 0.0336914 0.950928 0.0517578 0.0883789 0.00187492
19 0.416504 0.733398 0.173828 0.230469 0.00186062
2 0.705322 0.733643 0.534668 0.51709 0.00183296
2 0.577637 0.75293 0.665039 0.345703 0.0018034
4 0.0368652 0.867676 0.0474854 0.249023 0.00179005
1 0.0279846 0.0665131 0.0365601 0.115021 0.00176048
10 0.416504 0.733398 0.173828 0.230469 0.00172806
2 0.486328 0.405273 0.887695 0.555664 0.00168514
16 0.421021 0.733887 0.173584 0.185547 0.00167847
7 0.421021 0.733887 0.173584 0.185547 0.00164032
5 0.416504 0.733398 0.173828 0.230469 0.00162315
6 0.4198 0.733398 0.162354 0.213867 0.00161362
18 0.421021 0.733887 0.173584 0.185547 0.0015974
11 0.421021 0.733887 0.173584 0.185547 0.00157261
3 0.416992 0.732422 0.168945 0.227539 0.00156975
15 0.416992 0.732422 0.168945 0.227539 0.00154495
14 0.40918 0.287109 0.0244141 0.0546875 0.00152969
13 0.449463 0.734863 0.26709 0.212891 0.00150394
2 0.633667 0.687988 0.625244 0.301758 0.00149918
0 0.415161 0.735352 0.169678 0.185547 0.00146294
12 0.415161 0.735352 0.169678 0.185547 0.001441
1 0.986328 0.0516968 0.0273438 0.0550537 0.00143242
2 0.118378 0.957764 0.188049 0.0688477 0.00142288
17 0.421021 0.733887 0.173584 0.185547 0.00140953
1 0.0517578 0.041275 0.0794678 0.0707703 0.00137043
1 0.0240631 0.913086 0.0387878 0.125 0.00135136
2 0.417969 0.724609 0.105469 0.135742 0.00131989
1 0.973389 0.0500031 0.0493164 0.0862732 0.00130653
1 0.0377197 0.797852 0.045166 0.371094 0.00129128
2 0.407959 0.288086 0.0229492 0.0576172 0.00127125
1 0.0341797 0.184875 0.032959 0.325562 0.00123692
2 0.398071 0.781738 0.193115 0.125977 0.00122547
13 0.976562 0.9375 0.0332031 0.109375 0.00117207
1 0.164246 0.970459 0.292603 0.043457 0.00112915
1 0.972656 0.187439 0.0390625 0.249146 0.00112629
4 0.978516 0.711792 0.0429688 0.552979 0.00112629
2 0.405029 0.779297 0.351074 0.279297 0.00108814
2 0.400024 0.621582 0.330811 0.516602 0.0010519
2 0.470581 0.58606 0.482666 0.700928 0.00103092
2 0.401855 0.761719 0.274414 0.206055 0.00101948
1 0.0302734 0.902344 0.0285645 0.109375 0.00101662
1 0.981445 0.0832825 0.0351562 0.125427 0.00100708
