13 0.51416 0.809082 0.09375 0.303711 0.710938
2 0.51709 0.805176 0.0859375 0.300781 0.470947
13 0.488647 0.79248 0.159424 0.291016 0.31958
13 0.252991 0.632812 0.0955811 0.119141 0.258545
13 0.236877 0.648926 0.0799561 0.111328 0.232056
13 0.173889 0.665527 0.248901 0.25 0.22583
1 0.976562 0.0652313 0.0371094 0.0843811 0.206055
13 0.177094 0.677734 0.20343 0.175781 0.138062
2 0.454834 0.741211 0.197754 0.177734 0.102661
13 0.40625 0.782715 0.101562 0.0400391 0.0986938
13 0.450317 0.738281 0.191162 0.163086 0.0918579
1 0.983887 0.952881 0.0322266 0.0883789 0.0608521
1 0.035141 0.0562744 0.0432434 0.0893555 0.0601501
13 0.255859 0.595703 0.108887 0.192383 0.0599976
1 0.0263824 0.96167 0.0324402 0.0688477 0.0557556
2 0.488647 0.79248 0.159424 0.291016 0.0520325
4 0.945557 0.485352 0.0932617 0.939453 0.0412598
4 0.0691376 0.475098 0.108551 0.942383 0.0401917
1 0.976318 0.0916748 0.0356445 0.135498 0.0339661
1 0.974609 0.96167 0.0332031 0.074707 0.0334473
13 0.213318 0.652832 0.169067 0.160156 0.0309143
13 0.44751 0.81543 0.260254 0.316406 0.0243988
2 0.579224 0.495239 0.685303 0.798584 0.0160828
1 0.980225 0.921631 0.0356445 0.156738 0.0148926
2 0.548706 0.807129 0.170166 0.291992 0.0148544
2 0.406494 0.737305 0.251465 0.147461 0.0143433
2 0.435547 0.808594 0.273438 0.25 0.0135956
13 0.438721 0.783691 0.175293 0.165039 0.0128937
13 0.535034 0.799805 0.208252 0.305664 0.0124283
13 0.514648 0.748535 0.0859375 0.194336 0.0120697
13 0.0800781 0.510132 0.134033 0.868408 0.0110703
2 0.395386 0.791992 0.238525 0.15625 0.0103607
13 0.542603 0.460938 0.670654 0.921875 0.00999451
13 0.269043 0.562988 0.158691 0.277344 0.00984955
1 0.516113 0.806641 0.0917969 0.292969 0.00843811
2 0.250916 0.623047 0.0958252 0.133789 0.00808716
2 0.306519 0.743652 0.500244 0.208984 0.0075264
14 0.516602 0.806641 0.0898438 0.301758 0.00749588
2 0.722778 0.859375 0.540771 0.28125 0.00746155
2 0.236877 0.648926 0.0799561 0.111328 0.00742722
1 0.0261688 0.939697 0.035553 0.118652 0.00741196
13 0.23291 0.621094 0.106934 0.142578 0.00690079
13 0.227051 0.649902 0.121094 0.125 0.00662613
13 0.581543 0.450562 0.0371094 0.140869 0.00643539
1 0.976562 0.12677 0.0390625 0.193726 0.00636673
13 0.299194 0.807617 0.528564 0.322266 0.00632858
2 0.72998 0.762451 0.520508 0.475098 0.00616074
2 0.263306 0.862793 0.453857 0.262695 0.006073
1 0.977051 0.0670471 0.0458984 0.128113 0.00580215
2 0.172913 0.683594 0.253784 0.257812 0.00578308
13 0.259216 0.65332 0.138794 0.108398 0.00575638
13 0.309143 0.708984 0.426636 0.19043 0.00572586
2 0.259216 0.65332 0.138794 0.108398 0.00542831
2 0.404053 0.78418 0.0952148 0.0449219 0.00508118
1 0.981201 0.936523 0.0258789 0.125 0.0050087
13 0.418213 0.773438 0.134277 0.0673828 0.00498581
13 0.97583 0.946777 0.034668 0.106445 0.0048027
2 0.177094 0.677734 0.20343 0.175781 0.00448227
2 0.71875 0.800781 0.460938 0.333008 0.00431824
2 0.736328 0.524902 0.492188 0.874023 0.00418472
13 0.160767 0.726074 0.263916 0.336914 0.00413513
4 0.103638 0.469727 0.178711 0.916016 0.00412369
1 0.984375 0.913574 0.0234375 0.147461 0.00386047
13 0.230713 0.681152 0.101074 0.180664 0.0037632
1 0.03302 0.0662079 0.0574951 0.113678 0.003685
1 0.488647 0.79248 0.159424 0.291016 0.00359726
2 0.25293 0.59375 0.116699 0.204102 0.00358391
13 0.967773 0.896729 0.0449219 0.194824 0.00354767
13 0.9729 0.105835 0.0307617 0.178223 0.00350952
2 0.977783 0.063797 0.0405273 0.0823669 0.00348091
13 0.811035 0.796387 0.0244141 0.0771484 0.00346565
4 0.51355 0.800781 0.0959473 0.302734 0.00340652
13 0.200317 0.624512 0.209229 0.227539 0.00337601
2 0.936523 0.5271 0.101562 0.92627 0.00330353
1 0.0252228 0.952881 0.0452576 0.0766602 0.00325203
2 0.974365 0.960449 0.0317383 0.0751953 0.00298882
1 0.172913 0.683594 0.253784 0.257812 0.00297737
13 0.977783 0.063797 0.0405273 0.0823669 0.00291634
13 0.504517 0.723145 0.103271 0.131836 0.00286865
2 0.436401 0.500122 0.633057 0.925537 0.00286102
4 0.488647 0.79248 0.159424 0.291016 0.00278473
13 0.267761 0.733398 0.422485 0.30957 0.00274658
2 0.376343 0.713867 0.389893 0.260742 0.00273514
2 0.418213 0.773438 0.134277 0.0673828 0.00263596
2 0.59436 0.814941 0.293701 0.268555 0.00258446
13 0.248291 0.647949 0.139648 0.188477 0.00255013
13 0.832031 0.799805 0.0410156 0.0742188 0.00255013
1 0.177094 0.677734 0.20343 0.175781 0.00253868
1 0.236877 0.648926 0.0799561 0.111328 0.00252533
13 0.245361 0.675293 0.214844 0.195312 0.00248528
14 0.250916 0.623047 0.0958252 0.133789 0.00247765
1 0.980469 0.966309 0.0273438 0.0634766 0.00247765
2 0.522339 0.297729 0.865479 0.590088 0.00243187
9 0.516113 0.806641 0.0888672 0.302734 0.0024147
14 0.239258 0.650391 0.0693359 0.111328 0.00224304
13 0.259949 0.580078 0.388306 0.610352 0.00223541
1 0.252991 0.632812 0.0955811 0.119141 0.00216484
13 0.256348 0.679199 0.344238 0.310547 0.00213051
2 0.525391 0.845947 0.305664 0.306152 0.00208092
2 0.951172 0.40686 0.0917969 0.748779 0.00205994
1 0.977295 0.200134 0.0375977 0.341919 0.00204659
13 0.95874 0.841797 0.0571289 0.248047 0.00203323
13 0.146759 0.717773 0.217224 0.244141 0.00202751
13 0.9375 0.83252 0.0976562 0.0830078 0.00193977
1 0.456055 0.73584 0.203125 0.157227 0.00186443
2 0.26416 0.660156 0.157227 0.166992 0.00184536
2 0.299194 0.807617 0.528564 0.322266 0.00184441
13 0.166992 0.492188 0.317871 0.871094 0.00176525
13 0.84668 0.800781 0.0322266 0.0820312 0.00172615
13 0.505859 0.827148 0.0664062 0.248047 0.00171947
14 0.488647 0.79248 0.159424 0.291016 0.00170708
13 0.733887 0.807861 0.485352 0.343262 0.00169277
13 0.483276 0.831055 0.067627 0.248047 0.00168133
13 0.948242 0.86084 0.0878906 0.147461 0.00167179
13 0.950928 0.831543 0.0708008 0.0615234 0.00165844
1 0.984863 0.0713959 0.0302734 0.0879211 0.00165367
13 0.289062 0.615723 0.228516 0.248047 0.00165081
2 0.435547 0.742188 0.170898 0.12207 0.00162029
8 0.513672 0.800781 0.0957031 0.308594 0.00160503
2 0.0695496 0.453979 0.11969 0.859619 0.00154972
2 0.467285 0.80957 0.268555 0.361328 0.00153446
1 0.0254669 0.904053 0.0384216 0.191895 0.00150967
13 0.176147 0.555542 0.276123 0.527588 0.00148582
13 0.717773 0.550049 0.489258 0.864746 0.00144672
13 0.9646 0.839844 0.0551758 0.152344 0.00144482
5 0.513672 0.800781 0.0957031 0.308594 0.0014286
13 0.39502 0.722656 0.307617 0.177734 0.00141621
18 0.511719 0.801758 0.103516 0.308594 0.00138855
7 0.512329 0.80127 0.108154 0.295898 0.00136852
13 0.961426 0.962646 0.0615234 0.0688477 0.00135708
13 0.972412 0.960205 0.0317383 0.0776367 0.00135231
3 0.512329 0.80127 0.108154 0.295898 0.00134373
13 0.512695 0.740234 0.131836 0.226562 0.00131702
10 0.511719 0.801758 0.103516 0.308594 0.00131416
2 0.909912 0.50647 0.180176 0.957764 0.00126171
13 0.281494 0.48877 0.510254 0.875977 0.00125408
13 0.395264 0.79834 0.244629 0.21875 0.00125217
13 0.575195 0.449707 0.0605469 0.430664 0.00125122
13 0.42334 0.759766 0.142578 0.125977 0.00124168
16 0.511719 0.801758 0.103516 0.308594 0.00123405
6 0.512695 0.80127 0.103516 0.301758 0.00123215
1 0.975586 0.881592 0.0429688 0.236816 0.00122166
13 0.589844 0.46582 0.137695 0.78418 0.00121307
13 0.459473 0.725098 0.272461 0.279297 0.00120735
14 0.456055 0.73584 0.203125 0.157227 0.0012064
1 0.272827 0.858398 0.509033 0.246094 0.00119114
17 0.511719 0.801758 0.103516 0.308594 0.00118732
2 0.937988 0.819824 0.102539 0.188477 0.0011816
1 0.981445 0.86084 0.0273438 0.268555 0.00118065
13 0.978516 0.130524 0.0410156 0.233582 0.00117207
13 0.473633 0.845703 0.12793 0.294922 0.00116825
2 0.768311 0.925537 0.428223 0.127441 0.00116444
12 0.512329 0.80127 0.108154 0.295898 0.00114822
19 0.511719 0.801758 0.103516 0.308594 0.00114155
2 0.429077 0.546875 0.495361 0.707031 0.00113869
1 0.25293 0.59375 0.116699 0.204102 0.00113869
11 0.507812 0.806152 0.109375 0.311523 0.00111389
15 0.513672 0.800781 0.0957031 0.308594 0.00110912
13 0.581543 0.451172 0.0566406 0.268555 0.00109196
4 0.173889 0.665527 0.248901 0.25 0.00109196
1 0.986328 0.96875 0.0273438 0.0625 0.00107574
2 0.269043 0.562988 0.158691 0.277344 0.00107098
4 0.0462494 0.459839 0.0840149 0.845947 0.00106716
14 0.974365 0.960449 0.0317383 0.0751953 0.00106335
1 0.977539 0.0448151 0.0371094 0.0744324 0.00105858
0 0.512329 0.80127 0.108154 0.295898 0.00105
4 0.454834 0.741211 0.197754 0.177734 0.00104713
2 0.788574 0.961914 0.401367 0.0761719 0.0010376
1 0.02742 0.0930786 0.044281 0.164185 0.00102711
14 0.173889 0.665527 0.248901 0.25 0.00101757
13 0.394409 0.782715 0.218994 0.0908203 0.0010128
13 0.968506 0.874512 0.0629883 0.245117 0.00100708
