2 0.381836 0.436279 0.185547 0.217285 0.829102
13 0.382935 0.431152 0.171631 0.211914 0.0724487
1 0.024292 0.947021 0.0340576 0.0825195 0.0668335
4 0.0551605 0.486328 0.109406 0.958984 0.0633545
2 0.405029 0.438721 0.253418 0.270996 0.0567627
1 0.982666 0.940186 0.034668 0.104004 0.0268707
1 0.985352 0.944824 0.0273438 0.0771484 0.0236816
1 0.982422 0.910156 0.0273438 0.140625 0.0203552
14 0.38208 0.434326 0.188965 0.216309 0.0142746
4 0.0442505 0.702271 0.0477295 0.513428 0.0139923
2 0.0564117 0.489868 0.106171 0.96167 0.0131302
1 0.03125 0.0556335 0.0360107 0.0908813 0.0107803
1 0.96875 0.0460663 0.0488281 0.077301 0.00927734
1 0.376953 0.43103 0.205078 0.231689 0.00845337
4 0.934326 0.501099 0.104004 0.941162 0.00841522
13 0.723145 0.157837 0.0498047 0.0454102 0.00830841
9 0.38269 0.435059 0.184814 0.216797 0.00829315
1 0.024231 0.915527 0.0349121 0.137695 0.00770569
13 0.0361176 0.880615 0.0252991 0.193848 0.0076828
13 0.0266113 0.897705 0.0301514 0.183105 0.00698471
2 0.570312 0.455566 0.648438 0.439453 0.00683975
1 0.983398 0.961182 0.0332031 0.0756836 0.00673294
1 0.972656 0.067215 0.0429688 0.115082 0.00640869
1 0.975586 0.88501 0.0390625 0.183105 0.00609589
2 0.611328 0.458618 0.621094 0.668701 0.00544739
2 0.285095 0.42749 0.432739 0.270996 0.00494766
2 0.239197 0.451294 0.42688 0.716553 0.00465012
4 0.385376 0.435791 0.17749 0.191895 0.00391006
1 0.973633 0.149048 0.0371094 0.262451 0.00378227
2 0.502319 0.838867 0.878174 0.302734 0.00365067
2 0.480103 0.180054 0.910889 0.360107 0.0036335
1 0.978271 0.0963135 0.0356445 0.163818 0.00361061
8 0.383545 0.43042 0.17627 0.215332 0.00351524
2 0.437256 0.448975 0.401855 0.280762 0.00335693
4 0.0474396 0.484009 0.0716248 0.797607 0.00320053
2 0.463501 0.516602 0.635498 0.507812 0.00309753
13 0.975586 0.88501 0.0390625 0.183105 0.0030365
4 0.0406647 0.782715 0.0336609 0.37793 0.00301361
4 0.0394287 0.46875 0.0788574 0.9375 0.00294495
1 0.964844 0.0500488 0.0625 0.100098 0.00293541
2 0.491333 0.678833 0.907959 0.548584 0.00285912
1 0.975586 0.954834 0.03125 0.074707 0.00278473
7 0.385376 0.435791 0.17749 0.191895 0.00269508
3 0.385376 0.435791 0.17749 0.191895 0.0026741
19 0.385376 0.435791 0.17749 0.191895 0.00265312
18 0.385376 0.435791 0.17749 0.191895 0.00265312
11 0.385376 0.435791 0.17749 0.191895 0.00260162
16 0.385376 0.435791 0.17749 0.191895 0.00254059
1 0.0251923 0.0822754 0.0326233 0.162109 0.00250626
1 0.0327759 0.883789 0.0311279 0.189453 0.00247192
1 0.0341797 0.0735321 0.0430908 0.12442 0.00241661
0 0.385376 0.435791 0.17749 0.191895 0.00238991
12 0.385376 0.435791 0.17749 0.191895 0.0023613
15 0.385376 0.435791 0.17749 0.191895 0.00228882
13 0.405029 0.438721 0.253418 0.270996 0.00227165
10 0.385376 0.435791 0.17749 0.191895 0.00224495
13 0.0422363 0.755371 0.036499 0.405273 0.00219536
6 0.385376 0.435791 0.17749 0.191895 0.00215149
4 0.0529175 0.609985 0.0615234 0.565186 0.00211143
13 0.717285 0.153687 0.0742188 0.0600586 0.00210953
17 0.385376 0.435791 0.17749 0.191895 0.00205994
5 0.385376 0.435791 0.17749 0.191895 0.00200462
2 0.498657 0.5625 0.780029 0.871094 0.00198936
1 0.0232697 0.9646 0.0318298 0.0708008 0.00196838
1 0.038559 0.0460052 0.0537415 0.0827942 0.00187683
2 0.0476074 0.63916 0.0549316 0.567383 0.00180817
1 0.0294037 0.930664 0.0339661 0.119141 0.00178719
4 0.947021 0.728027 0.0864258 0.493164 0.00173187
13 0.0383148 0.813477 0.0312805 0.330078 0.0017271
13 0.0422363 0.866211 0.0324707 0.205078 0.00148869
13 0.0316925 0.866943 0.0403748 0.211426 0.00148582
2 0.505737 0.109009 0.902588 0.196533 0.00141811
13 0.0564117 0.489868 0.106171 0.96167 0.0012846
1 0.977295 0.920166 0.0395508 0.108887 0.0012579
2 0.227783 0.168396 0.446777 0.320435 0.00125599
13 0.978516 0.87085 0.0273438 0.234863 0.00125504
2 0.471069 0.292236 0.661377 0.527832 0.00119781
1 0.978516 0.193054 0.0332031 0.345337 0.00119781
2 0.503052 0.921631 0.894287 0.13916 0.00116444
1 0.969482 0.109589 0.0356445 0.200745 0.0011549
1 0.978516 0.87085 0.0273438 0.234863 0.00115204
1 0.983398 0.914062 0.0234375 0.0898438 0.00115013
2 0.246216 0.448975 0.472412 0.456543 0.00109005
1 0.0715942 0.0478516 0.142212 0.0957031 0.00101089
1 0.979492 0.146698 0.03125 0.177795 0.00101089
