13 0.13623 0.79541 0.0656738 0.140625 0.728516
1 0.977783 0.943848 0.0249023 0.0595703 0.33374
2 0.666504 0.949219 0.191406 0.046875 0.104187
1 0.679199 0.942383 0.19043 0.0566406 0.102966
13 0.443726 0.613281 0.123291 0.148438 0.101929
1 0.977539 0.916016 0.0234375 0.115234 0.0898438
13 0.464355 0.736328 0.0253906 0.0507812 0.0881348
4 0.774902 0.510742 0.101562 0.860352 0.0656738
2 0.68457 0.939941 0.178711 0.0527344 0.0583191
1 0.977539 0.936523 0.0410156 0.0898438 0.0417786
13 0.682129 0.942383 0.194336 0.0585938 0.0378723
1 0.015564 0.955322 0.0266724 0.0717773 0.0350647
13 0.260742 0.16272 0.0327148 0.0490723 0.033844
13 0.425293 0.59668 0.0966797 0.116211 0.0289154
13 0.132324 0.77002 0.0854492 0.193359 0.0281677
1 0.973633 0.931641 0.0273438 0.0732422 0.0181274
13 0.530762 0.401367 0.0439453 0.0996094 0.0148621
1 0.134033 0.795898 0.0705566 0.143555 0.0124359
13 0.24707 0.208435 0.0576172 0.156372 0.0110168
2 0.464844 0.737793 0.0283203 0.0585938 0.00830078
13 0.538574 0.404663 0.0537109 0.159424 0.00827026
13 0.468262 0.740723 0.0332031 0.0654297 0.00797272
14 0.137695 0.793457 0.0634766 0.139648 0.00782776
2 0.129395 0.791504 0.0883789 0.15332 0.00727081
1 0.978516 0.887695 0.0292969 0.158203 0.00692749
4 0.0505371 0.493652 0.067749 0.871094 0.00662613
1 0.977295 0.823242 0.0297852 0.287109 0.00607681
1 0.0169983 0.904053 0.0289917 0.17627 0.00574112
13 0.449341 0.658203 0.126709 0.225586 0.0053978
1 0.0210724 0.142212 0.0302429 0.207764 0.0053215
13 0.149902 0.790039 0.0737305 0.166016 0.00516129
1 0.0140076 0.0842133 0.0271606 0.107941 0.00496674
13 0.120605 0.720215 0.0698242 0.228516 0.00436401
4 0.137695 0.793945 0.0634766 0.150391 0.00433731
1 0.9729 0.90625 0.0366211 0.144531 0.00428391
1 0.0224457 0.959961 0.0276184 0.0644531 0.00409698
14 0.464844 0.737793 0.0283203 0.0585938 0.00370216
13 0.456543 0.744629 0.0898438 0.271484 0.00369453
14 0.666504 0.949219 0.191406 0.046875 0.00352859
4 0.564941 0.494873 0.125977 0.959473 0.00341988
1 0.0183563 0.933105 0.0284729 0.100586 0.00341988
2 0.135742 0.792969 0.060791 0.117188 0.00324249
4 0.598633 0.515137 0.158203 0.969727 0.00304794
1 0.714844 0.943359 0.186523 0.046875 0.00277901
13 0.251221 0.166748 0.0439453 0.0498047 0.00276756
13 0.250732 0.169556 0.0615234 0.0712891 0.00276756
13 0.726562 0.942871 0.158203 0.0371094 0.00275421
1 0.0989075 0.0427246 0.185486 0.0286865 0.00274658
1 0.0166931 0.108002 0.0333862 0.149231 0.00269127
2 0.474976 0.949707 0.575439 0.0771484 0.00265884
1 0.976318 0.868652 0.0395508 0.219727 0.00258636
4 0.353516 0.492676 0.0913086 0.883789 0.00253868
13 0.127319 0.806152 0.0979004 0.15625 0.00238228
1 0.98584 0.945557 0.0283203 0.0561523 0.00231552
9 0.666504 0.949219 0.191406 0.046875 0.00223732
13 0.357422 0.479614 0.0917969 0.859131 0.00213432
13 0.122681 0.760742 0.0698242 0.143555 0.0020771
1 0.767578 0.0344238 0.277344 0.0402832 0.00202179
13 0.644531 0.941895 0.285156 0.0771484 0.00193977
1 0.966064 0.930176 0.0424805 0.0791016 0.0019207
2 0.977783 0.942627 0.0268555 0.0581055 0.00178623
1 0.984131 0.931641 0.0317383 0.0712891 0.00171185
13 0.553711 0.483521 0.0869141 0.849365 0.00167751
1 0.0156555 0.965576 0.031311 0.0610352 0.00167465
13 0.062561 0.586914 0.0345459 0.0957031 0.00166225
13 0.135254 0.71582 0.0620117 0.256836 0.00158119
14 0.977783 0.942627 0.0268555 0.0581055 0.00154781
1 0.0242462 0.943359 0.0325623 0.0761719 0.00152969
2 0.61377 0.944824 0.304688 0.0634766 0.00150967
2 0.711914 0.94043 0.191406 0.0400391 0.00147724
1 0.505249 0.954346 0.542236 0.0737305 0.00147057
13 0.452148 0.691406 0.0859375 0.160156 0.0014534
13 0.419189 0.557129 0.111816 0.208008 0.00144291
1 0.101074 0.0344849 0.167236 0.036499 0.00141811
1 0.974365 0.89502 0.0258789 0.115234 0.00139904
1 0.025238 0.969727 0.0350952 0.0429688 0.00138283
13 0.978271 0.902832 0.0258789 0.133789 0.00136757
13 0.118744 0.708008 0.109192 0.293945 0.00136471
1 0.967773 0.854004 0.0449219 0.222656 0.00134659
1 0.974609 0.826416 0.0449219 0.32373 0.0012989
13 0.979492 0.867188 0.0292969 0.194336 0.00126076
4 0.443726 0.613281 0.123291 0.148438 0.00126076
2 0.443604 0.613281 0.120605 0.152344 0.00124645
9 0.13623 0.79541 0.0656738 0.140625 0.00124264
2 0.260742 0.162476 0.03125 0.0532227 0.00123405
13 0.121582 0.782715 0.169434 0.216797 0.00120735
2 0.664551 0.931641 0.225586 0.078125 0.0011816
1 0.68457 0.943848 0.109375 0.0458984 0.00115395
1 0.465088 0.736328 0.0268555 0.0546875 0.00114441
14 0.443726 0.613281 0.123291 0.148438 0.00114059
13 0.512207 0.492188 0.12207 0.739258 0.00114059
13 0.977539 0.942627 0.0253906 0.0620117 0.00113583
2 0.0192261 0.95459 0.0291748 0.0693359 0.00112915
13 0.119263 0.730469 0.0666504 0.118164 0.00108528
1 0.0232849 0.918457 0.0353394 0.112305 0.00108147
14 0.283203 0.304199 0.0107422 0.0229492 0.00107193
13 0.548828 0.381348 0.0771484 0.490234 0.00107002
13 0.657715 0.949951 0.174805 0.0532227 0.00105286
13 0.441406 0.620605 0.15625 0.195312 0.00104141
