14 0.526855 0.288086 0.0517578 0.0385742 0.871582
1 0.0198364 0.943848 0.0396729 0.0986328 0.388672
1 0.976807 0.911621 0.0288086 0.108398 0.379395
1 0.0189362 0.918213 0.0353699 0.140137 0.143311
1 0.977783 0.874023 0.0366211 0.185547 0.0634766
1 0.979492 0.887207 0.0273438 0.147461 0.0574646
1 0.963379 0.0574951 0.0439453 0.11499 0.0424194
14 0.525879 0.287354 0.0605469 0.0566406 0.0326843
1 0.0267487 0.954834 0.0392761 0.0864258 0.0319824
1 0.97876 0.924805 0.0424805 0.0878906 0.0296173
1 0.971924 0.905273 0.0444336 0.114258 0.0117645
1 0.0206604 0.897461 0.0413208 0.203125 0.0113525
14 0.515137 0.286377 0.0537109 0.0341797 0.0105743
1 0.977539 0.835205 0.0429688 0.269043 0.0100632
14 0.0185547 0.939941 0.0371094 0.112305 0.00949097
1 0.970459 0.0853271 0.0395508 0.170654 0.00935364
1 0.969727 0.92334 0.0332031 0.0800781 0.00841522
1 0.146973 0.038269 0.271973 0.0491943 0.00689316
1 0.0267334 0.933594 0.0454102 0.117188 0.00612259
4 0.0219727 0.796387 0.0405273 0.379883 0.0059967
1 0.977539 0.804688 0.0273438 0.306641 0.00585938
1 0.0200195 0.825195 0.0343018 0.318359 0.00579834
1 0.965088 0.0401001 0.0541992 0.0802002 0.00558472
1 0.962646 0.110229 0.043457 0.220459 0.00552368
4 0.034668 0.760742 0.0454102 0.453125 0.00508881
14 0.0248718 0.952637 0.0441284 0.0888672 0.00426102
1 0.200195 0.0372925 0.19873 0.03125 0.00327682
1 0.97876 0.883301 0.0385742 0.111328 0.00300407
1 0.0186768 0.0692139 0.0334473 0.112061 0.00291824
1 0.526855 0.287598 0.0517578 0.0371094 0.00268745
2 0.526367 0.287354 0.0537109 0.0380859 0.00255585
1 0.0292053 0.900879 0.043396 0.176758 0.00247955
4 0.526367 0.288086 0.0537109 0.0390625 0.00244904
14 0.525391 0.298584 0.0595703 0.111328 0.0024395
2 0.0216675 0.940918 0.0404053 0.110352 0.00215912
1 0.969482 0.753418 0.0356445 0.411133 0.00215149
14 0.977539 0.908691 0.0292969 0.117188 0.00214958
9 0.525879 0.287598 0.0517578 0.0390625 0.00208664
4 0.0187683 0.867676 0.0350952 0.250977 0.0020752
1 0.984131 0.898438 0.0317383 0.125977 0.00206757
1 0.971436 0.133179 0.0415039 0.255127 0.00203323
4 0.019165 0.939453 0.0383301 0.115234 0.0019989
1 0.0257263 0.0593567 0.0365601 0.0912476 0.00183582
14 0.529297 0.279053 0.0576172 0.0351562 0.00178909
1 0.981201 0.882324 0.027832 0.0917969 0.00157166
13 0.0198364 0.943848 0.0396729 0.0986328 0.00149441
1 0.969727 0.807617 0.046875 0.321289 0.00144196
1 0.966553 0.175781 0.0395508 0.351562 0.00143528
13 0.526367 0.287354 0.0537109 0.0380859 0.00141621
4 0.888672 0.483398 0.0693359 0.71582 0.0013752
1 0.978516 0.067337 0.0429688 0.121918 0.00133133
8 0.526367 0.287354 0.0537109 0.0380859 0.00132179
13 0.976807 0.911621 0.0288086 0.108398 0.00131416
0 0.526367 0.286377 0.0517578 0.0385742 0.00129604
5 0.525391 0.287354 0.0537109 0.0400391 0.00127602
1 0.0185547 0.919434 0.0313721 0.0898438 0.00127029
6 0.526367 0.288086 0.0537109 0.0390625 0.00124836
15 0.527344 0.285889 0.0537109 0.0375977 0.00124454
19 0.525879 0.286621 0.0527344 0.0390625 0.00124264
4 0.977539 0.908203 0.0332031 0.119141 0.00123787
10 0.526855 0.287109 0.0507812 0.0390625 0.00123405
16 0.526855 0.287598 0.0517578 0.0371094 0.00122356
1 0.974365 0.934326 0.027832 0.0786133 0.00121689
1 0.0323486 0.0500336 0.0478516 0.070343 0.00121307
17 0.526855 0.287842 0.0527344 0.0375977 0.0012064
3 0.526855 0.287109 0.0507812 0.0390625 0.0011816
7 0.525879 0.286621 0.0527344 0.0390625 0.00115395
11 0.526367 0.285889 0.0537109 0.0390625 0.00115108
9 0.019165 0.939453 0.0383301 0.115234 0.00111675
1 0.0390015 0.922852 0.0537109 0.126953 0.00110435
18 0.525879 0.286621 0.0527344 0.0390625 0.00108337
12 0.527832 0.285889 0.0556641 0.0390625 0.00103569
1 0.020874 0.964111 0.0412598 0.0717773 0.0010252
1 0.982422 0.855469 0.0253906 0.200195 0.00102139
14 0.541504 0.285645 0.0791016 0.0424805 0.00101948
