13 0.268311 0.190338 0.0395508 0.226746 0.577637
1 0.979736 0.957764 0.0385742 0.0766602 0.560059
2 0.270752 0.192535 0.0371094 0.215515 0.537109
13 0.496582 0.126343 0.0292969 0.104736 0.271973
13 0.486328 0.148895 0.0341797 0.160217 0.240356
13 0.390625 0.283691 0.0356445 0.114746 0.231567
13 0.498047 0.145874 0.0380859 0.12793 0.180542
13 0.391113 0.306641 0.0439453 0.149902 0.166992
13 0.479126 0.166351 0.0544434 0.177551 0.0752563
2 0.244141 0.190155 0.100586 0.222717 0.0725098
13 0.495605 0.112823 0.0371094 0.0726929 0.0700684
2 0.191193 0.192841 0.224548 0.236389 0.0592346
13 0.43103 0.222168 0.115479 0.23877 0.059021
13 0.408691 0.240479 0.0634766 0.25 0.0522461
2 0.271729 0.192688 0.0625 0.224976 0.0428772
1 0.977783 0.936523 0.0366211 0.107422 0.0352173
13 0.500977 0.124634 0.0292969 0.0795898 0.0342712
1 0.269531 0.192139 0.0405273 0.214844 0.0314941
13 0.273438 0.151581 0.0366211 0.155823 0.0313416
13 0.414062 0.166138 0.0307617 0.052002 0.0293884
13 0.268555 0.18689 0.0322266 0.143311 0.025589
1 0.978516 0.912842 0.0429688 0.162598 0.0253754
4 0.0577087 0.495972 0.102844 0.933838 0.0245361
1 0.984375 0.939453 0.03125 0.0898438 0.0222931
13 0.404785 0.211914 0.0488281 0.199707 0.0217896
13 0.396484 0.263916 0.034668 0.180664 0.0211639
13 0.44104 0.202271 0.172607 0.267822 0.0205841
13 0.451538 0.177551 0.127197 0.206421 0.0147018
13 0.490234 0.192413 0.0371094 0.220154 0.0137024
13 0.292969 0.203766 0.0825195 0.221375 0.0131912
14 0.268555 0.189545 0.0400391 0.22052 0.0130692
2 0.0577087 0.495972 0.102844 0.933838 0.0124512
13 0.477539 0.180603 0.0898438 0.260864 0.0116196
1 0.0318604 0.94165 0.0421143 0.10498 0.0113449
2 0.290527 0.195862 0.0800781 0.235229 0.0107117
1 0.985352 0.918701 0.0253906 0.125488 0.0103836
1 0.038269 0.918457 0.0483398 0.141602 0.00939178
13 0.485474 0.225159 0.0495605 0.292847 0.00901794
13 0.419434 0.156982 0.0732422 0.060791 0.00784302
13 0.271973 0.187622 0.0981445 0.238525 0.0056839
2 0.415527 0.165649 0.0317383 0.0473633 0.00561905
14 0.391357 0.283936 0.0317383 0.119629 0.0055542
2 0.154846 0.162537 0.273315 0.289185 0.00543213
13 0.411377 0.266052 0.090332 0.237427 0.00518417
2 0.274902 0.18988 0.0366211 0.115356 0.00514221
13 0.471313 0.122772 0.0847168 0.113342 0.00508499
13 0.383545 0.213226 0.129883 0.244934 0.00498199
1 0.391602 0.302979 0.0395508 0.157715 0.00496674
13 0.227295 0.649414 0.0341797 0.155273 0.0049324
13 0.409668 0.280762 0.0683594 0.117676 0.00492477
13 0.40332 0.294678 0.0830078 0.168457 0.00491714
13 0.416992 0.16687 0.0395508 0.0688477 0.00474167
13 0.398926 0.178772 0.0483398 0.116089 0.00466537
1 0.0336914 0.057724 0.0335693 0.0908508 0.00466156
13 0.387939 0.317627 0.0351562 0.0981445 0.00453949
13 0.244141 0.190155 0.100586 0.222717 0.00449753
2 0.304199 0.194214 0.133301 0.232666 0.00443268
1 0.496582 0.126343 0.0292969 0.104736 0.00439835
1 0.977539 0.152618 0.0332031 0.237244 0.00437546
13 0.383789 0.297363 0.0693359 0.161621 0.00425339
2 0.238281 0.19043 0.237793 0.208496 0.00400543
2 0.392578 0.302246 0.0400391 0.152344 0.00399017
14 0.268066 0.187256 0.0351562 0.144043 0.00395584
14 0.980713 0.955566 0.0385742 0.0732422 0.00371742
4 0.931885 0.509033 0.10498 0.950684 0.00370216
13 0.256836 0.202271 0.0517578 0.210693 0.00364876
13 0.477051 0.202545 0.0429688 0.219421 0.00349998
13 0.427612 0.149994 0.118408 0.11554 0.00347137
2 0.253418 0.188904 0.0634766 0.210083 0.00338554
13 0.234192 0.700195 0.0462646 0.248047 0.00332642
13 0.407715 0.180298 0.0473633 0.0969238 0.00328255
1 0.972656 0.884766 0.0449219 0.203125 0.0032444
1 0.268066 0.187256 0.0351562 0.144043 0.00323105
1 0.03125 0.901855 0.0458984 0.18457 0.00322151
13 0.273682 0.134766 0.0283203 0.120605 0.00318527
1 0.492676 0.150543 0.0371094 0.162292 0.00310326
13 0.212769 0.192932 0.171631 0.222534 0.0030098
13 0.304199 0.194214 0.133301 0.232666 0.00288963
13 0.44751 0.253113 0.137207 0.322876 0.00288391
2 0.37915 0.214661 0.146484 0.258179 0.00276947
2 0.979492 0.958496 0.0410156 0.0712891 0.00274467
13 0.41748 0.157471 0.0302734 0.0461426 0.00269318
2 0.268066 0.187256 0.0351562 0.144043 0.00269127
13 0.232422 0.631348 0.0341797 0.108398 0.00263786
1 0.981689 0.868896 0.0327148 0.234863 0.00259972
13 0.274902 0.18988 0.0366211 0.115356 0.00257683
13 0.396484 0.180511 0.0634766 0.199036 0.0025444
13 0.496582 0.156494 0.0292969 0.0959473 0.0025444
13 0.382202 0.18692 0.229736 0.218933 0.0024128
13 0.483887 0.188965 0.0263672 0.173828 0.00240135
13 0.380615 0.318115 0.050293 0.123535 0.00234032
13 0.979492 0.958496 0.0410156 0.0712891 0.00225067
9 0.27002 0.193085 0.0380859 0.21637 0.00219917
13 0.502441 0.108398 0.0273438 0.0710449 0.00216103
2 0.495972 0.813721 0.877197 0.370605 0.00209999
2 0.275391 0.152863 0.0351562 0.15033 0.00209045
2 0.481934 0.528564 0.828125 0.899902 0.00207329
13 0.418457 0.167786 0.0458984 0.123413 0.00207138
4 0.270264 0.190002 0.0449219 0.225464 0.0020256
13 0.467407 0.225525 0.0769043 0.224731 0.00201416
13 0.442139 0.276367 0.132324 0.130371 0.00193024
13 0.279297 0.202576 0.0473633 0.209106 0.00187397
1 0.0283203 0.922607 0.0367432 0.100098 0.00186825
1 0.976318 0.821289 0.043457 0.328125 0.00185871
13 0.412842 0.1604 0.0493164 0.0483398 0.00183487
1 0.0356598 0.0757751 0.0400085 0.129211 0.00182724
14 0.391602 0.301758 0.0424805 0.155273 0.00182152
4 0.979492 0.956055 0.0410156 0.078125 0.00179386
13 0.396973 0.246399 0.0576172 0.210327 0.00179291
1 0.969238 0.956299 0.0615234 0.0834961 0.00169945
1 0.959961 0.947021 0.0722656 0.0883789 0.00161934
2 0.486328 0.148895 0.0341797 0.160217 0.00158787
13 0.0577087 0.495972 0.102844 0.933838 0.00154114
13 0.16333 0.187561 0.29248 0.236206 0.00150204
13 0.483887 0.108154 0.0605469 0.0739746 0.00141716
13 0.226746 0.640625 0.0426025 0.237305 0.00135136
1 0.02742 0.0687866 0.0323181 0.125854 0.00134182
4 0.969727 0.509766 0.0605469 0.958984 0.00133419
8 0.270752 0.192535 0.0371094 0.215515 0.00131702
14 0.486328 0.148895 0.0341797 0.160217 0.00130844
1 0.0423584 0.88623 0.0568848 0.196289 0.00129032
13 0.405273 0.324707 0.161133 0.20459 0.00127029
13 0.451782 0.115967 0.119873 0.0905762 0.00125313
2 0.411133 0.243591 0.0874023 0.27356 0.00125122
2 0.500977 0.116089 0.0263672 0.0688477 0.00123215
4 0.954346 0.484863 0.0737305 0.969727 0.00122261
1 0.981201 0.0843658 0.0297852 0.119843 0.00121117
2 0.495605 0.148987 0.0400391 0.157104 0.00118637
1 0.273438 0.151581 0.0366211 0.155823 0.00118542
4 0.496582 0.126343 0.0292969 0.104736 0.0011797
13 0.978516 0.903076 0.0351562 0.158691 0.0011692
14 0.498047 0.145874 0.0380859 0.12793 0.00115585
2 0.394775 0.276855 0.050293 0.191895 0.00112438
1 0.449707 0.209045 0.117188 0.264526 0.00112438
1 0.969482 0.963623 0.0473633 0.0610352 0.00110054
2 0.449707 0.21582 0.149414 0.257324 0.00108051
2 0.392822 0.279297 0.0322266 0.129883 0.00105572
1 0.0279541 0.967285 0.0494385 0.0654297 0.00104427
10 0.979492 0.958496 0.0410156 0.0712891 0.00101376
4 0.970703 0.732178 0.0566406 0.494629 0.0010128
9 0.979736 0.95752 0.0405273 0.0712891 0.00101089
14 0.496582 0.126343 0.0292969 0.104736 0.00100136
