2 0.589844 0.556763 0.254883 0.698975 0.812012
13 0.816406 0.724121 0.03125 0.109375 0.322998
1 0.981201 0.947266 0.0336914 0.0996094 0.209229
2 0.369995 0.512573 0.646729 0.898682 0.085144
2 0.558716 0.484375 0.372803 0.683594 0.0593567
13 0.588501 0.560913 0.250732 0.594971 0.0499878
1 0.978516 0.919922 0.0351562 0.150391 0.04245
13 0.803711 0.745117 0.0410156 0.12207 0.0280304
4 0.0638428 0.49353 0.106201 0.960205 0.0233154
13 0.978516 0.338379 0.0351562 0.249023 0.0139847
1 0.0311584 0.956055 0.0482788 0.0800781 0.0137634
1 0.97583 0.95874 0.0385742 0.0786133 0.0124207
1 0.586548 0.560181 0.248779 0.602295 0.0120468
1 0.984863 0.955811 0.0302734 0.074707 0.0117188
2 0.0614319 0.495605 0.102722 0.961914 0.0110397
1 0.979736 0.974854 0.0327148 0.0444336 0.0105972
2 0.571289 0.677368 0.231445 0.446045 0.0104904
4 0.582031 0.567871 0.271484 0.579102 0.0102921
2 0.532715 0.632202 0.34668 0.616455 0.0102615
1 0.976562 0.884521 0.0390625 0.230957 0.0098877
2 0.743164 0.475098 0.472656 0.68457 0.00988007
2 0.608887 0.444092 0.217773 0.52002 0.0094223
2 0.660156 0.568848 0.405273 0.56543 0.00872803
2 0.381836 0.309509 0.658203 0.410278 0.00800323
1 0.0400391 0.211487 0.0473633 0.391479 0.00715256
1 0.982422 0.986328 0.0351562 0.0195312 0.00691986
1 0.980713 0.0657959 0.0366211 0.0859375 0.00631714
2 0.320679 0.644653 0.573486 0.585693 0.00624847
9 0.587891 0.560059 0.261719 0.587891 0.00621033
2 0.49707 0.553711 0.441406 0.882812 0.00596237
13 0.974609 0.61145 0.0488281 0.531006 0.00584793
13 0.823242 0.729492 0.0341797 0.126953 0.00548935
14 0.587891 0.560059 0.261719 0.587891 0.00515366
2 0.506348 0.112183 0.918945 0.179443 0.00471115
13 0.802246 0.730957 0.0654297 0.124023 0.00428772
1 0.81543 0.726562 0.0292969 0.107422 0.00411606
13 0.970947 0.244385 0.0581055 0.435059 0.00405121
1 0.971436 0.942139 0.0493164 0.104004 0.00357819
2 0.65625 0.544922 0.298828 0.743164 0.00349045
13 0.320679 0.644653 0.573486 0.585693 0.00340843
2 0.977539 0.335449 0.0371094 0.24707 0.00317001
1 0.974609 0.248535 0.0507812 0.435059 0.00315285
1 0.974365 0.0533295 0.043457 0.059845 0.0031147
13 0.819824 0.686035 0.0351562 0.175781 0.00305939
2 0.816406 0.724121 0.03125 0.109375 0.00294685
13 0.821777 0.726074 0.0244141 0.0957031 0.00294304
13 0.811523 0.747559 0.0332031 0.147461 0.00285149
2 0.431274 0.593628 0.641357 0.605713 0.00284004
1 0.976562 0.147919 0.0351562 0.231018 0.00271988
13 0.977783 0.509277 0.0288086 0.280273 0.00271034
1 0.97876 0.0942383 0.0327148 0.138184 0.0026741
2 0.970947 0.244385 0.0581055 0.435059 0.00262833
18 0.586548 0.560181 0.248779 0.602295 0.00256729
13 0.779297 0.769531 0.0400391 0.0732422 0.0025444
19 0.587891 0.560059 0.261719 0.587891 0.00253296
13 0.958984 0.688965 0.0820312 0.581055 0.00249481
1 0.979736 0.835449 0.0366211 0.290039 0.00248909
13 0.977783 0.82959 0.0366211 0.325195 0.00245285
3 0.586548 0.560181 0.248779 0.602295 0.00240326
11 0.586548 0.560181 0.248779 0.602295 0.00234985
2 0.980469 0.90332 0.03125 0.181641 0.00233078
15 0.587891 0.560059 0.261719 0.587891 0.00231552
8 0.586548 0.560181 0.248779 0.602295 0.00227547
2 0.970459 0.47644 0.059082 0.812744 0.00223541
7 0.586548 0.560181 0.248779 0.602295 0.00221443
4 0.0477295 0.761963 0.0585938 0.460449 0.00219536
16 0.587891 0.560059 0.261719 0.587891 0.00218391
1 0.0376129 0.162781 0.0426941 0.21936 0.0021801
13 0.977295 0.300781 0.043457 0.389648 0.00217247
13 0.588867 0.460815 0.30957 0.582275 0.00213051
6 0.587891 0.560059 0.261719 0.587891 0.00212479
1 0.985352 0.930908 0.0292969 0.114746 0.00211525
13 0.969482 0.507324 0.059082 0.84082 0.00210953
13 0.369995 0.512573 0.646729 0.898682 0.00208855
17 0.586548 0.560181 0.248779 0.602295 0.00208092
0 0.586548 0.560181 0.248779 0.602295 0.0020504
10 0.587891 0.560059 0.261719 0.587891 0.00202751
5 0.587891 0.560059 0.261719 0.587891 0.00199699
12 0.586548 0.560181 0.248779 0.602295 0.00198555
13 0.54187 0.552246 0.338135 0.830078 0.00188732
13 0.826172 0.746582 0.0449219 0.130859 0.00177288
13 0.71875 0.743164 0.0185547 0.0302734 0.00173664
1 0.0352783 0.913086 0.0427246 0.152344 0.00170708
2 0.956299 0.528198 0.0874023 0.943604 0.00162792
1 0.976807 0.54895 0.0424805 0.411865 0.00160027
1 0.977539 0.306702 0.0410156 0.2948 0.00156403
13 0.827637 0.729004 0.078125 0.12793 0.0015583
1 0.0317383 0.94873 0.0340576 0.0751953 0.00155735
13 0.970459 0.773682 0.0454102 0.429199 0.00155449
2 0.597168 0.681641 0.321289 0.541992 0.00148296
2 0.356323 0.226807 0.619385 0.341797 0.00147057
13 0.981201 0.946289 0.0297852 0.0957031 0.00145435
4 0.969238 0.553711 0.0615234 0.798828 0.00144482
13 0.980469 0.90332 0.03125 0.181641 0.00143051
2 0.729492 0.694336 0.503906 0.611328 0.0014019
13 0.811035 0.681641 0.0410156 0.207031 0.00139427
13 0.979736 0.388428 0.0385742 0.428223 0.00134277
1 0.0439453 0.28125 0.060791 0.501953 0.00128746
14 0.814941 0.726562 0.0332031 0.110352 0.00128555
13 0.976562 0.147919 0.0351562 0.231018 0.00122929
1 0.0400391 0.958984 0.0505371 0.0625 0.00122738
1 0.977295 0.494629 0.0297852 0.276367 0.00119686
4 0.815918 0.726562 0.0283203 0.112305 0.00118351
2 0.263062 0.732544 0.464111 0.534912 0.00114727
2 0.651367 0.488647 0.220703 0.526611 0.00112724
2 0.968018 0.393433 0.0639648 0.720947 0.00111485
1 0.0522614 0.866943 0.0653992 0.258301 0.00109863
13 0.0350342 0.947998 0.0402832 0.0922852 0.0010891
2 0.0708771 0.865723 0.103363 0.268555 0.00108814
13 0.966309 0.319702 0.0419922 0.509033 0.00108051
2 0.59082 0.51355 0.262695 0.342041 0.00106716
4 0.0355225 0.479492 0.0710449 0.958984 0.00105
4 0.371582 0.511841 0.642578 0.74585 0.00102901
2 0.49646 0.150879 0.843018 0.301758 0.00102615
13 0.79541 0.776855 0.0449219 0.124023 0.0010252
13 0.703125 0.171112 0.415039 0.176819 0.00100517
