2 0.152496 0.608887 0.130554 0.280273 0.799316
13 0.153381 0.612793 0.134644 0.28418 0.70166
13 0.182983 0.608887 0.0979004 0.288086 0.173462
2 0.534058 0.496582 0.812744 0.993164 0.0510254
1 0.153351 0.613281 0.133728 0.28125 0.0372314
13 0.199097 0.597168 0.064209 0.245117 0.0239716
2 0.182983 0.608887 0.0979004 0.288086 0.0238495
4 0.937744 0.480469 0.0952148 0.916016 0.0217285
1 0.973633 0.914551 0.03125 0.107422 0.019104
2 0.128906 0.610352 0.257812 0.28125 0.0187836
13 0.0201416 0.841797 0.0324707 0.15625 0.0181885
1 0.976562 0.831543 0.0351562 0.240234 0.0157318
2 0.191772 0.611328 0.251709 0.282227 0.0151978
2 0.485718 0.609985 0.956299 0.647217 0.013443
2 0.0148315 0.520142 0.0296631 0.916748 0.0116119
13 0.0184479 0.875977 0.0304871 0.134766 0.0115814
13 0.024765 0.801758 0.0410461 0.230469 0.0100403
1 0.977539 0.883301 0.03125 0.157227 0.00846863
14 0.154388 0.612305 0.147766 0.296875 0.00777817
2 0.487427 0.311829 0.911865 0.49646 0.00740814
13 0.191772 0.611328 0.251709 0.282227 0.00731659
2 0.211304 0.59668 0.0354004 0.204102 0.00653839
2 0.48291 0.993652 0.864258 0.0126953 0.00616074
9 0.151306 0.610352 0.137817 0.287109 0.0053215
13 0.979736 0.867188 0.034668 0.178711 0.00519562
2 0.154327 0.70752 0.141052 0.0957031 0.00457382
13 0.128906 0.610352 0.257812 0.28125 0.00436401
4 0.150116 0.607422 0.137756 0.282227 0.0038414
1 0.196289 0.60498 0.0698242 0.271484 0.00383949
13 0.0167694 0.797363 0.0301819 0.274414 0.0032444
1 0.0240326 0.90918 0.0361633 0.126953 0.00320244
1 0.969482 0.802246 0.0356445 0.291016 0.00315475
1 0.978516 0.771484 0.0390625 0.341797 0.00314713
2 0.384644 0.54248 0.685791 0.915039 0.00305367
2 0.0259705 0.757324 0.0476685 0.299805 0.00289536
1 0.0167694 0.797363 0.0301819 0.274414 0.00287056
2 0.483398 0.749268 0.951172 0.470215 0.00276566
2 0.02005 0.706421 0.0401001 0.503174 0.00260353
8 0.154327 0.611816 0.140564 0.293945 0.00259018
2 0.0345459 0.310059 0.0690918 0.600586 0.00250053
2 0.0167694 0.797363 0.0301819 0.274414 0.00249672
4 0.953857 0.366333 0.0766602 0.626709 0.00246811
1 0.962891 0.88208 0.0488281 0.179199 0.00235367
1 0.209473 0.588867 0.0380859 0.210938 0.00218582
13 0.975586 0.833008 0.0390625 0.242188 0.00204086
2 0.197266 0.610352 0.0654297 0.24707 0.00201797
2 0.0199585 0.698853 0.039917 0.578857 0.00196457
1 0.978516 0.912109 0.03125 0.0791016 0.00192642
5 0.154327 0.611816 0.140564 0.293945 0.00179482
2 0.0344543 0.625854 0.0689087 0.703369 0.00177574
4 0.883789 0.506836 0.132812 0.881836 0.00175953
7 0.154327 0.611816 0.140564 0.293945 0.00172806
13 0.0348969 0.817871 0.0561829 0.207031 0.0017128
10 0.154388 0.612305 0.147766 0.296875 0.00170994
19 0.154327 0.611816 0.140564 0.293945 0.00170135
13 0.0240326 0.90918 0.0361633 0.126953 0.00168037
13 0.211304 0.59668 0.0354004 0.204102 0.00167656
2 0.215759 0.622559 0.0294189 0.155273 0.0016737
2 0.0331421 0.911621 0.0550537 0.125977 0.00166416
3 0.154327 0.611816 0.140564 0.293945 0.00163555
1 0.02005 0.882812 0.0307007 0.147461 0.00162601
18 0.154388 0.612305 0.147766 0.296875 0.00161934
1 0.972656 0.93335 0.0488281 0.111816 0.00161266
2 0.0227661 0.825195 0.0422363 0.28418 0.00160503
2 0.403931 0.512207 0.432373 0.683594 0.00156784
2 0.38269 0.249268 0.687744 0.369141 0.00156689
13 0.197205 0.608398 0.0606689 0.143555 0.00153923
2 0.157166 0.722168 0.129028 0.0595703 0.00151443
12 0.154327 0.611816 0.140564 0.293945 0.00150681
15 0.154327 0.611816 0.140564 0.293945 0.00150681
11 0.154327 0.611816 0.140564 0.293945 0.00149536
17 0.154327 0.611816 0.140564 0.293945 0.00148964
16 0.154388 0.612305 0.147766 0.296875 0.00147438
2 0.979736 0.867188 0.034668 0.178711 0.00146675
6 0.154388 0.612305 0.147766 0.296875 0.00139618
2 0.485962 0.965332 0.889404 0.0693359 0.00134659
0 0.154327 0.611816 0.140564 0.293945 0.00134563
2 0.605591 0.51062 0.786865 0.69751 0.00130177
1 0.0227661 0.825195 0.0422363 0.28418 0.00127125
2 0.0133667 0.345215 0.0267334 0.69043 0.00120068
1 0.48291 0.993652 0.864258 0.0126953 0.00117779
2 0.489258 0.861328 0.862305 0.226562 0.00113869
2 0.0859375 0.417114 0.171875 0.741943 0.00112057
2 0.0409241 0.428589 0.0818481 0.79126 0.00107574
2 0.473145 0.193359 0.898438 0.286133 0.00106525
13 0.0140686 0.487793 0.0281372 0.975586 0.00105476
1 0.967529 0.751465 0.0454102 0.374023 0.00102901
4 0.182983 0.608887 0.0979004 0.288086 0.00102901
13 0.0327606 0.912109 0.0614319 0.128906 0.00100231
