14 0.731445 0.304199 0.0263672 0.0356445 0.827637
2 0.640137 0.777832 0.291992 0.152344 0.809082
1 0.026825 0.955811 0.0488892 0.0805664 0.424316
13 0.642578 0.779297 0.275391 0.144531 0.121399
1 0.979492 0.936279 0.0351562 0.117676 0.118103
1 0.985352 0.915527 0.0292969 0.139648 0.0842285
2 0.437988 0.558594 0.802734 0.701172 0.0587463
1 0.0287781 0.916992 0.039978 0.138672 0.0519714
1 0.0224457 0.94873 0.0376282 0.0517578 0.0404358
14 0.642578 0.779297 0.275391 0.144531 0.0293121
13 0.982178 0.913086 0.0297852 0.166016 0.0285187
14 0.731934 0.301758 0.0439453 0.0444336 0.0196228
9 0.63916 0.783203 0.288086 0.142578 0.0179443
2 0.733398 0.799805 0.486328 0.231445 0.0166779
1 0.0308838 0.904053 0.0511475 0.184082 0.0136185
1 0.0285645 0.903076 0.0257568 0.148926 0.0122604
1 0.978516 0.887451 0.0371094 0.205566 0.0118179
13 0.980225 0.836182 0.0317383 0.290527 0.0110168
14 0.724609 0.302734 0.0341797 0.034668 0.00958252
4 0.067688 0.46167 0.0970459 0.92334 0.00942993
14 0.731445 0.308838 0.0322266 0.0576172 0.00921631
1 0.981201 0.960938 0.0375977 0.078125 0.00907135
1 0.027359 0.925293 0.0264587 0.0849609 0.0079422
1 0.979736 0.0660248 0.0405273 0.0881653 0.0061264
14 0.0267334 0.957764 0.0528564 0.0708008 0.00574875
1 0.0379028 0.868164 0.0491943 0.244141 0.00567627
1 0.0400391 0.0891724 0.0390625 0.151001 0.00509262
1 0.0283203 0.941895 0.0318604 0.0556641 0.00481033
1 0.638184 0.771973 0.276367 0.15625 0.00479507
2 0.82373 0.0595551 0.338867 0.0610657 0.00460052
1 0.979492 0.830566 0.0332031 0.319336 0.00451279
13 0.82373 0.0595551 0.338867 0.0610657 0.00411987
2 0.432495 0.654297 0.773682 0.397461 0.00404739
2 0.693359 0.757812 0.316406 0.128906 0.00394058
2 0.638184 0.838623 0.318359 0.26416 0.00371742
1 0.984375 0.913086 0.0253906 0.0927734 0.00370407
1 0.82373 0.0628204 0.342773 0.0645447 0.00369072
4 0.637207 0.780273 0.28418 0.142578 0.00367928
2 0.63916 0.785645 0.183594 0.155273 0.00366402
8 0.642578 0.779297 0.275391 0.144531 0.00333214
2 0.727539 0.30249 0.0332031 0.0375977 0.0031414
2 0.521606 0.572266 0.855225 0.495117 0.00308037
2 0.434326 0.751953 0.747559 0.267578 0.00293732
1 0.973633 0.056015 0.046875 0.066925 0.00293159
1 0.0405426 0.139435 0.0402527 0.239685 0.00255203
1 0.0323486 0.916016 0.0373535 0.09375 0.00235367
6 0.640625 0.777832 0.289062 0.147461 0.00230598
13 0.980469 0.948486 0.0351562 0.097168 0.00227356
13 0.824219 0.0757141 0.335938 0.104431 0.00216675
1 0.0426483 0.957275 0.0641174 0.0717773 0.00209999
1 0.0395508 0.0671692 0.0441895 0.0980835 0.00206566
14 0.0293274 0.937744 0.0403442 0.112793 0.00203323
2 0.0265198 0.95459 0.0518188 0.0771484 0.00201416
1 0.975342 0.916748 0.0336914 0.143066 0.00199509
1 0.0456543 0.914551 0.0432129 0.141602 0.00195312
1 0.972412 0.945312 0.0336914 0.101562 0.00188255
13 0.984375 0.88916 0.0234375 0.145508 0.00179005
2 0.565552 0.960938 0.790771 0.078125 0.00175285
4 0.731445 0.304443 0.0283203 0.0356445 0.00167179
1 0.975586 0.171387 0.0390625 0.288086 0.00163937
7 0.643066 0.777832 0.282227 0.144531 0.00161648
11 0.640625 0.777832 0.289062 0.147461 0.00159931
16 0.642578 0.779297 0.275391 0.144531 0.0015831
10 0.636719 0.78125 0.27832 0.148438 0.00152683
1 0.977783 0.100006 0.034668 0.153503 0.00150299
19 0.641602 0.777832 0.280273 0.15918 0.00147438
15 0.646484 0.776855 0.288086 0.164062 0.00145531
5 0.644531 0.777832 0.291992 0.161133 0.0014286
2 0.980225 0.836182 0.0317383 0.290527 0.00141621
2 0.68457 0.947266 0.570312 0.105469 0.0013895
13 0.0267181 0.954834 0.0488586 0.0825195 0.0013752
18 0.640625 0.783203 0.271484 0.134766 0.00136375
13 0.984375 0.901855 0.0214844 0.09375 0.00135899
3 0.643066 0.777832 0.282227 0.144531 0.00135612
17 0.642578 0.779297 0.275391 0.144531 0.00134373
13 0.730957 0.304688 0.0273438 0.0361328 0.00133038
9 0.731445 0.304199 0.0263672 0.0341797 0.00132751
2 0.982178 0.913086 0.0297852 0.166016 0.00132275
12 0.641602 0.777832 0.280273 0.15918 0.00125599
1 0.0381622 0.79126 0.0455017 0.397949 0.00124168
1 0.0213013 0.931641 0.0413818 0.0996094 0.00124168
1 0.731445 0.303955 0.0273438 0.034668 0.00122929
0 0.640625 0.777832 0.289062 0.147461 0.00122166
5 0.731445 0.304199 0.0263672 0.0356445 0.00121975
10 0.731445 0.303955 0.0273438 0.034668 0.00121021
16 0.731445 0.303955 0.0253906 0.0351562 0.0012064
8 0.731445 0.304199 0.0263672 0.0356445 0.00118732
14 0.728516 0.300781 0.0419922 0.0761719 0.00115108
19 0.731445 0.304199 0.0273438 0.0361328 0.00112057
15 0.731445 0.304199 0.0263672 0.0356445 0.00105572
14 0.730469 0.296631 0.0302734 0.0395508 0.00105286
1 0.976318 0.768311 0.0415039 0.45166 0.00102043
12 0.731445 0.304199 0.0263672 0.0356445 0.00101948
17 0.731445 0.303955 0.0253906 0.0351562 0.0010128
6 0.731445 0.303955 0.0273438 0.034668 0.00100422
