2 0.16925 0.932861 0.286499 0.097168 0.815918
13 0.171875 0.930176 0.272949 0.106445 0.633301
1 0.984375 0.954102 0.0292969 0.0820312 0.151733
13 0.352051 0.606934 0.0395508 0.155273 0.0789185
9 0.167908 0.930664 0.27063 0.0976562 0.0303345
1 0.976562 0.954102 0.0273438 0.078125 0.0264282
13 0.364746 0.605469 0.0410156 0.15332 0.0230255
13 0.309082 0.839844 0.0712891 0.0810547 0.0194244
14 0.1698 0.933594 0.272217 0.0957031 0.0172729
13 0.172363 0.926025 0.281738 0.147949 0.0171661
1 0.168457 0.933594 0.282715 0.107422 0.0124969
1 0.0236053 0.967773 0.0209045 0.0527344 0.0122299
4 0.478882 0.524902 0.131104 0.899414 0.0106888
13 0.30835 0.811035 0.102539 0.144531 0.00925446
1 0.975342 0.937256 0.0317383 0.104004 0.00832367
13 0.894531 0.354004 0.0224609 0.0737305 0.00811768
2 0.17334 0.915039 0.291504 0.169922 0.0078125
1 0.980225 0.965332 0.0239258 0.0615234 0.0073204
1 0.972656 0.898438 0.03125 0.193359 0.00709915
1 0.981201 0.925781 0.0317383 0.125 0.00603485
13 0.184326 0.925781 0.181152 0.0957031 0.00587082
1 0.970703 0.819824 0.0351562 0.338867 0.00541687
4 0.969482 0.7854 0.0395508 0.411621 0.00540924
4 0.171875 0.930176 0.272949 0.106445 0.00540161
13 0.293701 0.837402 0.112793 0.0996094 0.00489044
14 0.0243378 0.968506 0.0209045 0.0454102 0.00439072
13 0.222412 0.9375 0.227539 0.109375 0.00394821
2 0.0366821 0.422974 0.0567627 0.835693 0.00358009
13 0.336914 0.696289 0.0683594 0.334961 0.00352478
13 0.330566 0.713379 0.10791 0.362305 0.0031662
8 0.1698 0.933594 0.272217 0.0957031 0.00309181
13 0.35498 0.592773 0.0600586 0.144531 0.00302315
4 0.506348 0.570923 0.120117 0.834717 0.00265121
1 0.0261383 0.959717 0.0273132 0.0610352 0.0025444
6 0.168091 0.932861 0.278564 0.097168 0.00244904
2 0.0508728 0.493652 0.0911255 0.944336 0.00226212
1 0.889404 0.0385742 0.197754 0.0289307 0.00216484
13 0.898926 0.367432 0.0322266 0.103027 0.00208282
13 0.368164 0.580078 0.0424805 0.107422 0.00198936
13 0.347412 0.62207 0.0571289 0.208008 0.00193882
4 0.421387 0.564087 0.147461 0.694092 0.00187206
11 0.1698 0.933594 0.272217 0.0957031 0.00185108
1 0.984375 0.937744 0.0214844 0.0874023 0.00169182
13 0.270996 0.929199 0.333496 0.124023 0.00164223
16 0.165283 0.933594 0.273926 0.0898438 0.0015955
2 0.218994 0.934326 0.179688 0.090332 0.00157166
19 0.1698 0.933594 0.272217 0.0957031 0.00154018
2 0.173279 0.933105 0.147583 0.0986328 0.00152206
2 0.188965 0.910156 0.279785 0.105469 0.00147915
5 0.1698 0.933594 0.272217 0.0957031 0.00141335
1 0.976562 0.859131 0.0332031 0.277832 0.00138378
1 0.0245819 0.0613251 0.0240784 0.104156 0.00138283
4 0.0508728 0.493652 0.0911255 0.944336 0.00137901
15 0.170227 0.932129 0.28064 0.104492 0.00137329
10 0.170227 0.932129 0.28064 0.104492 0.00132561
7 0.169128 0.934082 0.288696 0.0986328 0.00131226
1 0.968018 0.790039 0.050293 0.419922 0.00130463
12 0.170227 0.932129 0.28064 0.104492 0.00122166
4 0.966064 0.69519 0.0522461 0.576416 0.00121784
1 0.352051 0.606934 0.0395508 0.155273 0.00121498
3 0.1698 0.933594 0.272217 0.0957031 0.00121498
18 0.172852 0.930664 0.27832 0.101562 0.00119305
0 0.168091 0.932861 0.278564 0.097168 0.00119114
1 0.0221558 0.973633 0.029541 0.0410156 0.00118446
13 0.175903 0.930176 0.106689 0.0673828 0.00118065
17 0.1698 0.933594 0.272217 0.0957031 0.00117683
1 0.987793 0.966797 0.0244141 0.0664062 0.00115776
2 0.984131 0.953369 0.0317383 0.0795898 0.0011282
2 0.0262756 0.965332 0.0230103 0.0517578 0.00112438
2 0.098175 0.89209 0.1474 0.0224609 0.00106335
13 0.290527 0.859375 0.102539 0.0625 0.0010519
14 0.984131 0.953369 0.0317383 0.0795898 0.00104427
2 0.0379639 0.424316 0.0759277 0.816406 0.00103951
4 0.97168 0.896973 0.0429688 0.196289 0.00100613
