14 0.641113 0.234802 0.0390625 0.0396729 0.309326
14 0.224548 0.442383 0.0474854 0.100586 0.194824
13 0.226624 0.443115 0.039917 0.103027 0.177124
2 0.229919 0.457397 0.0533447 0.0725098 0.13916
14 0.229797 0.457764 0.052124 0.0551758 0.130859
14 0.231201 0.450439 0.0537109 0.0341797 0.0425415
1 0.0241089 0.944092 0.0262451 0.0825195 0.026825
2 0.231018 0.451416 0.0574951 0.0405273 0.0263519
2 0.227051 0.444458 0.0429688 0.104248 0.0234222
1 0.983398 0.954102 0.0332031 0.078125 0.0227509
4 0.0426636 0.725586 0.0463867 0.474609 0.021286
1 0.0273438 0.944824 0.0246582 0.0615234 0.0206604
4 0.708008 0.499146 0.0986328 0.9646 0.0201569
1 0.0334473 0.0519409 0.0437012 0.103882 0.0190735
4 0.0461426 0.583984 0.0478516 0.616211 0.0170441
4 0.966064 0.727051 0.0581055 0.487305 0.0159912
13 0.656738 0.136108 0.0419922 0.161377 0.0133514
4 0.945557 0.509033 0.0776367 0.970215 0.013237
1 0.975342 0.0537109 0.0415039 0.0731201 0.0130234
14 0.233826 0.444946 0.0548096 0.0827637 0.0128632
1 0.0263519 0.924561 0.0237122 0.0981445 0.0124893
1 0.986328 0.939941 0.0175781 0.0634766 0.0114822
4 0.344727 0.657104 0.0668945 0.56665 0.0108643
13 0.218018 0.177856 0.0244141 0.0490723 0.0100632
2 0.230225 0.439453 0.0556641 0.0673828 0.00811768
14 0.643066 0.230957 0.0283203 0.0297852 0.00696945
13 0.22998 0.457642 0.0546875 0.072998 0.00643158
14 0.632324 0.233704 0.0351562 0.0355225 0.00634766
4 0.965332 0.489746 0.0615234 0.84082 0.00510406
1 0.979248 0.902832 0.0258789 0.143555 0.00503159
1 0.986328 0.925049 0.0234375 0.0913086 0.00494766
4 0.062027 0.487183 0.0924988 0.963135 0.00469589
4 0.322266 0.664551 0.106934 0.639648 0.00463867
13 0.973633 0.880127 0.0410156 0.187012 0.0044632
1 0.0366211 0.0768127 0.0356445 0.145691 0.00424957
13 0.231628 0.435059 0.0469971 0.0498047 0.00399399
1 0.976318 0.921631 0.0375977 0.127441 0.00378418
4 0.954102 0.636963 0.0703125 0.702637 0.00353432
1 0.225098 0.442505 0.0458984 0.103271 0.00343704
1 0.0291138 0.903809 0.0275879 0.124023 0.00310707
2 0.221741 0.468628 0.0408936 0.0617676 0.00295258
13 0.829346 0.0368042 0.321777 0.0324707 0.00294685
1 0.972656 0.0499268 0.0527344 0.0998535 0.00293732
2 0.231934 0.434082 0.043457 0.0483398 0.00288391
13 0.789551 0.0315094 0.227539 0.0324402 0.0027771
13 0.160156 0.604004 0.0249023 0.0800781 0.00273895
1 0.0196991 0.95459 0.0323792 0.0712891 0.0026722
13 0.671875 0.108521 0.0732422 0.15625 0.0026474
2 0.640137 0.234314 0.0390625 0.041626 0.00255013
2 0.775879 0.0312347 0.211914 0.0320129 0.00253105
1 0.0311432 0.936279 0.0280457 0.0668945 0.00233841
13 0.980469 0.942627 0.0332031 0.0991211 0.00220108
4 0.973633 0.789062 0.0429688 0.398438 0.00206566
4 0.969482 0.847412 0.043457 0.244629 0.00205994
14 0.648438 0.239014 0.0332031 0.0419922 0.00204659
1 0.0240479 0.945068 0.0428467 0.0727539 0.0019455
1 0.640137 0.234314 0.0390625 0.041626 0.00194454
14 0.227844 0.440674 0.0408936 0.0478516 0.00181675
13 0.716797 0.0384064 0.113281 0.0281677 0.001791
1 0.67334 0.0319672 0.18457 0.0309143 0.00173473
13 0.701172 0.104004 0.133789 0.162109 0.00173092
1 0.0274506 0.0844727 0.0315247 0.168945 0.00171947
13 0.227295 0.142212 0.0405273 0.112061 0.00169849
4 0.337158 0.729004 0.102539 0.470703 0.00169563
13 0.0461426 0.583984 0.0478516 0.616211 0.00158119
13 0.657227 0.137909 0.0351562 0.114807 0.00156879
13 0.220947 0.173218 0.0234375 0.0690918 0.00153255
14 0.649414 0.231934 0.0439453 0.0410156 0.00147152
4 0.0621643 0.674316 0.0709839 0.586914 0.00146866
13 0.230408 0.115601 0.0635986 0.114014 0.00143147
4 0.034668 0.766113 0.034668 0.415039 0.00141716
9 0.229919 0.457397 0.0533447 0.0725098 0.00135708
1 0.978516 0.871582 0.0332031 0.191406 0.00134945
1 0.230042 0.456787 0.0516357 0.0551758 0.00132561
13 0.976318 0.921631 0.0375977 0.127441 0.00130749
1 0.826172 0.0385895 0.328125 0.0309753 0.00127602
4 0.354492 0.531616 0.106445 0.85083 0.00125217
13 0.641113 0.105469 0.0322266 0.117432 0.00121498
1 0.0227051 0.966553 0.0266113 0.0551758 0.00117302
13 0.218811 0.460083 0.0267334 0.113037 0.00109863
1 0.980713 0.0648651 0.0327148 0.0782776 0.00109291
2 0.239197 0.413574 0.0577393 0.0415039 0.00107861
13 0.64209 0.301025 0.0585938 0.114746 0.00107193
13 0.640137 0.234192 0.0380859 0.0404053 0.00106144
2 0.0345459 0.0557251 0.039917 0.11145 0.00106049
4 0.300781 0.727539 0.125977 0.486328 0.00104237
1 0.97583 0.957031 0.0366211 0.0625 0.00101948
9 0.224548 0.442383 0.0474854 0.100586 0.00101566
13 0.648926 0.111572 0.0410156 0.150879 0.00100422
