2 0.356445 0.288391 0.200195 0.185913 0.803223
13 0.694336 0.139771 0.0732422 0.0822754 0.761719
13 0.682129 0.129639 0.0878906 0.102783 0.399902
2 0.394043 0.708008 0.0249023 0.0507812 0.274658
13 0.349609 0.288757 0.177734 0.180298 0.0523987
1 0.0272217 0.926025 0.0297852 0.0952148 0.052002
1 0.0380859 0.0557098 0.0466309 0.10611 0.0518188
13 0.394043 0.709473 0.0234375 0.0439453 0.0270844
14 0.393799 0.708008 0.0249023 0.0507812 0.026413
4 0.0605469 0.479126 0.103516 0.940186 0.021698
14 0.686035 0.135864 0.0742188 0.0957031 0.0153046
1 0.687012 0.135529 0.0761719 0.0927124 0.0144348
2 0.686035 0.135864 0.0742188 0.0957031 0.0142593
14 0.348389 0.289307 0.1875 0.193848 0.0136719
1 0.968262 0.074173 0.0478516 0.11972 0.0130386
2 0.399658 0.708008 0.0219727 0.0537109 0.0125809
1 0.979248 0.945068 0.027832 0.0864258 0.0117188
2 0.387939 0.708008 0.0263672 0.0488281 0.00997925
2 0.400391 0.28833 0.321289 0.203613 0.00885773
13 0.696777 0.122711 0.0810547 0.131531 0.00862122
4 0.937012 0.515503 0.0810547 0.875244 0.00796509
1 0.977539 0.0788879 0.0371094 0.114197 0.0076561
9 0.368896 0.291748 0.222168 0.161621 0.00764084
13 0.399658 0.708008 0.0219727 0.0537109 0.00669861
13 0.688477 0.161621 0.102539 0.0900879 0.00662231
1 0.0260315 0.905273 0.0343628 0.138672 0.00643539
2 0.30835 0.286072 0.226562 0.213013 0.00642014
1 0.350342 0.287842 0.183594 0.19043 0.00595474
1 0.393799 0.708008 0.0249023 0.0507812 0.00592804
2 0.0605469 0.479126 0.103516 0.940186 0.00494766
4 0.368896 0.291748 0.222168 0.161621 0.00436401
1 0.973633 0.056015 0.0410156 0.0747375 0.00428009
4 0.0369263 0.238281 0.0513916 0.476562 0.00414276
2 0.830566 0.691406 0.0205078 0.03125 0.00393295
1 0.979004 0.950195 0.0419922 0.0898438 0.00378227
2 0.654297 0.136108 0.143555 0.0993652 0.00376701
1 0.0327759 0.886475 0.0366211 0.172363 0.00375557
8 0.349609 0.288757 0.177734 0.180298 0.00345039
2 0.474609 0.290344 0.473633 0.237671 0.00341988
13 0.974854 0.885254 0.0385742 0.18457 0.00334549
10 0.687012 0.135529 0.0761719 0.0927124 0.00307846
13 0.619629 0.137695 0.223633 0.100098 0.00289345
13 0.623901 0.254944 0.533447 0.187378 0.00285912
13 0.0369263 0.238281 0.0513916 0.476562 0.00284195
1 0.0341797 0.0856934 0.0407715 0.157715 0.00281334
2 0.355713 0.284729 0.10498 0.13562 0.00266457
18 0.368896 0.291748 0.222168 0.161621 0.00265503
1 0.982666 0.911133 0.0288086 0.136719 0.00265121
19 0.368896 0.291748 0.222168 0.161621 0.00263405
7 0.368896 0.291748 0.222168 0.161621 0.00259399
16 0.368896 0.291748 0.222168 0.161621 0.00257301
2 0.392578 0.703613 0.0439453 0.0537109 0.00253868
4 0.0418701 0.328613 0.0595703 0.578125 0.00244522
1 0.978271 0.88501 0.0317383 0.175293 0.00243568
4 0.948486 0.633301 0.0678711 0.649414 0.00235939
11 0.687012 0.135529 0.0761719 0.0927124 0.00232506
11 0.368896 0.291748 0.222168 0.161621 0.0023098
4 0.693848 0.139404 0.0761719 0.0874023 0.00230217
3 0.368896 0.291748 0.222168 0.161621 0.00223732
17 0.368896 0.291748 0.222168 0.161621 0.00222969
15 0.368896 0.291748 0.222168 0.161621 0.00221062
12 0.368896 0.291748 0.222168 0.161621 0.00214386
10 0.368896 0.291748 0.222168 0.161621 0.00213432
0 0.368896 0.291748 0.222168 0.161621 0.00203896
6 0.368896 0.291748 0.222168 0.161621 0.00200653
13 0.387939 0.708008 0.0263672 0.0488281 0.00196266
12 0.686035 0.135864 0.0742188 0.0957031 0.00195026
2 0.509644 0.540894 0.219971 0.836182 0.00194645
5 0.368896 0.291748 0.222168 0.161621 0.00190067
17 0.687012 0.135529 0.0761719 0.0927124 0.00183487
13 0.0418701 0.328613 0.0595703 0.578125 0.00178242
9 0.686035 0.135864 0.0742188 0.0957031 0.0017767
13 0.333191 0.295654 0.268188 0.204102 0.00174618
6 0.687012 0.135529 0.0761719 0.0927124 0.00173664
1 0.973633 0.918945 0.0390625 0.144531 0.00170326
13 0.683594 0.127747 0.19043 0.188843 0.00167751
8 0.393311 0.70752 0.0249023 0.0527344 0.00161457
4 0.960449 0.681519 0.0380859 0.529541 0.0016098
13 0.0595398 0.481812 0.097229 0.942627 0.00157738
1 0.958252 0.0512238 0.0678711 0.0747986 0.00151539
18 0.687012 0.135529 0.0761719 0.0927124 0.00150871
2 0.602539 0.147705 0.287109 0.120117 0.00149059
13 0.4021 0.291992 0.309082 0.189941 0.00146103
7 0.687012 0.135529 0.0761719 0.0927124 0.00145149
1 0.022995 0.924316 0.0279846 0.0712891 0.00143051
2 0.245544 0.291016 0.399536 0.24707 0.00141907
13 0.963867 0.759766 0.0332031 0.392578 0.00137234
13 0.411621 0.65625 0.0537109 0.133789 0.00135231
1 0.976562 0.812988 0.0371094 0.321289 0.00134468
4 0.537964 0.540527 0.231689 0.853516 0.00132656
12 0.394043 0.708008 0.0249023 0.0507812 0.00131989
13 0.0346527 0.182495 0.0378723 0.36499 0.00130558
2 0.346191 0.293396 0.123535 0.196411 0.00128365
13 0.701172 0.0892944 0.0722656 0.136841 0.00127792
4 0.0380859 0.754883 0.0444336 0.405273 0.00127697
19 0.695312 0.139648 0.0791016 0.0905762 0.00127411
1 0.0257721 0.950439 0.0319519 0.0913086 0.00127411
5 0.686035 0.135864 0.0742188 0.0957031 0.00126553
3 0.686035 0.135864 0.0742188 0.0957031 0.00123692
8 0.695312 0.139648 0.0791016 0.0905762 0.00123024
4 0.972656 0.763184 0.0351562 0.40332 0.00122261
4 0.394043 0.708008 0.0249023 0.0507812 0.00121212
13 0.680664 0.102905 0.0957031 0.12085 0.00118732
13 0.967041 0.816895 0.0366211 0.25293 0.00117779
1 0.0371094 0.126068 0.0408936 0.248352 0.00115681
9 0.393066 0.708008 0.0244141 0.0507812 0.00115299
13 0.698242 0.14325 0.254883 0.239868 0.00113583
1 0.0429535 0.0423126 0.0630188 0.0782166 0.00112247
1 0.969482 0.235413 0.0375977 0.370972 0.0011158
1 0.969727 0.144684 0.046875 0.243347 0.00108242
13 0.656738 0.123871 0.144531 0.107727 0.00105476
1 0.0269012 0.869385 0.0377502 0.214355 0.00104523
16 0.695312 0.139648 0.0791016 0.0905762 0.00104427
6 0.393799 0.708008 0.0249023 0.0507812 0.00100613
