13 0.352539 0.374634 0.0839844 0.207764 0.709961
1 0.981689 0.967773 0.0327148 0.0625 0.652832
13 0.358643 0.323669 0.0751953 0.296997 0.62207
13 0.706055 0.65918 0.0527344 0.172852 0.35498
1 0.0224609 0.936768 0.0361328 0.11084 0.273926
1 0.975342 0.0638428 0.0395508 0.113037 0.173462
13 0.3396 0.341675 0.11084 0.302979 0.160645
13 0.327637 0.556763 0.11377 0.822021 0.155518
4 0.498169 0.510864 0.114014 0.954834 0.124512
13 0.364014 0.211365 0.0517578 0.0714111 0.120239
1 0.983398 0.95166 0.0273438 0.0888672 0.104065
4 0.328613 0.538574 0.123535 0.80957 0.0975952
1 0.969971 0.050415 0.0541992 0.10083 0.0752563
1 0.880371 0.026001 0.171875 0.0234375 0.0684204
1 0.966064 0.972412 0.0424805 0.0473633 0.0634155
1 0.9729 0.964844 0.0522461 0.0585938 0.054718
4 0.490234 0.59314 0.0859375 0.759033 0.0484314
13 0.340332 0.322754 0.0917969 0.218262 0.0332642
1 0.979736 0.937012 0.034668 0.106445 0.0304718
13 0.332764 0.412598 0.101074 0.510742 0.0302429
13 0.36377 0.270752 0.0664062 0.191406 0.026886
13 0.37207 0.314697 0.0488281 0.260254 0.0250397
13 0.359131 0.372803 0.0634766 0.14209 0.022171
1 0.0221558 0.907715 0.0332031 0.178711 0.0206604
14 0.966309 0.971924 0.0419922 0.0444336 0.0179749
14 0.982178 0.9646 0.0356445 0.0629883 0.0168304
4 0.890137 0.514282 0.135742 0.914795 0.0162811
4 0.321045 0.613281 0.0874023 0.732422 0.0160217
1 0.972656 0.0880432 0.0449219 0.168152 0.0132523
4 0.105988 0.520508 0.0980835 0.821289 0.0119934
13 0.368164 0.364502 0.0527344 0.222168 0.0115433
13 0.328125 0.380737 0.0791016 0.195557 0.0111771
1 0.97168 0.924805 0.0429688 0.142578 0.0109482
13 0.495605 0.496094 0.105469 0.930664 0.0094986
13 0.337402 0.334961 0.0883789 0.0927734 0.00865173
1 0.982422 0.110718 0.0332031 0.165771 0.00749969
14 0.70752 0.657715 0.0556641 0.167969 0.00744629
13 0.352539 0.401672 0.0888672 0.372437 0.00713348
4 0.356201 0.327271 0.0805664 0.298584 0.00664139
14 0.967773 0.961182 0.0410156 0.0717773 0.00650406
13 0.342285 0.379395 0.0600586 0.170898 0.00635529
2 0.351074 0.326355 0.0927734 0.282837 0.00625229
1 0.344482 0.333252 0.103516 0.281738 0.00562668
1 0.0396118 0.0578613 0.0540771 0.115723 0.00534058
13 0.111816 0.525391 0.10498 0.880859 0.00533295
13 0.368408 0.325745 0.183594 0.32312 0.00513458
14 0.969971 0.942627 0.0444336 0.097168 0.00496674
1 0.0194244 0.912354 0.0343933 0.120605 0.00489426
1 0.0273438 0.865723 0.0411377 0.250977 0.00478363
1 0.854492 0.0213776 0.246094 0.0289001 0.0047493
2 0.70752 0.660645 0.0576172 0.169922 0.00465012
13 0.378906 0.337402 0.0322266 0.165039 0.00460052
13 0.708984 0.663574 0.0878906 0.171875 0.00420761
13 0.316895 0.322083 0.191895 0.330444 0.00405884
4 0.305176 0.487305 0.12793 0.974609 0.00399399
1 0.70752 0.660645 0.0585938 0.174805 0.00378418
2 0.353271 0.376221 0.0800781 0.210449 0.00377464
4 0.332764 0.412598 0.101074 0.510742 0.00367165
1 0.0300903 0.916748 0.0401611 0.150879 0.00358009
4 0.979736 0.831543 0.0327148 0.329102 0.00353432
1 0.976562 0.134399 0.0371094 0.243896 0.00322151
1 0.352539 0.374634 0.0839844 0.207764 0.0030632
13 0.330566 0.319824 0.0820312 0.0664062 0.00303078
13 0.345215 0.273376 0.103027 0.221802 0.00293159
14 0.954346 0.975586 0.0541992 0.0332031 0.00266457
4 0.495239 0.396484 0.072998 0.694336 0.00252533
14 0.347656 0.320312 0.105469 0.286133 0.00250244
2 0.982422 0.9646 0.0332031 0.0668945 0.00244522
2 0.364746 0.212708 0.0556641 0.0750732 0.00239944
13 0.304688 0.464111 0.136719 0.745605 0.00237846
1 0.0410004 0.936035 0.0747375 0.106445 0.00231361
14 0.351074 0.374146 0.0874023 0.215576 0.0022831
13 0.380371 0.326599 0.0952148 0.30188 0.00226784
1 0.0283051 0.947998 0.0349426 0.0844727 0.00223732
1 0.368164 0.32196 0.0625 0.303345 0.0021801
14 0.365234 0.212891 0.0498047 0.0722656 0.00216866
13 0.37915 0.353516 0.0576172 0.266602 0.00213432
1 0.95459 0.963379 0.0849609 0.0576172 0.00207901
13 0.982422 0.9646 0.0332031 0.0668945 0.00197601
4 0.961914 0.648804 0.0566406 0.665283 0.00195122
4 0.70752 0.660645 0.0585938 0.174805 0.00183392
1 0.979736 0.905762 0.0327148 0.18457 0.001791
13 0.37915 0.214539 0.0639648 0.0811768 0.0017004
13 0.366699 0.33252 0.0488281 0.137695 0.00164795
13 0.306152 0.506836 0.0922852 0.887695 0.0016346
1 0.0484009 0.0446167 0.0688477 0.081665 0.00158882
4 0.87207 0.658691 0.112305 0.611328 0.0015831
1 0.98584 0.931396 0.0283203 0.123535 0.0015831
1 0.985352 0.977539 0.0273438 0.0449219 0.00157547
13 0.336182 0.403076 0.0927734 0.311035 0.0015707
13 0.0273438 0.865723 0.0411377 0.250977 0.00154877
4 0.0603485 0.530518 0.0931702 0.919434 0.00152683
13 0.36377 0.229797 0.0898438 0.111206 0.00150299
13 0.711426 0.674805 0.0517578 0.251953 0.00147343
4 0.96582 0.727661 0.0429688 0.544678 0.00143337
13 0.322266 0.558838 0.206543 0.874512 0.00142384
1 0.0244141 0.789795 0.0391846 0.398926 0.00141811
4 0.319092 0.716797 0.0742188 0.515625 0.00141811
13 0.495239 0.396484 0.072998 0.694336 0.0014019
13 0.729492 0.658203 0.104492 0.1875 0.00139904
14 0.376221 0.746582 0.0424805 0.0644531 0.00128555
13 0.320557 0.311523 0.0859375 0.214844 0.00128174
1 0.0276031 0.969971 0.0296326 0.0561523 0.00126362
6 0.982178 0.9646 0.0356445 0.0629883 0.00124836
9 0.982178 0.9646 0.0356445 0.0629883 0.00123882
10 0.982178 0.9646 0.0356445 0.0629883 0.00121975
1 0.989258 0.963379 0.0214844 0.0654297 0.00121975
1 0.970947 0.94458 0.0522461 0.097168 0.00121689
7 0.347656 0.320312 0.105469 0.286133 0.00121403
4 0.982178 0.9646 0.0356445 0.0629883 0.00120163
18 0.347656 0.320312 0.105469 0.286133 0.00119495
14 0.982422 0.947754 0.03125 0.100586 0.00118256
13 0.293396 0.36084 0.2677 0.399414 0.00118065
7 0.981445 0.967041 0.0351562 0.0581055 0.00116634
2 0.327637 0.556763 0.11377 0.822021 0.0011301
13 0.68457 0.657227 0.0849609 0.19043 0.00112152
5 0.347656 0.320312 0.105469 0.286133 0.00111389
4 0.0316162 0.768555 0.0388184 0.414062 0.00111008
18 0.982178 0.9646 0.0356445 0.0629883 0.00110245
13 0.386475 0.34668 0.0317383 0.171387 0.00109577
5 0.981445 0.967041 0.0351562 0.0581055 0.00108814
1 0.0383453 0.0367737 0.0663757 0.0735474 0.00108528
11 0.982178 0.9646 0.0356445 0.0629883 0.0010767
0 0.982178 0.9646 0.0356445 0.0629883 0.00106907
9 0.352539 0.374634 0.0839844 0.207764 0.00106907
3 0.982178 0.9646 0.0356445 0.0629883 0.00106049
1 0.0228271 0.965332 0.0361328 0.0693359 0.0010519
19 0.354492 0.324463 0.0839844 0.288574 0.0010519
4 0.952393 0.713745 0.0698242 0.57251 0.00104523
8 0.982178 0.9646 0.0356445 0.0629883 0.00104427
14 0.0244141 0.93457 0.0390625 0.115234 0.00104427
13 0.38208 0.361206 0.266113 0.390869 0.00104141
2 0.020752 0.93042 0.0349121 0.111816 0.00103855
19 0.981445 0.967041 0.0351562 0.0581055 0.0010376
16 0.347656 0.320312 0.105469 0.286133 0.00103092
3 0.347656 0.320312 0.105469 0.286133 0.00102329
