13 0.148438 0.746582 0.0622559 0.171875 0.725098
2 0.145264 0.747559 0.0708008 0.177734 0.466064
1 0.0233154 0.915283 0.0316162 0.140137 0.0998535
1 0.147461 0.744141 0.0678711 0.175781 0.0803833
4 0.0473022 0.456543 0.0946045 0.913086 0.0526428
2 0.524292 0.510986 0.820557 0.935059 0.0508728
1 0.0253754 0.938232 0.0290833 0.0708008 0.0491638
4 0.946777 0.48584 0.0869141 0.904297 0.0457153
2 0.0518188 0.474609 0.103638 0.947266 0.0345764
14 0.147461 0.748535 0.0625 0.166992 0.0259247
13 0.0215759 0.901855 0.0336304 0.149414 0.0153732
1 0.988281 0.914551 0.0195312 0.120117 0.0113449
1 0.0211487 0.861572 0.0372925 0.241699 0.0104752
2 0.0224609 0.9375 0.026123 0.0761719 0.010376
4 0.599609 0.474243 0.415039 0.897217 0.00971985
1 0.0202789 0.945557 0.0274353 0.0854492 0.00863647
2 0.148926 0.746094 0.0625 0.116211 0.00765991
2 0.503418 0.50647 0.90918 0.539795 0.00748062
2 0.096405 0.749512 0.13385 0.193359 0.00686264
13 0.137695 0.74707 0.0981445 0.183594 0.00685501
1 0.986328 0.939941 0.0175781 0.0732422 0.00533295
1 0.02565 0.0536499 0.0299988 0.0985107 0.00505829
1 0.0277405 0.887695 0.0380249 0.177734 0.00464249
2 0.0751038 0.776855 0.147644 0.299805 0.00450897
1 0.985352 0.939453 0.0273438 0.0800781 0.00449371
1 0.976807 0.165771 0.034668 0.312012 0.00432968
4 0.53125 0.488647 0.706055 0.932861 0.00416183
2 0.0332642 0.794189 0.0509033 0.366699 0.00402069
1 0.983154 0.921631 0.0317383 0.109863 0.00382042
2 0.0189209 0.907959 0.0333252 0.152832 0.00372314
4 0.0216064 0.803223 0.0423584 0.352539 0.00360107
14 0.0233154 0.915283 0.0316162 0.140137 0.00358582
1 0.979492 0.0733032 0.0332031 0.122437 0.00352859
13 0.0192261 0.870361 0.0369873 0.220215 0.00338745
4 0.638672 0.408813 0.21582 0.748779 0.00318527
13 0.175293 0.74707 0.126953 0.178711 0.0031414
1 0.0214996 0.925781 0.0256042 0.0878906 0.00300598
2 0.0247803 0.933105 0.0327148 0.104492 0.00289726
2 0.0203857 0.831055 0.0395508 0.292969 0.00285912
4 0.148438 0.746582 0.0622559 0.171875 0.00284386
2 0.183197 0.749023 0.196594 0.193359 0.00282478
9 0.146851 0.749023 0.0654297 0.169922 0.00279236
2 0.0422363 0.358643 0.0844727 0.687012 0.00263977
13 0.0244141 0.938721 0.0264893 0.0776367 0.00260162
13 0.166016 0.749512 0.249023 0.25293 0.00259399
2 0.315918 0.417725 0.597656 0.709473 0.00242233
1 0.0216064 0.803223 0.0423584 0.352539 0.00229073
13 0.147705 0.75293 0.0605469 0.0947266 0.00215149
2 0.0377808 0.79541 0.0755615 0.302734 0.00203514
2 0.0261536 0.883057 0.0392456 0.190918 0.00201988
2 0.175293 0.74707 0.126953 0.178711 0.00194073
1 0.0265198 0.914551 0.0338745 0.0947266 0.00187111
8 0.145264 0.747559 0.0708008 0.177734 0.00185013
2 0.137451 0.750488 0.125 0.201172 0.00172901
13 0.0283203 0.867676 0.03479 0.21582 0.00171947
1 0.979736 0.900146 0.034668 0.154785 0.00154114
13 0.096405 0.749512 0.13385 0.193359 0.00150776
13 0.108948 0.75 0.217896 0.240234 0.0014801
1 0.976807 0.113312 0.0366211 0.19281 0.00145149
2 0.746582 0.256836 0.432617 0.444336 0.00131512
6 0.151855 0.746582 0.0761719 0.183594 0.00131512
2 0.144409 0.717285 0.0568848 0.115234 0.00127125
19 0.151855 0.746582 0.0761719 0.183594 0.00119781
1 0.0336914 0.0511169 0.0430908 0.0857544 0.00118637
13 0.077301 0.777832 0.153503 0.311523 0.00118446
10 0.151855 0.746582 0.0761719 0.183594 0.00117016
13 0.0488281 0.468994 0.0976562 0.937988 0.00116062
1 0.0183105 0.88916 0.0366211 0.163086 0.00111771
11 0.151855 0.746582 0.0761719 0.183594 0.0011158
3 0.151855 0.746582 0.0761719 0.183594 0.00109005
2 0.216553 0.472046 0.433105 0.911377 0.00108719
2 0.0530548 0.828125 0.0975037 0.322266 0.0010767
16 0.151855 0.746582 0.0761719 0.183594 0.00107384
7 0.151855 0.746582 0.0761719 0.183594 0.00106907
1 0.0204468 0.115143 0.027832 0.216492 0.00105953
18 0.151855 0.746582 0.0761719 0.183594 0.00103283
2 0.242676 0.485718 0.439453 0.593018 0.0010252
12 0.145264 0.747559 0.0708008 0.177734 0.00101566
