14 0.300293 0.5 0.0664062 0.0253906 0.52002
1 0.982666 0.944824 0.0288086 0.0888672 0.308838
13 0.301758 0.537598 0.0649414 0.100586 0.304688
1 0.0293121 0.924072 0.0284119 0.108887 0.253906
14 0.301025 0.52832 0.0708008 0.0800781 0.216309
1 0.974609 0.0555573 0.0410156 0.107391 0.213379
1 0.978516 0.941406 0.0390625 0.115234 0.178101
1 0.0263062 0.928711 0.0402832 0.136719 0.141235
1 0.0415039 0.0493774 0.064209 0.0987549 0.135986
1 0.966309 0.0609131 0.0439453 0.121826 0.0475159
14 0.980225 0.949463 0.0375977 0.0932617 0.0369568
13 0.299805 0.49707 0.0810547 0.0253906 0.035614
1 0.980713 0.963623 0.0366211 0.0727539 0.0319824
13 0.381836 0.84082 0.0253906 0.0820312 0.026886
1 0.0302887 0.90332 0.0370789 0.119141 0.0263824
1 0.986328 0.918945 0.0195312 0.111328 0.0258331
1 0.0273438 0.891113 0.0263672 0.15332 0.0233154
4 0.963379 0.68042 0.0615234 0.596191 0.0229645
13 0.3125 0.571777 0.0327148 0.0361328 0.0209045
1 0.0224609 0.919678 0.0290527 0.0981445 0.0188141
1 0.975586 0.914307 0.03125 0.13623 0.0166626
1 0.974365 0.109283 0.0415039 0.203796 0.0159302
2 0.299805 0.49707 0.0810547 0.0253906 0.015358
1 0.03125 0.873535 0.03125 0.202148 0.0152206
1 0.0249634 0.953125 0.0446777 0.0859375 0.0129089
2 0.3125 0.570801 0.0322266 0.0371094 0.0123825
14 0.3125 0.570801 0.0322266 0.0371094 0.0115509
13 0.108856 0.330811 0.031311 0.0493164 0.0111465
2 0.230896 0.802734 0.0274658 0.0263672 0.0099411
1 0.964355 0.0483551 0.0595703 0.0885925 0.00951385
4 0.953125 0.516479 0.0839844 0.955322 0.00874329
4 0.9729 0.761475 0.0444336 0.418457 0.00842285
1 0.979492 0.967285 0.0273438 0.0576172 0.00760651
1 0.973633 0.948486 0.03125 0.0874023 0.00756836
14 0.382812 0.841797 0.0209961 0.0830078 0.00702667
2 0.379395 0.842773 0.0224609 0.0771484 0.00691223
1 0.0366211 0.931641 0.0449219 0.0957031 0.00688553
1 0.979492 0.0825195 0.0351562 0.156494 0.00508118
4 0.971924 0.899902 0.0483398 0.186523 0.00471497
1 0.0327148 0.816162 0.0336914 0.305176 0.00465775
4 0.302979 0.540527 0.0639648 0.101562 0.00462723
1 0.975586 0.884766 0.0371094 0.210938 0.0045433
2 0.384766 0.841309 0.0224609 0.0820312 0.0045166
2 0.300781 0.538574 0.0649414 0.101562 0.00449371
1 0.975342 0.9729 0.0297852 0.0444336 0.00448608
4 0.0415192 0.452148 0.0617371 0.904297 0.00446701
1 0.981445 0.908936 0.0253906 0.166504 0.00419235
13 0.312012 0.551758 0.0444336 0.0849609 0.00417709
1 0.969482 0.144592 0.0395508 0.253784 0.00346565
4 0.95874 0.455811 0.0551758 0.911621 0.0029068
14 0.293945 0.495117 0.0654297 0.0263672 0.00286674
14 0.027359 0.928711 0.039032 0.128906 0.00271225
1 0.300293 0.5 0.0664062 0.0253906 0.00266457
4 0.97168 0.821289 0.0410156 0.261719 0.00262642
13 0.100098 0.333008 0.0341797 0.046875 0.0025692
1 0.0336914 0.948242 0.0357666 0.0800781 0.00246048
1 0.034668 0.0846252 0.041626 0.150085 0.00243187
4 0.925781 0.495361 0.107422 0.966309 0.00218964
4 0.0336914 0.779053 0.0352783 0.381348 0.00215149
4 0.97168 0.515259 0.0488281 0.793701 0.00211525
13 0.230896 0.802734 0.0274658 0.0263672 0.00205994
1 0.0270691 0.868652 0.0385132 0.262695 0.00205231
4 0.96875 0.821533 0.0566406 0.339355 0.00204086
14 0.984375 0.935791 0.0273438 0.0834961 0.00184631
1 0.976562 0.171265 0.0371094 0.335205 0.00177479
13 0.314209 0.569336 0.043457 0.0478516 0.00175667
2 0.312012 0.569336 0.0429688 0.046875 0.00171852
13 0.301025 0.561035 0.0541992 0.0644531 0.00171757
4 0.982666 0.942383 0.0307617 0.0957031 0.00169277
1 0.0303345 0.0371704 0.0606689 0.0743408 0.00162029
14 0.230225 0.801758 0.0332031 0.0283203 0.00159073
4 0.981201 0.907715 0.0317383 0.165039 0.001544
14 0.0283203 0.91748 0.0299072 0.09375 0.00153923
14 0.977539 0.969482 0.0371094 0.059082 0.00151634
4 0.976562 0.870361 0.0332031 0.233887 0.00150394
1 0.0273438 0.777832 0.0372314 0.381836 0.00137806
14 0.977539 0.924805 0.0390625 0.148438 0.00137615
13 0.302734 0.504395 0.0776367 0.0429688 0.00136185
1 0.0302734 0.964111 0.0366211 0.0678711 0.00129128
13 0.311279 0.498047 0.108887 0.0361328 0.00127888
2 0.108398 0.330566 0.027832 0.0444336 0.00126934
4 0.963379 0.733398 0.0419922 0.396484 0.0012188
2 0.981445 0.947998 0.0371094 0.0961914 0.00120068
1 0.969482 0.0874329 0.043457 0.136169 0.00118637
13 0.0410156 0.125793 0.0460205 0.250366 0.00115299
1 0.0356445 0.74707 0.0455322 0.484375 0.00114059
13 0.367432 0.864258 0.0629883 0.139648 0.00113964
9 0.300293 0.5 0.0664062 0.0253906 0.00113583
4 0.973389 0.278809 0.0415039 0.557617 0.00112152
13 0.978516 0.941406 0.0390625 0.115234 0.00106525
9 0.301025 0.52832 0.0708008 0.0800781 0.00105953
4 0.0263062 0.928711 0.0402832 0.136719 0.00105953
13 0.981689 0.944336 0.0268555 0.0917969 0.0010252
