2 0.502319 0.819336 0.356689 0.0625 0.507324
2 0.502441 0.793945 0.357422 0.107422 0.378662
4 0.0648499 0.474609 0.104675 0.949219 0.169434
13 0.85791 0.294434 0.0410156 0.0810547 0.118652
1 0.980469 0.928955 0.0332031 0.0991211 0.0986938
1 0.982422 0.939453 0.0273438 0.0703125 0.072998
1 0.0319824 0.897705 0.0585938 0.194824 0.0353088
13 0.852051 0.288086 0.0605469 0.0825195 0.0347595
1 0.984375 0.91626 0.0234375 0.112793 0.0251617
2 0.503418 0.835449 0.344727 0.0556641 0.0216522
1 0.0253906 0.905273 0.0419922 0.142578 0.0173492
1 0.977295 0.884766 0.0336914 0.171875 0.0171814
2 0.510254 0.761719 0.349609 0.150391 0.0153656
1 0.975342 0.0611877 0.0336914 0.108093 0.0153275
2 0.500488 0.805176 0.264648 0.0820312 0.0096283
1 0.0326996 0.9375 0.0503235 0.115234 0.00961304
1 0.979492 0.944336 0.0410156 0.0800781 0.00787354
1 0.0362396 0.837891 0.0593567 0.298828 0.00768661
1 0.978516 0.834717 0.0292969 0.271973 0.00720978
9 0.510742 0.80957 0.366211 0.0830078 0.00624084
13 0.503418 0.793457 0.356445 0.125 0.00576782
1 0.034668 0.0459442 0.0340576 0.0858459 0.00542068
2 0.481323 0.744629 0.431885 0.245117 0.00526428
14 0.5 0.81543 0.360352 0.0791016 0.00508499
9 0.506714 0.785156 0.365479 0.138672 0.00447845
4 0.502441 0.793945 0.357422 0.107422 0.00433731
2 0.509155 0.817383 0.219971 0.0625 0.0043335
14 0.503906 0.785156 0.358398 0.129883 0.00415421
2 0.0339203 0.837158 0.0559387 0.306152 0.00400925
1 0.972656 0.934082 0.0410156 0.0849609 0.0038414
2 0.505859 0.829102 0.369141 0.143555 0.00365639
1 0.502319 0.819336 0.356689 0.0625 0.00354576
2 0.564453 0.828613 0.240234 0.0439453 0.00324059
1 0.97168 0.0527344 0.0449219 0.0804443 0.00321388
13 0.502319 0.819336 0.356689 0.0625 0.00294304
1 0.981445 0.113525 0.0292969 0.185791 0.00292206
13 0.870117 0.299316 0.0419922 0.0859375 0.00277328
4 0.9375 0.479248 0.0957031 0.958496 0.00270271
1 0.979736 0.0813293 0.0366211 0.146912 0.00255775
13 0.893555 0.296631 0.104492 0.0893555 0.0025444
4 0.0950928 0.435547 0.153076 0.871094 0.00233459
2 0.859863 0.297607 0.0419922 0.090332 0.00217628
4 0.0468903 0.398315 0.0798035 0.736572 0.00211906
2 0.510742 0.143799 0.908203 0.262695 0.00195026
13 0.0390625 0.803223 0.0635986 0.375977 0.00192451
1 0.975586 0.908691 0.0273438 0.12793 0.00185585
9 0.512207 0.827637 0.360352 0.0498047 0.00182629
2 0.0693359 0.480835 0.108887 0.960205 0.00177765
1 0.0356445 0.0761719 0.0360107 0.145508 0.00174713
14 0.859863 0.297607 0.0419922 0.090332 0.0016489
1 0.0293121 0.0310211 0.0382996 0.0610046 0.00158978
2 0.417114 0.827148 0.556396 0.0976562 0.00158501
1 0.981201 0.958008 0.0297852 0.0566406 0.00149345
2 0.441406 0.450928 0.783203 0.872559 0.00148106
1 0.0415039 0.764404 0.0661621 0.428223 0.0014677
4 0.0417023 0.247314 0.0625916 0.494629 0.00143719
1 0.501953 0.79834 0.344727 0.105469 0.00142193
1 0.0454712 0.901367 0.072998 0.162109 0.00139999
2 0.581055 0.82373 0.237305 0.0664062 0.00137997
2 0.509399 0.780273 0.215576 0.143555 0.00137901
1 0.981689 0.971924 0.034668 0.034668 0.0013752
14 0.512207 0.827637 0.360352 0.0498047 0.0013628
13 0.503418 0.835449 0.344727 0.0556641 0.00130081
4 0.963867 0.479492 0.0722656 0.928711 0.00129986
13 0.864746 0.298096 0.0732422 0.0786133 0.00125027
1 0.0359497 0.91333 0.0571289 0.124512 0.00120258
4 0.502319 0.819336 0.356689 0.0625 0.00119781
1 0.859863 0.297607 0.0419922 0.090332 0.00118828
1 0.97998 0.961182 0.0400391 0.0776367 0.00114632
14 0.983398 0.932373 0.03125 0.0805664 0.00113487
8 0.502319 0.819336 0.356689 0.0625 0.0011158
4 0.0401459 0.731445 0.0649719 0.460938 0.0010643
6 0.510742 0.80957 0.366211 0.0830078 0.0010643
2 0.445801 0.82373 0.285156 0.0449219 0.00106144
13 0.981445 0.113525 0.0292969 0.185791 0.0010252
