2 0.669922 0.82373 0.267578 0.209961 0.812012
13 0.165955 0.761719 0.118286 0.123047 0.708496
2 0.591797 0.825684 0.114258 0.213867 0.417236
2 0.69043 0.819824 0.196289 0.168945 0.296875
13 0.660156 0.82666 0.230469 0.217773 0.242188
13 0.139191 0.769531 0.157166 0.141602 0.13208
13 0.161621 0.780762 0.0957031 0.110352 0.0975342
2 0.500366 0.473145 0.899658 0.927734 0.038208
4 0.0552521 0.467773 0.0914001 0.935547 0.0360107
1 0.978516 0.0654907 0.0410156 0.104126 0.0342102
2 0.583008 0.826172 0.204102 0.189453 0.0297394
2 0.535156 0.825195 0.236328 0.223633 0.0292358
13 0.598633 0.822754 0.119141 0.226562 0.0282745
13 0.118683 0.773438 0.180603 0.19043 0.0216217
2 0.157715 0.768066 0.113281 0.142578 0.0196686
2 0.380737 0.829102 0.554932 0.209961 0.0152588
13 0.194946 0.682617 0.159912 0.261719 0.0150604
1 0.162964 0.762207 0.105225 0.132812 0.0143127
2 0.443359 0.835449 0.0332031 0.0605469 0.0141678
1 0.0265808 0.942627 0.0302124 0.0639648 0.0131912
1 0.967529 0.0547791 0.0629883 0.0813599 0.0119553
14 0.665039 0.82373 0.230469 0.201172 0.0105743
9 0.664551 0.822266 0.237305 0.205078 0.00968933
1 0.0258789 0.932129 0.0372314 0.0888672 0.00775146
13 0.416504 0.739258 0.0410156 0.0712891 0.00728226
13 0.442383 0.835449 0.03125 0.0595703 0.00656509
13 0.173279 0.723145 0.110474 0.175781 0.0063858
1 0.661621 0.831055 0.228516 0.169922 0.00624847
13 0.69043 0.819824 0.196289 0.168945 0.00596619
2 0.421387 0.737793 0.0488281 0.0712891 0.00556946
4 0.661621 0.831055 0.228516 0.169922 0.004879
1 0.977783 0.115479 0.0444336 0.180664 0.00471878
4 0.953125 0.447876 0.0878906 0.881592 0.00463104
2 0.0651093 0.465942 0.106354 0.923584 0.00448608
2 0.511841 0.555664 0.831787 0.558594 0.00440598
14 0.163574 0.759766 0.116699 0.121094 0.00438309
14 0.591797 0.825684 0.114258 0.213867 0.00434875
13 0.458496 0.0356293 0.0195312 0.0556946 0.00424576
1 0.0274658 0.91748 0.0275879 0.110352 0.00391388
13 0.164093 0.763672 0.205994 0.204102 0.00378799
4 0.587402 0.824707 0.136719 0.220703 0.00364113
1 0.946289 0.0515289 0.107422 0.0776062 0.00325966
9 0.59082 0.826172 0.117188 0.214844 0.00322151
2 0.406494 0.736328 0.0844727 0.078125 0.00320244
1 0.986328 0.921875 0.0273438 0.0898438 0.00318527
1 0.591797 0.825684 0.114258 0.213867 0.00308037
8 0.664551 0.824219 0.222656 0.192383 0.00302505
13 0.184082 0.742188 0.103516 0.0976562 0.00298691
13 0.189941 0.750488 0.147949 0.124023 0.00297737
19 0.661621 0.831055 0.228516 0.169922 0.00278854
18 0.661621 0.831055 0.228516 0.169922 0.00270462
16 0.661621 0.831055 0.228516 0.169922 0.00259972
11 0.661621 0.831055 0.228516 0.169922 0.00257874
2 0.376709 0.779785 0.516113 0.204102 0.00254631
7 0.661621 0.831055 0.228516 0.169922 0.00254059
3 0.661621 0.831055 0.228516 0.169922 0.00242424
4 0.164551 0.763672 0.112793 0.119141 0.00235176
13 0.380737 0.829102 0.554932 0.209961 0.00232887
14 0.442871 0.836426 0.0356445 0.0585938 0.00231552
15 0.661621 0.831055 0.228516 0.169922 0.00227737
13 0.188263 0.645386 0.200623 0.363525 0.00224495
12 0.661621 0.831055 0.228516 0.169922 0.00222588
17 0.661621 0.831055 0.228516 0.169922 0.00214767
10 0.661621 0.831055 0.228516 0.169922 0.00213242
0 0.661621 0.831055 0.228516 0.169922 0.00212288
13 0.44043 0.837891 0.0458984 0.0722656 0.00212288
5 0.661621 0.831055 0.228516 0.169922 0.00205803
6 0.661621 0.831055 0.228516 0.169922 0.00201035
1 0.0350952 0.914551 0.0413818 0.120117 0.00200653
1 0.0283813 0.953369 0.0390625 0.0717773 0.00191689
1 0.0352783 0.868408 0.0441895 0.202637 0.00184345
2 0.595215 0.818359 0.102539 0.141602 0.00175381
13 0.376709 0.779785 0.516113 0.204102 0.00174999
4 0.0527496 0.607788 0.0700378 0.624268 0.00172138
13 0.583008 0.826172 0.204102 0.189453 0.00170422
13 0.130005 0.771973 0.26001 0.273438 0.00166893
13 0.187378 0.767578 0.289795 0.265625 0.00165462
13 0.101807 0.750488 0.130859 0.307617 0.00152779
13 0.0654907 0.825684 0.121704 0.280273 0.00151539
8 0.163574 0.759766 0.116699 0.121094 0.00148773
13 0.038269 0.847412 0.0454102 0.248535 0.0014658
8 0.591797 0.825684 0.114258 0.213867 0.00143814
2 0.507324 0.835449 0.438477 0.213867 0.00141239
13 0.977783 0.115479 0.0444336 0.180664 0.00141048
7 0.163574 0.759766 0.116699 0.121094 0.00137615
13 0.221924 0.497925 0.182129 0.867432 0.00137138
4 0.499512 0.46875 0.816406 0.9375 0.0013628
2 0.273804 0.0736847 0.469971 0.118744 0.00135422
2 0.70874 0.507202 0.531738 0.798096 0.00135136
2 0.443359 0.836914 0.0439453 0.0771484 0.0013485
2 0.732422 0.83252 0.250977 0.195312 0.00133419
13 0.414795 0.733887 0.0610352 0.0888672 0.00132656
2 0.710938 0.822754 0.120117 0.172852 0.00132275
2 0.660156 0.822754 0.148438 0.210938 0.00131893
2 0.392456 0.612671 0.664307 0.737549 0.00131512
18 0.163574 0.759766 0.116699 0.121094 0.00130367
5 0.163574 0.759766 0.116699 0.121094 0.00129318
13 0.165649 0.728027 0.0900879 0.121094 0.00128746
12 0.163574 0.759766 0.116699 0.121094 0.00128269
13 0.216797 0.558228 0.138184 0.533936 0.00124454
4 0.0355225 0.468262 0.0710449 0.936523 0.00123787
3 0.163574 0.759766 0.116699 0.121094 0.00121403
2 0.510742 0.795898 0.3125 0.179688 0.00119209
1 0.0380707 0.0921936 0.0403137 0.16571 0.00117779
13 0.0941162 0.748535 0.106445 0.219727 0.00114918
1 0.954834 0.0397949 0.0864258 0.0517578 0.00113964
13 0.535156 0.825195 0.236328 0.223633 0.0011282
10 0.163574 0.759766 0.116699 0.121094 0.00111103
6 0.15564 0.764648 0.113525 0.135742 0.00109005
16 0.163574 0.759766 0.116699 0.121094 0.0010643
1 0.0400391 0.12912 0.0466309 0.211975 0.00106144
2 0.95459 0.39563 0.0908203 0.751709 0.00106049
15 0.163574 0.759766 0.116699 0.121094 0.00104713
14 0.155884 0.782715 0.0910645 0.107422 0.00104237
4 0.0977783 0.457031 0.1521 0.898438 0.00103474
9 0.161865 0.764648 0.112061 0.124023 0.00102234
