13 0.893555 0.368164 0.124023 0.273438 0.713379
1 0.025116 0.94165 0.0326538 0.0678711 0.296631
1 0.980713 0.940186 0.034668 0.102051 0.124329
1 0.0273438 0.924561 0.0235596 0.0883789 0.0958862
1 0.0280151 0.918701 0.0307617 0.117676 0.0938721
13 0.887207 0.301758 0.112305 0.136719 0.0760498
1 0.980469 0.950684 0.0273438 0.0732422 0.0618896
13 0.901855 0.471313 0.118164 0.631592 0.0604553
14 0.0256958 0.934082 0.0328369 0.0810547 0.0604248
14 0.0293274 0.936035 0.0425415 0.104492 0.0593567
13 0.932129 0.399292 0.0449219 0.185791 0.0559082
13 0.879395 0.276367 0.119141 0.0786133 0.0544434
13 0.913574 0.375977 0.0742188 0.276367 0.0450745
2 0.0541534 0.442871 0.0843201 0.885742 0.0374451
13 0.908691 0.385437 0.0927734 0.387329 0.0344238
1 0.0294952 0.945557 0.0433044 0.0874023 0.027832
1 0.976562 0.0842896 0.0351562 0.154907 0.020401
13 0.899902 0.350342 0.0927734 0.21875 0.0179749
2 0.893555 0.368164 0.124023 0.273438 0.017746
13 0.924805 0.388184 0.0478516 0.259766 0.0176849
1 0.0341797 0.0487366 0.0356445 0.0910034 0.0168457
4 0.0583191 0.481934 0.0967407 0.958984 0.0142975
13 0.907715 0.376709 0.18457 0.303223 0.0124893
13 0.883301 0.323242 0.135742 0.19043 0.0118179
1 0.980469 0.904297 0.03125 0.148438 0.0115128
1 0.9729 0.963379 0.0307617 0.0576172 0.0114899
4 0.907715 0.502075 0.105469 0.663818 0.0114441
2 0.487915 0.470093 0.858154 0.903564 0.0105133
4 0.893066 0.368408 0.126953 0.277832 0.0101929
1 0.893066 0.368408 0.126953 0.277832 0.00992584
1 0.982666 0.960449 0.034668 0.0791016 0.00946045
13 0.880371 0.266357 0.0878906 0.0708008 0.00911713
4 0.0375366 0.762695 0.0411377 0.419922 0.00871277
1 0.880371 0.0268555 0.137695 0.0206299 0.00841522
13 0.939941 0.453369 0.0302734 0.132324 0.00648117
1 0.0258484 0.0890808 0.0280151 0.159729 0.00561142
1 0.9729 0.141724 0.0385742 0.262451 0.00546646
2 0.887207 0.308105 0.121094 0.146484 0.00541687
4 0.91748 0.630737 0.0947266 0.652588 0.00540161
1 0.0224609 0.902832 0.0290527 0.124023 0.0044632
1 0.974609 0.0568237 0.0371094 0.0928955 0.00439835
1 0.0336761 0.0834961 0.0354309 0.166504 0.00434875
2 0.0470734 0.360107 0.0672302 0.66748 0.00416565
2 0.0293274 0.936035 0.0425415 0.104492 0.00402832
14 0.889648 0.372314 0.12793 0.276855 0.0036087
1 0.983398 0.930664 0.0234375 0.0878906 0.00322533
2 0.904785 0.53064 0.106445 0.653564 0.00322151
14 0.0343628 0.951904 0.0474854 0.0825195 0.00310135
1 0.0300293 0.888672 0.029541 0.160156 0.0026741
1 0.0356445 0.0356293 0.052002 0.0649719 0.0026474
13 0.937988 0.421265 0.0351562 0.16626 0.00263023
13 0.88623 0.268005 0.135742 0.175903 0.00253487
2 0.0284424 0.0888062 0.0327148 0.16687 0.00253487
1 0.986328 0.954102 0.0273438 0.0605469 0.00250244
1 0.967773 0.91626 0.0371094 0.116699 0.0024147
1 0.972656 0.942139 0.0292969 0.0922852 0.00237083
1 0.908691 0.541992 0.0966797 0.772461 0.00222015
13 0.918457 0.369873 0.0605469 0.14209 0.00217819
1 0.0292206 0.96582 0.0433655 0.0683594 0.00212479
2 0.494019 0.442261 0.9104 0.468994 0.00212097
13 0.858398 0.263672 0.0869141 0.059082 0.00203133
1 0.0302582 0.945068 0.0273743 0.0493164 0.00193691
1 0.967285 0.0452118 0.0537109 0.0765686 0.00191975
1 0.0338135 0.918213 0.0461426 0.134277 0.00183678
1 0.968506 0.955811 0.043457 0.0786133 0.00180531
13 0.93457 0.458496 0.0400391 0.291992 0.00178337
1 0.969482 0.969971 0.0375977 0.0385742 0.00173283
1 0.0283203 0.899902 0.0236816 0.103516 0.00172234
13 0.0292816 0.916504 0.0270081 0.103516 0.00170326
7 0.893555 0.368164 0.124023 0.273438 0.00160503
9 0.893555 0.368164 0.124023 0.273438 0.00154972
2 0.0260773 0.934082 0.0325623 0.0810547 0.00151634
5 0.893555 0.368164 0.124023 0.273438 0.00149059
8 0.893066 0.368408 0.126953 0.277832 0.00148678
13 0.924316 0.435913 0.0585938 0.419189 0.00147915
3 0.893555 0.368164 0.124023 0.273438 0.00147915
13 0.0273438 0.890625 0.02771 0.133789 0.00146866
18 0.893066 0.367676 0.130859 0.269531 0.00143623
13 0.90332 0.464233 0.107422 0.354736 0.00141525
1 0.975586 0.0794983 0.0371094 0.0934448 0.0014143
4 0.0322266 0.864258 0.0401611 0.205078 0.00138855
13 0.933105 0.400146 0.0371094 0.0957031 0.00138378
2 0.0388794 0.246765 0.067749 0.483032 0.00138187
16 0.893555 0.368164 0.124023 0.273438 0.00131512
4 0.895996 0.674805 0.105469 0.569336 0.00129509
12 0.893555 0.368164 0.124023 0.273438 0.00128555
1 0.980225 0.874512 0.0375977 0.22168 0.00127029
1 0.0410156 0.0513306 0.0587158 0.0845947 0.0012598
13 0.939453 0.405762 0.078125 0.708008 0.00123119
10 0.893555 0.368164 0.124023 0.273438 0.00122643
6 0.893555 0.368164 0.124023 0.273438 0.00120735
2 0.918945 0.366089 0.0654297 0.2229 0.0012064
2 0.879883 0.28125 0.123047 0.09375 0.00118732
15 0.893555 0.368164 0.124023 0.273438 0.00117016
19 0.894531 0.369385 0.126953 0.270996 0.00116444
17 0.893555 0.368164 0.124023 0.273438 0.00116062
14 0.0288086 0.904053 0.02771 0.13916 0.00113773
13 0.025116 0.94165 0.0326538 0.0678711 0.0011301
11 0.893555 0.368164 0.124023 0.273438 0.00110817
1 0.985352 0.921387 0.0292969 0.110352 0.00109959
1 0.879395 0.276367 0.119141 0.0786133 0.00109863
14 0.981689 0.940674 0.0366211 0.0952148 0.00109673
2 0.0303497 0.903809 0.0464783 0.176758 0.00109577
1 0.966309 0.067688 0.0458984 0.122437 0.00108719
13 0.938965 0.458618 0.0244141 0.0974121 0.00108337
4 0.0322418 0.804688 0.0346375 0.324219 0.00106716
13 0.897461 0.304993 0.135742 0.27478 0.0010643
14 0.0343628 0.918213 0.0415039 0.130371 0.00105953
1 0.933594 0.400269 0.0419922 0.189697 0.00105667
9 0.0260773 0.938721 0.0289001 0.0737305 0.00105286
1 0.980469 0.825684 0.0292969 0.329102 0.0010376
0 0.893066 0.368408 0.126953 0.277832 0.00102997
2 0.907715 0.376709 0.18457 0.303223 0.00102997
13 0.928711 0.415527 0.0332031 0.143555 0.00101376
