13 0.549805 0.886719 0.0957031 0.164062 0.849121
2 0.37207 0.791504 0.202148 0.0556641 0.701172
1 0.982178 0.948975 0.0356445 0.102051 0.409424
1 0.977539 0.922119 0.0390625 0.155762 0.117554
13 0.531738 0.85791 0.0664062 0.106445 0.114136
1 0.0266724 0.948975 0.0296631 0.074707 0.0792847
2 0.361328 0.783691 0.246094 0.0791016 0.0680542
2 0.379883 0.799316 0.258789 0.0380859 0.0588379
2 0.541992 0.879883 0.0957031 0.165039 0.0393372
2 0.331543 0.788574 0.248535 0.0410156 0.0318909
13 0.576172 0.888184 0.176758 0.176758 0.0295563
1 0.0244141 0.961914 0.0362549 0.0527344 0.0247955
2 0.348633 0.805664 0.230469 0.0732422 0.0231628
1 0.0283051 0.955322 0.0244446 0.0444336 0.0209808
1 0.974365 0.887939 0.0415039 0.216309 0.0207214
1 0.979492 0.966797 0.03125 0.0664062 0.0192413
4 0.0673828 0.460449 0.0893555 0.920898 0.0184784
1 0.976318 0.830566 0.0356445 0.323242 0.0151825
14 0.350464 0.794922 0.243408 0.0429688 0.0142212
13 0.526367 0.891357 0.160156 0.189941 0.0142136
1 0.552734 0.884277 0.0986328 0.166016 0.0134277
13 0.975586 0.902588 0.0390625 0.179199 0.012886
1 0.973633 0.0653534 0.0410156 0.0843811 0.0113678
14 0.540039 0.881836 0.0839844 0.146484 0.0109863
1 0.974365 0.942139 0.0395508 0.104004 0.0109329
2 0.377197 0.79541 0.108398 0.0390625 0.0108414
4 0.235352 0.470703 0.114746 0.830078 0.0085907
4 0.0456085 0.397827 0.0689392 0.747314 0.00839996
14 0.372803 0.789551 0.202637 0.0625 0.00746918
9 0.360962 0.794922 0.23999 0.0546875 0.00697708
13 0.365967 0.789551 0.185059 0.0449219 0.00679016
13 0.54248 0.878418 0.0810547 0.115234 0.00669479
1 0.0395508 0.0568085 0.0444336 0.0934143 0.00582504
1 0.966064 0.936768 0.0600586 0.118652 0.0052948
1 0.0295258 0.934326 0.0290833 0.10791 0.00510788
4 0.0410156 0.245605 0.0595703 0.491211 0.00479889
4 0.548828 0.888184 0.0927734 0.166992 0.00479889
13 0.556641 0.859375 0.0976562 0.112305 0.00467682
1 0.966553 0.0554199 0.0532227 0.064209 0.00465012
13 0.538086 0.911377 0.104492 0.13623 0.00460052
1 0.971924 0.740723 0.0385742 0.499023 0.00435257
1 0.350952 0.794922 0.246338 0.0458984 0.00419617
2 0.360352 0.788574 0.107422 0.0556641 0.00391388
1 0.981445 0.929932 0.03125 0.0932617 0.00387955
4 0.967529 0.741943 0.0571289 0.504395 0.00383186
1 0.967529 0.187958 0.0395508 0.236389 0.00375748
13 0.363892 0.788086 0.215576 0.0664062 0.00369453
13 0.350586 0.795898 0.245117 0.0429688 0.00357056
9 0.363037 0.789551 0.185547 0.0419922 0.00356865
2 0.347534 0.76709 0.252197 0.132812 0.00352097
1 0.975586 0.0978699 0.0410156 0.150452 0.00350761
1 0.0410004 0.0663452 0.0586243 0.128052 0.00349617
13 0.980469 0.941406 0.0371094 0.117188 0.0033226
4 0.109375 0.632324 0.0710449 0.5625 0.00331116
1 0.983887 0.930908 0.0322266 0.13623 0.00329781
2 0.303589 0.785156 0.338135 0.0546875 0.00310707
13 0.516602 0.835449 0.0419922 0.0625 0.00310135
1 0.0214691 0.954834 0.0255432 0.0415039 0.00304222
8 0.37207 0.791504 0.202148 0.0556641 0.00284386
13 0.522461 0.840332 0.0410156 0.0947266 0.00283813
2 0.745117 0.893555 0.509766 0.203125 0.00280952
2 0.530762 0.856934 0.0615234 0.112305 0.00272369
2 0.526367 0.891357 0.160156 0.189941 0.00271606
1 0.973877 0.89502 0.034668 0.133789 0.0025959
2 0.364746 0.794434 0.310547 0.142578 0.00242233
8 0.553223 0.884766 0.0976562 0.164062 0.00232124
1 0.0194092 0.970703 0.0388184 0.0488281 0.00228119
1 0.363037 0.789551 0.185547 0.0419922 0.00227356
14 0.52832 0.852539 0.0556641 0.102539 0.00220871
14 0.980469 0.94873 0.0371094 0.102539 0.00219917
1 0.530762 0.856934 0.0615234 0.112305 0.00209618
18 0.554688 0.886719 0.102539 0.162109 0.00208664
2 0.355957 0.797852 0.0874023 0.0302734 0.0020771
2 0.392212 0.774902 0.340576 0.0830078 0.00206947
2 0.739746 0.935059 0.506836 0.116211 0.00200081
7 0.554688 0.886719 0.102539 0.162109 0.00195312
1 0.967041 0.124634 0.034668 0.186035 0.00194836
9 0.549316 0.886475 0.0957031 0.164551 0.00189495
5 0.553223 0.884766 0.0976562 0.164062 0.00185966
4 0.351318 0.788086 0.217285 0.0498047 0.00178623
3 0.553223 0.884766 0.0976562 0.164062 0.00175476
13 0.623535 0.876953 0.257812 0.171875 0.00172806
13 0.48877 0.933594 0.0283203 0.0761719 0.00172806
12 0.553223 0.884766 0.0976562 0.164062 0.00171947
4 0.105957 0.521118 0.0913086 0.715576 0.00171661
2 0.980469 0.94873 0.0371094 0.102539 0.00166225
16 0.548828 0.886719 0.0947266 0.163086 0.00165558
13 0.55957 0.895508 0.0849609 0.115234 0.00165462
10 0.554688 0.886719 0.102539 0.162109 0.00163841
1 0.971924 0.960205 0.0483398 0.0795898 0.00162792
2 0.978271 0.912109 0.0375977 0.175781 0.00160885
1 0.0223083 0.936279 0.0327759 0.0766602 0.00156021
1 0.0342407 0.916016 0.0340576 0.109375 0.00153446
6 0.554688 0.886719 0.102539 0.162109 0.00152302
17 0.553223 0.884766 0.0976562 0.164062 0.00150108
15 0.553223 0.884766 0.0976562 0.164062 0.00148392
19 0.553223 0.884766 0.0976562 0.164062 0.00145435
13 0.970703 0.855713 0.0429688 0.288574 0.00145435
1 0.0560303 0.0498199 0.0864258 0.0812683 0.00144768
2 0.370605 0.820801 0.285156 0.0869141 0.0014286
11 0.553223 0.884766 0.0976562 0.164062 0.00138283
2 0.0214691 0.954834 0.0255432 0.0415039 0.00134945
0 0.548828 0.886719 0.0947266 0.163086 0.00132084
6 0.358398 0.789551 0.199219 0.0527344 0.00131226
13 0.570801 0.865723 0.305664 0.268555 0.00129795
13 0.489258 0.865479 0.316406 0.269043 0.00127697
1 0.0264893 0.906006 0.0294189 0.178223 0.00121403
13 0.541016 0.845703 0.0615234 0.0859375 0.00117493
4 0.036499 0.767822 0.0390625 0.462402 0.00117207
1 0.0327148 0.10791 0.0361328 0.184082 0.00117207
4 0.956055 0.700073 0.0644531 0.582275 0.00116634
2 0.977295 0.864746 0.0415039 0.264648 0.00115776
1 0.0317383 0.934326 0.0273438 0.0708008 0.00111675
1 0.96875 0.0906677 0.0351562 0.124329 0.00107193
1 0.0456085 0.397827 0.0689392 0.747314 0.00106335
2 0.586426 0.892578 0.196289 0.214844 0.00105572
1 0.964355 0.226379 0.0498047 0.370483 0.00105286
2 0.38916 0.788086 0.108398 0.0556641 0.00104618
2 0.737793 0.958984 0.524414 0.0722656 0.00104332
