2 0.620605 0.211914 0.241211 0.345703 0.874512
1 0.980469 0.954834 0.0390625 0.0864258 0.521973
13 0.692383 0.208069 0.0380859 0.0828857 0.262451
1 0.0272522 0.929199 0.0342407 0.110352 0.23938
1 0.984375 0.946289 0.0273438 0.0761719 0.101562
1 0.979736 0.921387 0.0366211 0.147461 0.0673828
13 0.697754 0.194824 0.0332031 0.105469 0.0566711
13 0.624023 0.212158 0.240234 0.364746 0.0472107
2 0.691895 0.208801 0.0361328 0.09021 0.0452271
13 0.702637 0.0874023 0.0830078 0.104004 0.0428467
2 0.693848 0.083313 0.0986328 0.0948486 0.0279083
14 0.892578 0.0575562 0.0273438 0.0170898 0.0235138
1 0.985352 0.91748 0.0234375 0.125977 0.0216522
1 0.0254517 0.900146 0.0367432 0.168457 0.0195007
13 0.209045 0.122192 0.0257568 0.0612793 0.0175171
13 0.0302887 0.867188 0.0341492 0.224609 0.0154572
13 0.213806 0.116577 0.0279541 0.0678711 0.0139999
13 0.718262 0.078064 0.0517578 0.0843506 0.013649
2 0.680176 0.0985107 0.117188 0.118164 0.0127487
2 0.733398 0.211609 0.46582 0.384399 0.0112915
9 0.626953 0.21051 0.217773 0.295776 0.0106964
1 0.976562 0.885742 0.0390625 0.212891 0.0103683
13 0.682129 0.093689 0.106445 0.107788 0.0103531
13 0.682129 0.206543 0.0517578 0.0932617 0.00949097
14 0.629883 0.213745 0.219727 0.29126 0.00943756
4 0.0478516 0.471802 0.0709229 0.886475 0.00894165
1 0.629883 0.213745 0.219727 0.29126 0.00853729
1 0.974854 0.967285 0.034668 0.0595703 0.00829315
14 0.691895 0.206665 0.0341797 0.0895996 0.00804138
1 0.974854 0.973633 0.0405273 0.0390625 0.00759888
4 0.626953 0.21051 0.217773 0.295776 0.00718689
2 0.208435 0.124786 0.0328369 0.0687866 0.00714874
13 0.713379 0.0942078 0.0605469 0.141174 0.0070343
1 0.0309601 0.866699 0.0367126 0.206055 0.00694275
2 0.683594 0.207031 0.0615234 0.097168 0.00686646
1 0.0263672 0.911621 0.026001 0.109375 0.00671387
1 0.979248 0.836182 0.0317383 0.288574 0.00652695
13 0.732422 0.0532227 0.0302734 0.0410156 0.0062294
4 0.0487213 0.606567 0.0534363 0.659912 0.00617218
13 0.738281 0.0510864 0.0292969 0.0335693 0.0060463
13 0.0254517 0.900146 0.0367432 0.168457 0.00560379
2 0.0531464 0.487793 0.0931702 0.938477 0.00550461
1 0.971436 0.94458 0.0473633 0.103027 0.00508118
2 0.615234 0.255188 0.177734 0.287476 0.0044632
13 0.211426 0.116455 0.0390625 0.0837402 0.00402832
13 0.0263672 0.916992 0.0291748 0.123047 0.00397873
13 0.715332 0.0615234 0.0615234 0.0568848 0.00372505
19 0.62793 0.203552 0.230469 0.307739 0.00324249
13 0.65918 0.0970459 0.177734 0.131836 0.0031929
1 0.691895 0.206665 0.0341797 0.0895996 0.0030117
3 0.625977 0.206116 0.230469 0.308472 0.00294304
2 0.661621 0.097168 0.191406 0.142578 0.00288391
11 0.625977 0.206116 0.230469 0.308472 0.00287437
16 0.62793 0.203552 0.230469 0.307739 0.00287247
13 0.725586 0.0664978 0.0488281 0.0706177 0.00284958
14 0.978516 0.957764 0.0371094 0.0786133 0.00284195
8 0.620117 0.20929 0.234375 0.361694 0.00283813
18 0.62793 0.203552 0.230469 0.307739 0.00279427
7 0.62793 0.203552 0.230469 0.307739 0.00277328
2 0.550293 0.214478 0.323242 0.365479 0.00277138
1 0.0375977 0.0729675 0.0405273 0.13092 0.00273323
1 0.0259094 0.949463 0.041687 0.0737305 0.0027256
2 0.368896 0.195801 0.677246 0.311035 0.00266457
13 0.9729 0.15451 0.0307617 0.215881 0.00259209
17 0.626953 0.21051 0.217773 0.295776 0.0025692
10 0.62793 0.203552 0.230469 0.307739 0.00247765
2 0.684082 0.207703 0.0751953 0.230103 0.00247383
2 0.374878 0.132965 0.676025 0.193542 0.00243568
13 0.203613 0.128296 0.0283203 0.0683594 0.00239754
6 0.62793 0.203552 0.230469 0.307739 0.00238419
15 0.62793 0.203552 0.230469 0.307739 0.00236511
2 0.636719 0.14151 0.224609 0.227234 0.00231552
12 0.625977 0.206116 0.230469 0.308472 0.00231171
5 0.625977 0.206116 0.230469 0.308472 0.0022583
1 0.980469 0.0654449 0.0351562 0.0910339 0.00223351
0 0.62793 0.203552 0.230469 0.307739 0.0022049
2 0.696289 0.199707 0.28125 0.362305 0.00217438
2 0.211609 0.115601 0.0435791 0.0913086 0.00215912
2 0.480469 0.479004 0.8125 0.893555 0.00211143
2 0.0437164 0.365234 0.0629578 0.71875 0.00196648
1 0.983643 0.940674 0.0327148 0.106934 0.00187588
4 0.0439606 0.751465 0.0517273 0.47168 0.00187492
13 0.684082 0.207703 0.0751953 0.230103 0.00186443
14 0.88916 0.0542603 0.0253906 0.0169678 0.00186253
13 0.0302887 0.828369 0.0429382 0.308105 0.0018425
2 0.979492 0.956055 0.0410156 0.078125 0.00181007
1 0.0302887 0.828369 0.0429382 0.308105 0.00180721
14 0.0272522 0.929199 0.0342407 0.110352 0.00176907
2 0.70459 0.210144 0.0371094 0.0836182 0.00170231
13 0.980469 0.954834 0.0390625 0.0864258 0.00163555
1 0.970703 0.822021 0.0410156 0.348145 0.00162506
13 0.686523 0.208374 0.0732422 0.126709 0.0015955
1 0.70166 0.08992 0.0878906 0.124115 0.00158501
13 0.70459 0.210144 0.0371094 0.0836182 0.00156784
1 0.0241089 0.969971 0.0397949 0.0522461 0.001544
2 0.292603 0.277649 0.52417 0.453491 0.0015173
9 0.691895 0.206665 0.0341797 0.0895996 0.00151634
2 0.697754 0.211365 0.219727 0.266724 0.00151253
2 0.675781 0.19928 0.0722656 0.133667 0.00148487
1 0.733398 0.211609 0.46582 0.384399 0.00145054
1 0.975586 0.938721 0.03125 0.0932617 0.00142479
13 0.636719 0.14151 0.224609 0.227234 0.00137234
13 0.731445 0.0499268 0.0458984 0.0437012 0.00135708
4 0.0302734 0.772949 0.0380859 0.385742 0.00133705
13 0.218201 0.0855713 0.0421143 0.129395 0.00133514
10 0.691895 0.206665 0.0341797 0.0895996 0.00127792
14 0.890625 0.0551758 0.03125 0.0257568 0.00124741
2 0.699219 0.0950012 0.0830078 0.142029 0.00121593
2 0.697754 0.194824 0.0332031 0.105469 0.00120544
1 0.045166 0.0605011 0.0609131 0.0977478 0.00119305
2 0.571289 0.255798 0.125977 0.263794 0.00117588
13 0.0462646 0.523438 0.055542 0.766602 0.00117111
11 0.691895 0.206665 0.0341797 0.0895996 0.00114155
13 0.182495 0.642578 0.0153809 0.0400391 0.00105858
2 0.72168 0.242371 0.404297 0.202759 0.00103092
4 0.951904 0.478027 0.0786133 0.84375 0.00102711
12 0.691895 0.206665 0.0341797 0.0895996 0.00102425
