2 0.479492 0.758301 0.171875 0.0361328 0.712891
4 0.691895 0.491089 0.166992 0.890869 0.148438
4 0.0743256 0.48645 0.114044 0.943115 0.0939331
13 0.0842896 0.654297 0.0958252 0.137695 0.0555725
2 0.476074 0.754395 0.163086 0.0634766 0.0498962
13 0.0786591 0.532471 0.107086 0.880371 0.0455322
4 0.944336 0.484497 0.0859375 0.906006 0.0284424
14 0.474609 0.758789 0.166992 0.0341797 0.0204926
1 0.973633 0.0664062 0.0351562 0.0791016 0.0124512
13 0.474121 0.758789 0.165039 0.0332031 0.0124359
13 0.0778656 0.63623 0.0950012 0.301758 0.00873566
13 0.742188 0.124756 0.0371094 0.202637 0.00785065
9 0.477661 0.754883 0.169678 0.0410156 0.00785065
2 0.473511 0.760254 0.109619 0.0332031 0.00765991
1 0.973633 0.0557709 0.0449219 0.054718 0.00668335
2 0.477539 0.734863 0.179688 0.0869141 0.00643921
2 0.509277 0.48584 0.808594 0.71875 0.00630188
1 0.474609 0.758789 0.166992 0.0341797 0.00527954
2 0.485352 0.753418 0.121094 0.0400391 0.00478745
1 0.0223694 0.93457 0.0332642 0.0898438 0.00475311
1 0.982666 0.939941 0.0327148 0.104492 0.00431824
13 0.0925903 0.647461 0.0638428 0.115234 0.00404358
13 0.106934 0.634766 0.0646973 0.134766 0.00399017
2 0.481567 0.761719 0.0720215 0.0224609 0.00378609
2 0.476929 0.76709 0.164307 0.0341797 0.00353622
13 0.744629 0.165955 0.046875 0.294067 0.00327873
4 0.0414429 0.608887 0.0610352 0.633789 0.00312042
13 0.079895 0.625977 0.0994873 0.490234 0.0029583
1 0.983887 0.965576 0.0322266 0.0668945 0.00270844
2 0.497925 0.759277 0.250244 0.0419922 0.00255775
1 0.0336914 0.188293 0.0366211 0.331421 0.00255203
1 0.0488434 0.0523224 0.0810242 0.0882263 0.00250244
1 0.976562 0.968018 0.0332031 0.0600586 0.00248718
2 0.0786591 0.532471 0.107086 0.880371 0.00234985
13 0.0727539 0.745605 0.0864258 0.31543 0.00226402
1 0.973633 0.0886383 0.0371094 0.117401 0.00217247
13 0.0919189 0.620117 0.100098 0.192383 0.00201797
1 0.022644 0.943848 0.0255127 0.0673828 0.00201607
8 0.482544 0.758789 0.162842 0.0371094 0.00194263
1 0.0375977 0.0547791 0.0441895 0.0828247 0.00189114
4 0.0451813 0.495972 0.0827332 0.88501 0.00184345
4 0.476074 0.758301 0.161133 0.0322266 0.00181103
4 0.765625 0.487915 0.286133 0.953857 0.00165749
2 0.451538 0.757812 0.182861 0.0263672 0.00159359
13 0.75 0.119385 0.0625 0.181885 0.00159168
1 0.0188293 0.912109 0.0324097 0.113281 0.00145435
6 0.475586 0.758789 0.160156 0.0351562 0.00142574
2 0.480469 0.755371 0.0712891 0.0302734 0.00133896
1 0.0355835 0.0669098 0.0545654 0.118134 0.0013237
2 0.45105 0.75293 0.185791 0.0478516 0.00126648
13 0.476562 0.755859 0.169922 0.0605469 0.0012455
2 0.476196 0.772461 0.165771 0.0791016 0.00123692
1 0.985352 0.915527 0.0292969 0.114258 0.00118732
1 0.0371094 0.0890503 0.0395508 0.163208 0.00109768
1 0.0381012 0.244873 0.0492859 0.435059 0.00106812
13 0.0787964 0.692383 0.0836182 0.210938 0.00106716
3 0.476074 0.758301 0.161133 0.0322266 0.00104904
1 0.0281982 0.0834045 0.0377197 0.139832 0.00104237
1 0.02565 0.116211 0.0319519 0.193115 0.00102139
4 0.043457 0.718262 0.0499268 0.44043 0.00100994
1 0.974854 0.922363 0.0424805 0.124023 0.00100803
