2 0.116333 0.533691 0.0593262 0.0488281 0.490479
1 0.624023 0.0439453 0.224609 0.0477295 0.42334
13 0.487305 0.0793457 0.03125 0.11499 0.238037
1 0.0271149 0.953857 0.0368347 0.0825195 0.22522
14 0.11377 0.536133 0.0532227 0.0429688 0.140747
13 0.48584 0.0758667 0.0195312 0.110229 0.11676
1 0.0273438 0.936768 0.026001 0.0834961 0.0714111
1 0.981445 0.0566559 0.0332031 0.0868835 0.059906
1 0.0294037 0.936035 0.0344543 0.12793 0.0463867
14 0.0279083 0.949707 0.0369568 0.0908203 0.0386353
13 0.113007 0.536133 0.0479126 0.0429688 0.0372925
13 0.486816 0.0617828 0.0244141 0.0761414 0.0231171
1 0.986816 0.953369 0.0263672 0.0756836 0.0184479
1 0.486816 0.0793915 0.0214844 0.11441 0.0145874
13 0.941406 0.554199 0.0478516 0.106445 0.0138626
1 0.0265503 0.907959 0.0396729 0.180176 0.0112762
1 0.983887 0.0383606 0.0322266 0.0767212 0.00899506
13 0.495117 0.0778961 0.0283203 0.115448 0.00760269
1 0.0224609 0.922119 0.0289307 0.103027 0.00744629
14 0.487793 0.077652 0.0244141 0.120575 0.00612259
1 0.025238 0.0637207 0.0390015 0.127441 0.00559235
1 0.976807 0.0457764 0.034668 0.0727539 0.0055542
1 0.116821 0.533691 0.0563965 0.0507812 0.00537109
13 0.122437 0.534668 0.0581055 0.0517578 0.00470352
2 0.116058 0.539062 0.0535278 0.120117 0.00448608
1 0.983643 0.0792389 0.0327148 0.120087 0.00437927
2 0.0267029 0.949951 0.0366821 0.0922852 0.00411224
2 0.981445 0.0655823 0.03125 0.104187 0.00354576
13 0.0949707 0.498047 0.0239258 0.0429688 0.00341988
1 0.980713 0.921143 0.034668 0.134277 0.00338745
1 0.02948 0.0501404 0.0281982 0.0901489 0.00323486
13 0.480347 0.0914612 0.0461426 0.141296 0.00311089
2 0.124756 0.523438 0.0581055 0.0644531 0.0028801
1 0.969727 0.917725 0.0546875 0.148926 0.00280571
1 0.980469 0.954102 0.03125 0.0703125 0.00279617
1 0.978271 0.192535 0.0317383 0.23114 0.00273895
4 0.725098 0.692627 0.136719 0.567871 0.00252914
1 0.869141 0.0361786 0.248047 0.0387268 0.00251007
9 0.116333 0.533691 0.0593262 0.0488281 0.00248528
2 0.486816 0.0786896 0.0263672 0.11972 0.00240326
8 0.115845 0.535156 0.0610352 0.0507812 0.00233269
9 0.614258 0.0393066 0.225586 0.0437012 0.00215721
1 0.0283203 0.907715 0.0338135 0.111328 0.00210381
2 0.615234 0.0386353 0.228516 0.0410156 0.00191212
13 0.103271 0.498047 0.0300293 0.0400391 0.00187588
1 0.973633 0.0632172 0.0449219 0.0935364 0.00165939
13 0.11377 0.532227 0.0578613 0.0722656 0.00165844
1 0.0283051 0.961426 0.0276184 0.0595703 0.0015564
13 0.135254 0.494629 0.0202637 0.0292969 0.00154018
1 0.984375 0.0299072 0.0273438 0.05896 0.00142384
14 0.486816 0.0725403 0.0166016 0.0951538 0.00136089
13 0.120972 0.519043 0.0407715 0.0478516 0.0013361
14 0.0294189 0.920166 0.032959 0.144043 0.00131512
10 0.116333 0.533691 0.0593262 0.0488281 0.00128651
1 0.0314789 0.0509186 0.0471497 0.0949402 0.00128078
1 0.622559 0.041748 0.244141 0.0834961 0.00127316
1 0.605469 0.0355835 0.216797 0.0375977 0.00124454
13 0.964111 0.731812 0.0522461 0.534424 0.00123692
1 0.987305 0.947754 0.0175781 0.0634766 0.00123596
1 0.0341949 0.0777588 0.0329285 0.146973 0.00122833
1 0.638672 0.0522919 0.239258 0.0724182 0.00120068
5 0.116821 0.533691 0.0563965 0.0507812 0.00116348
1 0.0214691 0.95166 0.0307922 0.0615234 0.00116348
6 0.116821 0.533691 0.0563965 0.0507812 0.00114632
13 0.982666 0.0639648 0.034668 0.0974121 0.0011282
12 0.116821 0.533691 0.0563965 0.0507812 0.0011282
19 0.116333 0.533691 0.0593262 0.0488281 0.00111866
1 0.580078 0.040451 0.217773 0.051178 0.00111771
1 0.975586 0.0748749 0.03125 0.105377 0.00111485
4 0.964111 0.731812 0.0522461 0.534424 0.00109959
4 0.0435333 0.473633 0.0657654 0.947266 0.00107956
13 0.852051 0.712891 0.0380859 0.181641 0.0010767
7 0.116333 0.533691 0.0593262 0.0488281 0.00105095
13 0.0257416 0.954102 0.0376282 0.0820312 0.00105
1 0.972656 0.222229 0.0429688 0.295776 0.00104237
4 0.621094 0.0424194 0.233398 0.0460205 0.00103664
2 0.135254 0.494629 0.0202637 0.0292969 0.00100327
