13 0.573242 0.810547 0.124023 0.235352 0.861816
13 0.447754 0.766602 0.0224609 0.0888672 0.479004
2 0.578613 0.822754 0.120117 0.209961 0.29541
1 0.983643 0.952881 0.0327148 0.0883789 0.175049
13 0.466919 0.76709 0.0524902 0.0830078 0.0762939
13 0.479492 0.766602 0.0888672 0.0917969 0.0622864
13 0.638184 0.541992 0.116211 0.0478516 0.0520935
1 0.0263519 0.940186 0.0325012 0.0883789 0.0448303
13 0.454102 0.770996 0.0371094 0.0859375 0.0419617
1 0.0263672 0.922607 0.0263672 0.100098 0.0385742
4 0.0632935 0.490234 0.100952 0.947266 0.0383911
4 0.0479736 0.662109 0.0537109 0.558594 0.0371704
1 0.0400391 0.0589447 0.0551758 0.108673 0.0325928
1 0.979248 0.0853271 0.0375977 0.11377 0.0263977
1 0.981201 0.923096 0.0336914 0.151855 0.0256653
13 0.445312 0.762695 0.0361328 0.0859375 0.0238495
13 0.591309 0.820801 0.0927734 0.195312 0.0224609
4 0.0417938 0.248535 0.0604553 0.49707 0.0208435
13 0.441162 0.770508 0.0834961 0.103516 0.0196075
13 0.547241 0.832031 0.16333 0.226562 0.0147858
13 0.601562 0.830566 0.195312 0.226562 0.0142593
1 0.974854 0.1922 0.0463867 0.327515 0.0129395
1 0.570312 0.813477 0.12207 0.229492 0.0129242
13 0.643066 0.52832 0.112305 0.0634766 0.0124741
14 0.57373 0.827637 0.119141 0.211914 0.00989532
13 0.416504 0.946289 0.050293 0.0205078 0.00925446
2 0.0620117 0.49231 0.0979004 0.952881 0.0085144
13 0.569824 0.806152 0.238281 0.296875 0.00848389
14 0.447266 0.768555 0.0185547 0.0898438 0.00830841
13 0.440918 0.770996 0.0224609 0.0888672 0.00822449
1 0.974365 0.943604 0.0336914 0.108887 0.00818634
4 0.0494537 0.404541 0.0741882 0.780762 0.00800323
13 0.655273 0.535645 0.12793 0.0439453 0.007061
13 0.52002 0.785645 0.150391 0.1875 0.00622177
13 0.513184 0.768555 0.167969 0.0957031 0.00621796
1 0.986328 0.935547 0.0234375 0.0878906 0.00585175
1 0.0296936 0.918457 0.0355835 0.12793 0.00560379
4 0.578125 0.824219 0.115234 0.207031 0.00528717
13 0.648438 0.499023 0.125 0.118164 0.00521469
2 0.545776 0.828125 0.19458 0.21875 0.0051384
1 0.448242 0.76709 0.0175781 0.0898438 0.00498581
2 0.601562 0.830566 0.195312 0.226562 0.00486374
1 0.0273438 0.944092 0.026123 0.0649414 0.00482178
1 0.977295 0.863037 0.0356445 0.27002 0.00447464
2 0.448242 0.76709 0.0175781 0.0898438 0.00434494
13 0.642578 0.466064 0.125 0.178223 0.00365448
13 0.441406 0.72998 0.0351562 0.131836 0.00348854
1 0.984375 0.916992 0.0234375 0.128906 0.00342751
13 0.44873 0.724121 0.0419922 0.111328 0.00317001
9 0.574219 0.827148 0.114258 0.205078 0.00310326
13 0.437744 0.757812 0.0395508 0.101562 0.00297546
1 0.972412 0.902588 0.0356445 0.190918 0.00295067
13 0.450684 0.78125 0.0253906 0.0849609 0.00286865
13 0.534058 0.806152 0.224854 0.196289 0.00279999
13 0.62207 0.761719 0.03125 0.0761719 0.00266075
4 0.050293 0.54834 0.0629883 0.724609 0.0026474
13 0.630859 0.66748 0.125977 0.422852 0.00255203
8 0.578125 0.824219 0.115234 0.207031 0.00225449
2 0.0236511 0.944824 0.0348511 0.0751953 0.00225067
4 0.968262 0.735107 0.0556641 0.529785 0.00221825
13 0.644043 0.54248 0.0732422 0.0380859 0.00219727
4 0.940674 0.525024 0.0893555 0.934326 0.00206757
13 0.573242 0.816406 0.103516 0.140625 0.00205803
13 0.485352 0.760742 0.0683594 0.0712891 0.00193501
2 0.453857 0.770508 0.0307617 0.0869141 0.00191593
13 0.611328 0.787109 0.0742188 0.166016 0.00191116
7 0.576172 0.811035 0.12207 0.238281 0.00189495
13 0.030777 0.901611 0.0314636 0.145996 0.0018692
13 0.633789 0.612793 0.110352 0.285156 0.00185871
4 0.0395355 0.723389 0.0525208 0.506348 0.00184917
13 0.491211 0.832031 0.256836 0.209961 0.00184345
18 0.575684 0.811035 0.125977 0.235352 0.0018425
5 0.576172 0.82373 0.114258 0.208008 0.00179005
13 0.454712 0.719238 0.057373 0.142578 0.00177097
1 0.0232849 0.966309 0.0402222 0.0654297 0.00175667
1 0.0351562 0.0840149 0.0460205 0.152771 0.00174809
3 0.576172 0.82373 0.114258 0.208008 0.00171471
1 0.44873 0.770508 0.027832 0.0839844 0.00165176
13 0.733887 0.965576 0.514648 0.0649414 0.001647
10 0.576172 0.82373 0.114258 0.208008 0.00159264
12 0.576172 0.811035 0.12207 0.238281 0.00159073
16 0.574219 0.824707 0.111328 0.205078 0.00158405
14 0.027832 0.934326 0.0319824 0.105957 0.00157166
1 0.0224609 0.904297 0.0339355 0.150391 0.00156116
13 0.549316 0.358154 0.0927734 0.0917969 0.00151634
14 0.453857 0.770508 0.0307617 0.0869141 0.00148106
19 0.576172 0.82373 0.114258 0.208008 0.00146675
15 0.576172 0.82373 0.114258 0.208008 0.00144482
13 0.635742 0.538086 0.116211 0.103516 0.00143337
17 0.576172 0.82373 0.114258 0.208008 0.00142765
6 0.574219 0.824707 0.111328 0.205078 0.0014267
13 0.490601 0.753418 0.102783 0.150391 0.00139999
1 0.0332642 0.865479 0.0406494 0.222168 0.00138283
1 0.972412 0.119171 0.0336914 0.179626 0.00137806
11 0.578125 0.824219 0.115234 0.207031 0.00136948
10 0.447266 0.768555 0.0185547 0.0898438 0.00135326
0 0.578125 0.824219 0.115234 0.207031 0.00133228
13 0.635254 0.663452 0.168945 0.534424 0.00131798
13 0.0332642 0.865479 0.0406494 0.222168 0.00123882
13 0.629883 0.39563 0.216797 0.519287 0.00122547
2 0.417725 0.946289 0.0473633 0.0205078 0.00120163
13 0.612305 0.795898 0.0878906 0.246094 0.00119877
13 0.101959 0.0736237 0.0534058 0.0851746 0.00119495
4 0.967529 0.4823 0.0649414 0.908447 0.00118732
1 0.983398 0.967773 0.03125 0.0644531 0.0011692
13 0.414551 0.764648 0.12207 0.0888672 0.00116634
1 0.976562 0.820801 0.0449219 0.358398 0.00116444
13 0.470581 0.714844 0.076416 0.113281 0.00115585
13 0.550293 0.661499 0.265625 0.610596 0.00114536
13 0.41748 0.945801 0.0556641 0.0332031 0.0011425
13 0.440308 0.829102 0.0744629 0.220703 0.00113869
1 0.963623 0.0706177 0.0649414 0.0987549 0.00113106
2 0.952637 0.513184 0.0947266 0.950195 0.00111103
13 0.639648 0.439697 0.160156 0.254395 0.00107288
1 0.975342 0.105103 0.0395508 0.119873 0.00106239
1 0.974609 0.167755 0.0390625 0.220154 0.00103378
1 0.0235596 0.951416 0.0445557 0.0756836 0.00103283
1 0.969727 0.94043 0.0527344 0.0976562 0.00101089
14 0.445801 0.766602 0.0292969 0.0957031 0.00101089
13 0.411133 0.941895 0.0771484 0.0332031 0.00100994
13 0.926514 0.549438 0.117676 0.901123 0.00100136
