2 0.158661 0.37561 0.146545 0.281982 0.799316
13 0.151733 0.375732 0.130859 0.277832 0.584473
1 0.976562 0.932861 0.03125 0.108887 0.0831299
2 0.487183 0.48584 0.87915 0.97168 0.0783691
1 0.977539 0.959229 0.0390625 0.0620117 0.0471802
13 0.181396 0.365234 0.0820312 0.280273 0.0429382
1 0.156219 0.377197 0.138245 0.278809 0.0422363
2 0.486328 0.167236 0.910156 0.334473 0.0314026
2 0.129639 0.379395 0.259277 0.275391 0.0234528
2 0.19397 0.376099 0.255615 0.2771 0.0221863
1 0.976562 0.905762 0.0351562 0.15918 0.021637
2 0.48938 0.301392 0.9021 0.475342 0.0210876
13 0.743164 0.744629 0.0263672 0.0605469 0.0180511
4 0.932861 0.469727 0.097168 0.911133 0.015007
2 0.21167 0.398193 0.0400391 0.196777 0.0145111
13 0.214478 0.385742 0.0349121 0.164062 0.0112534
1 0.975586 0.865967 0.0292969 0.230957 0.0101089
14 0.15332 0.37146 0.14209 0.290283 0.0100708
2 0.181396 0.365234 0.0820312 0.280273 0.00806427
13 0.19397 0.376099 0.255615 0.2771 0.00648499
13 0.164917 0.345459 0.0957031 0.222168 0.00576401
9 0.151703 0.376709 0.139954 0.278809 0.00544739
2 0.447266 0.453491 0.822266 0.659424 0.00530624
1 0.207153 0.408936 0.0495605 0.20752 0.00474548
13 0.202454 0.37439 0.0540771 0.260986 0.00468063
2 0.205505 0.400757 0.0689697 0.205322 0.00463104
1 0.962646 0.0596924 0.0375977 0.0932617 0.00448608
13 0.166992 0.308838 0.105957 0.134766 0.00389671
4 0.150574 0.373901 0.137329 0.283447 0.00370789
13 0.129639 0.379395 0.259277 0.275391 0.00357628
1 0.214478 0.385742 0.0349121 0.164062 0.00351715
2 0.0130157 0.480713 0.0260315 0.961426 0.00350189
1 0.968994 0.142761 0.0405273 0.220337 0.00329781
13 0.208435 0.410156 0.0460205 0.21875 0.00308609
2 0.137329 0.372803 0.0964355 0.144043 0.00302696
1 0.964111 0.0968323 0.0483398 0.180847 0.00295067
1 0.976807 0.79834 0.0307617 0.336914 0.00291252
1 0.981689 0.883301 0.0307617 0.182617 0.00281525
8 0.153839 0.374756 0.140564 0.287598 0.0027771
2 0.723633 0.183716 0.0351562 0.0788574 0.00261688
1 0.982422 0.914062 0.0332031 0.0898438 0.00251007
2 0.498413 0.118958 0.915283 0.202515 0.00232506
1 0.970703 0.147308 0.0292969 0.17511 0.00228691
2 0.744141 0.743652 0.0273438 0.0615234 0.00227737
1 0.20282 0.36438 0.0455322 0.243896 0.00227356
2 0.743164 0.744141 0.0224609 0.0449219 0.00224876
13 0.739746 0.744141 0.0224609 0.0458984 0.00215149
5 0.15332 0.37146 0.14209 0.290283 0.00196457
2 0.143555 0.375488 0.111572 0.214844 0.00189495
3 0.15332 0.37146 0.14209 0.290283 0.00184536
10 0.15332 0.37146 0.14209 0.290283 0.0018301
19 0.15332 0.37146 0.14209 0.290283 0.0018158
7 0.15332 0.37146 0.14209 0.290283 0.00177383
15 0.15332 0.37146 0.14209 0.290283 0.00168037
12 0.15332 0.37146 0.14209 0.290283 0.00166702
18 0.15332 0.37146 0.14209 0.290283 0.00164127
17 0.15332 0.37146 0.14209 0.290283 0.0015974
2 0.0118561 0.311157 0.0237122 0.580811 0.00159645
16 0.15332 0.37146 0.14209 0.290283 0.00159073
1 0.967285 0.0816345 0.0361328 0.131653 0.00158978
11 0.15332 0.37146 0.14209 0.290283 0.00154209
6 0.15332 0.37146 0.14209 0.290283 0.00148964
0 0.15332 0.37146 0.14209 0.290283 0.00145435
2 0.020813 0.173096 0.0396729 0.333008 0.00143242
13 0.137329 0.372803 0.0964355 0.144043 0.00132751
13 0.0313263 0.0704498 0.049408 0.110809 0.00132656
13 0.0207062 0.116852 0.0293884 0.211609 0.00126743
13 0.0217438 0.820801 0.0351257 0.216797 0.00120735
1 0.951904 0.0522614 0.0649414 0.0744324 0.00119305
2 0.154755 0.254883 0.136292 0.0478516 0.00114632
2 0.492188 0.0724487 0.896484 0.144897 0.00113106
4 0.885742 0.490723 0.120117 0.876953 0.0010643
13 0.0199432 0.172058 0.035553 0.317993 0.00104332
1 0.971436 0.944336 0.0395508 0.0820312 0.00103569
13 0.331543 0.626465 0.0332031 0.0517578 0.00103092
4 0.955078 0.500122 0.0878906 0.898193 0.00102711
