13 0.530762 0.687988 0.119141 0.334961 0.814941
13 0.0710144 0.669922 0.053772 0.0751953 0.810547
13 0.513184 0.772949 0.0683594 0.171875 0.583496
1 0.0249634 0.961182 0.0386963 0.0698242 0.207764
1 0.979248 0.948242 0.0375977 0.0976562 0.181396
13 0.476929 0.519653 0.0402832 0.166748 0.162598
13 0.552734 0.632812 0.15625 0.500977 0.158691
1 0.0325317 0.940186 0.0469971 0.115723 0.149292
4 0.0467377 0.800781 0.058136 0.359375 0.125
14 0.0706177 0.663574 0.0467529 0.0742188 0.0403748
13 0.532715 0.603027 0.0976562 0.149414 0.0383606
2 0.510254 0.778809 0.0683594 0.168945 0.0382385
13 0.522461 0.724609 0.0830078 0.270508 0.0376892
2 0.0697632 0.668945 0.057251 0.0791016 0.0371399
13 0.519409 0.603516 0.105713 0.287109 0.0261688
1 0.984375 0.928711 0.0273438 0.09375 0.0259857
1 0.978516 0.916504 0.0371094 0.161133 0.0249786
13 0.561035 0.499878 0.161133 0.287354 0.0223236
1 0.0716553 0.667969 0.0551758 0.0791016 0.0205383
2 0.0265961 0.955078 0.0361633 0.0703125 0.0198822
14 0.513672 0.773438 0.0683594 0.172852 0.0198517
14 0.026062 0.95752 0.0401611 0.0712891 0.0193176
4 0.0529327 0.741699 0.0647888 0.348633 0.0158386
13 0.503906 0.508179 0.0966797 0.237549 0.0150604
1 0.0389404 0.921631 0.0438232 0.137207 0.0150375
13 0.571289 0.460205 0.142578 0.183105 0.0146637
13 0.469116 0.563477 0.0334473 0.128906 0.0142441
1 0.975586 0.0655975 0.0371094 0.0909729 0.0138168
2 0.520996 0.695801 0.0966797 0.351562 0.0131149
13 0.510742 0.769531 0.0585938 0.116211 0.0128937
13 0.360352 0.240234 0.034668 0.0600586 0.0122375
14 0.031601 0.941895 0.0461731 0.116211 0.0115356
1 0.978027 0.962402 0.0439453 0.0712891 0.0105438
13 0.275635 0.833984 0.0336914 0.0927734 0.00928497
13 0.0718994 0.669922 0.0698242 0.100586 0.00863647
13 0.539551 0.602539 0.118164 0.376953 0.00836182
1 0.532715 0.695801 0.115234 0.352539 0.0083313
13 0.554199 0.580566 0.137695 0.265625 0.00773239
13 0.27124 0.804199 0.0385742 0.149414 0.00771713
13 0.269531 0.841797 0.0273438 0.0869141 0.00738525
13 0.0825195 0.664062 0.0515137 0.0791016 0.0069809
13 0.575195 0.6875 0.244141 0.415039 0.00695038
13 0.494995 0.688965 0.25415 0.432617 0.00674438
1 0.0280151 0.0654297 0.0367432 0.113037 0.00648117
4 0.525391 0.694336 0.101562 0.332031 0.00619125
1 0.976807 0.870361 0.0385742 0.253418 0.00613403
13 0.0782166 0.555298 0.111633 0.785889 0.00611115
13 0.49707 0.60791 0.0878906 0.447266 0.00606155
13 0.275391 0.827148 0.0507812 0.116211 0.00595856
13 0.0440063 0.810547 0.0494385 0.332031 0.0059166
1 0.96875 0.189728 0.0410156 0.24115 0.00566864
13 0.563965 0.568848 0.0449219 0.0820312 0.00547409
13 0.0342407 0.908447 0.0437012 0.175293 0.00545883
13 0.06604 0.672852 0.0491943 0.170898 0.00543976
13 0.472656 0.546875 0.0341797 0.181641 0.0054245
1 0.0367432 0.0494232 0.0466309 0.0710754 0.00518417
13 0.0922852 0.654297 0.0634766 0.078125 0.00517654
1 0.513184 0.772949 0.0683594 0.171875 0.00516129
13 0.0584106 0.745605 0.0638428 0.3125 0.00514221
13 0.503052 0.677734 0.154053 0.393555 0.00501633
4 0.0782166 0.555298 0.111633 0.785889 0.00484085
1 0.970947 0.940186 0.0483398 0.0961914 0.00475693
13 0.483521 0.529785 0.0681152 0.208008 0.0046463
2 0.717773 0.72998 0.431641 0.474609 0.00455093
13 0.493652 0.559082 0.0546875 0.145508 0.00407028
13 0.270996 0.762695 0.050293 0.248047 0.00391006
14 0.526733 0.687988 0.123291 0.323242 0.00388527
2 0.359619 0.242188 0.0332031 0.0463867 0.00357056
4 0.0696411 0.67041 0.0599365 0.0732422 0.00355148
13 0.486328 0.569214 0.0615234 0.355713 0.00335121
13 0.482422 0.49707 0.0458984 0.140625 0.00323105
1 0.968506 0.14386 0.0356445 0.206421 0.00319672
13 0.530884 0.472656 0.168701 0.239258 0.00316429
13 0.47229 0.590332 0.0388184 0.154297 0.00301743
13 0.356201 0.225037 0.0429688 0.0714111 0.00284958
13 0.441162 0.239746 0.0180664 0.0483398 0.00280762
13 0.28125 0.801758 0.0493164 0.158203 0.00279236
10 0.0747375 0.668457 0.0531616 0.0771484 0.0027504
13 0.0570679 0.616699 0.0518799 0.1875 0.00271416
1 0.477539 0.516968 0.0400391 0.16626 0.00264931
13 0.490723 0.518066 0.0488281 0.162109 0.00261879
2 0.552734 0.632812 0.15625 0.500977 0.00259972
13 0.0709839 0.626953 0.0621338 0.130859 0.00253487
4 0.0608215 0.686035 0.0697632 0.192383 0.00252151
13 0.501953 0.55603 0.0800781 0.243408 0.00249672
1 0.552734 0.632812 0.15625 0.500977 0.00242615
2 0.0224609 0.943115 0.0285645 0.0571289 0.00240135
13 0.0256958 0.960205 0.0377197 0.0678711 0.00237465
2 0.053772 0.789307 0.0739746 0.378418 0.00231934
13 0.473022 0.569824 0.0490723 0.443359 0.00230408
13 0.349854 0.182251 0.0639648 0.135498 0.00229454
13 0.362305 0.257751 0.0410156 0.104126 0.00229263
4 0.042923 0.776367 0.0406189 0.219727 0.00221634
11 0.0709534 0.669922 0.0521851 0.0800781 0.00221443
1 0.974609 0.104706 0.0351562 0.161682 0.00220108
13 0.507812 0.556641 0.0947266 0.144531 0.00219917
13 0.0374146 0.870117 0.0488281 0.222656 0.00219154
13 0.554688 0.588867 0.0634766 0.135742 0.00217819
13 0.0711823 0.556641 0.0934753 0.285156 0.00212669
4 0.552734 0.632812 0.15625 0.500977 0.00198555
13 0.073288 0.651855 0.0987854 0.232422 0.00197983
13 0.583008 0.494629 0.0839844 0.319336 0.00197411
13 0.549805 0.590332 0.0830078 0.18457 0.00197029
1 0.0273438 0.94873 0.0318604 0.0595703 0.00195885
1 0.970947 0.913086 0.0405273 0.136719 0.00190639
1 0.974854 0.780518 0.0385742 0.407715 0.00189495
12 0.0716553 0.667969 0.0551758 0.0791016 0.00184631
17 0.0716553 0.667969 0.0551758 0.0791016 0.00183296
13 0.480957 0.570801 0.0458984 0.216797 0.00182152
13 0.495972 0.641602 0.0783691 0.250977 0.0018177
13 0.104218 0.601562 0.100159 0.151367 0.00177956
13 0.525879 0.575195 0.102539 0.107422 0.00177288
7 0.526733 0.687988 0.123291 0.323242 0.00174236
13 0.479492 0.52002 0.0429688 0.0957031 0.00170803
13 0.556641 0.730957 0.157227 0.311523 0.00168228
13 0.0615082 0.770264 0.0774231 0.443848 0.00166798
13 0.326172 0.395508 0.125488 0.514648 0.00165558
18 0.526733 0.687988 0.123291 0.323242 0.00164223
9 0.0752258 0.66748 0.0521851 0.0800781 0.00162888
13 0.478516 0.639648 0.0839844 0.416992 0.00161648
13 0.031601 0.941895 0.0461731 0.116211 0.00160789
9 0.526733 0.687988 0.123291 0.323242 0.00159836
13 0.267822 0.662109 0.0205078 0.0556641 0.00157738
1 0.969482 0.0533447 0.0473633 0.0635986 0.00157547
4 0.069931 0.761719 0.0818176 0.297852 0.00157452
13 0.583008 0.494629 0.0683594 0.203125 0.00157452
6 0.0709534 0.669922 0.0521851 0.0800781 0.00155258
3 0.526733 0.687988 0.123291 0.323242 0.00155067
5 0.529785 0.688965 0.121094 0.329102 0.00153732
2 0.365234 0.238281 0.0341797 0.0610352 0.00151253
18 0.0709534 0.669922 0.0521851 0.0800781 0.00148773
13 0.284668 0.467529 0.0283203 0.0854492 0.0014677
16 0.526733 0.687988 0.123291 0.323242 0.00145626
1 0.053299 0.789307 0.0689392 0.370605 0.00143814
2 0.06604 0.672852 0.0491943 0.170898 0.00143623
7 0.0716553 0.667969 0.0551758 0.0791016 0.00143337
19 0.52832 0.689453 0.125977 0.324219 0.00140953
13 0.463867 0.580566 0.0371094 0.102539 0.0014019
8 0.529785 0.688965 0.121094 0.329102 0.00139999
13 0.0527344 0.553223 0.072998 0.526367 0.00139713
2 0.94043 0.503784 0.0898438 0.926025 0.00139523
1 0.981445 0.885986 0.03125 0.17334 0.00137901
5 0.0716553 0.667969 0.0551758 0.0791016 0.00134182
2 0.0711823 0.496582 0.104218 0.907227 0.00133991
12 0.526733 0.687988 0.123291 0.323242 0.00133705
8 0.0710449 0.665039 0.0510254 0.0712891 0.00131798
2 0.031601 0.941895 0.0461731 0.116211 0.00131702
4 0.476929 0.519653 0.0402832 0.166748 0.00130844
13 0.508301 0.671387 0.112305 0.266602 0.00130844
6 0.526733 0.687988 0.123291 0.323242 0.00130558
10 0.529785 0.688965 0.121094 0.329102 0.00129986
13 0.538086 0.627441 0.0966797 0.233398 0.00129795
13 0.356445 0.244385 0.03125 0.0424805 0.00128746
9 0.513184 0.772949 0.0683594 0.171875 0.00128174
13 0.475586 0.575684 0.0273438 0.116211 0.00127792
13 0.465698 0.519531 0.0539551 0.186523 0.00125408
13 0.0693665 0.669434 0.0829468 0.148438 0.00125313
13 0.600586 0.443604 0.0878906 0.13916 0.00122929
4 0.066391 0.411865 0.084259 0.700684 0.00122547
13 0.466797 0.577148 0.0224609 0.102539 0.00122166
13 0.0355835 0.149475 0.026123 0.185425 0.00121975
13 0.325195 0.438477 0.202148 0.727539 0.00120735
13 0.132324 0.931396 0.183105 0.105957 0.00118637
1 0.964355 0.224121 0.0478516 0.358398 0.0011797
13 0.323975 0.392578 0.0830078 0.283203 0.00115395
11 0.531738 0.687988 0.124023 0.333008 0.00115299
3 0.0716553 0.667969 0.0551758 0.0791016 0.00115204
17 0.529785 0.688965 0.121094 0.329102 0.00115204
2 0.497925 0.691406 0.179932 0.351562 0.00115013
13 0.333984 0.33667 0.078125 0.339355 0.00114155
1 0.0497437 0.0512695 0.0734863 0.0756836 0.00113583
2 0.510742 0.774414 0.0644531 0.0947266 0.00111961
15 0.526733 0.687988 0.123291 0.323242 0.00111294
13 0.532227 0.769531 0.105469 0.268555 0.00110531
13 0.0371094 0.910645 0.0339355 0.120117 0.0011034
13 0.0485992 0.788086 0.0429382 0.212891 0.00110245
0 0.52832 0.689453 0.125977 0.324219 0.00110245
13 0.118195 0.620605 0.136658 0.217773 0.00109196
2 0.688477 0.957275 0.605469 0.0834961 0.00109196
13 0.479858 0.496582 0.0412598 0.0947266 0.001091
4 0.0347748 0.906982 0.0513 0.180176 0.00107574
13 0.284485 0.449707 0.331421 0.852539 0.00107193
13 0.269043 0.859375 0.0327148 0.0898438 0.00104523
13 0.485474 0.498169 0.0895996 0.185303 0.00104427
4 0.942383 0.46875 0.0800781 0.892578 0.00102901
13 0.103973 0.556763 0.131409 0.269287 0.00102425
1 0.0286865 0.918213 0.0308838 0.120605 0.00101852
1 0.967773 0.0989685 0.0351562 0.138977 0.00100994
