2 0.644531 0.390625 0.199219 0.236328 0.820801
1 0.980225 0.954102 0.0395508 0.0898438 0.380859
13 0.046875 0.130157 0.0650635 0.168884 0.187744
1 0.021698 0.934326 0.0274048 0.090332 0.185547
13 0.633789 0.558594 0.0449219 0.104492 0.162354
13 0.0666504 0.188965 0.050415 0.0593262 0.115906
1 0.0488129 0.123413 0.0647278 0.189453 0.0701904
13 0.0527496 0.171021 0.0549011 0.0769043 0.0675049
1 0.983398 0.947754 0.0273438 0.0712891 0.0661621
1 0.0197754 0.909912 0.0319824 0.141113 0.0629272
13 0.644043 0.389893 0.193359 0.250488 0.0453491
1 0.977539 0.902344 0.0351562 0.189453 0.0269318
4 0.0368042 0.795654 0.0506592 0.373535 0.0257874
2 0.0692139 0.192139 0.0444336 0.0585938 0.0227814
2 0.631348 0.382324 0.12207 0.220703 0.0213165
13 0.977539 0.943115 0.0410156 0.11377 0.0169067
14 0.63623 0.386719 0.165039 0.209961 0.014801
13 0.974609 0.882324 0.0371094 0.208008 0.0142975
13 0.809082 0.313965 0.0361328 0.10791 0.0137329
13 0.0546875 0.185425 0.0478516 0.0532227 0.0121155
13 0.817383 0.310303 0.0195312 0.116699 0.0118408
4 0.965576 0.787109 0.0493164 0.375 0.0117645
1 0.0349121 0.101471 0.052002 0.181335 0.010376
9 0.643555 0.389893 0.195312 0.228027 0.00990295
4 0.954834 0.513794 0.074707 0.888428 0.00987244
1 0.0273438 0.914795 0.0340576 0.133301 0.00907898
2 0.631836 0.556641 0.0458984 0.0917969 0.0089798
1 0.972412 0.963379 0.0395508 0.0634766 0.0085144
1 0.637207 0.388916 0.178711 0.225098 0.00813293
4 0.0307007 0.840576 0.0471191 0.262207 0.00785828
1 0.0238647 0.886719 0.0361328 0.173828 0.00724792
14 0.97876 0.956055 0.0424805 0.0820312 0.00720978
4 0.0571442 0.479614 0.0929871 0.929443 0.00706482
1 0.972656 0.874023 0.0390625 0.201172 0.00686264
13 0.739258 0.401489 0.395508 0.251709 0.00643158
1 0.026001 0.0832214 0.0349121 0.151917 0.00632858
1 0.985352 0.93457 0.0214844 0.0820312 0.00631332
1 0.821777 0.0124664 0.0927734 0.0249329 0.00543976
4 0.966797 0.704956 0.0507812 0.590088 0.00518417
1 0.0352325 0.0670166 0.0433044 0.117676 0.00490189
1 0.982178 0.914795 0.0297852 0.131348 0.00466919
13 0.0522308 0.142578 0.0647278 0.114746 0.00449753
13 0.815918 0.29541 0.0244141 0.0732422 0.0044632
1 0.972656 0.941406 0.0410156 0.109375 0.00434494
4 0.645996 0.389893 0.199219 0.243652 0.00384521
2 0.06073 0.186646 0.0460205 0.0563965 0.0037632
4 0.0462036 0.672974 0.0531006 0.579834 0.00367737
8 0.634277 0.385986 0.164062 0.212402 0.00348473
13 0.0224457 0.903076 0.0320129 0.146973 0.00345802
4 0.970703 0.297485 0.0566406 0.557373 0.0034256
2 0.716309 0.388428 0.334961 0.205566 0.00335121
4 0.97583 0.799316 0.0385742 0.37207 0.00332832
13 0.0631104 0.176147 0.0524902 0.104736 0.0032692
2 0.632324 0.376465 0.106445 0.136719 0.00286674
1 0.0667725 0.186462 0.0467529 0.0670166 0.00285339
1 0.978271 0.115875 0.0336914 0.16864 0.00281334
13 0.965088 0.356689 0.0581055 0.644043 0.00271416
2 0.97876 0.953369 0.0385742 0.0893555 0.00265312
1 0.975586 0.177124 0.0351562 0.290283 0.00251961
13 0.817871 0.290527 0.015625 0.0688477 0.00240135
19 0.639648 0.389526 0.175781 0.198486 0.00238228
3 0.639648 0.389526 0.175781 0.198486 0.00236511
1 0.97583 0.799316 0.0385742 0.37207 0.00233841
11 0.639648 0.389526 0.175781 0.198486 0.0023365
2 0.974365 0.768799 0.0415039 0.419434 0.00231934
18 0.639648 0.389526 0.175781 0.198486 0.00225639
16 0.645508 0.387329 0.178711 0.196045 0.00225639
4 0.975342 0.235168 0.0375977 0.39978 0.00225258
13 0.642578 0.574707 0.0546875 0.138672 0.00222778
7 0.639648 0.389526 0.175781 0.198486 0.0022049
13 0.0405273 0.819824 0.0477295 0.262695 0.00216103
13 0.0356445 0.114258 0.0447998 0.212402 0.00215149
1 0.630859 0.553223 0.0517578 0.104492 0.00213432
2 0.0523071 0.161865 0.0532227 0.10791 0.00210953
13 0.862793 0.317383 0.192383 0.148438 0.00210571
1 0.0571289 0.180298 0.0571289 0.0588379 0.00207901
2 0.586914 0.37915 0.224609 0.226074 0.0020504
15 0.645508 0.387329 0.178711 0.196045 0.00200081
12 0.639648 0.389526 0.175781 0.198486 0.00197601
13 0.943604 0.523071 0.0932617 0.914795 0.00195503
0 0.639648 0.389526 0.175781 0.198486 0.00193977
10 0.645508 0.387329 0.178711 0.196045 0.00187969
17 0.645508 0.387329 0.178711 0.196045 0.00187969
6 0.639648 0.389526 0.175781 0.198486 0.00186443
2 0.977539 0.902344 0.0351562 0.189453 0.00182915
5 0.645508 0.387329 0.178711 0.196045 0.00175953
14 0.0667725 0.188477 0.0473633 0.0664062 0.00174236
13 0.97583 0.799316 0.0385742 0.37207 0.00173855
1 0.0151062 0.92627 0.0302124 0.0966797 0.00167847
13 0.792969 0.320801 0.196289 0.146484 0.00162315
13 0.818848 0.333984 0.0195312 0.0976562 0.00161934
13 0.639648 0.566895 0.0839844 0.179688 0.00161648
13 0.803223 0.325195 0.0556641 0.116699 0.00159264
2 0.967285 0.699097 0.0517578 0.537354 0.00149536
13 0.0333252 0.885742 0.0424805 0.150391 0.00147629
2 0.618164 0.352783 0.177734 0.200195 0.00142288
2 0.477051 0.162598 0.881836 0.285645 0.00141239
2 0.046875 0.130157 0.0650635 0.168884 0.00137615
13 0.970703 0.154205 0.0292969 0.198425 0.00137615
13 0.774414 0.425476 0.396484 0.447876 0.00133419
13 0.0472412 0.77832 0.0493164 0.294922 0.00132179
13 0.969727 0.841309 0.0351562 0.293945 0.0013113
1 0.0295715 0.823975 0.0475464 0.303223 0.00126648
14 0.021698 0.934326 0.0274048 0.090332 0.00125313
4 0.0429535 0.549194 0.0639954 0.790283 0.00122547
13 0.0380859 0.127411 0.0402832 0.114807 0.00120735
1 0.0285034 0.0652618 0.0408936 0.092865 0.00120068
13 0.817871 0.311035 0.0625 0.108887 0.00119114
1 0.0337982 0.054245 0.0600891 0.100006 0.00119114
13 0.972656 0.259705 0.0449219 0.428833 0.00116634
13 0.0663757 0.142334 0.0689087 0.138672 0.00116539
13 0.647461 0.601562 0.0292969 0.0820312 0.00116444
1 0.980469 0.970459 0.0351562 0.0512695 0.00115871
4 0.0507965 0.127411 0.0649109 0.164124 0.00114059
13 0.0683441 0.128174 0.10379 0.17041 0.00112724
2 0.0571442 0.479614 0.0929871 0.929443 0.00112629
1 0.96582 0.652588 0.0546875 0.632324 0.00109386
13 0.0304108 0.842285 0.0480652 0.274414 0.00109291
1 0.84082 0.0157166 0.123047 0.0249634 0.00108337
13 0.779785 0.361816 0.254883 0.210449 0.00105953
1 0.0209961 0.957031 0.0296631 0.0644531 0.00105762
14 0.155518 0.553223 0.0610352 0.0673828 0.00102329
13 0.0249023 0.100922 0.0308838 0.187805 0.00101757
