2 0.483398 0.200439 0.172852 0.0541992 0.833984
1 0.0173492 0.929443 0.0290222 0.0805664 0.169189
1 0.982422 0.948486 0.0351562 0.0874023 0.129761
1 0.0278931 0.0641785 0.0438232 0.1026 0.0645142
1 0.986328 0.944336 0.0253906 0.0703125 0.0633545
13 0.849121 0.588013 0.0556641 0.241943 0.0558472
14 0.47998 0.199463 0.164062 0.0478516 0.0520935
1 0.0170898 0.907715 0.0341797 0.12207 0.0487366
1 0.0356445 0.0623016 0.0400391 0.0877991 0.0317078
1 0.981445 0.922607 0.0332031 0.121582 0.0316162
2 0.486328 0.200684 0.108398 0.0454102 0.0232391
2 0.481934 0.19574 0.169922 0.0899658 0.0166321
9 0.484375 0.203552 0.171875 0.0582275 0.0135422
4 0.0509186 0.636719 0.0485535 0.603516 0.0118713
13 0.84082 0.631226 0.0791016 0.38208 0.0116348
1 0.977539 0.0801392 0.0390625 0.098999 0.0114746
4 0.055191 0.510742 0.0810242 0.9375 0.00982666
1 0.021637 0.88623 0.0372925 0.166992 0.00915527
1 0.982666 0.953369 0.0288086 0.0581055 0.00894165
1 0.484863 0.2005 0.172852 0.0487061 0.00830841
13 0.807129 0.580933 0.129883 0.5979 0.00827026
13 0.48291 0.19873 0.173828 0.0585938 0.00813293
13 0.0194397 0.901367 0.0341187 0.136719 0.00798035
4 0.958008 0.672363 0.0527344 0.584961 0.00727844
13 0.842285 0.495117 0.116211 0.634766 0.00491714
1 0.977539 0.884277 0.0351562 0.18457 0.00469589
2 0.480957 0.202271 0.0712891 0.0378418 0.00466537
1 0.974609 0.0657959 0.0410156 0.0664062 0.00457764
4 0.961182 0.781494 0.0581055 0.413574 0.00437164
2 0.486328 0.18335 0.236328 0.154297 0.00411224
8 0.483398 0.200439 0.172852 0.0541992 0.00393295
1 0.974365 0.960449 0.0375977 0.0615234 0.00362206
1 0.980469 0.977295 0.0371094 0.0317383 0.00358009
13 0.865234 0.54541 0.0253906 0.101562 0.00357437
1 0.971924 0.187622 0.0385742 0.239014 0.00353432
1 0.0303345 0.0846558 0.0494385 0.15564 0.00339508
13 0.837891 0.561035 0.0595703 0.3125 0.00335503
4 0.952393 0.540161 0.0834961 0.900146 0.00332069
1 0.963867 0.0586548 0.0683594 0.0606689 0.00320435
13 0.816895 0.500977 0.211914 0.893555 0.00280762
1 0.0211487 0.948486 0.0271606 0.0795898 0.0027523
4 0.805176 0.635742 0.132812 0.585938 0.00273132
1 0.0274048 0.914307 0.0383301 0.116699 0.00271988
1 0.970703 0.942871 0.0488281 0.0927734 0.00271034
4 0.816895 0.500977 0.211914 0.893555 0.00262833
13 0.876953 0.448486 0.166016 0.688965 0.00260353
2 0.476562 0.188843 0.165039 0.0505371 0.00255203
4 0.479004 0.199829 0.162109 0.0461426 0.00234985
1 0.983398 0.914551 0.0253906 0.0898438 0.00233841
13 0.0292664 0.899658 0.0358276 0.138184 0.00232315
4 0.0400543 0.623047 0.0573425 0.672852 0.00232315
6 0.483887 0.201416 0.168945 0.0478516 0.00213814
2 0.47998 0.173218 0.179688 0.10376 0.00196266
13 0.86377 0.574219 0.0302734 0.191406 0.00195694
4 0.0445557 0.749023 0.0574951 0.414062 0.00195312
1 0.967773 0.132904 0.0351562 0.192688 0.00183678
1 0.0202332 0.0836487 0.0404663 0.127136 0.00165272
13 0.827637 0.674194 0.111328 0.468018 0.00165081
1 0.966064 0.0738525 0.0424805 0.0974121 0.00162601
1 0.972656 0.914551 0.0429688 0.12793 0.00161839
13 0.862793 0.576172 0.0507812 0.27832 0.00158691
14 0.0173492 0.929443 0.0290222 0.0805664 0.00153065
0 0.483887 0.201416 0.168945 0.0478516 0.00148201
13 0.865234 0.534668 0.0371094 0.12207 0.00146484
13 0.94873 0.519775 0.0927734 0.933105 0.0014534
1 0.947754 0.0521088 0.0947266 0.061554 0.00144768
14 0.477051 0.200745 0.109375 0.0404053 0.0014267
13 0.0366211 0.125458 0.0357666 0.218323 0.00135422
4 0.845215 0.603027 0.0683594 0.320312 0.00134277
1 0.983398 0.900635 0.0214844 0.149902 0.00131702
16 0.483398 0.200806 0.168945 0.0471191 0.00131512
13 0.0270996 0.854492 0.0356445 0.195312 0.00129509
7 0.483887 0.201416 0.168945 0.0478516 0.00127888
5 0.483887 0.201416 0.168945 0.0478516 0.00127888
13 0.95166 0.418213 0.0556641 0.730957 0.0012598
1 0.0133972 0.940918 0.0267944 0.0634766 0.00120926
13 0.478516 0.403687 0.100586 0.354736 0.00120163
1 0.97876 0.983398 0.0424805 0.0273438 0.00119495
13 0.0224609 0.918457 0.0280762 0.09375 0.00117588
3 0.478516 0.19873 0.171875 0.046875 0.00116444
10 0.484375 0.199951 0.172852 0.0478516 0.00116444
4 0.95166 0.418213 0.0556641 0.730957 0.00113106
12 0.480469 0.199341 0.164062 0.0534668 0.00112247
1 0.98584 0.928955 0.0283203 0.0874023 0.00111866
19 0.484375 0.199951 0.172852 0.0478516 0.00111485
15 0.478882 0.198181 0.167236 0.0430908 0.00110912
4 0.974609 0.890137 0.0449219 0.196289 0.00108814
1 0.969971 0.9729 0.0522461 0.0385742 0.0010767
4 0.769531 0.546753 0.106445 0.802979 0.00105953
1 0.0270996 0.854492 0.0356445 0.195312 0.00105667
