2 0.451904 0.70459 0.154785 0.301758 0.849609
1 0.973633 0.0517426 0.0332031 0.0517883 0.244629
1 0.0366211 0.0473633 0.043457 0.0900879 0.23584
1 0.0266571 0.950928 0.0379944 0.0805664 0.172974
13 0.62207 0.319824 0.0361328 0.106445 0.16394
1 0.984375 0.950195 0.03125 0.0898438 0.136597
1 0.985352 0.942383 0.0234375 0.0800781 0.122864
13 0.455078 0.703613 0.158203 0.307617 0.065918
1 0.987305 0.917969 0.0214844 0.125 0.0427856
1 0.978271 0.939697 0.0336914 0.114746 0.035553
2 0.417725 0.697754 0.266113 0.287109 0.0313416
1 0.983398 0.924316 0.0332031 0.137695 0.0273132
4 0.0385742 0.785889 0.0443115 0.414551 0.0262451
2 0.479492 0.705566 0.258789 0.27832 0.0250854
1 0.98584 0.92749 0.0283203 0.090332 0.020462
14 0.452637 0.701172 0.152344 0.296875 0.0202332
1 0.974609 0.0454102 0.0449219 0.0610352 0.0198975
2 0.312927 0.695312 0.462036 0.349609 0.0179596
13 0.150879 0.271729 0.0258789 0.125 0.0177765
1 0.0298004 0.933838 0.0363464 0.097168 0.0160217
1 0.0339355 0.915039 0.0373535 0.138672 0.0160065
1 0.976318 0.139618 0.0473633 0.233459 0.0143433
1 0.0220184 0.927734 0.0316467 0.0673828 0.01091
1 0.977539 0.903809 0.0351562 0.182617 0.0103836
1 0.978516 0.0909119 0.0429688 0.151672 0.00977325
1 0.983398 0.870361 0.0273438 0.222168 0.0085144
1 0.448242 0.697754 0.169922 0.324219 0.00819397
1 0.0270081 0.906494 0.0352173 0.16748 0.00804138
1 0.0380859 0.0726013 0.0471191 0.135559 0.00682831
1 0.0292816 0.0578003 0.039093 0.115601 0.00660706
2 0.713379 0.699707 0.435547 0.478516 0.00627136
13 0.623047 0.321777 0.0761719 0.097168 0.00619507
1 0.973389 0.180786 0.0356445 0.293701 0.00606918
13 0.0362701 0.854492 0.0275574 0.188477 0.00606155
2 0.658691 0.546387 0.612305 0.647461 0.0056076
13 0.0343781 0.901855 0.033783 0.143555 0.00535202
9 0.452393 0.70166 0.155762 0.323242 0.00530624
4 0.0619965 0.490112 0.104523 0.951416 0.00516891
4 0.459961 0.697266 0.149414 0.322266 0.00460434
2 0.493164 0.706055 0.151367 0.314453 0.00449753
13 0.03302 0.855225 0.0349121 0.252441 0.00409698
4 0.0442505 0.712402 0.0462646 0.511719 0.00367355
1 0.982422 0.956299 0.0234375 0.0717773 0.00365257
1 0.982666 0.827637 0.0327148 0.290039 0.0036087
2 0.974609 0.052124 0.0371094 0.050415 0.00322914
2 0.528198 0.458984 0.734619 0.868164 0.00300598
1 0.990723 0.932861 0.0185547 0.101074 0.00298691
1 0.97583 0.129425 0.0288086 0.174744 0.00295067
1 0.975586 0.95874 0.0410156 0.0825195 0.00287437
1 0.0366211 0.145508 0.0438232 0.278809 0.00273323
1 0.972656 0.061264 0.0429688 0.0976868 0.00269127
1 0.622559 0.318359 0.0390625 0.106445 0.00265884
13 0.479492 0.705566 0.258789 0.27832 0.00248146
13 0.913574 0.660645 0.0205078 0.0644531 0.00247383
2 0.6427 0.70459 0.540771 0.270508 0.0024128
8 0.456055 0.700195 0.167969 0.314453 0.00237274
13 0.973633 0.0517426 0.0332031 0.0517883 0.00223351
4 0.973633 0.776367 0.0429688 0.423828 0.00221062
13 0.142578 0.281494 0.0422363 0.113281 0.00213623
4 0.03302 0.855225 0.0349121 0.252441 0.00209808
1 0.972412 0.847168 0.0473633 0.288086 0.00207329
4 0.982178 0.792969 0.0297852 0.369141 0.0020256
2 0.512085 0.962891 0.911377 0.0742188 0.00198746
14 0.972656 0.0515594 0.0410156 0.0489807 0.00197792
13 0.417725 0.697754 0.266113 0.287109 0.0019207
2 0.528442 0.69873 0.39624 0.366211 0.00185394
14 0.027771 0.936523 0.0358887 0.0878906 0.00181675
1 0.969971 0.228455 0.0483398 0.375122 0.00181198
1 0.0318604 0.868164 0.0388184 0.195312 0.00178337
2 0.0645599 0.521484 0.0964661 0.889648 0.00172424
13 0.149536 0.271973 0.0185547 0.0976562 0.00167179
13 0.1521 0.271545 0.0419922 0.134644 0.00163937
1 0.969727 0.0343628 0.0546875 0.0665283 0.00162029
1 0.977539 0.964111 0.03125 0.0620117 0.00161457
1 0.0249023 0.965576 0.0469971 0.0688477 0.00156879
1 0.98584 0.894287 0.0283203 0.150879 0.00156879
10 0.452026 0.700684 0.168213 0.325195 0.00155926
19 0.452026 0.700684 0.168213 0.325195 0.00155926
5 0.453735 0.700684 0.164795 0.325195 0.00153732
1 0.0227661 0.94165 0.0351562 0.0581055 0.00152779
4 0.0531616 0.762207 0.0563965 0.428711 0.00147724
2 0.334595 0.492676 0.576904 0.792969 0.00146484
7 0.453735 0.700684 0.164795 0.325195 0.00144482
3 0.453735 0.700684 0.164795 0.325195 0.0013895
15 0.452026 0.700684 0.168213 0.325195 0.00137138
13 0.978271 0.939697 0.0336914 0.114746 0.00134373
4 0.968506 0.687256 0.059082 0.625488 0.00133991
11 0.453735 0.700684 0.164795 0.325195 0.00131512
17 0.453735 0.700684 0.164795 0.325195 0.00130558
18 0.452026 0.700684 0.168213 0.325195 0.00130367
6 0.456055 0.700195 0.167969 0.314453 0.00130272
12 0.453735 0.700684 0.164795 0.325195 0.00129509
2 0.983398 0.950439 0.0332031 0.0834961 0.00128651
16 0.452026 0.700684 0.168213 0.325195 0.00127792
2 0.978271 0.95459 0.0317383 0.0751953 0.00125599
0 0.452026 0.700684 0.168213 0.325195 0.00122929
1 0.984375 0.0478516 0.03125 0.0618896 0.00122166
13 0.0454712 0.852051 0.0388184 0.1875 0.00110245
2 0.654663 0.618652 0.577393 0.361328 0.0010767
2 0.62207 0.318359 0.0410156 0.106934 0.00105381
13 0.0270081 0.906494 0.0352173 0.16748 0.00101948
1 0.0327148 0.105438 0.038208 0.189026 0.00100327
