13 0.55127 0.766113 0.202148 0.204102 0.772949
14 0.03125 0.961426 0.0471191 0.0732422 0.552734
1 0.980469 0.949219 0.0371094 0.0976562 0.445312
2 0.56543 0.763672 0.198242 0.193359 0.438232
1 0.034668 0.95459 0.034668 0.0751953 0.425293
1 0.0267334 0.9646 0.0456543 0.0668945 0.160278
1 0.981445 0.944092 0.0253906 0.0805664 0.0974121
1 0.978516 0.92334 0.0371094 0.15332 0.095459
13 0.287842 0.89502 0.0947266 0.123047 0.0695801
13 0.280518 0.911621 0.074707 0.0888672 0.0547791
13 0.114136 0.755859 0.0168457 0.0429688 0.0536499
13 0.114746 0.751953 0.0273438 0.0429688 0.0326538
13 0.289307 0.876953 0.12207 0.169922 0.0245361
1 0.97168 0.963623 0.03125 0.0708008 0.0231628
13 0.271973 0.928711 0.0615234 0.0527344 0.0215454
1 0.03125 0.927246 0.029541 0.106445 0.0199738
13 0.28125 0.943359 0.0385742 0.0390625 0.0183716
1 0.978516 0.958496 0.0273438 0.0751953 0.0181427
14 0.0851746 0.604492 0.0186157 0.0146484 0.017334
14 0.55127 0.781738 0.193359 0.210938 0.0154266
1 0.982422 0.917969 0.0273438 0.113281 0.0142212
13 0.648926 0.93335 0.0439453 0.0766602 0.0133286
9 0.55127 0.775391 0.1875 0.211914 0.0122528
13 0.487671 0.776855 0.346924 0.230469 0.0121155
1 0.55127 0.775391 0.1875 0.211914 0.0119476
2 0.116699 0.75293 0.0202637 0.0419922 0.0108566
14 0.0866089 0.605469 0.0245361 0.0185547 0.0106812
1 0.975586 0.062439 0.0332031 0.0887451 0.00977325
1 0.970947 0.972656 0.034668 0.0429688 0.00801086
1 0.972656 0.9375 0.03125 0.115234 0.00767517
4 0.55127 0.775391 0.1875 0.211914 0.00715637
13 0.263916 0.922852 0.0698242 0.078125 0.00664139
2 0.0318604 0.961182 0.0412598 0.0717773 0.00619888
1 0.0316162 0.955078 0.0480957 0.0898438 0.00600052
1 0.0341644 0.915527 0.0381165 0.168945 0.00595093
4 0.974609 0.216553 0.046875 0.406738 0.00594711
1 0.975342 0.887695 0.0375977 0.216797 0.005867
4 0.0410156 0.733521 0.0507812 0.532959 0.00579834
2 0.117188 0.751953 0.0336914 0.0410156 0.00525665
1 0.986328 0.952393 0.0273438 0.0756836 0.00485611
14 0.114136 0.755859 0.0168457 0.0429688 0.00465393
1 0.97168 0.954834 0.0429688 0.090332 0.00463867
13 0.526855 0.802246 0.227539 0.265625 0.00458908
14 0.0341644 0.915527 0.0381165 0.168945 0.00437164
4 0.968018 0.724609 0.0385742 0.533203 0.00425339
13 0.123169 0.749512 0.027832 0.0488281 0.00401306
4 0.957031 0.396606 0.0527344 0.706787 0.00400162
3 0.55127 0.781738 0.193359 0.210938 0.00393677
1 0.976562 0.114105 0.0371094 0.183899 0.00391388
16 0.55127 0.775391 0.1875 0.211914 0.00391006
7 0.55127 0.775391 0.1875 0.211914 0.00389671
10 0.55127 0.775391 0.1875 0.211914 0.00387955
13 0.109619 0.74707 0.0412598 0.046875 0.00385666
8 0.55127 0.775391 0.1875 0.211914 0.00385284
11 0.55127 0.781738 0.193359 0.210938 0.0038166
0 0.55127 0.781738 0.193359 0.210938 0.00372887
5 0.55127 0.781738 0.193359 0.210938 0.00371361
13 0.292969 0.927734 0.078125 0.0625 0.00369072
18 0.55127 0.775391 0.1875 0.211914 0.00367546
12 0.55127 0.775391 0.1875 0.211914 0.00360489
19 0.55127 0.775391 0.1875 0.211914 0.00356293
13 0.626953 0.933105 0.0693359 0.0830078 0.00354958
14 0.113403 0.750488 0.0241699 0.0449219 0.0035305
13 0.120117 0.75293 0.0244141 0.0361328 0.00348473
13 0.650391 0.940186 0.0273438 0.0668945 0.00344276
13 0.253174 0.912598 0.120117 0.0966797 0.00334167
13 0.578125 0.740234 0.164062 0.164062 0.00333595
14 0.0289612 0.941895 0.0355835 0.116211 0.0032711
6 0.55127 0.775391 0.1875 0.211914 0.00318336
17 0.55127 0.775391 0.1875 0.211914 0.00295639
15 0.55127 0.775391 0.1875 0.211914 0.00293159
14 0.979492 0.950684 0.0371094 0.0966797 0.00271416
1 0.980713 0.971436 0.0307617 0.0473633 0.00267792
4 0.955811 0.671143 0.0708008 0.657715 0.0026722
1 0.0298462 0.0831299 0.0319824 0.133057 0.00265884
1 0.986328 0.932129 0.0253906 0.0927734 0.00265312
1 0.0224609 0.943115 0.0335693 0.0727539 0.00265121
9 0.0318604 0.961182 0.0412598 0.0717773 0.00261879
13 0.261719 0.887207 0.118652 0.144531 0.0025692
2 0.28833 0.884277 0.100586 0.158203 0.00237846
13 0.358643 0.795898 0.0419922 0.0986328 0.00237083
4 0.0260773 0.962402 0.044281 0.0693359 0.00232697
13 0.0257263 0.963379 0.0431519 0.0673828 0.00227356
13 0.647949 0.92041 0.0537109 0.110352 0.00219154
1 0.0240784 0.943359 0.0449829 0.0996094 0.00219154
2 0.593262 0.743652 0.152344 0.15625 0.00201225
13 0.282715 0.936035 0.0454102 0.0400391 0.00198936
1 0.979248 0.0832825 0.0336914 0.128845 0.00194359
14 0.0327301 0.949463 0.037323 0.0776367 0.00191498
1 0.977783 0.818604 0.0327148 0.36084 0.00190639
14 0.855957 0.773438 0.0234375 0.03125 0.00188351
4 0.0507812 0.741699 0.0546875 0.425781 0.00182438
4 0.275146 0.669678 0.101074 0.660645 0.00180244
4 0.0356293 0.798096 0.0378723 0.378418 0.0017767
4 0.967285 0.333862 0.0498047 0.642822 0.00176334
13 0.290039 0.941895 0.0439453 0.0341797 0.00173378
1 0.0311432 0.0566711 0.0368347 0.093689 0.00171947
14 0.347656 0.828125 0.0229492 0.0400391 0.00166798
13 0.640137 0.939941 0.0527344 0.0673828 0.00161171
1 0.96167 0.967773 0.0571289 0.0546875 0.00160313
13 0.980469 0.949219 0.0371094 0.0976562 0.00159168
14 0.0411224 0.964844 0.0532532 0.0605469 0.00154018
4 0.973633 0.140167 0.046875 0.240173 0.00153065
1 0.287842 0.89502 0.0947266 0.123047 0.00152302
2 0.526855 0.774902 0.232422 0.251953 0.00149822
1 0.0224762 0.92334 0.0299988 0.102539 0.00147629
13 0.034668 0.95459 0.034668 0.0751953 0.00147343
1 0.0312347 0.886719 0.0288391 0.193359 0.00144863
14 0.842285 0.222412 0.0341797 0.0297852 0.00140476
13 0.347656 0.828125 0.0229492 0.0400391 0.00138664
1 0.0332642 0.083374 0.0488281 0.145996 0.00135994
2 0.347656 0.828125 0.0229492 0.0400391 0.00133801
2 0.980469 0.949219 0.0371094 0.0976562 0.00133133
4 0.0523682 0.497437 0.09375 0.952393 0.00131512
8 0.0301666 0.960449 0.0468445 0.0712891 0.00128078
14 0.970947 0.972656 0.034668 0.0429688 0.00127697
13 0.31665 0.866699 0.118652 0.180664 0.00122738
2 0.28125 0.943359 0.0385742 0.0390625 0.00118828
13 0.618652 0.915283 0.0947266 0.13623 0.0011673
13 0.420654 0.776855 0.314941 0.178711 0.0011549
13 0.680664 0.223877 0.0712891 0.0375977 0.0011301
4 0.0380859 0.515137 0.0460205 0.8125 0.0011282
13 0.354248 0.803711 0.0244141 0.0859375 0.00108528
1 0.0351562 0.969482 0.0412598 0.0610352 0.00107956
14 0.120117 0.75293 0.0229492 0.0410156 0.00106907
13 0.251892 0.92627 0.101685 0.0644531 0.00104523
3 0.0307312 0.959961 0.0474243 0.0722656 0.00104046
5 0.0297852 0.960449 0.0462646 0.0732422 0.00103664
6 0.0307312 0.959961 0.0474243 0.0722656 0.00103188
13 0.315918 0.909668 0.124023 0.104492 0.00102043
1 0.114136 0.755859 0.0168457 0.0429688 0.00100899
