14 0.473755 0.28833 0.0524902 0.0366211 0.901367
1 0.0282898 0.919922 0.0335083 0.0966797 0.339111
1 0.981201 0.936035 0.027832 0.0732422 0.311035
1 0.979248 0.946533 0.0395508 0.0991211 0.294189
1 0.0298767 0.052124 0.0372925 0.104248 0.0965576
1 0.0263824 0.890625 0.026947 0.137695 0.0413208
1 0.985352 0.921387 0.0234375 0.102539 0.0381165
14 0.473999 0.289551 0.0588379 0.0581055 0.0332031
1 0.979004 0.917236 0.0419922 0.157715 0.0282898
1 0.98584 0.929199 0.0283203 0.0703125 0.0237579
1 0.972412 0.922852 0.0415039 0.103516 0.02211
1 0.0294189 0.888672 0.034668 0.181641 0.0220642
1 0.0356445 0.0815125 0.0377197 0.161682 0.0127182
1 0.0224609 0.901855 0.0318604 0.102539 0.00924683
1 0.982666 0.912598 0.0327148 0.124023 0.00897217
1 0.0279541 0.933105 0.0467529 0.0732422 0.00865173
1 0.0302734 0.0352631 0.0450439 0.070343 0.0079422
1 0.0292358 0.911377 0.0491943 0.114746 0.00770187
1 0.979492 0.820557 0.03125 0.302246 0.00767136
1 0.977295 0.962646 0.0454102 0.0727539 0.00691223
1 0.968506 0.955566 0.0454102 0.0712891 0.00557327
1 0.976807 0.0636597 0.0307617 0.104858 0.00527573
14 0.983154 0.934082 0.0317383 0.0693359 0.00496292
1 0.978516 0.866455 0.0429688 0.251465 0.00473404
1 0.0291443 0.117798 0.0441284 0.235596 0.00409698
14 0.473633 0.296875 0.0615234 0.0976562 0.00364876
1 0.9646 0.9375 0.0571289 0.103516 0.00328445
1 0.473145 0.28833 0.0527344 0.0351562 0.00321579
1 0.0292816 0.831543 0.0337219 0.270508 0.00320244
4 0.9729 0.770996 0.0444336 0.436523 0.00293922
1 0.979248 0.948486 0.0336914 0.0678711 0.00261497
4 0.473267 0.288086 0.0554199 0.0366211 0.00251007
2 0.473755 0.28833 0.0554199 0.0361328 0.00246811
1 0.0356598 0.922852 0.0351257 0.0839844 0.00228119
1 0.0266113 0.0797119 0.036499 0.157959 0.00224495
1 0.0281982 0.948486 0.0322266 0.0561523 0.00208855
14 0.0282898 0.919922 0.0335083 0.0966797 0.00203133
14 0.979248 0.946533 0.0395508 0.0991211 0.00197983
4 0.964355 0.70459 0.0576172 0.59082 0.00190067
9 0.473999 0.287598 0.052002 0.0366211 0.00187969
4 0.977539 0.799316 0.0332031 0.348633 0.00181389
1 0.977295 0.055603 0.0454102 0.0968018 0.00164795
14 0.487305 0.289062 0.0693359 0.0405273 0.001647
1 0.039978 0.864014 0.0493164 0.215332 0.00162411
1 0.0327148 0.176758 0.0352783 0.339355 0.0015583
1 0.970703 0.974609 0.0410156 0.0429688 0.00152874
13 0.474121 0.286621 0.0537109 0.0385742 0.00149822
1 0.0254059 0.851562 0.0282898 0.199219 0.00148392
1 0.976318 0.103973 0.0297852 0.170959 0.00146008
8 0.473755 0.28833 0.0554199 0.0361328 0.00141811
2 0.983154 0.934082 0.0317383 0.0693359 0.00134659
1 0.969482 0.837402 0.0493164 0.28418 0.0012846
15 0.473755 0.288574 0.0563965 0.0361328 0.00127411
4 0.941895 0.588257 0.0810547 0.823486 0.00127125
1 0.990723 0.931152 0.0185547 0.0664062 0.00126457
5 0.473755 0.288574 0.0563965 0.0361328 0.00124454
13 0.983154 0.934082 0.0317383 0.0693359 0.00123119
17 0.472534 0.286621 0.0539551 0.0380859 0.00121117
19 0.473145 0.286621 0.0546875 0.0390625 0.00120163
10 0.472534 0.286621 0.0539551 0.0380859 0.00118732
3 0.472168 0.286865 0.0527344 0.0390625 0.0011797
0 0.473633 0.28833 0.0546875 0.0356445 0.00117111
6 0.473755 0.288574 0.0563965 0.0361328 0.00115967
1 0.973877 0.155457 0.0268555 0.184204 0.00114441
7 0.473755 0.28833 0.0554199 0.0361328 0.00114441
16 0.473755 0.288086 0.0544434 0.0366211 0.00113678
13 0.979736 0.945068 0.0405273 0.100098 0.00112152
11 0.473633 0.28833 0.0546875 0.0356445 0.00111294
12 0.473145 0.286621 0.0546875 0.0390625 0.00110722
1 0.981445 0.0836792 0.0292969 0.137817 0.00109005
13 0.0282898 0.919922 0.0335083 0.0966797 0.00105667
18 0.473755 0.28833 0.0554199 0.0361328 0.00102234
