13 0.53125 0.541626 0.0488281 0.268311 0.478027
1 0.0269012 0.928223 0.0294495 0.102539 0.318115
2 0.530273 0.529907 0.0361328 0.276123 0.231934
1 0.983154 0.952148 0.0336914 0.09375 0.227417
13 0.60791 0.824219 0.0439453 0.0253906 0.145508
13 0.603516 0.822754 0.0615234 0.0390625 0.129639
13 0.527344 0.542358 0.0322266 0.22876 0.124573
13 0.24707 0.649414 0.0771484 0.491211 0.065979
1 0.972656 0.0685425 0.0351562 0.101929 0.0505371
13 0.54541 0.538574 0.0644531 0.262695 0.0344849
1 0.980713 0.922607 0.034668 0.154785 0.0290985
13 0.249084 0.733887 0.0643311 0.458008 0.0278168
1 0.0238037 0.947266 0.0350342 0.0878906 0.0276184
1 0.979492 0.114136 0.0332031 0.185059 0.0260315
1 0.983398 0.941162 0.0214844 0.0922852 0.0243378
14 0.530273 0.52771 0.0380859 0.284424 0.0222321
14 0.963135 0.464233 0.0288086 0.0197754 0.0204926
2 0.523926 0.543457 0.0322266 0.228516 0.02034
1 0.980469 0.959961 0.0253906 0.0742188 0.0197296
13 0.517578 0.546387 0.0488281 0.242188 0.019455
13 0.229004 0.572632 0.0786133 0.247314 0.0191345
1 0.0283203 0.905273 0.0255127 0.120117 0.019043
1 0.0320435 0.916016 0.036499 0.128906 0.0189514
13 0.505737 0.541504 0.092041 0.253906 0.0179443
1 0.0263062 0.954102 0.0290527 0.0625 0.0171967
1 0.0240326 0.968262 0.0354309 0.0400391 0.015625
1 0.0322266 0.867676 0.0291748 0.225586 0.0145721
13 0.23175 0.678223 0.0623779 0.460938 0.0140457
1 0.0449219 0.0610962 0.053833 0.108521 0.0138702
14 0.60791 0.824219 0.0439453 0.0253906 0.0137787
2 0.0414581 0.242004 0.0594177 0.460327 0.0137253
1 0.973633 0.0965576 0.0390625 0.146484 0.0126343
14 0.98291 0.953613 0.0341797 0.0908203 0.0126266
2 0.54541 0.538574 0.0644531 0.262695 0.0114517
2 0.603516 0.822754 0.0615234 0.0390625 0.0112228
1 0.974609 0.955566 0.03125 0.0830078 0.0108414
2 0.60791 0.824219 0.0439453 0.0253906 0.0101547
4 0.969727 0.719971 0.0429688 0.532715 0.00968933
4 0.24707 0.649414 0.0771484 0.491211 0.00847626
1 0.985352 0.913574 0.0253906 0.124023 0.00807953
13 0.229431 0.713379 0.0426025 0.177734 0.00805664
1 0.530762 0.538574 0.0488281 0.25293 0.00801849
14 0.603516 0.822754 0.0615234 0.0390625 0.00762177
13 0.483398 0.545044 0.108398 0.229248 0.0071106
2 0.502319 0.542969 0.109619 0.262695 0.00703812
1 0.978271 0.973389 0.0239258 0.0454102 0.00675201
1 0.975342 0.0707855 0.0493164 0.124298 0.00651169
2 0.968018 0.0755157 0.0385742 0.118988 0.00645828
13 0.529785 0.541016 0.0371094 0.142578 0.00628281
1 0.0356445 0.932861 0.0328369 0.0932617 0.00603104
13 0.221924 0.759766 0.0327148 0.415039 0.00576401
13 0.235352 0.692383 0.0649414 0.238281 0.00538635
2 0.529785 0.529297 0.0615234 0.296875 0.00523758
13 0.221924 0.760742 0.0200195 0.28125 0.00507355
14 0.0272827 0.92749 0.0286865 0.105957 0.00486374
13 0.603516 0.83252 0.0449219 0.0390625 0.00482178
4 0.964355 0.641113 0.0537109 0.717773 0.00480652
13 0.222168 0.72998 0.034668 0.15625 0.00477982
4 0.981201 0.790039 0.0336914 0.419922 0.00471115
1 0.034668 0.821045 0.0373535 0.30127 0.004673
13 0.221436 0.754395 0.0214844 0.160156 0.00453186
2 0.969727 0.115387 0.0371094 0.196472 0.00448227
1 0.0410156 0.0821533 0.0426025 0.126221 0.00401306
13 0.973877 0.133606 0.0366211 0.21521 0.00391006
2 0.970703 0.17395 0.0390625 0.293213 0.0036068
2 0.517578 0.545776 0.0517578 0.250244 0.00351334
1 0.986328 0.954834 0.0234375 0.0766602 0.00333977
2 0.041214 0.42334 0.058197 0.84668 0.00333405
1 0.972656 0.94873 0.0449219 0.102539 0.00332069
13 0.22821 0.717285 0.0411377 0.427734 0.00328827
2 0.529785 0.541016 0.0371094 0.142578 0.00325394
13 0.249023 0.569702 0.0688477 0.300049 0.00307465
2 0.964355 0.641113 0.0537109 0.717773 0.00305557
1 0.527344 0.542358 0.0322266 0.22876 0.00304794
13 0.245056 0.650391 0.0626221 0.354492 0.00304604
13 0.22113 0.714844 0.0250244 0.216797 0.00287628
1 0.978271 0.0577545 0.0336914 0.0798035 0.00284767
4 0.9729 0.892822 0.0463867 0.206543 0.00281715
2 0.480957 0.578613 0.141602 0.378906 0.0027523
13 0.507324 0.628418 0.0839844 0.443359 0.00274277
1 0.0214844 0.905518 0.0292969 0.138184 0.00266457
14 0.180542 0.447998 0.0231934 0.0244141 0.00266457
2 0.964111 0.336914 0.0541992 0.663086 0.00266457
13 0.60498 0.818848 0.0527344 0.0263672 0.00251198
2 0.967529 0.23584 0.0473633 0.410645 0.00251007
1 0.976318 0.884766 0.0375977 0.216797 0.00240135
2 0.959961 0.0750885 0.0664062 0.109344 0.00237656
13 0.258301 0.638672 0.0625 0.145508 0.00235939
1 0.603516 0.82373 0.0585938 0.0410156 0.0023365
13 0.249023 0.672363 0.0751953 0.231445 0.00232697
13 0.574219 0.858887 0.0263672 0.0498047 0.00231361
2 0.948486 0.505493 0.0854492 0.951904 0.00230598
4 0.982422 0.81665 0.0253906 0.337402 0.00230026
1 0.982178 0.971436 0.0356445 0.0571289 0.00227737
1 0.60791 0.824219 0.0439453 0.0253906 0.00226784
13 0.589844 0.843262 0.0380859 0.0546875 0.00224686
13 0.583008 0.849609 0.0322266 0.0527344 0.00223351
2 0.975586 0.0687103 0.0371094 0.101593 0.00219727
1 0.975586 0.14563 0.03125 0.258057 0.00212669
4 0.529785 0.529297 0.0615234 0.296875 0.00211334
13 0.230957 0.80127 0.0351562 0.232422 0.00208473
2 0.0397339 0.355591 0.0460205 0.656006 0.00204659
1 0.98584 0.868164 0.0283203 0.191406 0.00201225
13 0.238342 0.799805 0.0408936 0.373047 0.00199509
1 0.982422 0.90332 0.0234375 0.181641 0.00198936
14 0.962646 0.458374 0.0258789 0.0246582 0.00193501
4 0.97168 0.519165 0.0488281 0.766357 0.0018301
4 0.948486 0.505493 0.0854492 0.951904 0.00176716
1 0.0338745 0.89209 0.0408936 0.196289 0.00174427
4 0.961914 0.414185 0.0488281 0.827881 0.00173855
4 0.0356445 0.746582 0.0418701 0.461914 0.00170708
2 0.977539 0.140594 0.0449219 0.241272 0.00165749
13 0.25 0.647461 0.0532227 0.222656 0.00162125
1 0.0200195 0.974365 0.0400391 0.0512695 0.00154877
2 0.0423584 0.131897 0.0565186 0.244019 0.00153732
1 0.0322418 0.947266 0.0310974 0.0761719 0.00152779
2 0.462891 0.540405 0.131836 0.268799 0.00152397
13 0.224854 0.799805 0.0258789 0.188477 0.00152302
13 0.982178 0.943604 0.0336914 0.112793 0.00151539
13 0.524902 0.59082 0.0390625 0.337891 0.00146294
2 0.983154 0.952148 0.0336914 0.09375 0.00146103
1 0.984863 0.930176 0.0302734 0.112305 0.00142193
1 0.971436 0.973633 0.0356445 0.0488281 0.00142002
1 0.0356598 0.106445 0.0336609 0.165039 0.0013752
13 0.21582 0.711914 0.0395508 0.494141 0.00133991
13 0.972656 0.0685425 0.0351562 0.101929 0.00132751
9 0.530762 0.530762 0.0371094 0.298828 0.00130939
1 0.042984 0.130737 0.0436707 0.234619 0.00128651
1 0.163025 0.967773 0.258911 0.0332031 0.00127983
4 0.981445 0.90332 0.03125 0.181641 0.00126076
13 0.238708 0.729004 0.0509033 0.163086 0.00125694
1 0.972656 0.91748 0.0410156 0.135742 0.00123405
13 0.265137 0.733521 0.0952148 0.532959 0.0012207
1 0.96875 0.116699 0.0449219 0.198242 0.00118923
1 0.986328 0.964355 0.0273438 0.0712891 0.00118732
2 0.969727 0.719971 0.0429688 0.532715 0.00118446
13 0.519531 0.566772 0.0283203 0.229736 0.00116825
4 0.975342 0.832764 0.0356445 0.312988 0.00113773
1 0.172394 0.0207977 0.235779 0.028717 0.00112534
1 0.0226135 0.980469 0.0392456 0.0390625 0.00109196
1 0.985352 0.914062 0.0214844 0.0830078 0.00107765
1 0.0234528 0.891602 0.0404968 0.183594 0.00107098
1 0.982422 0.852539 0.0253906 0.287109 0.00105858
2 0.426514 0.550781 0.271973 0.31543 0.0010519
2 0.530762 0.511719 0.0283203 0.200195 0.00104523
13 0.226135 0.733398 0.0281982 0.115234 0.00103283
13 0.227356 0.617676 0.0823975 0.424805 0.00103092
4 0.249084 0.733887 0.0643311 0.458008 0.00102615
13 0.227783 0.54248 0.0805664 0.139648 0.00101471
1 0.0189819 0.957275 0.0369873 0.0620117 0.0010128
2 0.536133 0.5448 0.0527344 0.207275 0.00101185
