2 0.819824 0.390625 0.0419922 0.111328 0.549805
1 0.028244 0.944092 0.0377502 0.0766602 0.2854
1 0.0273438 0.935791 0.0270996 0.0795898 0.278076
14 0.819824 0.392822 0.0400391 0.105957 0.227661
1 0.0313873 0.916016 0.0343933 0.140625 0.170044
1 0.981201 0.958496 0.0375977 0.0791016 0.162476
13 0.046875 0.157532 0.0489502 0.276733 0.0688477
13 0.970947 0.772217 0.0385742 0.404785 0.0593262
1 0.97583 0.966064 0.034668 0.0600586 0.0308533
1 0.0224762 0.921875 0.0301208 0.113281 0.0246429
13 0.821289 0.392578 0.0351562 0.104492 0.0236359
13 0.0327759 0.904053 0.0321045 0.158691 0.0217133
4 0.048172 0.751953 0.0577087 0.490234 0.0210419
2 0.809082 0.393311 0.0712891 0.106445 0.0180359
1 0.818359 0.392578 0.0361328 0.107422 0.0163879
1 0.984375 0.947266 0.0253906 0.0722656 0.0157471
13 0.0463715 0.182007 0.0422668 0.19165 0.0153503
2 0.785645 0.393066 0.131836 0.10791 0.0152588
2 0.571289 0.0361328 0.0341797 0.0419922 0.0140991
4 0.0673676 0.490356 0.0964661 0.95874 0.013443
13 0.481079 0.508301 0.0671387 0.09375 0.0115738
1 0.0273285 0.887939 0.0283508 0.175293 0.0113754
1 0.0463867 0.155457 0.0511475 0.271118 0.0112686
1 0.0336304 0.870361 0.0394287 0.220215 0.00995636
2 0.833984 0.390869 0.0996094 0.103516 0.00830841
1 0.0269165 0.95874 0.0419922 0.0551758 0.00779343
2 0.975342 0.962646 0.0336914 0.0668945 0.00749207
13 0.574219 0.0359955 0.0302734 0.0417786 0.00722122
13 0.8125 0.391357 0.0390625 0.108887 0.00668716
4 0.0521851 0.60791 0.0563965 0.639648 0.00557327
13 0.968018 0.700195 0.0483398 0.488281 0.00490189
14 0.0293274 0.927734 0.0360718 0.107422 0.00466537
14 0.980957 0.957764 0.0380859 0.0786133 0.00448227
13 0.0380707 0.138672 0.0432434 0.245605 0.00445175
1 0.983398 0.912109 0.0273438 0.138672 0.00444794
2 0.523438 0.211487 0.898438 0.404175 0.00400543
2 0.830566 0.391357 0.0400391 0.0996094 0.00375557
13 0.484253 0.506226 0.131104 0.140869 0.00368881
1 0.977783 0.919922 0.0405273 0.160156 0.0036068
1 0.970947 0.772217 0.0385742 0.404785 0.00350571
13 0.0566406 0.200073 0.0449219 0.185303 0.0032692
13 0.976807 0.887451 0.0385742 0.205566 0.00326538
4 0.968018 0.700195 0.0483398 0.488281 0.00325203
9 0.820312 0.393066 0.0361328 0.104004 0.00291634
13 0.0512695 0.234863 0.0489502 0.435059 0.00277901
1 0.0439301 0.915039 0.0491028 0.140625 0.00274658
2 0.744141 0.390625 0.205078 0.122559 0.00270462
13 0.968994 0.844482 0.0463867 0.311035 0.00268745
8 0.819824 0.391846 0.0429688 0.111328 0.00251961
1 0.0208435 0.950195 0.0414429 0.078125 0.00238419
1 0.974365 0.144348 0.0317383 0.236694 0.00236511
2 0.837402 0.38623 0.0615234 0.102051 0.00231171
1 0.981689 0.938232 0.0307617 0.102051 0.00230026
4 0.0428009 0.812012 0.0535583 0.338867 0.00201225
12 0.819336 0.391846 0.0439453 0.111816 0.00200081
4 0.966309 0.518921 0.0595703 0.798096 0.00188923
14 0.0273438 0.935303 0.0297852 0.074707 0.0018549
2 0.496948 0.5 0.802979 1 0.00181961
2 0.873047 0.393555 0.142578 0.111816 0.00181389
13 0.980225 0.957031 0.0375977 0.0839844 0.00178909
2 0.80957 0.386963 0.0458984 0.114258 0.00176334
4 0.970947 0.772217 0.0385742 0.404785 0.00170231
1 0.0273438 0.905273 0.0272217 0.109375 0.00169659
1 0.980713 0.0723114 0.0366211 0.114655 0.00168419
4 0.818359 0.392578 0.0361328 0.107422 0.0016489
1 0.979492 0.81958 0.03125 0.308105 0.00164413
6 0.819336 0.391846 0.0439453 0.111816 0.00160885
13 0.0595703 0.174927 0.0769043 0.307861 0.00151443
2 0.968262 0.707397 0.0478516 0.491455 0.00150871
1 0.0291748 0.0654907 0.0324707 0.112183 0.00150394
16 0.820801 0.393555 0.0400391 0.105469 0.00150013
1 0.0463715 0.182007 0.0422668 0.19165 0.00148106
2 0.714844 0.836914 0.0273438 0.0605469 0.00147152
10 0.820801 0.393555 0.0400391 0.105469 0.00144768
4 0.0336914 0.858154 0.0408936 0.256348 0.00141048
1 0.0440521 0.0539703 0.0522766 0.0854187 0.00139904
1 0.973877 0.953613 0.0444336 0.0927734 0.00139141
5 0.819336 0.391846 0.0439453 0.111816 0.00138283
19 0.820801 0.393555 0.0400391 0.105469 0.00131321
11 0.820801 0.393555 0.0400391 0.105469 0.00127888
1 0.986328 0.932129 0.0214844 0.0791016 0.00127316
2 0.944336 0.475708 0.111328 0.904053 0.00126266
2 0.981934 0.95752 0.0361328 0.0830078 0.00118828
2 0.0273438 0.935303 0.0297852 0.074707 0.00118732
1 0.968018 0.700195 0.0483398 0.488281 0.00118351
1 0.660156 0.0112457 0.179688 0.0224915 0.0011797
13 0.809082 0.393311 0.0712891 0.106445 0.00115967
7 0.818848 0.392334 0.0390625 0.105957 0.0011549
13 0.498535 0.49707 0.390625 0.856445 0.00115013
13 0.976807 0.23175 0.0366211 0.408569 0.00115013
3 0.820801 0.393555 0.0400391 0.105469 0.00114632
18 0.818848 0.392334 0.0390625 0.105957 0.00111008
2 0.719238 0.393311 0.30957 0.141602 0.00110626
1 0.034668 0.779785 0.0371094 0.387695 0.00109196
2 0.720215 0.825195 0.0166016 0.0341797 0.0010891
4 0.944336 0.475708 0.111328 0.904053 0.00107288
1 0.981201 0.971924 0.0297852 0.0483398 0.00106525
13 0.833984 0.390869 0.0996094 0.103516 0.00106239
2 0.505005 0.182312 0.866943 0.252563 0.00106049
13 0.56543 0.0353394 0.0429688 0.0406494 0.0010376
13 0.969971 0.152374 0.0327148 0.210876 0.00103283
1 0.0429077 0.071228 0.0583496 0.133423 0.0010128
