1 0.97583 0.942627 0.0385742 0.106934 0.650879
2 0.634277 0.454102 0.0322266 0.132812 0.36084
13 0.556152 0.262207 0.0400391 0.240723 0.279053
1 0.0292816 0.922852 0.0271301 0.0976562 0.271729
1 0.0328369 0.92749 0.046875 0.133301 0.187622
2 0.628906 0.450928 0.0498047 0.14502 0.17334
13 0.628906 0.452637 0.0390625 0.140625 0.173218
14 0.633301 0.455933 0.0302734 0.127197 0.0921021
1 0.976807 0.914062 0.0424805 0.171875 0.0908203
13 0.563477 0.249451 0.0693359 0.320435 0.0778198
13 0.28125 0.223145 0.109863 0.0717773 0.0506287
13 0.635254 0.463745 0.0322266 0.117432 0.0354004
13 0.568359 0.201721 0.0537109 0.158081 0.0345154
13 0.554688 0.223877 0.0292969 0.187012 0.0306244
13 0.547852 0.292236 0.0341797 0.175781 0.0295715
2 0.507324 0.674927 0.875977 0.603271 0.0289154
1 0.977295 0.101654 0.0356445 0.157043 0.0275116
1 0.0322266 0.867676 0.0321045 0.21582 0.0272675
1 0.969971 0.960449 0.0405273 0.0732422 0.0263824
1 0.974609 0.170593 0.0371094 0.290649 0.0239716
1 0.976318 0.0721588 0.0356445 0.0971375 0.0237427
4 0.069397 0.491699 0.0994873 0.950195 0.0237274
1 0.0302734 0.902344 0.0361328 0.132812 0.020752
1 0.0366364 0.928467 0.0426941 0.0883789 0.0169525
1 0.979492 0.863281 0.0332031 0.269531 0.0166931
1 0.0341797 0.823486 0.0389404 0.294434 0.0155945
2 0.0688019 0.492188 0.0982361 0.953125 0.0142288
13 0.304199 0.215576 0.103516 0.0727539 0.0126114
13 0.982422 0.901367 0.0332031 0.175781 0.0125427
13 0.309814 0.197388 0.150879 0.129639 0.0107117
13 0.557617 0.303223 0.0537109 0.237793 0.010582
2 0.643066 0.455811 0.0361328 0.130371 0.0100555
13 0.261475 0.218262 0.17041 0.0834961 0.00962067
1 0.0330811 0.952148 0.0518799 0.09375 0.009552
1 0.634766 0.455688 0.03125 0.132568 0.00944519
1 0.0437012 0.919189 0.0517578 0.145996 0.00937653
13 0.978516 0.867432 0.0332031 0.245605 0.00931549
13 0.560547 0.218445 0.0419922 0.265259 0.00771332
2 0.978516 0.903809 0.0332031 0.186523 0.00726318
14 0.628906 0.450928 0.0498047 0.14502 0.00725937
13 0.549316 0.287537 0.078125 0.319458 0.00720596
2 0.552734 0.4552 0.264648 0.131592 0.00657654
13 0.543457 0.263672 0.0498047 0.257324 0.0063591
13 0.564453 0.190308 0.0957031 0.380615 0.00606918
13 0.566406 0.226074 0.205078 0.324707 0.00549698
1 0.969727 0.921387 0.0390625 0.135742 0.00534821
2 0.710938 0.457275 0.308594 0.23877 0.00445557
13 0.639648 0.45105 0.0449219 0.139893 0.00417709
2 0.677734 0.451294 0.178711 0.129639 0.00398254
14 0.0302734 0.922852 0.0324707 0.0908203 0.00395966
2 0.97876 0.836914 0.0327148 0.296875 0.00385094
1 0.974365 0.832275 0.0454102 0.335449 0.00375175
1 0.96167 0.945557 0.0532227 0.0952148 0.00366592
2 0.501465 0.463867 0.544922 0.169922 0.00365448
13 0.327393 0.168549 0.174805 0.16925 0.00362587
13 0.0293121 0.862793 0.0292664 0.204102 0.00351143
1 0.556152 0.262207 0.0400391 0.240723 0.00324631
13 0.498413 0.196655 0.436768 0.279541 0.00324059
2 0.569336 0.44873 0.169922 0.139648 0.00323296
13 0.205627 0.224854 0.271362 0.0849609 0.00304413
13 0.359131 0.414673 0.634277 0.547607 0.00292778
2 0.748047 0.465576 0.402344 0.528809 0.00290489
13 0.340454 0.150513 0.276123 0.226807 0.00284767
4 0.0413666 0.795898 0.0503235 0.40625 0.00283051
2 0.569336 0.256287 0.078125 0.348755 0.00273705
13 0.552734 0.263672 0.0263672 0.1875 0.00270081
2 0.775391 0.386902 0.320312 0.424438 0.00258827
2 0.608398 0.433838 0.130859 0.195801 0.00254822
1 0.0413666 0.795898 0.0503235 0.40625 0.0025177
2 0.638184 0.450195 0.078125 0.12793 0.00251198
1 0.0336761 0.752197 0.0332336 0.440918 0.00250053
13 0.238708 0.248596 0.252075 0.147339 0.00247383
1 0.977295 0.904297 0.0375977 0.112305 0.00245094
2 0.765869 0.178223 0.41748 0.34375 0.00243568
1 0.984375 0.927734 0.03125 0.125 0.00240898
13 0.617188 0.451294 0.0585938 0.144287 0.00235748
13 0.556152 0.210693 0.0576172 0.169922 0.0023365
1 0.0410156 0.0820007 0.0419922 0.137756 0.00226593
1 0.0329742 0.0674744 0.0441589 0.112122 0.00224876
1 0.0224609 0.904785 0.0303955 0.143555 0.00223351
2 0.614746 0.453369 0.0957031 0.14502 0.00221443
9 0.633301 0.4552 0.0351562 0.134521 0.00220871
1 0.0214844 0.932373 0.034668 0.0883789 0.00218773
13 0.302368 0.252502 0.416748 0.148315 0.00216484
13 0.976318 0.942383 0.0375977 0.109375 0.00209236
13 0.545898 0.208496 0.121094 0.398926 0.00202942
2 0.686523 0.961914 0.626953 0.0722656 0.00201797
14 0.976318 0.942383 0.0375977 0.109375 0.00201225
8 0.635254 0.456543 0.0322266 0.128906 0.00196075
2 0.744141 0.296326 0.422852 0.472778 0.00192165
1 0.0299988 0.887451 0.0463257 0.174316 0.0019083
1 0.973877 0.232727 0.0463867 0.412476 0.00184536
13 0.550293 0.211853 0.0507812 0.341919 0.00181007
13 0.0344086 0.905273 0.0383606 0.179688 0.00175095
2 0.592285 0.321838 0.140625 0.447144 0.00171852
13 0.567871 0.179749 0.0771484 0.153198 0.00169277
13 0.286865 0.225525 0.0722656 0.0640869 0.00168991
1 0.985352 0.893799 0.0292969 0.196777 0.00167847
13 0.28418 0.222961 0.148438 0.113647 0.00166607
2 0.0322266 0.867676 0.0321045 0.21582 0.001647
1 0.0273285 0.970459 0.0505676 0.059082 0.00161839
4 0.0341949 0.860596 0.0385437 0.272949 0.00160313
13 0.536133 0.31958 0.0917969 0.42041 0.00159168
2 0.681152 0.449707 0.203125 0.205078 0.00158215
1 0.0292969 0.885742 0.0266113 0.110352 0.00157547
13 0.341064 0.209839 0.208496 0.125244 0.00157356
2 0.502563 0.470703 0.547607 0.283203 0.00156403
4 0.976318 0.941895 0.0395508 0.112305 0.00156116
13 0.562012 0.320435 0.0576172 0.374756 0.00149727
13 0.327637 0.495239 0.413086 0.804443 0.00149536
1 0.0308838 0.912842 0.0600586 0.174316 0.00143337
13 0.579102 0.302917 0.133789 0.387329 0.00141811
1 0.976562 0.0963135 0.0371094 0.0949707 0.00134945
1 0.0231018 0.930176 0.0462036 0.112305 0.00132465
2 0.976318 0.942383 0.0375977 0.109375 0.00132179
4 0.563477 0.249451 0.0693359 0.320435 0.00130653
2 0.617676 0.463135 0.0634766 0.13916 0.00129318
2 0.507324 0.948242 0.892578 0.101562 0.00128937
13 0.549805 0.294434 0.0283203 0.116211 0.00128269
2 0.652344 0.458984 0.0673828 0.125977 0.00125694
1 0.628906 0.450928 0.0498047 0.14502 0.00124931
13 0.331543 0.207153 0.199219 0.0754395 0.0012064
4 0.556152 0.262207 0.0400391 0.240723 0.001194
1 0.879883 0.977295 0.205078 0.0239258 0.00119305
13 0.347778 0.449219 0.470459 0.412109 0.00114632
2 0.271729 0.221191 0.126465 0.0756836 0.00114155
13 0.312012 0.226562 0.177246 0.0908203 0.00113297
13 0.577148 0.257568 0.0849609 0.21582 0.00111008
13 0.330994 0.236511 0.463989 0.244751 0.00109863
13 0.431641 0.281494 0.0283203 0.0532227 0.00109577
2 0.556641 0.261719 0.0449219 0.239258 0.00106144
13 0.0302734 0.924316 0.0294189 0.0947266 0.00105476
1 0.0462189 0.935059 0.063324 0.0947266 0.00104809
4 0.949707 0.480469 0.0791016 0.84082 0.00104618
2 0.359131 0.414673 0.634277 0.547607 0.00104523
1 0.98291 0.947754 0.0341797 0.0927734 0.00101185
2 0.56543 0.435547 0.226562 0.212891 0.00101089
16 0.634277 0.455078 0.0361328 0.132812 0.00100994
4 0.0328369 0.92749 0.046875 0.133301 0.00100708
1 0.968018 0.973877 0.0424805 0.0522461 0.00100517
13 0.563599 0.177094 0.263428 0.180969 0.00100422
1 0.959961 0.94165 0.0761719 0.116699 0.00100136
