2 0.71582 0.842773 0.294922 0.261719 0.824707
1 0.985352 0.95752 0.0292969 0.0771484 0.475098
13 0.57959 0.643555 0.0419922 0.173828 0.445312
13 0.58252 0.672852 0.0527344 0.230469 0.389404
13 0.583984 0.628418 0.0419922 0.119141 0.319824
2 0.725098 0.803223 0.269531 0.163086 0.219849
13 0.717773 0.845947 0.283203 0.274902 0.179565
1 0.705566 0.842773 0.295898 0.263672 0.111023
13 0.577148 0.726074 0.0498047 0.276367 0.104675
13 0.581543 0.737793 0.0634766 0.405273 0.0999756
1 0.0225525 0.950684 0.0304565 0.0634766 0.0983887
13 0.57666 0.730469 0.0527344 0.113281 0.0653076
1 0.984375 0.957275 0.0234375 0.0581055 0.0476685
1 0.0222778 0.936279 0.0368652 0.0844727 0.0457458
14 0.71875 0.847656 0.301758 0.251953 0.0334778
13 0.604004 0.881836 0.0673828 0.183594 0.0272827
4 0.0621338 0.490234 0.0979004 0.945312 0.026886
4 0.963867 0.393555 0.0644531 0.692383 0.0230713
2 0.586426 0.755859 0.0712891 0.386719 0.0218048
1 0.984375 0.925781 0.0292969 0.136719 0.0206604
13 0.723145 0.799316 0.293945 0.151367 0.020401
9 0.717773 0.846191 0.310547 0.256836 0.0196228
2 0.607422 0.825439 0.0976562 0.296387 0.0162964
13 0.580078 0.679199 0.078125 0.270508 0.0115585
13 0.591797 0.848145 0.0527344 0.230469 0.0107346
1 0.0291748 0.915527 0.0316162 0.12207 0.0105438
13 0.607422 0.825439 0.0976562 0.296387 0.009552
1 0.980469 0.946533 0.0351562 0.0991211 0.00866699
2 0.710938 0.756836 0.298828 0.111328 0.00856018
9 0.725586 0.782227 0.273438 0.142578 0.00800323
2 0.582031 0.677246 0.0644531 0.24707 0.00762939
2 0.578613 0.727539 0.0537109 0.112305 0.00715256
4 0.97168 0.268799 0.0566406 0.443848 0.00709915
14 0.583008 0.623047 0.0390625 0.134766 0.00643921
13 0.585938 0.802734 0.0507812 0.386719 0.00610733
2 0.747559 0.783203 0.240234 0.115234 0.00569916
2 0.577148 0.726074 0.0498047 0.276367 0.00554657
2 0.0601349 0.488281 0.0935974 0.948242 0.00547409
4 0.728516 0.845703 0.275391 0.210938 0.00539398
13 0.963867 0.393555 0.0644531 0.692383 0.00530624
1 0.982422 0.0678253 0.0332031 0.0926208 0.00517654
2 0.580078 0.644531 0.0488281 0.170898 0.00509644
13 0.969971 0.170471 0.0385742 0.268433 0.00490952
1 0.986328 0.930664 0.0195312 0.109375 0.00480652
2 0.697754 0.779297 0.271484 0.254883 0.00458908
13 0.970703 0.115021 0.0332031 0.177185 0.00454712
1 0.582031 0.685547 0.0449219 0.228516 0.00442123
1 0.97876 0.957031 0.0307617 0.0664062 0.00428009
1 0.583008 0.624023 0.0380859 0.130859 0.00402451
13 0.03125 0.902344 0.03125 0.134766 0.0039711
2 0.713379 0.730469 0.31543 0.226562 0.0038929
14 0.725098 0.803223 0.269531 0.163086 0.00371933
1 0.982422 0.90918 0.0214844 0.142578 0.00367165
1 0.0310669 0.939209 0.0385742 0.090332 0.0036068
4 0.0426025 0.780762 0.045166 0.369141 0.00359726
2 0.583008 0.624023 0.0380859 0.130859 0.00350761
19 0.706055 0.845703 0.274414 0.226562 0.00325012
18 0.706055 0.845703 0.274414 0.226562 0.00319862
8 0.706055 0.845703 0.274414 0.226562 0.00311279
16 0.706055 0.845703 0.274414 0.226562 0.003088
11 0.706055 0.845703 0.274414 0.226562 0.0030632
7 0.706055 0.845703 0.274414 0.226562 0.00300598
3 0.706055 0.845703 0.274414 0.226562 0.00299263
13 0.580566 0.632324 0.0703125 0.145508 0.00294685
1 0.0395508 0.0523987 0.0443115 0.0846558 0.00287056
2 0.716309 0.842773 0.183594 0.244141 0.00285149
10 0.706055 0.845703 0.274414 0.226562 0.00271606
2 0.782715 0.878662 0.430664 0.230957 0.00267029
0 0.706055 0.845703 0.274414 0.226562 0.00266457
12 0.706055 0.845703 0.274414 0.226562 0.00263214
17 0.706055 0.845703 0.274414 0.226562 0.00258255
14 0.578125 0.729492 0.0488281 0.116211 0.00257492
15 0.706055 0.845703 0.274414 0.226562 0.00256348
2 0.984863 0.957275 0.0302734 0.0756836 0.00254822
13 0.589355 0.768066 0.110352 0.375 0.00254631
6 0.706055 0.845703 0.274414 0.226562 0.00250244
5 0.706055 0.845703 0.274414 0.226562 0.00248528
1 0.0341797 0.870117 0.0427246 0.214844 0.00238037
14 0.985352 0.956787 0.0292969 0.0766602 0.0022831
13 0.609375 0.666016 0.109375 0.226562 0.00223541
13 0.592285 0.664062 0.0595703 0.171875 0.00220108
14 0.582031 0.671387 0.0537109 0.224609 0.00215721
13 0.65332 0.772949 0.199219 0.364258 0.00213814
1 0.0229187 0.963867 0.0388794 0.0722656 0.00209427
13 0.819336 0.114105 0.0205078 0.0564575 0.00208092
1 0.982422 0.871338 0.0234375 0.214355 0.00198364
1 0.578613 0.731934 0.0458984 0.224609 0.00197792
1 0.0275574 0.895996 0.039978 0.172852 0.00193596
1 0.719727 0.778809 0.285156 0.128906 0.00192261
13 0.985352 0.956787 0.0292969 0.0766602 0.00191975
4 0.0499725 0.704102 0.0519104 0.525391 0.0019083
4 0.945801 0.491699 0.0888672 0.907227 0.00180531
13 0.688477 0.765137 0.298828 0.102539 0.0017662
13 0.0683594 0.852539 0.0339355 0.0517578 0.0017395
1 0.0379639 0.0666199 0.0548096 0.127991 0.00172424
1 0.0189819 0.915283 0.0321045 0.114746 0.00172329
1 0.581543 0.737793 0.0634766 0.405273 0.00169659
13 0.945801 0.491699 0.0888672 0.907227 0.00169086
13 0.968994 0.316895 0.0483398 0.55957 0.00160122
13 0.541016 0.74707 0.131836 0.380859 0.00158787
4 0.0370026 0.222656 0.0549011 0.445312 0.00158596
1 0.986328 0.890625 0.0273438 0.158203 0.00153065
4 0.57959 0.643555 0.0419922 0.173828 0.0015192
2 0.77417 0.607422 0.436035 0.457031 0.0014782
1 0.976318 0.931885 0.0297852 0.097168 0.00136185
1 0.972656 0.092804 0.0332031 0.131775 0.00135708
1 0.96875 0.237549 0.0449219 0.395996 0.00135326
2 0.65332 0.772949 0.199219 0.364258 0.00134659
4 0.581543 0.737793 0.0634766 0.405273 0.00134659
4 0.0490723 0.336426 0.0578613 0.657227 0.00132656
13 0.0366821 0.885742 0.026123 0.167969 0.00128937
1 0.976318 0.0537872 0.0395508 0.0638123 0.00127697
4 0.58252 0.672852 0.0527344 0.230469 0.00119877
13 0.450317 0.836914 0.0700684 0.116211 0.00119781
1 0.984375 0.912109 0.0234375 0.0878906 0.001194
13 0.591797 0.524536 0.0693359 0.229248 0.00118446
13 0.632812 0.85791 0.143555 0.213867 0.00117683
13 0.591309 0.729004 0.0712891 0.15625 0.00114441
14 0.0231018 0.94751 0.0339966 0.065918 0.00111961
13 0.598145 0.526367 0.0810547 0.133789 0.00111389
8 0.726562 0.784668 0.268555 0.137695 0.00110912
1 0.96875 0.394897 0.0605469 0.657471 0.001091
13 0.0404663 0.811035 0.0373535 0.333008 0.00106621
1 0.976562 0.902588 0.0390625 0.155762 0.00103474
1 0.970703 0.960205 0.0507812 0.0698242 0.00102711
13 0.585938 0.664551 0.0449219 0.113281 0.00102234
4 0.584473 0.629883 0.0380859 0.12793 0.00101948
2 0.604004 0.881836 0.0673828 0.183594 0.00101376
10 0.583008 0.624023 0.0380859 0.130859 0.00100136
