2 0.611816 0.652344 0.575195 0.294922 0.875
2 0.502441 0.415283 0.889648 0.830566 0.366455
13 0.879395 0.766602 0.0908203 0.0664062 0.311279
13 0.382568 0.835938 0.0703125 0.0595703 0.249756
1 0.0269165 0.950195 0.0383301 0.0761719 0.214111
2 0.380371 0.838379 0.0761719 0.0654297 0.121521
13 0.980713 0.864258 0.0327148 0.236328 0.0946045
4 0.0738525 0.466309 0.11377 0.932617 0.0794067
1 0.977539 0.0529938 0.0371094 0.0883484 0.0755615
2 0.525391 0.701172 0.433594 0.18457 0.0573425
1 0.0273438 0.936768 0.0290527 0.0854492 0.0521851
13 0.983398 0.89917 0.0332031 0.160645 0.0445557
2 0.879395 0.766602 0.0908203 0.0664062 0.041687
1 0.0267334 0.931641 0.0429688 0.109375 0.037384
1 0.982422 0.933105 0.0351562 0.116211 0.0357971
2 0.609741 0.648926 0.325439 0.272461 0.0248413
13 0.978271 0.802002 0.0395508 0.345215 0.0196991
13 0.868652 0.770996 0.145508 0.0888672 0.0155182
2 0.488281 0.478516 0.753906 0.588867 0.0144348
13 0.615234 0.655762 0.543945 0.222656 0.0137329
13 0.881348 0.76123 0.0947266 0.107422 0.0122375
4 0.610352 0.652344 0.543945 0.22168 0.0121536
1 0.879395 0.768555 0.0820312 0.0625 0.0115738
14 0.618164 0.65625 0.535156 0.224609 0.0115204
1 0.0339813 0.914551 0.0401917 0.135742 0.0112839
1 0.984375 0.915771 0.0253906 0.148926 0.0109787
1 0.975342 0.937256 0.043457 0.0922852 0.00999451
9 0.619141 0.650879 0.53125 0.22168 0.00987244
1 0.618164 0.65625 0.535156 0.224609 0.00983429
1 0.978516 0.891846 0.0332031 0.188965 0.00923157
1 0.384766 0.838379 0.0722656 0.0644531 0.00897217
14 0.382324 0.836914 0.0751953 0.0605469 0.00894928
1 0.980469 0.0765686 0.0390625 0.133972 0.00801849
13 0.981689 0.93335 0.0307617 0.11377 0.00754166
1 0.0257568 0.903564 0.0369873 0.175293 0.00734711
2 0.494751 0.323547 0.936279 0.470093 0.00712585
1 0.968262 0.0515289 0.0634766 0.0820007 0.00685883
2 0.847656 0.773438 0.185547 0.0957031 0.00663757
2 0.691406 0.633301 0.458984 0.234375 0.00592804
4 0.0527954 0.403564 0.078125 0.807129 0.00469589
4 0.0421753 0.244873 0.0559082 0.489746 0.00467682
1 0.0357666 0.870117 0.0426025 0.216797 0.00448227
2 0.52478 0.221436 0.852783 0.349121 0.00364685
1 0.0424805 0.0496216 0.0618896 0.0992432 0.00363731
1 0.497925 0.405151 0.881104 0.676025 0.00358391
2 0.518677 0.624512 0.747803 0.40918 0.00350761
1 0.972656 0.911621 0.0371094 0.141602 0.0034523
2 0.463257 0.742188 0.28833 0.0751953 0.00343323
1 0.0351562 0.78418 0.0389404 0.392578 0.00329208
13 0.970459 0.850098 0.0454102 0.239258 0.00327682
14 0.879395 0.766602 0.0908203 0.0664062 0.00318336
2 0.381836 0.834473 0.0883789 0.0976562 0.00309753
13 0.969482 0.898926 0.043457 0.145508 0.00287628
13 0.381836 0.834473 0.0883789 0.0976562 0.00278664
1 0.977539 0.821289 0.0390625 0.332031 0.00277901
2 0.639526 0.453125 0.60376 0.71582 0.00271988
4 0.956543 0.470215 0.0869141 0.856445 0.0026989
1 0.961914 0.9375 0.0644531 0.101562 0.00265884
2 0.462402 0.729492 0.341797 0.134766 0.00265312
1 0.0224609 0.922119 0.0289307 0.0932617 0.00251961
4 0.978516 0.836426 0.0351562 0.288086 0.00247383
2 0.881348 0.76123 0.0947266 0.107422 0.00235748
13 0.032547 0.893555 0.0396423 0.169922 0.00235748
16 0.615234 0.655762 0.543945 0.222656 0.00231171
18 0.615112 0.655273 0.539307 0.241211 0.00230598
8 0.615112 0.655273 0.539307 0.241211 0.00229645
7 0.615234 0.655762 0.543945 0.222656 0.0022583
19 0.615234 0.655762 0.543945 0.222656 0.00221443
13 0.985352 0.899902 0.0175781 0.09375 0.00212288
13 0.497925 0.405151 0.881104 0.676025 0.00207329
2 0.370361 0.50061 0.660645 0.787842 0.00205994
15 0.615234 0.655762 0.543945 0.222656 0.00200081
3 0.615112 0.655273 0.539307 0.241211 0.00198174
14 0.0263519 0.947021 0.0398254 0.0786133 0.00195503
17 0.615234 0.655762 0.543945 0.222656 0.0019474
11 0.615112 0.655273 0.539307 0.241211 0.00193501
9 0.497925 0.405151 0.881104 0.676025 0.0019331
2 0.512207 0.11377 0.930664 0.190186 0.00192547
1 0.0239258 0.965332 0.0384521 0.0654297 0.00191402
1 0.97168 0.871338 0.046875 0.210449 0.00191307
13 0.984375 0.871094 0.0234375 0.163086 0.00190639
0 0.615112 0.655273 0.539307 0.241211 0.0018549
5 0.615234 0.655762 0.543945 0.222656 0.0018158
12 0.615112 0.655273 0.539307 0.241211 0.00180435
2 0.483032 0.995605 0.858154 0.00878906 0.00180054
13 0.915527 0.393311 0.0458984 0.0454102 0.00172043
4 0.516113 0.393921 0.81543 0.661377 0.00169373
10 0.615234 0.655762 0.543945 0.222656 0.0016861
13 0.0330658 0.847656 0.0420227 0.271484 0.00168133
1 0.0375977 0.939941 0.0421143 0.0791016 0.00168037
13 0.947021 0.268982 0.0981445 0.296997 0.00163364
6 0.615234 0.655762 0.543945 0.222656 0.0015831
2 0.45874 0.614746 0.705566 0.279297 0.00155735
13 0.973389 0.890137 0.0532227 0.206055 0.00155449
13 0.0397339 0.221924 0.0518799 0.443848 0.00148678
13 0.961914 0.9375 0.0644531 0.101562 0.00134087
1 0.985352 0.0506744 0.0292969 0.0754089 0.00132942
1 0.0395508 0.0811768 0.0450439 0.162354 0.0012989
14 0.497925 0.405151 0.881104 0.676025 0.00129223
2 0.46814 0.875488 0.696533 0.176758 0.00129128
1 0.986328 0.947021 0.0273438 0.0883789 0.00123882
13 0.912598 0.406494 0.0595703 0.0571289 0.00123501
4 0.87793 0.76709 0.0810547 0.0605469 0.00122547
2 0.0263519 0.947021 0.0398254 0.0786133 0.0012188
13 0.0410767 0.867188 0.0445557 0.228516 0.00119686
13 0.898926 0.760742 0.202148 0.205078 0.00117397
13 0.983154 0.80957 0.0336914 0.177734 0.00116444
13 0.980469 0.884766 0.0273438 0.0947266 0.00115681
13 0.896484 0.771973 0.0917969 0.0830078 0.00112343
2 0.495117 0.92749 0.892578 0.14502 0.00108814
2 0.0797272 0.494995 0.107147 0.974854 0.00107479
13 0.941895 0.812012 0.104492 0.266602 0.00105762
1 0.95166 0.242004 0.0771484 0.396851 0.00104046
4 0.978516 0.771729 0.0429688 0.437012 0.00101757
2 0.962891 0.394165 0.0742188 0.735107 0.00100899
