2 0.398438 0.182617 0.0541992 0.207031 0.611816
13 0.395752 0.185089 0.0576172 0.209412 0.572754
2 0.683594 0.200317 0.0400391 0.220459 0.51709
13 0.677734 0.196564 0.0380859 0.232849 0.252441
2 0.539185 0.194153 0.335693 0.224976 0.244141
1 0.984131 0.962891 0.0317383 0.0722656 0.238892
13 0.687012 0.198975 0.0361328 0.228516 0.19043
2 0.464355 0.184937 0.191406 0.218018 0.0891724
14 0.984131 0.967285 0.0317383 0.0634766 0.0823975
1 0.0231781 0.938477 0.0271301 0.0859375 0.0765991
2 0.645508 0.199738 0.130859 0.226013 0.0714722
2 0.797852 0.191101 0.279297 0.267212 0.0442505
2 0.711914 0.197571 0.112305 0.237671 0.0435181
1 0.0252686 0.916016 0.0291748 0.126953 0.039856
4 0.0596619 0.48877 0.0984497 0.947266 0.0310822
4 0.946289 0.493164 0.0878906 0.902344 0.0307312
13 0.863281 0.70166 0.046875 0.100586 0.0301361
1 0.68457 0.199463 0.0351562 0.227051 0.0294495
2 0.38916 0.184113 0.0888672 0.227966 0.0275726
13 0.681152 0.149231 0.0322266 0.140015 0.0218964
1 0.978516 0.104156 0.0410156 0.159851 0.0190887
13 0.851074 0.534668 0.0400391 0.0820312 0.016983
2 0.611206 0.199188 0.293213 0.239807 0.0162201
13 0.38916 0.184113 0.0888672 0.227966 0.0152817
14 0.393555 0.186127 0.0600586 0.212708 0.0148544
1 0.97876 0.967529 0.034668 0.059082 0.0145645
2 0.419434 0.183411 0.0942383 0.207397 0.0135803
1 0.394287 0.184753 0.0581055 0.223267 0.0132904
2 0.393311 0.187622 0.0522461 0.144287 0.0115967
13 0.394287 0.18689 0.0493164 0.143799 0.0115356
2 0.699219 0.20459 0.0410156 0.21582 0.0105057
2 0.67627 0.201172 0.0810547 0.226074 0.0103149
2 0.680664 0.117584 0.0253906 0.0626831 0.00956726
1 0.985352 0.950439 0.0253906 0.0854492 0.00857544
13 0.681641 0.188477 0.0341797 0.143555 0.00840759
1 0.976562 0.167664 0.0390625 0.274048 0.00766373
1 0.982178 0.943848 0.0336914 0.112305 0.00752258
2 0.614746 0.204102 0.208008 0.183594 0.00751114
2 0.69043 0.205933 0.03125 0.175537 0.00742722
2 0.684082 0.128296 0.0263672 0.0935059 0.00725937
14 0.677734 0.196564 0.0380859 0.232849 0.00693512
1 0.0349121 0.0577545 0.0539551 0.0971375 0.00683212
2 0.681641 0.188477 0.0341797 0.143555 0.00629044
2 0.359375 0.18573 0.126953 0.215454 0.00613785
13 0.711914 0.197571 0.112305 0.237671 0.0056572
13 0.410645 0.194489 0.078125 0.207703 0.00564957
13 0.541992 0.196777 0.303711 0.190918 0.00542831
2 0.0619354 0.484985 0.100006 0.934326 0.0053978
14 0.6875 0.200653 0.0380859 0.21637 0.00518036
2 0.225159 0.164917 0.371948 0.27124 0.00462341
2 0.67627 0.179199 0.0419922 0.208008 0.00452805
2 0.851074 0.534668 0.0400391 0.0820312 0.00443649
4 0.962891 0.535034 0.0742188 0.929932 0.0043869
4 0.268311 0.492676 0.154785 0.918945 0.00421906
13 0.923584 0.483276 0.131348 0.875244 0.00413132
13 0.982178 0.943848 0.0336914 0.112305 0.00411606
4 0.544922 0.197266 0.305664 0.185059 0.00405884
2 0.705078 0.201508 0.0732422 0.218079 0.00405121
1 0.973633 0.0405273 0.046875 0.0778809 0.00401306
1 0.0366211 0.0739746 0.036499 0.12793 0.00388908
4 0.92041 0.535156 0.125977 0.850586 0.00356102
1 0.541992 0.196777 0.303711 0.190918 0.00353813
2 0.686523 0.149384 0.0341797 0.134338 0.00326538
2 0.377441 0.18457 0.22168 0.235352 0.00296021
2 0.398682 0.135132 0.0424805 0.129395 0.00290871
2 0.984375 0.962891 0.03125 0.0722656 0.00286293
9 0.398438 0.182617 0.0541992 0.207031 0.00285339
2 0.945557 0.526611 0.101074 0.927246 0.00268745
4 0.396973 0.184784 0.0595703 0.209045 0.00255775
1 0.0220184 0.897705 0.037262 0.169434 0.00250435
1 0.982666 0.977295 0.0288086 0.0454102 0.00241852
13 0.0596619 0.48877 0.0984497 0.947266 0.00229454
4 0.0396729 0.780029 0.0428467 0.391113 0.00227356
1 0.972656 0.962646 0.046875 0.074707 0.00225067
13 0.95459 0.501953 0.0888672 0.966797 0.00224495
13 0.699219 0.20459 0.0410156 0.21582 0.00223541
1 0.0216522 0.957031 0.0335999 0.0664062 0.00221634
13 0.851562 0.556641 0.0322266 0.111328 0.00214577
1 0.863281 0.70166 0.046875 0.100586 0.00211906
1 0.975342 0.0688324 0.0473633 0.1138 0.00208092
2 0.680176 0.197113 0.240234 0.214661 0.00200653
13 0.658203 0.201904 0.09375 0.219238 0.00198746
14 0.541992 0.196777 0.303711 0.190918 0.00198555
1 0.681152 0.149231 0.0322266 0.140015 0.00191021
8 0.397461 0.183502 0.0517578 0.204773 0.00188828
13 0.359375 0.18573 0.126953 0.215454 0.00185776
9 0.683594 0.200317 0.0400391 0.220459 0.00183105
13 0.464355 0.184937 0.191406 0.218018 0.00181293
14 0.681641 0.188477 0.0341797 0.143555 0.00179958
9 0.541992 0.196777 0.303711 0.190918 0.00168705
13 0.403564 0.168823 0.0634766 0.142334 0.00167751
2 0.687012 0.18988 0.0302734 0.116333 0.00164509
13 0.868652 0.691406 0.0380859 0.0761719 0.00162506
4 0.687988 0.198883 0.0380859 0.222839 0.00159264
13 0.892578 0.506958 0.128906 0.9021 0.00158405
13 0.714355 0.0146637 0.03125 0.0293274 0.00156403
14 0.393311 0.187622 0.0522461 0.144287 0.00155449
13 0.688477 0.161346 0.0283203 0.164612 0.00153732
13 0.680664 0.128906 0.0253906 0.0895996 0.00148106
13 0.629395 0.194702 0.151367 0.234619 0.00143909
1 0.681641 0.188477 0.0341797 0.143555 0.00141335
4 0.0444946 0.484985 0.0644531 0.844482 0.00139713
2 0.678223 0.152344 0.03125 0.127197 0.00137901
2 0.977539 0.966064 0.0351562 0.0678711 0.00136566
13 0.775879 0.199341 0.241211 0.24585 0.0013504
13 0.85498 0.622925 0.0605469 0.369385 0.00128651
1 0.968018 0.0290222 0.0600586 0.053894 0.00128269
13 0.238342 0.177734 0.374878 0.223633 0.00128269
1 0.027832 0.0793762 0.036499 0.156677 0.0012722
2 0.755371 0.201904 0.229492 0.211914 0.00124454
13 0.6875 0.208435 0.0273438 0.144653 0.00123692
8 0.685059 0.201477 0.0380859 0.219116 0.00122643
13 0.984375 0.962891 0.03125 0.0722656 0.00121498
13 0.850586 0.530273 0.0517578 0.125 0.00120544
13 0.709473 0.489136 0.101562 0.574463 0.0011673
1 0.982422 0.914062 0.0332031 0.138672 0.00116634
13 0.248291 0.489258 0.19873 0.978516 0.00111961
1 0.978271 0.098877 0.0415039 0.0947266 0.00110149
4 0.969971 0.759277 0.0561523 0.436523 0.00109291
16 0.397461 0.183502 0.0517578 0.204773 0.0010643
19 0.397461 0.183502 0.0517578 0.204773 0.00106049
11 0.397461 0.183502 0.0517578 0.204773 0.00105667
7 0.398438 0.182617 0.0541992 0.207031 0.00105572
1 0.864258 0.0173645 0.203125 0.0263062 0.00104141
10 0.397461 0.183502 0.0517578 0.204773 0.00103664
13 0.0258179 0.901611 0.0301514 0.147949 0.00101757
6 0.394287 0.185577 0.0581055 0.221619 0.00101471
