13 0.101562 0.640625 0.136963 0.261719 0.761719
1 0.980469 0.961426 0.0371094 0.0712891 0.345459
13 0.0897522 0.709961 0.130554 0.100586 0.304443
13 0.111328 0.669434 0.116455 0.171875 0.284424
13 0.0732727 0.648926 0.0975952 0.207031 0.210571
13 0.0588379 0.615723 0.052002 0.270508 0.129639
1 0.980469 0.961182 0.0253906 0.050293 0.121826
14 0.980225 0.959961 0.0375977 0.0703125 0.109131
13 0.0465698 0.591309 0.041626 0.224609 0.0689697
1 0.038559 0.052536 0.0464172 0.0948792 0.0682983
1 0.0198059 0.936523 0.0244751 0.0898438 0.0613098
13 0.0734558 0.603516 0.0835571 0.259766 0.0423889
2 0.0444946 0.421631 0.0709229 0.843262 0.0306854
2 0.0946045 0.63916 0.136475 0.255859 0.0223389
1 0.983398 0.952637 0.0214844 0.0478516 0.0169525
1 0.0196533 0.904541 0.0281982 0.155762 0.0156097
1 0.0932007 0.637207 0.130493 0.255859 0.0155487
13 0.123535 0.710449 0.117432 0.111328 0.0112686
1 0.979736 0.921631 0.034668 0.148926 0.010498
2 0.0344238 0.290283 0.0621338 0.555176 0.0102386
1 0.975586 0.94873 0.0292969 0.0771484 0.00993347
1 0.868408 0.0268555 0.218262 0.0244141 0.00897217
4 0.101562 0.640625 0.136963 0.261719 0.00693893
4 0.0444946 0.421631 0.0709229 0.843262 0.0057869
1 0.98584 0.95874 0.0283203 0.0454102 0.00564194
13 0.0497284 0.609375 0.0379944 0.142578 0.00537109
13 0.0465698 0.527832 0.0301514 0.101562 0.00521469
2 0.980225 0.959961 0.0375977 0.0703125 0.0048027
13 0.0541992 0.623535 0.0400391 0.208008 0.00478745
2 0.092865 0.695312 0.135071 0.129883 0.004673
13 0.0458374 0.58252 0.0338135 0.143555 0.00444794
13 0.0652924 0.632324 0.0762024 0.142578 0.0043602
13 0.0952148 0.635742 0.104736 0.201172 0.00435638
13 0.0943604 0.645996 0.188721 0.321289 0.0042305
1 0.094574 0.688965 0.134094 0.136719 0.00421143
1 0.973389 0.916992 0.0356445 0.113281 0.00345802
1 0.973389 0.0430908 0.043457 0.0854492 0.00341797
13 0.478149 0.705566 0.0661621 0.0615234 0.00332642
2 0.0593262 0.39917 0.118652 0.794434 0.00319672
13 0.0837402 0.679199 0.104736 0.138672 0.00317764
1 0.972656 0.967773 0.0371094 0.046875 0.00304985
13 0.0627289 0.572266 0.0918274 0.462891 0.00274658
13 0.0789185 0.617188 0.157837 0.319336 0.00271606
13 0.0991211 0.698242 0.124023 0.151367 0.0025425
14 0.101562 0.640625 0.136963 0.261719 0.00253677
1 0.0138397 0.928711 0.0276794 0.0917969 0.00235558
1 0.0872498 0.709961 0.108704 0.09375 0.00232124
2 0.980713 0.958496 0.0249023 0.0458984 0.00222778
13 0.0380707 0.637207 0.0456848 0.249023 0.00220871
1 0.97876 0.043335 0.0327148 0.0666504 0.00216103
1 0.924072 0.0260925 0.140137 0.0248413 0.00213623
1 0.962158 0.966064 0.0600586 0.0522461 0.00212669
13 0.0474854 0.567383 0.0457764 0.353516 0.00205421
1 0.0191193 0.874268 0.0347595 0.226074 0.00203705
4 0.094574 0.688965 0.134094 0.136719 0.00200081
7 0.102997 0.640137 0.143127 0.258789 0.00194454
13 0.0605621 0.449829 0.10495 0.723389 0.00191021
4 0.963379 0.732422 0.0380859 0.517578 0.00187588
18 0.102997 0.640137 0.143127 0.258789 0.00179863
1 0.969482 0.0640259 0.0356445 0.109253 0.00178814
1 0.0164795 0.952148 0.0289307 0.0683594 0.00177574
13 0.128815 0.657227 0.117371 0.219727 0.00173855
1 0.975586 0.938965 0.0410156 0.0849609 0.00170994
1 0.0747375 0.625977 0.0834351 0.265625 0.00170517
13 0.982178 0.960693 0.0356445 0.0708008 0.00167847
8 0.102997 0.640137 0.143127 0.258789 0.00166321
5 0.102997 0.640137 0.143127 0.258789 0.00166321
14 0.0901031 0.710449 0.122284 0.106445 0.00164318
1 0.976318 0.883301 0.0356445 0.200195 0.00164223
9 0.102997 0.640137 0.143127 0.258789 0.00160694
16 0.102997 0.640137 0.143127 0.258789 0.00158787
1 0.979492 0.0652924 0.0351562 0.10965 0.00155735
3 0.102997 0.640137 0.143127 0.258789 0.00155067
2 0.111328 0.669434 0.116455 0.171875 0.00153732
13 0.113281 0.674805 0.0849609 0.115234 0.00153255
12 0.102997 0.640137 0.143127 0.258789 0.0014801
2 0.0872498 0.709961 0.108704 0.09375 0.00146198
19 0.104492 0.640137 0.147461 0.258789 0.00146198
1 0.0267792 0.932129 0.0318909 0.102539 0.00145912
1 0.0302734 0.0384521 0.0460205 0.074585 0.00144863
10 0.102997 0.640137 0.143127 0.258789 0.00144577
6 0.102997 0.640137 0.143127 0.258789 0.00142384
1 0.0380859 0.0849304 0.0446777 0.143616 0.00136948
1 0.960449 0.0335693 0.0791016 0.0546875 0.00132656
17 0.102997 0.640137 0.143127 0.258789 0.00131702
11 0.102997 0.640137 0.143127 0.258789 0.00129604
2 0.033432 0.195862 0.0561829 0.359253 0.00129414
13 0.0811768 0.704102 0.0859375 0.0927734 0.00128937
13 0.100708 0.728027 0.121338 0.09375 0.00124264
15 0.101562 0.640625 0.136963 0.261719 0.00122356
4 0.0747375 0.625977 0.0834351 0.265625 0.00121403
13 0.117188 0.736328 0.118408 0.0693359 0.00120354
1 0.97168 0.0415039 0.0507812 0.0546875 0.00120354
2 0.0732727 0.648926 0.0975952 0.207031 0.00119781
1 0.961182 0.948486 0.065918 0.0776367 0.00119209
1 0.0501099 0.618164 0.0463867 0.243164 0.00118732
4 0.642578 0.599609 0.09375 0.738281 0.00117302
13 0.0436249 0.55127 0.0299377 0.132812 0.00117207
1 0.974854 0.961426 0.0288086 0.0439453 0.00117111
13 0.0557861 0.585938 0.050293 0.143555 0.00116062
1 0.0145874 0.945557 0.0291748 0.0698242 0.0011549
0 0.102997 0.640137 0.143127 0.258789 0.00114441
13 0.0372314 0.0546112 0.038208 0.102692 0.00113869
4 0.0369873 0.304932 0.0462646 0.609863 0.00112438
2 0.0501099 0.618164 0.0463867 0.243164 0.0011158
1 0.969482 0.118286 0.0336914 0.199707 0.00111389
13 0.0829468 0.608398 0.086792 0.173828 0.00110626
4 0.0583496 0.623047 0.0487061 0.285156 0.0010891
1 0.0395355 0.137573 0.0456848 0.256104 0.00108814
9 0.980469 0.961426 0.0371094 0.0712891 0.00106049
1 0.984863 0.942627 0.0302734 0.103027 0.00102139
