2 0.57312 0.0996094 0.369385 0.124512 0.86377
14 0.722656 0.516602 0.0244141 0.0292969 0.53125
1 0.0243683 0.94873 0.0389099 0.0830078 0.281738
2 0.216309 0.0345459 0.380859 0.0339355 0.125366
13 0.57373 0.104034 0.400391 0.140564 0.116821
1 0.984375 0.940674 0.03125 0.0874023 0.110535
1 0.0283203 0.937744 0.0228271 0.0737305 0.0778198
13 0.495117 0.223389 0.0302734 0.0947266 0.0769653
1 0.0320282 0.0576172 0.0428772 0.106689 0.0650635
14 0.722168 0.515625 0.0332031 0.0380859 0.0385437
2 0.580078 0.104248 0.21582 0.126221 0.0325012
2 0.575684 0.102264 0.421875 0.194885 0.0218201
1 0.0261688 0.956299 0.0296936 0.0620117 0.0198517
2 0.621582 0.125366 0.269531 0.0632324 0.0189056
1 0.985352 0.945801 0.0214844 0.0595703 0.0189056
1 0.0258789 0.929443 0.0325928 0.0961914 0.017746
2 0.620605 0.121735 0.370117 0.0802612 0.0163574
2 0.159241 0.0338898 0.203979 0.0301208 0.0141602
2 0.223816 0.0543213 0.401978 0.0675049 0.0131226
9 0.57312 0.0996399 0.377197 0.141541 0.0127258
1 0.978516 0.922852 0.0371094 0.115234 0.0124817
13 0.943848 0.459595 0.0615234 0.158936 0.012413
1 0.0245972 0.964111 0.0463867 0.0678711 0.0117416
1 0.983398 0.905029 0.03125 0.152832 0.0110855
14 0.728027 0.519531 0.0273438 0.0332031 0.0100021
1 0.57373 0.104034 0.400391 0.140564 0.00943756
13 0.932373 0.405396 0.0864258 0.24585 0.00884247
14 0.577271 0.103912 0.388428 0.125183 0.00771713
1 0.225525 0.0310669 0.378052 0.0373535 0.00721359
1 0.983643 0.960449 0.0327148 0.0791016 0.0071106
13 0.220703 0.0362549 0.401367 0.0372314 0.00699997
1 0.0224762 0.938477 0.0258484 0.0664062 0.00676727
4 0.0665741 0.422119 0.0799866 0.757324 0.0066452
1 0.972412 0.0634613 0.0297852 0.0923157 0.0062027
13 0.982422 0.898438 0.0234375 0.152344 0.00569534
14 0.718262 0.510742 0.0244141 0.0273438 0.00556183
14 0.356934 0.864746 0.0546875 0.078125 0.00509262
13 0.223816 0.0543213 0.401978 0.0675049 0.00498581
1 0.0317383 0.919434 0.0280762 0.110352 0.00483322
2 0.626953 0.136475 0.238281 0.0454102 0.00480652
13 0.930664 0.447266 0.0722656 0.163086 0.00478745
4 0.574707 0.104248 0.359375 0.127686 0.00435638
4 0.975586 0.204834 0.0410156 0.36084 0.00414276
2 0.256592 0.0287933 0.334961 0.0371399 0.00402069
1 0.986328 0.919922 0.0273438 0.109375 0.00398636
1 0.978271 0.053894 0.0356445 0.0683594 0.00378036
1 0.980469 0.10141 0.0351562 0.153137 0.00377655
13 0.953613 0.46875 0.0556641 0.244141 0.00330162
4 0.0345612 0.884521 0.0387878 0.205566 0.00303078
2 0.0298157 0.0649719 0.0402222 0.116638 0.00300026
1 0.972656 0.0462189 0.0390625 0.0586853 0.00289726
8 0.57312 0.0996399 0.377197 0.141541 0.00266838
13 0.95752 0.477905 0.0478516 0.159424 0.00256729
2 0.112549 0.0352783 0.164062 0.0322266 0.00240135
1 0.0297089 0.903809 0.028595 0.176758 0.00239372
6 0.575684 0.101898 0.393555 0.130188 0.00229454
14 0.707031 0.0397339 0.0244141 0.0144043 0.00227165
13 0.986328 0.909912 0.0253906 0.117676 0.00222397
1 0.97583 0.180481 0.0385742 0.317749 0.00221062
9 0.580078 0.10022 0.261719 0.119385 0.00218582
14 0.723145 0.524902 0.0292969 0.0341797 0.00218201
2 0.0246887 0.948242 0.0411987 0.0800781 0.0021534
1 0.856445 0.0338135 0.238281 0.036377 0.00212479
13 0.480957 0.0939941 0.237305 0.131592 0.00209045
9 0.207275 0.0364227 0.368652 0.028717 0.00205231
1 0.0284729 0.090271 0.0336304 0.157837 0.00196266
4 0.951172 0.427856 0.0625 0.841553 0.00195122
1 0.970947 0.110382 0.0405273 0.169861 0.00190353
1 0.975586 0.883545 0.0410156 0.197754 0.00178814
11 0.577271 0.103912 0.388428 0.125183 0.00178337
13 0.571167 0.0986328 0.25415 0.12915 0.00177956
1 0.492676 0.226257 0.0283203 0.0943604 0.00172329
2 0.216797 0.0346222 0.217285 0.0393982 0.00172138
14 0.0246887 0.948242 0.0411987 0.0800781 0.00172043
2 0.972412 0.0634613 0.0297852 0.0923157 0.00164509
1 0.0981445 0.0340576 0.140625 0.0422363 0.00161743
13 0.447266 0.089325 0.15332 0.122131 0.00161457
19 0.571289 0.0986023 0.369141 0.145081 0.00152588
2 0.975586 0.0474854 0.0332031 0.0567627 0.00152016
4 0.955322 0.602783 0.0620117 0.794434 0.00148869
4 0.702148 0.671997 0.0878906 0.591553 0.0014801
1 0.034668 0.143188 0.034668 0.250732 0.00146389
16 0.577271 0.103912 0.388428 0.125183 0.00145054
13 0.495483 0.903809 0.0793457 0.0742188 0.00144196
5 0.571289 0.0986023 0.369141 0.145081 0.0014286
1 0.0380859 0.937012 0.0427246 0.0732422 0.0014143
2 0.580933 0.127808 0.334229 0.133057 0.00137234
4 0.965088 0.327515 0.0483398 0.575439 0.00136375
2 0.722168 0.516602 0.0244141 0.0292969 0.00135708
12 0.572266 0.101776 0.388672 0.133362 0.00133133
15 0.572266 0.101776 0.388672 0.133362 0.00132179
13 0.0246887 0.948242 0.0411987 0.0800781 0.00131226
10 0.569946 0.0979004 0.373779 0.14209 0.0012989
7 0.57373 0.104034 0.400391 0.140564 0.001297
2 0.0748901 0.126709 0.0802002 0.0634766 0.00128746
14 0.71875 0.509277 0.0361328 0.0351562 0.00128078
3 0.577637 0.103119 0.381836 0.12384 0.00127125
1 0.97168 0.939453 0.046875 0.0800781 0.00124741
1 0.883301 0.0289001 0.169922 0.0250854 0.00124645
18 0.57373 0.104034 0.400391 0.140564 0.00124264
1 0.0371094 0.868652 0.0361328 0.217773 0.00123596
1 0.974365 0.0495148 0.0473633 0.087738 0.00123405
0 0.572266 0.101776 0.388672 0.133362 0.00123215
17 0.571289 0.0986023 0.369141 0.145081 0.001194
1 0.022583 0.0684509 0.045166 0.121887 0.00118923
1 0.120575 0.975586 0.168518 0.0195312 0.00118256
13 0.987305 0.933838 0.0214844 0.0834961 0.00117779
2 0.987305 0.946533 0.0234375 0.0561523 0.00117207
1 0.975342 0.145477 0.0356445 0.190491 0.0011549
4 0.962891 0.730469 0.0546875 0.513672 0.0010891
13 0.155701 0.0375366 0.202271 0.0341797 0.00107002
4 0.539551 0.683228 0.0898438 0.580811 0.00105858
4 0.0438232 0.79126 0.0394287 0.41748 0.00105667
1 0.874023 0.0263977 0.228516 0.0369263 0.00105
14 0.723633 0.523438 0.03125 0.0605469 0.00104332
2 0.406494 0.0544434 0.0537109 0.0374756 0.00103378
1 0.964355 0.0424194 0.0576172 0.0491943 0.00100803
1 0.974854 0.0843506 0.0307617 0.108154 0.00100422
