2 0.652832 0.285095 0.180664 0.171997 0.798828
13 0.305908 0.138184 0.0664062 0.0820312 0.791992
13 0.319336 0.136108 0.074707 0.095459 0.273438
1 0.962158 0.0567474 0.0405273 0.103546 0.214233
2 0.604492 0.70752 0.0253906 0.0517578 0.183594
1 0.979492 0.913086 0.0273438 0.102539 0.103149
2 0.609863 0.290588 0.288086 0.194214 0.0693359
13 0.651855 0.292969 0.179688 0.175781 0.0668335
14 0.60498 0.708984 0.0234375 0.0498047 0.0404968
2 0.308105 0.136963 0.0854492 0.0893555 0.0328674
1 0.979492 0.881836 0.0332031 0.151367 0.0265808
1 0.308105 0.13855 0.0649414 0.0844727 0.0209198
14 0.652832 0.284912 0.173828 0.17041 0.0179291
14 0.307617 0.141113 0.0688477 0.0932617 0.0173645
1 0.651855 0.287598 0.191406 0.184082 0.0100784
13 0.859375 0.142944 0.03125 0.045166 0.00986481
1 0.964355 0.100952 0.0380859 0.198242 0.00971222
2 0.505859 0.290527 0.481445 0.214355 0.00959778
9 0.651367 0.291992 0.191406 0.182617 0.00891113
1 0.0233917 0.956299 0.0291443 0.0678711 0.00839996
13 0.603027 0.70752 0.0234375 0.0478516 0.00813293
1 0.0251465 0.080719 0.036377 0.116882 0.00800323
13 0.0400391 0.785156 0.0288086 0.344727 0.00773239
13 0.71582 0.17627 0.0400391 0.0678711 0.00770569
4 0.0432739 0.756348 0.0289307 0.366211 0.00770569
1 0.981689 0.925293 0.0366211 0.0712891 0.0073204
13 0.978516 0.831055 0.03125 0.255859 0.00659943
1 0.978516 0.831055 0.03125 0.255859 0.00658798
13 0.313965 0.161133 0.0786133 0.0996094 0.00642395
2 0.171875 0.691406 0.0251465 0.03125 0.00605774
2 0.611328 0.709473 0.0234375 0.0410156 0.00560379
1 0.974609 0.901367 0.0273438 0.117188 0.00513077
13 0.304688 0.117798 0.0820312 0.123291 0.00506973
4 0.64502 0.289062 0.202148 0.156738 0.00487137
1 0.60498 0.70752 0.0224609 0.0507812 0.00453568
4 0.0510864 0.643066 0.0681152 0.666992 0.00434875
4 0.0649719 0.502808 0.102478 0.951416 0.00400925
2 0.856934 0.141479 0.0332031 0.0412598 0.0039711
2 0.714355 0.16748 0.0439453 0.0595703 0.00390434
2 0.654297 0.281982 0.107422 0.138184 0.00375938
8 0.652832 0.28418 0.169922 0.175781 0.00357246
1 0.970703 0.848145 0.0390625 0.235352 0.00353813
2 0.719238 0.170044 0.0585938 0.0773926 0.00321579
13 0.29834 0.0932617 0.0664062 0.125977 0.00319862
1 0.0410156 0.0731201 0.0648193 0.125 0.00315475
13 0.964355 0.100952 0.0380859 0.198242 0.00296211
13 0.043335 0.820068 0.0527344 0.303223 0.00292969
10 0.308105 0.140381 0.0712891 0.0878906 0.00280571
13 0.963379 0.0561218 0.0439453 0.0977173 0.00267982
13 0.611328 0.709473 0.0234375 0.0410156 0.00257111
2 0.639648 0.317383 0.216797 0.192383 0.00255203
13 0.322754 0.166138 0.137207 0.0998535 0.00249672
1 0.975342 0.799316 0.0395508 0.344727 0.00247765
13 0.0306396 0.890137 0.0472412 0.196289 0.00245857
13 0.171875 0.691406 0.0251465 0.03125 0.00243759
13 0.347168 0.136993 0.14209 0.102478 0.00239754
2 0.691406 0.300537 0.185547 0.174805 0.0023632
1 0.0322418 0.0570679 0.0417175 0.0814209 0.0023613
11 0.308105 0.140381 0.0712891 0.0878906 0.00234604
1 0.968506 0.736328 0.0395508 0.443359 0.00232697
19 0.651855 0.287598 0.191406 0.184082 0.00231934
4 0.0465698 0.705566 0.039917 0.486328 0.00227737
1 0.975586 0.918945 0.0273438 0.0712891 0.00222206
7 0.64502 0.289062 0.202148 0.156738 0.00220871
18 0.64502 0.289062 0.202148 0.156738 0.00214767
16 0.64502 0.289062 0.202148 0.156738 0.00212288
4 0.952637 0.444214 0.0810547 0.867432 0.00209808
2 0.3573 0.277161 0.592041 0.221069 0.00206566
3 0.643555 0.29248 0.203125 0.162598 0.00203514
12 0.308105 0.140381 0.0712891 0.0878906 0.0020237
11 0.64502 0.289062 0.202148 0.156738 0.00200272
4 0.313477 0.135223 0.0698242 0.0903931 0.00197029
9 0.310303 0.139893 0.0683594 0.0917969 0.00194836
13 0.965088 0.16626 0.0405273 0.33252 0.00192261
13 0.3573 0.277161 0.592041 0.221069 0.00191307
2 0.708496 0.29657 0.270508 0.205688 0.00187778
10 0.651855 0.287598 0.191406 0.184082 0.00187206
0 0.64502 0.289062 0.202148 0.156738 0.00186157
17 0.308105 0.140381 0.0712891 0.0878906 0.00185585
1 0.022583 0.941895 0.0380859 0.100586 0.00182819
6 0.651855 0.287598 0.191406 0.184082 0.00182724
12 0.64502 0.289062 0.202148 0.156738 0.00182438
15 0.64502 0.289062 0.202148 0.156738 0.00181007
5 0.651855 0.287598 0.191406 0.184082 0.00179291
17 0.64502 0.289062 0.202148 0.156738 0.00176907
1 0.0400391 0.785156 0.0288086 0.344727 0.00174809
13 0.983154 0.866211 0.0317383 0.192383 0.00171471
13 0.96875 0.799316 0.0351562 0.321289 0.00170994
2 0.0211029 0.952881 0.0386047 0.0786133 0.00170517
2 0.623047 0.261475 0.212891 0.213379 0.00169945
18 0.3125 0.137909 0.0742188 0.097229 0.00169182
2 0.723145 0.162476 0.0957031 0.0888672 0.00167847
13 0.0435181 0.869629 0.0666504 0.241211 0.00166512
6 0.308105 0.140381 0.0712891 0.0878906 0.00166416
1 0.0211945 0.964844 0.0396423 0.0664062 0.00164413
1 0.965088 0.16626 0.0405273 0.33252 0.00163269
1 0.96582 0.0700684 0.0507812 0.139893 0.00159073
7 0.308105 0.140381 0.0712891 0.0878906 0.00150394
2 0.713379 0.177246 0.0351562 0.0603027 0.00147152
2 0.172607 0.692383 0.019043 0.0244141 0.00146484
2 0.696289 0.157013 0.263672 0.128357 0.00146389
2 0.978516 0.866211 0.0292969 0.193359 0.00145149
13 0.037796 0.821289 0.026947 0.21582 0.00141621
8 0.604492 0.70752 0.0253906 0.0517578 0.00140858
13 0.717773 0.169189 0.0556641 0.0739746 0.00140858
19 0.31543 0.135284 0.0761719 0.0941772 0.00139809
5 0.308105 0.140381 0.0712891 0.0878906 0.00128746
8 0.314941 0.1362 0.0732422 0.0967407 0.00127316
2 0.609863 0.331177 0.341797 0.30835 0.00125885
13 0.308105 0.141113 0.105469 0.137939 0.00123119
2 0.377319 0.291687 0.680908 0.325806 0.00123024
1 0.0256348 0.912598 0.0405273 0.145508 0.00122261
3 0.31543 0.135284 0.0761719 0.0941772 0.00118732
2 0.52478 0.29126 0.419189 0.330078 0.00111675
2 0.334961 0.171814 0.19043 0.105591 0.00109863
2 0.665527 0.244568 0.188477 0.20813 0.00107193
9 0.605469 0.707031 0.0224609 0.0488281 0.00106239
16 0.314941 0.1362 0.0732422 0.0967407 0.00106049
13 0.308105 0.129364 0.199219 0.19342 0.00104523
1 0.969727 0.90332 0.0488281 0.113281 0.00104427
13 0.0256348 0.912598 0.0405273 0.145508 0.00102997
13 0.022583 0.941895 0.0380859 0.100586 0.00102806
13 0.320801 0.142548 0.261719 0.249084 0.00101089
