2 0.637695 0.699219 0.226562 0.195312 0.822266
13 0.317871 0.848145 0.0732422 0.0917969 0.771973
13 0.307373 0.859863 0.0737305 0.119141 0.675293
2 0.604492 0.284668 0.0253906 0.0527344 0.318848
1 0.9729 0.916748 0.0307617 0.135254 0.0939331
1 0.967529 0.93457 0.043457 0.121094 0.0519714
13 0.70459 0.79248 0.046875 0.0732422 0.0457458
13 0.976562 0.828857 0.0351562 0.281738 0.0380859
1 0.977783 0.802734 0.0385742 0.34375 0.0360413
13 0.638672 0.700684 0.216797 0.18457 0.0333862
4 0.0431671 0.276917 0.0538025 0.440308 0.0259094
2 0.585449 0.706543 0.352539 0.208984 0.0217896
14 0.637207 0.700684 0.224609 0.191406 0.021347
1 0.974365 0.858643 0.0356445 0.255371 0.0207825
2 0.855957 0.854004 0.0224609 0.0419922 0.0203705
14 0.604492 0.285645 0.0273438 0.0527344 0.0193939
1 0.977539 0.887939 0.0292969 0.181152 0.0187378
2 0.70459 0.791504 0.0527344 0.0722656 0.0183563
2 0.309326 0.856934 0.0742188 0.112305 0.0155258
13 0.857422 0.853027 0.0253906 0.0419922 0.0154648
1 0.319336 0.84668 0.0756836 0.0976562 0.0120926
2 0.720703 0.82666 0.0380859 0.0605469 0.0117722
2 0.976562 0.828857 0.0351562 0.281738 0.0114288
9 0.634277 0.69873 0.230469 0.192383 0.0111694
13 0.320801 0.804688 0.0668945 0.15918 0.0111084
14 0.311279 0.862305 0.0776367 0.126953 0.00997162
1 0.307861 0.862793 0.0717773 0.123047 0.00973511
4 0.950928 0.424561 0.0766602 0.70459 0.0088501
4 0.0631104 0.48938 0.0991211 0.952881 0.00845337
13 0.317871 0.777344 0.0458984 0.0751953 0.00843811
13 0.320312 0.76123 0.0537109 0.146484 0.00780106
1 0.966553 0.903076 0.0551758 0.178223 0.00736237
1 0.640625 0.706055 0.21875 0.165039 0.00659561
13 0.60498 0.285156 0.0244141 0.050293 0.00654221
13 0.722168 0.825195 0.0390625 0.0634766 0.00649261
13 0.321289 0.827637 0.0947266 0.136719 0.00643158
1 0.0435181 0.362305 0.0870361 0.639648 0.00639343
13 0.30542 0.859375 0.108398 0.150391 0.00630951
1 0.604492 0.285645 0.0273438 0.0527344 0.00616455
4 0.0429688 0.323608 0.0839844 0.565674 0.00615692
13 0.976562 0.774902 0.0429688 0.383789 0.00612259
13 0.0709991 0.504761 0.101166 0.955322 0.00561142
2 0.611816 0.286133 0.0283203 0.0493164 0.00534058
13 0.979492 0.871826 0.0332031 0.20166 0.00516129
1 0.0248108 0.93335 0.0411987 0.0766602 0.00511169
2 0.557129 0.687988 0.396484 0.30957 0.00479507
13 0.0322876 0.118866 0.0308838 0.187561 0.00439453
1 0.967285 0.799316 0.0400391 0.34668 0.00432968
4 0.0428467 0.451782 0.0656738 0.795654 0.00411987
4 0.640625 0.706055 0.21875 0.165039 0.00405121
13 0.311035 0.807617 0.0893555 0.204102 0.00387955
13 0.228088 0.884277 0.277222 0.165039 0.00385666
1 0.956787 0.926025 0.0493164 0.124512 0.00384712
13 0.279297 0.877441 0.149414 0.141602 0.00372505
2 0.722656 0.816406 0.0488281 0.0703125 0.00367737
13 0.309814 0.868164 0.17627 0.177734 0.00364876
13 0.311035 0.776855 0.0371094 0.0585938 0.00350761
2 0.708984 0.705078 0.289062 0.201172 0.00341988
2 0.470093 0.45752 0.803955 0.825195 0.00341415
8 0.637207 0.700684 0.214844 0.1875 0.00341034
2 0.971924 0.867188 0.0463867 0.240234 0.00329399
13 0.341797 0.79248 0.214844 0.245117 0.00312042
13 0.968262 0.848145 0.0419922 0.228516 0.00302696
13 0.950928 0.424561 0.0766602 0.70459 0.00283051
4 0.311768 0.85791 0.0737305 0.111328 0.00282478
19 0.642578 0.705078 0.208984 0.160156 0.00276375
8 0.604492 0.28418 0.0263672 0.0561523 0.00266647
2 0.708984 0.788086 0.0791016 0.0888672 0.00263214
13 0.713867 0.805176 0.0458984 0.0761719 0.0026207
18 0.640625 0.706055 0.21875 0.165039 0.00259018
7 0.642578 0.705078 0.208984 0.160156 0.00256729
2 0.598145 0.281494 0.0410156 0.0561523 0.00250816
13 0.307617 0.79248 0.0507812 0.100586 0.002491
16 0.642578 0.705078 0.208984 0.160156 0.00247955
11 0.640625 0.706055 0.21875 0.165039 0.00246239
3 0.640625 0.706055 0.21875 0.165039 0.00244522
1 0.977539 0.931641 0.0429688 0.113281 0.00242996
13 0.302246 0.807129 0.0522461 0.147461 0.00237465
0 0.640625 0.706055 0.21875 0.165039 0.00217628
12 0.640625 0.706055 0.21875 0.165039 0.00212479
2 0.597656 0.686523 0.167969 0.189453 0.00209808
13 0.312744 0.882812 0.105957 0.0898438 0.00209427
17 0.642578 0.705078 0.208984 0.160156 0.00208855
10 0.316895 0.849609 0.078125 0.0966797 0.00207901
15 0.640625 0.706055 0.21875 0.165039 0.0020771
1 0.0314941 0.856445 0.039917 0.234375 0.00205994
2 0.170044 0.303711 0.0224609 0.0292969 0.00197601
10 0.640625 0.706055 0.21875 0.165039 0.00196648
2 0.687012 0.688965 0.197266 0.188477 0.00196648
5 0.640625 0.706055 0.21875 0.165039 0.00194359
2 0.85498 0.853516 0.0273438 0.0576172 0.00192356
2 0.649902 0.70166 0.123047 0.200195 0.00190544
2 0.724609 0.835449 0.0556641 0.0693359 0.00189209
1 0.0272217 0.893799 0.039917 0.161621 0.00189114
6 0.640625 0.706055 0.21875 0.165039 0.00185394
9 0.60498 0.28418 0.0234375 0.0551758 0.00182533
11 0.316895 0.849609 0.078125 0.0966797 0.00177956
12 0.604492 0.285645 0.0273438 0.0527344 0.00175858
13 0.326416 0.775391 0.0581055 0.102539 0.0017519
13 0.208801 0.935303 0.331421 0.10791 0.00171852
13 0.970703 0.927002 0.0371094 0.114746 0.00171757
4 0.956299 0.27124 0.0737305 0.477051 0.00171375
13 0.612793 0.283936 0.0292969 0.0561523 0.00170898
8 0.310303 0.857422 0.0776367 0.110352 0.00169468
13 0.311279 0.763184 0.0488281 0.116211 0.0016861
12 0.316895 0.849609 0.078125 0.0976562 0.00166988
1 0.854004 0.852539 0.0234375 0.0429688 0.00162601
2 0.976562 0.774902 0.0429688 0.383789 0.00161934
13 0.336182 0.77832 0.108887 0.21875 0.00158691
1 0.189941 0.973633 0.330566 0.0410156 0.00156975
2 0.859375 0.84668 0.0302734 0.0527344 0.00154209
2 0.979492 0.871826 0.0332031 0.20166 0.00153923
18 0.316895 0.849609 0.078125 0.0976562 0.00150967
13 0.0430298 0.271606 0.0466309 0.439209 0.00150871
1 0.977295 0.912109 0.0317383 0.0869141 0.00148869
6 0.319336 0.845215 0.0805664 0.100586 0.00140285
5 0.310303 0.857422 0.0776367 0.110352 0.00139427
9 0.310547 0.86084 0.078125 0.110352 0.00137711
7 0.310303 0.857422 0.0776367 0.110352 0.0013628
1 0.0288086 0.0401001 0.0355225 0.0802002 0.00135422
1 0.705078 0.79248 0.0458984 0.0820312 0.00132847
19 0.319336 0.845215 0.0805664 0.100586 0.00131321
2 0.520386 0.51062 0.715088 0.51001 0.00131035
3 0.310303 0.857422 0.0776367 0.110352 0.00129604
1 0.972412 0.740723 0.0512695 0.469727 0.00129128
6 0.604492 0.285645 0.0273438 0.0527344 0.00127792
1 0.952393 0.885254 0.0639648 0.208008 0.0012598
17 0.316895 0.849609 0.078125 0.0966797 0.00120926
4 0.604492 0.284668 0.0253906 0.0527344 0.00118065
14 0.318848 0.839355 0.0732422 0.112305 0.0011692
5 0.604492 0.284668 0.0253906 0.0527344 0.00116253
15 0.310303 0.857422 0.0776367 0.110352 0.00113869
2 0.953613 0.384766 0.0927734 0.736328 0.00113869
16 0.310303 0.857422 0.0776367 0.110352 0.00111294
13 0.313965 0.887695 0.0893555 0.142578 0.00109196
13 0.311523 0.775391 0.129883 0.185547 0.0010891
2 0.019989 0.932129 0.036438 0.0751953 0.00108624
2 0.972656 0.904541 0.0332031 0.16748 0.00108433
1 0.973389 0.871094 0.0317383 0.136719 0.00108242
13 0.316406 0.863037 0.248047 0.23291 0.00107002
19 0.60498 0.285156 0.0244141 0.050293 0.00105572
4 0.976807 0.806641 0.0385742 0.319336 0.00104713
1 0.0373535 0.932861 0.0549316 0.0776367 0.00100899
