13 0.623535 0.296387 0.0556641 0.25293 0.695312
13 0.73584 0.382446 0.0361328 0.311279 0.651367
13 0.612793 0.729004 0.0234375 0.108398 0.535645
1 0.981445 0.948242 0.03125 0.09375 0.406494
2 0.62793 0.297852 0.0576172 0.236328 0.392334
13 0.733887 0.381836 0.0605469 0.324219 0.0822754
1 0.981445 0.925049 0.0351562 0.132324 0.0717163
13 0.612793 0.733398 0.0361328 0.118164 0.0656738
1 0.0283203 0.921387 0.0252686 0.112305 0.0553894
13 0.879883 0.244385 0.0244141 0.0498047 0.0551758
13 0.606445 0.728516 0.0263672 0.106445 0.0488281
13 0.786133 0.374756 0.154297 0.325684 0.0436096
1 0.976562 0.0597992 0.0371094 0.0752258 0.0419617
13 0.620605 0.728027 0.0332031 0.113281 0.032135
1 0.979492 0.840088 0.0332031 0.288574 0.0303497
2 0.596191 0.290466 0.114258 0.254028 0.0297089
13 0.726562 0.364075 0.0966797 0.33728 0.0285339
13 0.623047 0.297852 0.105469 0.262207 0.0260773
1 0.62793 0.299072 0.0585938 0.243164 0.0250854
13 0.677246 0.335205 0.15918 0.382324 0.0247955
2 0.351929 0.265076 0.606689 0.281372 0.0213165
14 0.62793 0.299072 0.0585938 0.243164 0.0211639
13 0.902832 0.223389 0.0644531 0.0820312 0.0209656
13 0.623047 0.289368 0.0449219 0.142944 0.0203094
13 0.70459 0.496948 0.0986328 0.574463 0.0175171
1 0.0258942 0.931885 0.037323 0.118652 0.01651
13 0.726562 0.453369 0.0654297 0.527832 0.0163879
13 0.73877 0.336182 0.0244141 0.207031 0.0163727
13 0.760254 0.398193 0.104492 0.350098 0.0161743
1 0.029892 0.0660095 0.0415344 0.122864 0.014595
1 0.97583 0.956299 0.034668 0.0737305 0.0139999
13 0.731445 0.43042 0.0488281 0.215332 0.0133591
2 0.62793 0.293396 0.0947266 0.262817 0.0113983
1 0.0366211 0.15094 0.0419922 0.272339 0.0104141
13 0.738281 0.312744 0.0341797 0.188965 0.00936127
1 0.0356445 0.0840149 0.038208 0.152771 0.00910187
1 0.733887 0.387451 0.0488281 0.308105 0.00878906
4 0.0656128 0.492065 0.101685 0.955322 0.00878143
13 0.685059 0.494141 0.15625 0.620117 0.00861359
1 0.979492 0.898438 0.0410156 0.195312 0.00835419
1 0.0283203 0.887207 0.027832 0.170898 0.00788879
2 0.359009 0.501953 0.641357 0.772461 0.00771713
2 0.352539 0.274414 0.635742 0.542969 0.00767517
13 0.884766 0.233154 0.0283203 0.0751953 0.00751495
1 0.611328 0.729004 0.0263672 0.106445 0.00731277
2 0.726562 0.364075 0.0966797 0.33728 0.0072403
1 0.0341797 0.777832 0.0394287 0.378906 0.00715637
1 0.984375 0.916504 0.0292969 0.0927734 0.00666046
13 0.918457 0.2099 0.0878906 0.116333 0.00654984
13 0.696777 0.312988 0.0917969 0.294922 0.00646973
14 0.612793 0.728027 0.0175781 0.0976562 0.00613022
1 0.0302734 0.901855 0.0388184 0.133789 0.00570679
13 0.969971 0.153839 0.0327148 0.233826 0.00568008
1 0.984375 0.901367 0.0253906 0.164062 0.00564957
1 0.979248 0.970703 0.0356445 0.0546875 0.00545883
1 0.0336914 0.866699 0.0393066 0.213867 0.00534439
1 0.976562 0.092865 0.0351562 0.137512 0.00511551
13 0.604004 0.738281 0.0419922 0.120117 0.00493622
13 0.823242 0.381226 0.257812 0.313721 0.00492859
2 0.658203 0.291748 0.136719 0.273926 0.00455475
1 0.97168 0.943115 0.0488281 0.100098 0.00435257
2 0.581543 0.297913 0.193359 0.252808 0.00419998
13 0.0700684 0.751953 0.041748 0.0644531 0.00417709
2 0.677246 0.335205 0.15918 0.382324 0.00392532
13 0.625977 0.726562 0.0566406 0.120117 0.00365067
13 0.745117 0.376343 0.0576172 0.272705 0.00362587
2 0.0623016 0.494141 0.0948792 0.958984 0.00351334
13 0.739258 0.286133 0.0234375 0.143066 0.00345039
2 0.612793 0.728516 0.0244141 0.105469 0.00339127
14 0.735352 0.388428 0.0507812 0.306152 0.0033741
13 0.733887 0.382019 0.132812 0.437134 0.00336456
2 0.734375 0.378174 0.0458984 0.317871 0.00329971
4 0.622559 0.29248 0.0634766 0.255371 0.00325584
1 0.039566 0.208679 0.0505066 0.396118 0.0031395
13 0.736816 0.380127 0.0302734 0.143555 0.00312233
14 0.611816 0.728516 0.0322266 0.103516 0.00311089
1 0.0224457 0.919434 0.0290833 0.0908203 0.00308609
13 0.635742 0.267639 0.0488281 0.231323 0.00304222
13 0.645996 0.295898 0.0761719 0.251465 0.00298691
13 0.62793 0.244385 0.0478516 0.17627 0.00295639
2 0.521606 0.297607 0.263428 0.22168 0.00279999
13 0.0574951 0.754395 0.0537109 0.351562 0.00273705
13 0.596191 0.290466 0.114258 0.254028 0.00271988
13 0.729492 0.439697 0.0449219 0.374512 0.00271606
13 0.890625 0.242188 0.03125 0.0517578 0.0026207
13 0.611816 0.727051 0.0605469 0.107422 0.00257874
1 0.974365 0.781494 0.0356445 0.425293 0.00257111
1 0.976807 0.141937 0.0366211 0.223938 0.00256348
13 0.659668 0.304688 0.129883 0.288574 0.00255203
13 0.892578 0.225098 0.0253906 0.0615234 0.0025425
1 0.0371094 0.0585175 0.0460205 0.0953674 0.00252724
1 0.0294189 0.950439 0.0338135 0.0874023 0.00252151
9 0.626953 0.295898 0.0507812 0.253906 0.00247574
13 0.966553 0.116699 0.0454102 0.179688 0.00234413
14 0.983154 0.94751 0.0336914 0.0834961 0.00230789
1 0.0224609 0.904053 0.0308838 0.14502 0.00224304
13 0.890625 0.213074 0.0341797 0.038208 0.00218773
13 0.0358887 0.901367 0.0379639 0.158203 0.00211906
1 0.0224915 0.967773 0.0424194 0.0644531 0.0020771
13 0.914062 0.232727 0.0683594 0.118042 0.0020504
13 0.811035 0.381592 0.229492 0.493652 0.00202942
13 0.976318 0.167847 0.0356445 0.276123 0.00199127
13 0.72998 0.453979 0.0351562 0.161377 0.00195503
13 0.591797 0.726562 0.0908203 0.106445 0.00191593
13 0.875 0.247803 0.0195312 0.0439453 0.00190449
4 0.736328 0.388306 0.0458984 0.313232 0.00188923
13 0.984375 0.901367 0.0253906 0.164062 0.00188637
13 0.67627 0.607422 0.192383 0.457031 0.00185966
13 0.0592041 0.757324 0.043335 0.172852 0.0018158
13 0.955566 0.138489 0.0595703 0.197632 0.00166988
13 0.047226 0.789551 0.0625305 0.366211 0.00164127
2 0.772949 0.35907 0.189453 0.346313 0.00162792
2 0.981445 0.951904 0.0371094 0.0805664 0.00160789
13 0.626953 0.29541 0.209961 0.270996 0.00157356
4 0.950439 0.513794 0.0737305 0.823975 0.00155067
13 0.891602 0.231262 0.0546875 0.0794678 0.00154114
13 0.0609131 0.748047 0.0490723 0.0908203 0.00153351
2 0.342529 0.780762 0.651855 0.415039 0.00152969
13 0.0551758 0.704712 0.060791 0.545654 0.00152493
1 0.981934 0.986328 0.0361328 0.0234375 0.00148582
8 0.62793 0.299072 0.0585938 0.243164 0.00145531
13 0.845703 0.474976 0.235352 0.780518 0.00140953
1 0.979248 0.0762634 0.0375977 0.086731 0.00139999
13 0.981445 0.948242 0.03125 0.09375 0.0013752
4 0.612793 0.728027 0.0224609 0.108398 0.00132179
13 0.767578 0.423462 0.130859 0.514404 0.00126553
2 0.879395 0.244629 0.0205078 0.0551758 0.00124645
1 0.972656 0.911621 0.0332031 0.161133 0.00123405
1 0.0324097 0.0948181 0.0545654 0.179504 0.00122547
1 0.0525513 0.825195 0.0535889 0.298828 0.0012207
1 0.0371094 0.929443 0.0393066 0.0922852 0.00119877
1 0.96875 0.0550385 0.046875 0.0625305 0.00117016
2 0.625 0.299316 0.0546875 0.117188 0.00114346
13 0.92749 0.223389 0.102051 0.223145 0.00113773
1 0.96167 0.961914 0.0629883 0.0664062 0.00110817
14 0.623047 0.289368 0.0449219 0.142944 0.00106716
19 0.62793 0.299072 0.0585938 0.243164 0.00105286
2 0.347412 0.402344 0.641113 0.356445 0.00103855
13 0.8479 0.316528 0.257324 0.388428 0.00103664
13 0.637695 0.216309 0.0380859 0.10498 0.00101948
13 0.724609 0.580688 0.116211 0.637451 0.00101662
13 0.9646 0.185486 0.0454102 0.244263 0.00101185
