2 0.506836 0.269043 0.336914 0.102539 0.733887
1 0.981689 0.953369 0.0366211 0.0913086 0.325439
1 0.985352 0.949219 0.0253906 0.0605469 0.291504
1 0.034668 0.0579376 0.0461426 0.10556 0.272705
13 0.693359 0.665039 0.0234375 0.0673828 0.258301
14 0.424316 0.484375 0.0273438 0.0439453 0.210449
1 0.027359 0.922607 0.028656 0.111816 0.0668945
2 0.508789 0.258789 0.360352 0.164551 0.0538635
1 0.978516 0.921143 0.0371094 0.157715 0.049469
1 0.981201 0.95752 0.027832 0.0712891 0.0418701
4 0.952148 0.469116 0.078125 0.854736 0.0222168
2 0.509277 0.267578 0.21875 0.0942383 0.0213776
4 0.0588226 0.48645 0.099884 0.952881 0.0194702
13 0.506836 0.277344 0.326172 0.102539 0.0193634
14 0.980957 0.956299 0.0380859 0.0834961 0.0190277
1 0.985352 0.913574 0.0273438 0.133789 0.0185242
2 0.498901 0.302307 0.334229 0.170776 0.0179443
1 0.0267639 0.941162 0.036438 0.0942383 0.0172424
2 0.423096 0.484863 0.0283203 0.0449219 0.0141602
1 0.975342 0.969727 0.0317383 0.0527344 0.0123978
1 0.986328 0.938477 0.0195312 0.0742188 0.0123291
2 0.501465 0.217041 0.338867 0.168945 0.0115662
14 0.504395 0.271973 0.337891 0.107422 0.0114594
1 0.97583 0.940674 0.0307617 0.108887 0.0113678
1 0.0254517 0.906494 0.0322266 0.16748 0.00952148
9 0.506958 0.27417 0.343506 0.106934 0.00939941
1 0.97583 0.0610352 0.0307617 0.083252 0.00786591
14 0.693359 0.662598 0.0205078 0.0703125 0.00663376
1 0.973389 0.960693 0.0415039 0.0766602 0.00529861
2 0.648926 0.154663 0.635742 0.297119 0.00520706
2 0.693359 0.664062 0.0205078 0.0722656 0.00485992
13 0.695312 0.66748 0.0332031 0.0849609 0.00455093
1 0.0302734 0.871094 0.0306396 0.214844 0.00403595
4 0.50293 0.267578 0.337891 0.097168 0.00375557
2 0.578125 0.270325 0.213867 0.105347 0.00361824
1 0.506836 0.269043 0.336914 0.102539 0.00356293
2 0.364746 0.157593 0.631836 0.286377 0.00346184
2 0.980469 0.952148 0.0371094 0.0957031 0.00343323
14 0.421631 0.47998 0.0415039 0.0488281 0.00338936
14 0.985352 0.947754 0.0273438 0.0595703 0.00337219
2 0.483765 0.336487 0.397705 0.262573 0.00317955
1 0.693359 0.664062 0.0205078 0.0722656 0.00308609
1 0.0332184 0.0723267 0.0619812 0.144653 0.00301743
1 0.974854 0.048645 0.0385742 0.0534668 0.00291443
4 0.966797 0.301636 0.0664062 0.582275 0.0029068
2 0.373901 0.285889 0.593994 0.151367 0.0028801
1 0.981201 0.867188 0.027832 0.224609 0.0027504
13 0.979736 0.942627 0.0385742 0.114746 0.00271034
1 0.0276489 0.0790405 0.0380859 0.158081 0.00270844
14 0.41748 0.482544 0.0253906 0.0427246 0.00270462
2 0.583008 0.273132 0.417969 0.117798 0.00264549
2 0.531738 0.198975 0.390625 0.240234 0.00261879
1 0.976318 0.146484 0.027832 0.225586 0.00240898
1 0.991211 0.945068 0.0175781 0.0551758 0.00232315
2 0.407837 0.3078 0.528076 0.254517 0.00230026
8 0.506836 0.269043 0.336914 0.102539 0.00227547
1 0.979492 0.0842285 0.0332031 0.124512 0.00215912
13 0.423096 0.484863 0.0283203 0.0449219 0.0020771
1 0.981445 0.931152 0.03125 0.100586 0.00206375
2 0.979736 0.905518 0.0405273 0.185059 0.00205231
2 0.0588226 0.48645 0.099884 0.952881 0.00204277
1 0.0341949 0.103516 0.0451355 0.197021 0.00203133
6 0.506836 0.269043 0.336914 0.102539 0.00201797
1 0.973877 0.882324 0.0385742 0.211914 0.00193882
14 0.431152 0.481934 0.0327148 0.046875 0.00193024
1 0.0343781 0.91748 0.0369568 0.120117 0.00184727
2 0.985352 0.947754 0.0273438 0.0595703 0.00172043
1 0.0449219 0.0466919 0.0715332 0.0872803 0.00165749
13 0.509277 0.266602 0.34375 0.16748 0.00158215
1 0.0239868 0.0570679 0.0479736 0.114136 0.00141525
11 0.506958 0.268066 0.3396 0.106934 0.00140572
0 0.506836 0.269043 0.336914 0.102539 0.00139904
1 0.0242462 0.970703 0.0433044 0.0546875 0.00137901
1 0.034668 0.179871 0.0452881 0.343384 0.00136185
1 0.976562 0.81543 0.0390625 0.34375 0.00131893
13 0.978271 0.9021 0.0336914 0.178223 0.00125313
13 0.972656 0.155609 0.0292969 0.214172 0.00124168
16 0.506958 0.268066 0.3396 0.106934 0.00122643
13 0.985352 0.947754 0.0273438 0.0595703 0.00122261
13 0.034668 0.0579376 0.0461426 0.10556 0.00119019
1 0.985352 0.91748 0.0214844 0.0908203 0.00117111
3 0.507812 0.269043 0.326172 0.0976562 0.00112438
12 0.504395 0.270203 0.349609 0.109985 0.00112057
1 0.971924 0.0577545 0.0463867 0.094696 0.00111485
15 0.505005 0.273682 0.341553 0.116699 0.00110722
13 0.702637 0.659668 0.0332031 0.0742188 0.0010891
1 0.0246735 0.959229 0.0329285 0.065918 0.00108814
19 0.507812 0.270508 0.328125 0.0922852 0.00108242
2 0.469727 0.24469 0.357422 0.0897217 0.00106144
10 0.506836 0.269043 0.336914 0.102539 0.00103569
2 0.982422 0.90625 0.0273438 0.158203 0.00102997
7 0.507812 0.269043 0.326172 0.0976562 0.00102806
5 0.507812 0.269043 0.326172 0.0976562 0.00101662
10 0.693359 0.664062 0.0205078 0.0722656 0.0010128
2 0.50293 0.167297 0.594727 0.298218 0.00100231
