2 0.588379 0.641113 0.108398 0.112305 0.782715
1 0.0260925 0.948486 0.0341187 0.081543 0.293213
13 0.586914 0.640137 0.0976562 0.105469 0.255371
1 0.983398 0.959961 0.0292969 0.0664062 0.252197
1 0.985352 0.950684 0.0214844 0.0595703 0.138306
13 0.774414 0.555176 0.0224609 0.118164 0.0626221
14 0.585938 0.641113 0.0986328 0.106445 0.0487061
1 0.870361 0.0463257 0.241699 0.0385742 0.0469055
1 0.0380859 0.0534058 0.043457 0.0897217 0.0382996
13 0.769531 0.624023 0.0302734 0.22168 0.0322876
13 0.879395 0.21582 0.0478516 0.242188 0.0250549
1 0.0269928 0.919922 0.0317078 0.125 0.0218201
4 0.0440674 0.751953 0.0506592 0.415039 0.0204773
13 0.772461 0.56543 0.0302734 0.146484 0.0160675
4 0.973633 0.731934 0.046875 0.487305 0.0147552
1 0.0375824 0.0852051 0.042511 0.15918 0.0147476
13 0.88623 0.282776 0.121094 0.469604 0.0137939
2 0.581543 0.649902 0.176758 0.132812 0.0123825
2 0.614258 0.635742 0.186523 0.139648 0.0123062
14 0.0258789 0.947998 0.0350342 0.0786133 0.012146
4 0.0455322 0.245605 0.0606689 0.470703 0.0116653
1 0.982422 0.923584 0.0292969 0.131348 0.0115585
4 0.9646 0.634644 0.0551758 0.658447 0.0100784
13 0.876953 0.216919 0.0722656 0.299561 0.00979614
13 0.979492 0.883789 0.0292969 0.150391 0.00960541
9 0.588379 0.641602 0.106445 0.111328 0.00873566
13 0.794434 0.475098 0.0498047 0.157227 0.00779724
2 0.586426 0.643555 0.0722656 0.0927734 0.00761414
1 0.977539 0.9375 0.0332031 0.101562 0.00759506
1 0.976562 0.0550995 0.0390625 0.0677795 0.00691986
13 0.790039 0.481934 0.0380859 0.217773 0.00675583
1 0.0351562 0.135132 0.0385742 0.24585 0.00650406
4 0.950195 0.513306 0.0859375 0.920654 0.00649643
1 0.0283051 0.922852 0.0259094 0.0898438 0.00571442
2 0.982422 0.954834 0.0253906 0.059082 0.00558472
4 0.0455475 0.618774 0.0534363 0.666748 0.00557709
1 0.986328 0.940186 0.0273438 0.0844727 0.00498199
2 0.559692 0.621094 0.24292 0.179688 0.00480652
13 0.982422 0.958496 0.0292969 0.0654297 0.00463104
13 0.967529 0.69873 0.0512695 0.536133 0.0043602
8 0.588379 0.64209 0.103516 0.112305 0.00426483
1 0.0237427 0.963867 0.0339355 0.0722656 0.00411606
13 0.883789 0.170288 0.0585938 0.137939 0.00393295
13 0.886719 0.253418 0.0410156 0.241211 0.00376129
1 0.588867 0.641113 0.112305 0.115234 0.00364304
2 0.0555725 0.497559 0.0910034 0.954102 0.00358009
14 0.395996 0.384033 0.0224609 0.034668 0.00356293
1 0.0283203 0.944336 0.0250244 0.0546875 0.00351143
14 0.984375 0.953369 0.0273438 0.0600586 0.00345039
13 0.865723 0.180542 0.0683594 0.219482 0.00338364
13 0.774414 0.663574 0.0361328 0.271484 0.00333595
4 0.0555725 0.497559 0.0910034 0.954102 0.00332832
13 0.589355 0.63916 0.115234 0.154297 0.0032959
1 0.0224609 0.936035 0.0249023 0.0576172 0.00303078
13 0.933594 0.477051 0.119141 0.954102 0.00297356
13 0.769531 0.586914 0.046875 0.210938 0.00295258
13 0.030014 0.918457 0.0339661 0.131836 0.00290298
4 0.977539 0.86377 0.0351562 0.231445 0.00289726
13 0.924805 0.396729 0.109375 0.664551 0.00287437
13 0.986328 0.938232 0.0195312 0.0766602 0.00287056
4 0.963379 0.426758 0.0576172 0.813477 0.00286674
1 0.0314331 0.937988 0.0413818 0.0888672 0.00278473
4 0.976562 0.838379 0.0449219 0.323242 0.00252342
1 0.769531 0.624023 0.0302734 0.22168 0.00238609
2 0.509033 0.94751 0.919434 0.10498 0.00237656
1 0.0331421 0.871338 0.0397949 0.212402 0.0023632
13 0.764648 0.65625 0.0234375 0.107422 0.00235939
4 0.586914 0.641113 0.110352 0.110352 0.00233459
1 0.992188 0.946777 0.015625 0.0537109 0.00232887
1 0.973877 0.95166 0.0444336 0.0849609 0.00221825
1 0.979248 0.970703 0.0336914 0.0566406 0.00221252
2 0.950195 0.513306 0.0859375 0.920654 0.00211143
13 0.762695 0.634766 0.03125 0.240234 0.00208282
2 0.591309 0.611328 0.120117 0.161133 0.00205231
13 0.785156 0.50354 0.0478516 0.315186 0.00204659
13 0.865967 0.0460663 0.236816 0.051178 0.00203514
4 0.973877 0.902344 0.0463867 0.171875 0.00201988
13 0.763184 0.632324 0.0527344 0.244141 0.00201607
1 0.0271301 0.114746 0.0308228 0.203613 0.00197983
1 0.0400391 0.0411987 0.0562744 0.0661621 0.00195885
19 0.589844 0.640137 0.111328 0.116211 0.0019207
10 0.588379 0.64209 0.103516 0.112305 0.00191307
13 0.983398 0.915039 0.0234375 0.113281 0.00190639
6 0.588379 0.64209 0.103516 0.112305 0.00190544
5 0.588867 0.641113 0.112305 0.115234 0.00184441
1 0.880615 0.0281067 0.191895 0.0331421 0.0018425
13 0.777344 0.48291 0.0449219 0.229492 0.00183582
2 0.532227 0.63916 0.240234 0.124023 0.0018301
4 0.976562 0.787109 0.0351562 0.353516 0.00182915
13 0.597168 0.598633 0.12207 0.181641 0.00180054
16 0.588379 0.64209 0.103516 0.112305 0.00176239
11 0.588379 0.64209 0.103516 0.112305 0.00172901
15 0.589844 0.640137 0.111328 0.116211 0.00172043
7 0.588867 0.641113 0.112305 0.115234 0.00171185
13 0.876709 0.441528 0.205566 0.70874 0.00169277
12 0.588867 0.641113 0.112305 0.115234 0.00169277
13 0.899902 0.818359 0.0234375 0.154297 0.00166988
3 0.588867 0.641113 0.112305 0.115234 0.00163364
18 0.588867 0.641113 0.112305 0.115234 0.00161552
1 0.980713 0.0837402 0.034668 0.117188 0.00155926
13 0.931152 0.289185 0.0927734 0.511475 0.00154591
1 0.0395508 0.1698 0.0499268 0.323975 0.00154209
13 0.976562 0.884277 0.0371094 0.200195 0.00151157
17 0.588867 0.641113 0.112305 0.115234 0.00149345
2 0.571777 0.604004 0.354492 0.263672 0.0014677
4 0.978516 0.896484 0.0253906 0.166016 0.00143337
13 0.880859 0.2771 0.0947266 0.352051 0.00141048
13 0.772461 0.529297 0.0273438 0.182617 0.00139236
0 0.588867 0.641113 0.112305 0.115234 0.00137615
13 0.756348 0.469849 0.0839844 0.215576 0.00137424
13 0.770996 0.657227 0.0380859 0.152344 0.00132179
13 0.785645 0.696655 0.0664062 0.491455 0.00127983
13 0.772461 0.54834 0.0166016 0.0908203 0.00127125
2 0.630493 0.654785 0.330811 0.266602 0.00123882
13 0.626953 0.633301 0.176758 0.119141 0.00123787
1 0.978516 0.905518 0.0390625 0.165527 0.00121689
2 0.0235596 0.952637 0.0345459 0.0751953 0.00119877
1 0.0190277 0.901611 0.030304 0.13623 0.00118828
13 0.895996 0.274841 0.0605469 0.191528 0.00117683
1 0.985352 0.937744 0.0175781 0.0698242 0.00115967
1 0.979492 0.883789 0.0292969 0.150391 0.00115395
13 0.0235596 0.952637 0.0345459 0.0751953 0.00113487
13 0.771973 0.526855 0.0400391 0.234375 0.00109959
13 0.0351562 0.135132 0.0385742 0.24585 0.0010891
2 0.0368805 0.0693054 0.0461121 0.13092 0.00108337
13 0.952637 0.254211 0.0751953 0.49939 0.00105667
2 0.0336304 0.115692 0.0424805 0.21637 0.0010519
13 0.970703 0.758301 0.0390625 0.387695 0.00104809
4 0.0322113 0.783691 0.0495911 0.397461 0.00103474
4 0.0368652 0.175293 0.0515137 0.350586 0.00100899
