2 0.229492 0.566895 0.112305 0.194336 0.75293
13 0.09375 0.223877 0.121338 0.153809 0.726074
13 0.223816 0.567017 0.121704 0.197021 0.566406
13 0.143799 0.216797 0.032959 0.165039 0.217896
13 0.0748749 0.203308 0.0960999 0.118286 0.151978
13 0.139771 0.2052 0.0493164 0.185791 0.0754395
1 0.984375 0.95459 0.0292969 0.0791016 0.0645142
2 0.0831909 0.218994 0.117065 0.161621 0.0432434
13 0.094696 0.244141 0.0933228 0.131348 0.0331116
13 0.0632324 0.179688 0.0664062 0.104004 0.0328369
14 0.224792 0.564453 0.108521 0.189453 0.0306091
13 0.886719 0.612305 0.0273438 0.0673828 0.0280457
13 0.123657 0.208496 0.0710449 0.176758 0.024704
13 0.160156 0.448242 0.0222168 0.0478516 0.0239716
13 0.685547 0.807129 0.0820312 0.0800781 0.0201874
13 0.0863953 0.222412 0.0864868 0.115234 0.0189972
13 0.149902 0.237854 0.0368652 0.13269 0.0186615
2 0.234802 0.565796 0.202271 0.199463 0.0183411
1 0.0813293 0.224854 0.0990601 0.141113 0.0167999
13 0.498047 0.261475 0.0214844 0.12207 0.0164948
1 0.984375 0.940674 0.0195312 0.0952148 0.0157013
1 0.226562 0.571777 0.11377 0.202148 0.0144501
13 0.139648 0.188232 0.0344238 0.236328 0.0120316
1 0.0227051 0.945312 0.0163574 0.0703125 0.0108795
13 0.238037 0.38623 0.102539 0.583984 0.0101929
13 0.666992 0.222656 0.0371094 0.0600586 0.00909424
13 0.490723 0.259766 0.03125 0.134766 0.00904846
13 0.205078 0.665039 0.128418 0.37793 0.00876617
2 0.187958 0.565308 0.195374 0.212158 0.0080719
13 0.499512 0.259033 0.0361328 0.13623 0.00791931
1 0.980469 0.92041 0.03125 0.141602 0.00786591
13 0.149658 0.22876 0.103027 0.211914 0.00762177
1 0.0336456 0.0540466 0.0423279 0.0906372 0.00748825
14 0.0913086 0.2229 0.117676 0.152344 0.00745392
13 0.143921 0.225342 0.0268555 0.097168 0.00729752
13 0.0429688 0.129822 0.0404053 0.21106 0.00727081
13 0.175903 0.637207 0.0378418 0.0888672 0.00630569
13 0.530762 0.272461 0.0253906 0.150391 0.00617599
13 0.206299 0.379395 0.157715 0.529297 0.0060997
13 0.640137 0.611816 0.0253906 0.0390625 0.00601959
13 0.105499 0.177246 0.146423 0.269531 0.00593948
13 0.0935059 0.22876 0.187012 0.218262 0.00562286
13 0.231018 0.57666 0.19812 0.196289 0.00561523
1 0.0257721 0.918945 0.021698 0.113281 0.00543213
13 0.187958 0.565308 0.195374 0.212158 0.00536728
2 0.278015 0.569824 0.265259 0.238281 0.00521851
13 0.516113 0.185791 0.03125 0.0932617 0.00505829
13 0.507812 0.265381 0.0302734 0.156738 0.00466156
9 0.226624 0.567871 0.110229 0.192383 0.00465393
13 0.905762 0.605469 0.0537109 0.0644531 0.00458527
13 0.492188 0.233398 0.0224609 0.0551758 0.00449371
13 0.0571289 0.180054 0.0462646 0.0771484 0.00430679
13 0.672363 0.207397 0.0332031 0.0852051 0.00427246
13 0.0678711 0.151886 0.0742188 0.198669 0.00414276
13 0.674316 0.816406 0.117188 0.126953 0.00408936
2 0.160156 0.448242 0.0222168 0.0478516 0.00404739
1 0.132812 0.0296631 0.213379 0.0310059 0.00385094
13 0.509766 0.26593 0.0458984 0.221069 0.00378418
13 0.0485229 0.153229 0.060791 0.122742 0.00366402
13 0.677734 0.769043 0.0800781 0.162109 0.00362015
13 0.130493 0.724121 0.0400391 0.230469 0.0035553
13 0.0942383 0.175629 0.123535 0.18927 0.00355148
13 0.67627 0.547974 0.0751953 0.697021 0.00340843
13 0.51416 0.158447 0.0449219 0.118652 0.0033474
4 0.0893555 0.224548 0.112305 0.153442 0.0032959
13 0.111084 0.29425 0.171875 0.310913 0.00328636
13 0.144775 0.240723 0.0466309 0.213379 0.00319099
13 0.0745544 0.270996 0.107727 0.271973 0.00315094
8 0.226562 0.567871 0.114258 0.209961 0.00314903
4 0.978271 0.763916 0.0395508 0.464355 0.00307465
13 0.12439 0.710938 0.0493164 0.149414 0.00301743
13 0.130127 0.753906 0.050293 0.338867 0.00299835
13 0.1698 0.650879 0.0466309 0.102539 0.00299644
13 0.0899658 0.21814 0.179932 0.273193 0.00297737
1 0.977295 0.942627 0.0336914 0.103027 0.00293732
4 0.67627 0.547974 0.0751953 0.697021 0.00289536
4 0.22467 0.564087 0.113159 0.199951 0.00289536
4 0.952881 0.509277 0.0708008 0.902344 0.00285912
13 0.14624 0.674805 0.0732422 0.146484 0.00277138
13 0.185181 0.606445 0.136475 0.275391 0.00271988
13 0.530762 0.288574 0.0302734 0.308105 0.0026741
13 0.196594 0.637695 0.0950928 0.262695 0.00265694
13 0.133545 0.699219 0.03125 0.161133 0.00265694
13 0.515625 0.199951 0.0488281 0.199707 0.00261688
13 0.53418 0.323975 0.0214844 0.231445 0.00260162
13 0.681641 0.193298 0.0429688 0.11731 0.00260162
1 0.14209 0.217407 0.0317383 0.172119 0.00257492
13 0.108154 0.407715 0.174316 0.577148 0.00250435
1 0.0395508 0.100342 0.0396729 0.171143 0.00250053
13 0.625488 0.553711 0.0332031 0.0800781 0.00245667
13 0.638184 0.546875 0.0576172 0.263672 0.00243187
13 0.67627 0.710449 0.0820312 0.130859 0.00242805
1 0.165222 0.0375977 0.285767 0.0488281 0.00239754
13 0.154358 0.583496 0.219604 0.390625 0.00232887
13 0.137207 0.176941 0.0727539 0.249634 0.00231552
4 0.65918 0.491333 0.117188 0.954834 0.002285
2 0.227112 0.55957 0.0872803 0.111328 0.00226784
13 0.12207 0.213745 0.244141 0.271729 0.00226402
2 0.218689 0.532227 0.104614 0.125 0.00225639
13 0.147156 0.383301 0.169556 0.581055 0.00224304
13 0.143677 0.661133 0.0349121 0.108398 0.00222397
1 0.304626 0.0299072 0.272583 0.0428467 0.00218773
13 0.635742 0.550293 0.0390625 0.0986328 0.00216675
13 0.137177 0.154846 0.114807 0.269409 0.0021286
13 0.154907 0.647949 0.0444336 0.0986328 0.00210571
13 0.92041 0.604004 0.0742188 0.0693359 0.00209236
13 0.184082 0.727051 0.148438 0.455078 0.00204277
13 0.0351562 0.124146 0.0466309 0.168457 0.00196838
13 0.65918 0.665039 0.0966797 0.413086 0.00196266
13 0.165527 0.448242 0.0197754 0.0498047 0.00195217
5 0.226562 0.567871 0.114258 0.209961 0.00193501
13 0.153748 0.614258 0.1427 0.34375 0.00192165
13 0.492676 0.244324 0.0185547 0.0845947 0.00189209
8 0.0913086 0.2229 0.117676 0.152344 0.00188541
13 0.144653 0.659668 0.048584 0.138672 0.00187016
10 0.226562 0.567871 0.114258 0.209961 0.00186062
7 0.0913086 0.2229 0.117676 0.152344 0.00183487
7 0.226562 0.567871 0.114258 0.209961 0.00181103
19 0.226562 0.567871 0.114258 0.209961 0.00178909
13 0.137207 0.67334 0.029541 0.134766 0.00175858
18 0.226562 0.567871 0.114258 0.209961 0.00174904
3 0.226257 0.57019 0.111938 0.205322 0.00174141
13 0.525879 0.262878 0.0322266 0.241821 0.00173759
13 0.524902 0.841309 0.0263672 0.0996094 0.00173759
13 0.226562 0.52832 0.108887 0.165039 0.00170898
13 0.278015 0.569824 0.265259 0.238281 0.00169277
1 0.0194702 0.955078 0.0227051 0.0566406 0.00167561
18 0.0913086 0.2229 0.117676 0.152344 0.00166988
5 0.0913086 0.2229 0.117676 0.152344 0.00165749
12 0.0913086 0.2229 0.117676 0.152344 0.00163937
16 0.226257 0.57019 0.111938 0.205322 0.00161648
13 0.15918 0.448975 0.0339355 0.0541992 0.00160885
13 0.155762 0.214172 0.0366211 0.180054 0.00160694
1 0.0232086 0.938721 0.0276794 0.0874023 0.00158215
1 0.0364532 0.072876 0.0552673 0.137207 0.00158119
15 0.227051 0.565796 0.123047 0.204346 0.00157738
3 0.0913086 0.2229 0.117676 0.152344 0.00157642
13 0.221191 0.703125 0.0336914 0.151367 0.00156975
12 0.226257 0.57019 0.111938 0.205322 0.00156784
13 0.676758 0.739258 0.0957031 0.256836 0.00156689
11 0.226562 0.567871 0.114258 0.209961 0.00156689
17 0.226562 0.567871 0.114258 0.209961 0.00154305
13 0.688965 0.79834 0.0976562 0.12207 0.00153351
13 0.176025 0.623535 0.0493164 0.110352 0.00152969
6 0.226624 0.567871 0.110229 0.192383 0.00150585
13 0.0541992 0.16748 0.0411377 0.132324 0.00147057
0 0.226562 0.567871 0.114258 0.209961 0.00146103
10 0.0913086 0.2229 0.117676 0.152344 0.00145245
13 0.0551758 0.165222 0.0498047 0.182251 0.00143242
13 0.0500946 0.30188 0.0716858 0.591553 0.00140667
16 0.0913086 0.2229 0.117676 0.152344 0.0014019
1 0.0288544 0.0823975 0.0343323 0.158447 0.00139618
13 0.157715 0.214111 0.0561523 0.212891 0.0013752
6 0.0913086 0.2229 0.117676 0.152344 0.00136948
1 0.982422 0.89917 0.0234375 0.148926 0.00135994
13 0.224365 0.726562 0.134766 0.458008 0.00133228
15 0.0913086 0.2229 0.117676 0.152344 0.00132751
4 0.248291 0.385254 0.0825195 0.62793 0.00131798
13 0.534668 0.340576 0.0322266 0.327637 0.00130653
13 0.151855 0.44812 0.0317383 0.0598145 0.00130177
1 0.969727 0.112305 0.03125 0.184326 0.001297
9 0.0913086 0.2229 0.117676 0.152344 0.00129128
17 0.0913086 0.2229 0.117676 0.152344 0.00126648
13 0.65625 0.730469 0.0693359 0.117188 0.00125313
11 0.0913086 0.2229 0.117676 0.152344 0.00123692
13 0.0624084 0.377441 0.0905151 0.515625 0.00121117
19 0.0913086 0.2229 0.117676 0.152344 0.00120831
0 0.0913086 0.2229 0.117676 0.152344 0.00118065
13 0.659668 0.798828 0.140625 0.175781 0.00117683
13 0.660156 0.227539 0.0371094 0.0600586 0.0011692
13 0.13208 0.175446 0.0534668 0.176941 0.00115013
13 0.917969 0.804199 0.0253906 0.155273 0.00114727
13 0.508789 0.240723 0.0214844 0.112305 0.00113487
13 0.155334 0.587891 0.197144 0.21875 0.00113392
13 0.232666 0.414795 0.0727539 0.216309 0.00112534
2 0.213318 0.531128 0.130981 0.176025 0.00111008
14 0.886719 0.612305 0.0244141 0.0722656 0.00110531
4 0.0632782 0.453125 0.0939026 0.74707 0.00109577
4 0.97168 0.722656 0.0449219 0.554688 0.00108051
13 0.6875 0.179565 0.0595703 0.108154 0.00108051
13 0.172852 0.436523 0.0480957 0.0791016 0.00108051
13 0.16626 0.449341 0.0358887 0.0622559 0.00107861
13 0.15918 0.172119 0.0720215 0.279785 0.00107002
2 0.0735168 0.201904 0.0907593 0.116211 0.00106907
13 0.0352173 0.614746 0.0427246 0.609375 0.00106144
13 0.169434 0.644043 0.0334473 0.0742188 0.00105953
13 0.520508 0.171143 0.0439453 0.0827637 0.00105953
13 0.65332 0.74707 0.09375 0.142578 0.00104618
13 0.504395 0.228516 0.0527344 0.20459 0.00103569
1 0.983398 0.970459 0.0214844 0.0415039 0.0010252
13 0.235596 0.419922 0.0664062 0.109375 0.00102329
13 0.211609 0.69873 0.0650635 0.342773 0.00101948
13 0.150757 0.253479 0.0539551 0.318237 0.00101185
13 0.681152 0.643066 0.0722656 0.458008 0.00101185
4 0.957764 0.65918 0.0629883 0.681641 0.00100708
13 0.669922 0.221985 0.0234375 0.0511475 0.00100136
