13 0.604004 0.206726 0.0371094 0.136353 0.66748
1 0.0244141 0.929199 0.036499 0.100586 0.539551
14 0.660156 0.95752 0.0244141 0.0195312 0.487793
1 0.981689 0.948242 0.034668 0.0996094 0.276611
13 0.606445 0.171906 0.0429688 0.201111 0.236816
1 0.0280151 0.939453 0.0539551 0.0996094 0.185547
13 0.458984 0.577637 0.0205078 0.0576172 0.181641
1 0.982422 0.940186 0.0234375 0.0766602 0.127441
1 0.0289917 0.917969 0.0429688 0.138672 0.112
4 0.956787 0.499756 0.0805664 0.965332 0.0840454
1 0.979248 0.924316 0.0336914 0.143555 0.0792847
13 0.604004 0.209229 0.0292969 0.0976562 0.0563965
1 0.975586 0.959717 0.03125 0.074707 0.0425415
14 0.65918 0.95459 0.03125 0.0205078 0.0401611
1 0.985352 0.917969 0.0253906 0.119141 0.0355225
13 0.610352 0.186157 0.0527344 0.134521 0.0303497
14 0.65918 0.960205 0.0322266 0.0229492 0.0282135
4 0.980957 0.75293 0.0380859 0.415039 0.0237732
4 0.97583 0.265991 0.0483398 0.50708 0.0219879
14 0.604492 0.208191 0.0351562 0.13147 0.0162506
1 0.975342 0.0637512 0.0317383 0.0951538 0.0149384
1 0.97583 0.970703 0.034668 0.046875 0.0145798
13 0.567871 0.168884 0.117188 0.194458 0.0123749
13 0.450439 0.574707 0.0249023 0.0546875 0.0107269
13 0.510742 0.141907 0.104492 0.216187 0.0106583
13 0.607422 0.182983 0.0322266 0.116943 0.00830078
4 0.969971 0.45459 0.0541992 0.711914 0.00823212
1 0.604492 0.208008 0.0361328 0.135742 0.00817871
2 0.0584412 0.490723 0.0906372 0.96582 0.00798798
14 0.0280914 0.927246 0.0500183 0.110352 0.00785065
1 0.986328 0.948242 0.0234375 0.0703125 0.00724792
13 0.554199 0.172974 0.0976562 0.147217 0.00716782
4 0.0491333 0.467285 0.0700684 0.901367 0.00598907
1 0.985352 0.916016 0.0214844 0.0820312 0.00571442
13 0.618652 0.185577 0.0595703 0.188416 0.00531006
14 0.45752 0.574219 0.0205078 0.0595703 0.00493622
13 0.463257 0.581543 0.0197754 0.0585938 0.0049324
2 0.0378876 0.29187 0.0565491 0.551025 0.00459671
1 0.977539 0.887939 0.0351562 0.190918 0.00443268
14 0.666016 0.95752 0.0292969 0.0175781 0.00434875
4 0.982422 0.908936 0.03125 0.150879 0.00431442
13 0.597168 0.205322 0.0761719 0.142578 0.00428009
14 0.651855 0.957031 0.0302734 0.0195312 0.0042305
4 0.980225 0.641846 0.0395508 0.67334 0.00419617
4 0.0280151 0.794434 0.03479 0.364258 0.00417328
2 0.603516 0.208008 0.0361328 0.126953 0.00406265
2 0.459229 0.577637 0.0170898 0.0625 0.00394058
1 0.972656 0.942627 0.0429688 0.103027 0.00392532
4 0.631348 0.489624 0.110352 0.960205 0.00384903
1 0.0274048 0.868652 0.0418701 0.229492 0.00365829
13 0.356934 0.80957 0.0405273 0.0800781 0.00342369
4 0.607422 0.172852 0.0439453 0.177246 0.00334549
2 0.0475616 0.360718 0.0652771 0.702393 0.0031662
2 0.0289917 0.929688 0.0490723 0.105469 0.0030365
13 0.505371 0.152283 0.0751953 0.164185 0.00285721
13 0.615234 0.217041 0.046875 0.145996 0.00283432
1 0.973633 0.0542145 0.0410156 0.0680847 0.00263596
4 0.980225 0.836426 0.0356445 0.327148 0.00259399
4 0.97168 0.727783 0.0488281 0.505371 0.00257111
4 0.0402222 0.36377 0.0515137 0.714844 0.00250435
4 0.510254 0.141266 0.105469 0.217468 0.00242043
14 0.65918 0.956787 0.0410156 0.0317383 0.00240135
13 0.535156 0.160278 0.130859 0.206299 0.00239944
1 0.981445 0.968262 0.0332031 0.0634766 0.00232506
9 0.0280914 0.927246 0.0500183 0.110352 0.00226402
4 0.906982 0.5 0.143066 0.947266 0.0022583
1 0.0214996 0.90625 0.0310974 0.110352 0.00224113
4 0.604492 0.206482 0.0341797 0.136841 0.0022316
13 0.595703 0.159241 0.0693359 0.22937 0.00211716
14 0.60498 0.208191 0.0263672 0.09729 0.00208664
1 0.459229 0.577637 0.0170898 0.0625 0.00207138
13 0.598633 0.223877 0.0488281 0.197266 0.00197983
13 0.603516 0.242859 0.0351562 0.175415 0.00195503
1 0.978516 0.0823669 0.0332031 0.133118 0.0019455
4 0.0263672 0.924072 0.0413818 0.108887 0.00189972
1 0.604004 0.209229 0.0292969 0.0976562 0.00186729
1 0.606445 0.171906 0.0429688 0.201111 0.00171757
4 0.664551 0.511597 0.138672 0.976807 0.00168037
13 0.57959 0.20105 0.0625 0.136963 0.00165367
13 0.45459 0.567383 0.0195312 0.0712891 0.00163174
13 0.0281982 0.927979 0.0496826 0.106934 0.00163078
1 0.03125 0.945312 0.0384521 0.0664062 0.00161362
1 0.0336914 0.0545959 0.032959 0.085144 0.00159454
13 0.554688 0.194824 0.125977 0.132324 0.00158596
1 0.0335236 0.834717 0.0479431 0.303223 0.00155544
13 0.0625 0.736816 0.0584717 0.453125 0.00150776
1 0.0283813 0.962646 0.0510254 0.074707 0.0014534
13 0.0356445 0.0876465 0.0339355 0.160156 0.00143147
14 0.984375 0.932861 0.0273438 0.0795898 0.00142097
1 0.977295 0.185791 0.0454102 0.345703 0.00141907
4 0.0244751 0.741943 0.0389404 0.516113 0.00141239
13 0.647949 0.19696 0.0830078 0.157837 0.00137615
4 0.966553 0.313477 0.0649414 0.584961 0.00134182
4 0.0342407 0.220154 0.0527344 0.424927 0.00133514
4 0.975342 0.908691 0.043457 0.174805 0.0012989
1 0.978516 0.152771 0.0351562 0.254028 0.00127888
14 0.980713 0.94873 0.034668 0.100586 0.00126934
2 0.606445 0.171906 0.0429688 0.201111 0.00123596
2 0.659668 0.957031 0.0244141 0.0175781 0.0012207
13 0.0714111 0.634277 0.034668 0.201172 0.00121975
4 0.981445 0.835449 0.0273438 0.171875 0.00121689
1 0.962891 0.96875 0.0585938 0.0546875 0.00120735
13 0.624512 0.218018 0.078125 0.133789 0.00117302
13 0.983398 0.910156 0.0234375 0.150391 0.00116539
4 0.0612946 0.736328 0.0641785 0.438477 0.00116539
1 0.986328 0.868164 0.0273438 0.18457 0.0011549
13 0.981689 0.948242 0.034668 0.0996094 0.00113869
4 0.875977 0.508301 0.0898438 0.881836 0.00109863
13 0.650391 0.18576 0.102539 0.231995 0.00108528
15 0.660156 0.95752 0.0244141 0.0195312 0.00105667
13 0.600586 0.170654 0.0419922 0.114746 0.00101852
