13 0.78125 0.28595 0.233398 0.358765 0.813477
13 0.854004 0.352539 0.0986328 0.236328 0.74707
13 0.736328 0.205139 0.141602 0.190308 0.598633
2 0.73584 0.204346 0.142578 0.19043 0.373047
13 0.866699 0.388916 0.0712891 0.17627 0.15979
1 0.015686 0.928955 0.0303345 0.118652 0.132324
2 0.791504 0.285217 0.238281 0.360229 0.116089
1 0.979736 0.0632019 0.0327148 0.0991821 0.108215
13 0.773438 0.212769 0.222656 0.200439 0.0849609
1 0.970703 0.917969 0.0214844 0.09375 0.0758057
13 0.972656 0.263611 0.0488281 0.466919 0.0546265
4 0.0442505 0.468994 0.0809326 0.937988 0.0515137
2 0.484253 0.494141 0.859619 0.988281 0.0492249
2 0.782227 0.234863 0.22168 0.222168 0.0388489
4 0.972656 0.263611 0.0488281 0.466919 0.0375977
1 0.968506 0.931396 0.027832 0.0825195 0.0361633
1 0.962158 0.935791 0.0366211 0.116699 0.030365
13 0.76709 0.196777 0.139648 0.164551 0.0233612
13 0.789062 0.15979 0.0253906 0.0854492 0.0200653
13 0.847656 0.291504 0.101562 0.277832 0.0193176
13 0.821289 0.348389 0.155273 0.231934 0.0192108
13 0.801758 0.221497 0.268555 0.285522 0.0192108
13 0.833984 0.295654 0.179688 0.358887 0.0184021
13 0.677246 0.144043 0.0234375 0.079834 0.0180664
13 0.837891 0.287842 0.0673828 0.104004 0.0171509
13 0.827148 0.273193 0.0390625 0.100586 0.0166779
13 0.78418 0.192993 0.0498047 0.152588 0.0158997
13 0.817871 0.263916 0.0253906 0.0507812 0.0156403
1 0.0178833 0.903809 0.0284424 0.131836 0.0153732
13 0.979248 0.0997314 0.0336914 0.167236 0.0138474
13 0.820801 0.270264 0.0253906 0.0708008 0.0127563
13 0.787598 0.175415 0.0292969 0.127197 0.0119858
13 0.869141 0.349426 0.152344 0.269897 0.0118942
4 0.791992 0.288757 0.213867 0.329712 0.010376
13 0.779785 0.331543 0.260742 0.21582 0.00952911
1 0.856445 0.354492 0.0976562 0.242188 0.00945282
1 0.0177917 0.950928 0.0355835 0.090332 0.00913239
1 0.879883 0.0204926 0.166992 0.0273743 0.00881958
14 0.73584 0.200806 0.132812 0.177979 0.00867462
1 0.782715 0.292236 0.243164 0.351562 0.00859833
13 0.95752 0.300232 0.0791016 0.432739 0.00749969
1 0.753906 0.214478 0.175781 0.196533 0.0074234
2 0.0525208 0.476562 0.0995483 0.941406 0.00733948
13 0.711914 0.192444 0.0927734 0.170776 0.00721741
2 0.490234 0.599609 0.887695 0.566406 0.0071907
13 0.787598 0.167114 0.0400391 0.092041 0.00710678
2 0.0177307 0.925049 0.0336304 0.11084 0.00676346
13 0.831543 0.273438 0.0654297 0.248047 0.00654221
2 0.85498 0.352295 0.0966797 0.23877 0.00624466
1 0.0144043 0.869629 0.0286865 0.137695 0.00616074
13 0.846191 0.306641 0.0810547 0.123535 0.00590515
1 0.0160828 0.868896 0.0297241 0.223145 0.00579071
13 0.96582 0.103516 0.0332031 0.186279 0.00564194
13 0.809082 0.27002 0.0791016 0.136719 0.00557327
1 0.966553 0.907227 0.0317383 0.120117 0.00491333
2 0.959717 0.937256 0.0375977 0.11377 0.00482178
4 0.0278015 0.239319 0.055603 0.466675 0.00461578
1 0.969727 0.0705261 0.0429688 0.115784 0.00418091
13 0.834717 0.261963 0.277832 0.414551 0.00405502
1 0.972412 0.888184 0.0239258 0.137695 0.00392151
14 0.85498 0.352295 0.0966797 0.23877 0.00382805
4 0.745117 0.2052 0.154297 0.178467 0.00379562
1 0.98584 0.0546875 0.0283203 0.0709229 0.00372887
14 0.791992 0.288757 0.213867 0.329712 0.00362206
13 0.96582 0.163757 0.0351562 0.292603 0.00336838
2 0.739258 0.247986 0.164062 0.283325 0.00332069
9 0.791992 0.288757 0.213867 0.329712 0.00331306
4 0.855957 0.356567 0.0966797 0.23999 0.00323296
9 0.734863 0.203857 0.137695 0.186523 0.00321579
13 0.683105 0.145264 0.0400391 0.078125 0.00304031
13 0.81543 0.280579 0.158203 0.253296 0.00295448
13 0.975586 0.18158 0.0410156 0.338013 0.00292778
1 0.776855 0.234619 0.198242 0.263672 0.0028019
1 0.015625 0.911133 0.0249634 0.0927734 0.00273514
2 0.486328 0.723633 0.886719 0.388672 0.00259399
2 0.0150604 0.905273 0.0301208 0.112305 0.00251961
1 0.137238 0.970703 0.247986 0.0371094 0.00250626
1 0.966309 0.948486 0.0380859 0.0776367 0.00242805
1 0.0261536 0.0444641 0.0355835 0.0889282 0.00240135
13 0.869629 0.425049 0.0712891 0.105957 0.00237656
2 0.808594 0.198792 0.307617 0.25769 0.00231171
1 0.0126953 0.790527 0.0230713 0.231445 0.00219345
2 0.439087 0.445923 0.854248 0.621826 0.00205421
8 0.736328 0.205139 0.141602 0.190308 0.0020504
1 0.145142 0.968262 0.199463 0.0185547 0.00191689
4 0.0322876 0.4375 0.0645752 0.875 0.00190639
14 0.015686 0.928955 0.0303345 0.118652 0.00184727
13 0.708984 0.197601 0.212891 0.216125 0.00180626
1 0.962402 0.886475 0.0341797 0.172363 0.00179482
1 0.977783 0.0911865 0.0327148 0.154785 0.00177097
18 0.85498 0.352295 0.0966797 0.23877 0.0017643
1 0.984375 0.0705566 0.03125 0.105469 0.0017643
1 0.0163574 0.793701 0.0313721 0.35791 0.00175858
13 0.883789 0.0209961 0.166992 0.0253906 0.00175667
7 0.78125 0.28595 0.233398 0.358765 0.00174713
1 0.0171814 0.82666 0.0343628 0.229492 0.00173855
7 0.855957 0.356567 0.0966797 0.23999 0.00173473
7 0.736328 0.205139 0.141602 0.190308 0.00172615
5 0.736328 0.205139 0.141602 0.190308 0.0017128
19 0.779785 0.288635 0.242188 0.360229 0.00170803
1 0.138123 0.978516 0.241333 0.0273438 0.00169849
11 0.791992 0.288757 0.213867 0.329712 0.00169373
4 0.024231 0.338501 0.0484619 0.633545 0.00169086
1 0.973389 0.804199 0.0258789 0.310547 0.00167656
13 0.969727 0.0705261 0.0429688 0.115784 0.00167656
5 0.791504 0.29303 0.22168 0.370972 0.00166607
13 0.817871 0.254395 0.0195312 0.0576172 0.00164127
4 0.0163574 0.793701 0.0313721 0.35791 0.00163269
0 0.791992 0.288757 0.213867 0.329712 0.00162983
8 0.791992 0.288757 0.213867 0.329712 0.00162411
13 0.774414 0.186401 0.0791016 0.154541 0.00161839
16 0.791992 0.288757 0.213867 0.329712 0.00160408
10 0.791992 0.288757 0.213867 0.329712 0.00160408
4 0.943848 0.488281 0.0810547 0.865234 0.00160122
1 0.978516 0.915527 0.0253906 0.0849609 0.00158691
3 0.736328 0.205139 0.141602 0.190308 0.00158501
10 0.736328 0.205139 0.141602 0.190308 0.00157356
16 0.736328 0.205139 0.141602 0.190308 0.00157356
18 0.736328 0.205139 0.141602 0.190308 0.00155926
13 0.973633 0.871094 0.0253906 0.165039 0.00155735
3 0.791992 0.288757 0.213867 0.329712 0.00155544
5 0.855957 0.356567 0.0966797 0.23999 0.00154305
13 0.700684 0.187256 0.0595703 0.158691 0.00152779
18 0.791992 0.288757 0.213867 0.329712 0.00151443
12 0.791504 0.29303 0.22168 0.370972 0.00150013
6 0.779785 0.288635 0.242188 0.360229 0.00147247
12 0.736328 0.205139 0.141602 0.190308 0.0014658
19 0.736328 0.205139 0.141602 0.190308 0.00145435
3 0.855957 0.356567 0.0966797 0.23999 0.00144958
15 0.753906 0.214478 0.175781 0.196533 0.001441
2 0.0161438 0.828369 0.0314331 0.29834 0.00143147
1 0.96875 0.865479 0.0292969 0.216309 0.00143051
8 0.85498 0.352295 0.0966797 0.23877 0.00142956
16 0.85498 0.352295 0.0966797 0.23877 0.00142384
11 0.736328 0.205139 0.141602 0.190308 0.00140953
6 0.736328 0.205139 0.141602 0.190308 0.00139809
2 0.391113 0.239746 0.6875 0.412109 0.00139046
1 0.240967 0.974609 0.441406 0.03125 0.00138474
17 0.736328 0.205139 0.141602 0.190308 0.00137711
12 0.855957 0.356567 0.0966797 0.23999 0.00137329
0 0.736328 0.205139 0.141602 0.190308 0.00137138
15 0.791992 0.288757 0.213867 0.329712 0.00136852
1 0.868164 0.968994 0.192383 0.0209961 0.00136185
17 0.791992 0.288757 0.213867 0.329712 0.00135326
6 0.85498 0.352295 0.0966797 0.23877 0.00133801
10 0.85498 0.352295 0.0966797 0.23877 0.00133324
13 0.857422 0.354736 0.0761719 0.17041 0.00132179
4 0.972412 0.822754 0.027832 0.282227 0.00131226
9 0.85498 0.352295 0.0966797 0.23877 0.00125694
2 0.464478 0.295898 0.0290527 0.0390625 0.00123405
4 0.0244293 0.181641 0.0448914 0.363281 0.00121975
13 0.866211 0.394043 0.0654297 0.0957031 0.00121593
19 0.854492 0.355591 0.0976562 0.23999 0.00120831
17 0.855957 0.356567 0.0966797 0.23999 0.00119305
13 0.819824 0.243347 0.0498047 0.12854 0.00117111
13 0.963379 0.221924 0.0537109 0.436523 0.00114918
1 0.962646 0.962646 0.0375977 0.074707 0.00113773
11 0.855957 0.356567 0.0966797 0.23999 0.00112057
15 0.855957 0.356567 0.0966797 0.23999 0.00109959
13 0.682617 0.138062 0.0283203 0.0710449 0.00109196
13 0.966553 0.290405 0.0668945 0.53833 0.00108528
13 0.838379 0.386719 0.132812 0.216797 0.00108051
1 0.866699 0.388916 0.0712891 0.17627 0.00107288
13 0.77832 0.164764 0.232422 0.191956 0.00107098
2 0.879883 0.96582 0.179688 0.0273438 0.00105667
13 0.853516 0.288818 0.109375 0.174805 0.00105476
13 0.969482 0.909668 0.0219727 0.108398 0.00104904
13 0.822266 0.2453 0.102539 0.121216 0.00103951
