1 0.984375 0.942627 0.03125 0.0991211 0.192261
1 0.976562 0.0645905 0.0429688 0.0822449 0.172119
2 0.387207 0.804199 0.0791016 0.0224609 0.121948
14 0.386719 0.804199 0.0722656 0.0224609 0.0804443
1 0.985352 0.916992 0.0273438 0.146484 0.0614319
1 0.0258942 0.946777 0.0263367 0.0751953 0.0293121
2 0.387695 0.79834 0.0712891 0.0234375 0.0183258
14 0.387695 0.79834 0.0712891 0.0234375 0.0178375
4 0.0731506 0.48938 0.100281 0.952881 0.0175171
1 0.980225 0.910645 0.0395508 0.172852 0.0139389
1 0.981689 0.834717 0.0307617 0.30127 0.0136337
13 0.975342 0.0904541 0.0356445 0.13208 0.012146
4 0.341797 0.485718 0.146484 0.928955 0.0118103
1 0.983154 0.961426 0.0336914 0.0751953 0.0105133
1 0.968994 0.0723419 0.0405273 0.102875 0.009552
13 0.982666 0.116669 0.034668 0.175354 0.00808716
13 0.985352 0.901611 0.0253906 0.17334 0.00777817
1 0.975342 0.0904541 0.0356445 0.13208 0.00772476
4 0.944092 0.479858 0.090332 0.921143 0.00735092
1 0.0292816 0.915771 0.0305481 0.125488 0.007267
13 0.388184 0.0839233 0.0449219 0.0965576 0.00707245
1 0.0266876 0.955566 0.0357361 0.0771484 0.00677109
1 0.966064 0.0590515 0.065918 0.0889282 0.0057373
1 0.0366211 0.0531921 0.0405273 0.0845337 0.00503159
4 0.0496826 0.607056 0.0610352 0.625732 0.00474548
13 0.387695 0.804199 0.0737305 0.0205078 0.00383949
4 0.0494995 0.47229 0.0806885 0.918701 0.00356674
2 0.386963 0.79834 0.074707 0.0439453 0.0034523
1 0.985352 0.916504 0.0234375 0.0927734 0.00335693
1 0.966553 0.099762 0.0473633 0.158875 0.00311852
2 0.975586 0.0634308 0.0449219 0.0779724 0.00306511
13 0.385986 0.0755463 0.0258789 0.0967102 0.00292778
13 0.975586 0.0634308 0.0449219 0.0779724 0.00288391
1 0.973877 0.884277 0.0405273 0.21582 0.00282097
14 0.390381 0.800293 0.0737305 0.0429688 0.00271034
2 0.982178 0.907959 0.027832 0.17627 0.00226784
1 0.978516 0.919678 0.0390625 0.109863 0.0021801
1 0.94873 0.056076 0.102539 0.10025 0.00210571
4 0.043045 0.751709 0.0503845 0.477051 0.00173473
1 0.0266418 0.935547 0.0374146 0.0878906 0.00160789
1 0.969727 0.94043 0.0546875 0.107422 0.00151062
13 0.386719 0.798828 0.0712891 0.0244141 0.00150776
1 0.982666 0.116669 0.034668 0.175354 0.00148487
13 0.966553 0.099762 0.0473633 0.158875 0.00146008
13 0.984375 0.131622 0.0214844 0.172791 0.00143242
1 0.980713 0.0792236 0.034668 0.0856934 0.00129509
13 0.980469 0.0930481 0.03125 0.0932007 0.0012846
1 0.0400391 0.914795 0.0435791 0.13916 0.00128269
2 0.513184 0.514648 0.803711 0.738281 0.00126457
1 0.0395508 0.0747375 0.0454102 0.129333 0.00122738
