13 0.840332 0.763184 0.130859 0.161133 0.819336
2 0.604492 0.71875 0.384766 0.201172 0.80957
13 0.588379 0.717773 0.375977 0.231445 0.670898
1 0.981689 0.945801 0.034668 0.104492 0.144775
13 0.603516 0.665527 0.0830078 0.150391 0.117798
13 0.867676 0.781738 0.154297 0.134766 0.116943
13 0.848145 0.776855 0.100586 0.106445 0.100891
13 0.822754 0.742188 0.0947266 0.116211 0.100281
1 0.0250854 0.950684 0.0330811 0.0693359 0.0579529
1 0.975586 0.0578613 0.0371094 0.0700684 0.0524292
13 0.830566 0.768555 0.0771484 0.101562 0.0485535
2 0.864746 0.765137 0.166016 0.168945 0.040802
1 0.980713 0.962646 0.0385742 0.0668945 0.0383911
4 0.0563049 0.481934 0.0895386 0.963867 0.0368042
13 0.606934 0.647949 0.139648 0.170898 0.0362549
13 0.60437 0.68457 0.299072 0.205078 0.0348816
2 0.436035 0.446045 0.77832 0.867676 0.0332336
1 0.844727 0.757324 0.133789 0.166992 0.0271301
13 0.868652 0.755859 0.183594 0.189453 0.0245056
13 0.591309 0.714355 0.208984 0.236328 0.0236664
1 0.583984 0.729492 0.338867 0.230469 0.0186005
1 0.971924 0.959961 0.034668 0.0742188 0.0160522
13 0.979492 0.90332 0.0292969 0.189453 0.0158844
13 0.824219 0.621094 0.0332031 0.0449219 0.0153427
1 0.982422 0.916748 0.03125 0.137207 0.0131073
13 0.790527 0.705566 0.03125 0.0585938 0.0124054
13 0.8125 0.726074 0.0703125 0.110352 0.0117188
2 0.539917 0.728027 0.250244 0.185547 0.0105209
4 0.590698 0.726562 0.351807 0.194336 0.0100708
14 0.583984 0.729492 0.338867 0.230469 0.00966644
13 0.800781 0.656738 0.0224609 0.0488281 0.00917816
2 0.542969 0.71582 0.417969 0.25293 0.00904083
13 0.979736 0.838379 0.0327148 0.299805 0.00901031
13 0.574829 0.667969 0.293701 0.303711 0.00892639
13 0.966064 0.897217 0.0424805 0.205566 0.00857544
9 0.594238 0.725586 0.414062 0.19043 0.00817108
13 0.831055 0.619629 0.0224609 0.0429688 0.00796509
13 0.800781 0.719238 0.0410156 0.0732422 0.00720978
14 0.844238 0.760742 0.128906 0.160156 0.00699234
13 0.543945 0.71875 0.254883 0.200195 0.0067749
13 0.980225 0.942627 0.0297852 0.114746 0.00606918
2 0.606445 0.668457 0.240234 0.253906 0.005867
1 0.981201 0.973633 0.0336914 0.0488281 0.00566101
2 0.438965 0.38623 0.87793 0.555664 0.00555801
1 0.0252228 0.917236 0.0350037 0.124512 0.00547409
13 0.846191 0.777344 0.0693359 0.0917969 0.00529099
4 0.836914 0.757324 0.118164 0.15918 0.00497055
13 0.85498 0.766602 0.258789 0.25293 0.00495529
13 0.554321 0.572754 0.362061 0.498047 0.00490952
13 0.962891 0.963379 0.0488281 0.0654297 0.00488281
1 0.979492 0.0813599 0.0371094 0.126099 0.00452042
13 0.962891 0.845703 0.0449219 0.298828 0.00449753
2 0.600586 0.724609 0.21875 0.194336 0.00446701
4 0.965088 0.482422 0.0698242 0.916992 0.00439453
13 0.817383 0.633789 0.0361328 0.0537109 0.00431824
13 0.60791 0.597656 0.168945 0.230469 0.00409317
2 0.554321 0.494629 0.520264 0.763672 0.00408173
2 0.0610657 0.493896 0.0990601 0.95752 0.00394821
1 0.9729 0.916992 0.0366211 0.15625 0.00391388
1 0.948975 0.0550079 0.100098 0.0872498 0.00385284
13 0.554321 0.494629 0.520264 0.763672 0.00370598
1 0.979248 0.865723 0.0317383 0.250977 0.00366974
2 0.956543 0.402222 0.0869141 0.740479 0.00366211
4 0.336975 0.510132 0.400269 0.979736 0.00356293
13 0.805176 0.650879 0.0283203 0.0615234 0.00324059
2 0.575562 0.634766 0.411377 0.40625 0.00317574
13 0.616211 0.626465 0.0966797 0.143555 0.00307274
2 0.660156 0.711426 0.243164 0.171875 0.00290871
13 0.336975 0.510132 0.400269 0.979736 0.00282097
13 0.973877 0.128418 0.0366211 0.208984 0.00280571
13 0.971924 0.959961 0.034668 0.0742188 0.00278854
18 0.583984 0.729492 0.338867 0.230469 0.00276756
8 0.583984 0.729492 0.338867 0.230469 0.00275612
0 0.583984 0.729492 0.338867 0.230469 0.00273514
5 0.583984 0.729492 0.338867 0.230469 0.00273514
2 0.384277 0.536011 0.645508 0.574463 0.00272751
3 0.583984 0.729492 0.338867 0.230469 0.00267029
16 0.583984 0.729492 0.338867 0.230469 0.00255013
2 0.44043 0.24292 0.848633 0.441406 0.00254822
11 0.583984 0.729492 0.338867 0.230469 0.00251007
12 0.583984 0.729492 0.338867 0.230469 0.00251007
7 0.590698 0.726562 0.351807 0.194336 0.00240898
19 0.583984 0.729492 0.338867 0.230469 0.00235939
13 0.794922 0.67627 0.0322266 0.0957031 0.00225449
10 0.583984 0.729492 0.338867 0.230469 0.00225067
13 0.832031 0.615723 0.0380859 0.0410156 0.00222397
1 0.0336761 0.914551 0.0400696 0.141602 0.00218964
1 0.0237274 0.9646 0.0404358 0.0688477 0.00214577
15 0.583984 0.729492 0.338867 0.230469 0.00212288
13 0.578613 0.667969 0.189453 0.15918 0.00209427
1 0.980469 0.117096 0.0332031 0.162292 0.00205803
13 0.940918 0.798828 0.0332031 0.132812 0.00205612
1 0.968018 0.0683289 0.0581055 0.106018 0.00203896
17 0.590698 0.726562 0.351807 0.194336 0.00200653
6 0.583984 0.729492 0.338867 0.230469 0.00198746
8 0.844238 0.760742 0.128906 0.160156 0.00197983
13 0.837891 0.619141 0.0195312 0.0429688 0.00195503
13 0.796875 0.70166 0.0419922 0.0986328 0.00191498
13 0.384644 0.49707 0.664307 0.816406 0.00191021
13 0.817383 0.640625 0.0478516 0.0859375 0.00188732
9 0.865234 0.757812 0.169922 0.176758 0.0018816
2 0.454224 0.72998 0.595459 0.202148 0.00184822
1 0.978271 0.981445 0.0356445 0.0332031 0.00183964
13 0.822754 0.624023 0.0429688 0.0654297 0.00183773
1 0.867676 0.781738 0.154297 0.134766 0.00183678
2 0.832031 0.757324 0.115234 0.152344 0.0018158
7 0.865234 0.757812 0.169922 0.176758 0.00178909
1 0.962891 0.963379 0.0488281 0.0654297 0.00176716
13 0.97168 0.092926 0.0449219 0.153503 0.00171089
4 0.0477448 0.75415 0.0487976 0.47998 0.00170708
13 0.603027 0.661621 0.0664062 0.0957031 0.00170326
3 0.865234 0.757812 0.169922 0.176758 0.00166798
13 0.97168 0.865234 0.0390625 0.269531 0.00164604
5 0.844238 0.760742 0.128906 0.160156 0.00164223
18 0.844238 0.760742 0.128906 0.160156 0.00164223
1 0.968506 0.950928 0.0454102 0.0981445 0.00161934
13 0.889893 0.733398 0.163574 0.28125 0.00158691
12 0.844238 0.760742 0.128906 0.160156 0.00157833
13 0.589844 0.687988 0.0908203 0.200195 0.0015564
10 0.865234 0.757812 0.169922 0.176758 0.0015192
4 0.863281 0.762207 0.178711 0.181641 0.00151539
16 0.865234 0.757812 0.169922 0.176758 0.00151253
6 0.865234 0.757812 0.169922 0.176758 0.00144386
13 0.937988 0.777832 0.0673828 0.235352 0.00144005
15 0.865234 0.757812 0.169922 0.176758 0.00143147
13 0.958984 0.951172 0.0644531 0.0878906 0.00141716
19 0.865234 0.757812 0.169922 0.176758 0.0013876
11 0.865234 0.757812 0.169922 0.176758 0.00135612
17 0.865234 0.757812 0.169922 0.176758 0.00135612
2 0.606934 0.647949 0.139648 0.170898 0.00132942
13 0.933838 0.777832 0.097168 0.28418 0.00132656
0 0.865234 0.757812 0.169922 0.176758 0.00131416
1 0.956787 0.0418701 0.0825195 0.0566406 0.00130844
4 0.558594 0.692871 0.3125 0.288086 0.00128555
2 0.393433 0.703613 0.676025 0.283203 0.00128365
1 0.0314331 0.938965 0.0366211 0.0830078 0.00127316
13 0.949463 0.835938 0.050293 0.224609 0.00124168
19 0.834961 0.758789 0.121094 0.160156 0.00122643
2 0.511597 0.754883 0.231689 0.142578 0.00120544
13 0.766602 0.508423 0.376953 0.709717 0.00119019
6 0.834961 0.758789 0.121094 0.160156 0.00114727
9 0.835938 0.758301 0.121094 0.155273 0.00114536
13 0.891846 0.970703 0.181152 0.0546875 0.00114346
2 0.511597 0.123993 0.918213 0.223694 0.00111008
13 0.803711 0.755371 0.15332 0.19043 0.00109959
13 0.97583 0.799072 0.0483398 0.397949 0.00108433
13 0.685059 0.70752 0.230469 0.166992 0.00107956
13 0.811035 0.69873 0.0654297 0.108398 0.00107574
2 0.829102 0.618652 0.0273438 0.0439453 0.00106812
13 0.833984 0.724609 0.0927734 0.204102 0.0010519
1 0.962891 0.845703 0.0449219 0.298828 0.00103569
11 0.834961 0.758789 0.121094 0.160156 0.00102901
1 0.0332031 0.865723 0.0439453 0.22168 0.00101948
13 0.9729 0.916992 0.0366211 0.15625 0.00100899
2 0.816895 0.75293 0.237305 0.193359 0.00100231
13 0.852539 0.800293 0.118164 0.131836 0.00100136
