13 0.643555 0.684082 0.130859 0.335938 0.779297
2 0.49707 0.0409546 0.0976562 0.0367432 0.648438
2 0.455933 0.0431519 0.195557 0.0457764 0.381592
1 0.981445 0.948486 0.0273438 0.081543 0.360352
13 0.629883 0.507812 0.141602 0.683594 0.233765
1 0.0255432 0.945801 0.0304565 0.108398 0.155029
1 0.0273285 0.953125 0.0255432 0.078125 0.113342
13 0.644043 0.718506 0.144531 0.539551 0.0855713
14 0.498535 0.043457 0.105469 0.0375977 0.0536499
13 0.646484 0.591797 0.105469 0.530273 0.052063
1 0.983398 0.961914 0.0332031 0.0722656 0.0395813
14 0.0243683 0.95459 0.0313416 0.0869141 0.031311
13 0.495117 0.0426025 0.0996094 0.0372314 0.0308533
13 0.667969 0.3349 0.0488281 0.381958 0.0296173
2 0.496704 0.0424805 0.119873 0.0499268 0.0295258
1 0.974854 0.956055 0.0288086 0.0742188 0.0252838
1 0.982178 0.924316 0.0297852 0.12207 0.0250244
2 0.178589 0.80957 0.0200195 0.0302734 0.0236359
1 0.0193939 0.0606384 0.0248108 0.104797 0.0180817
14 0.455933 0.0431519 0.195557 0.0457764 0.0174866
2 0.0273285 0.946289 0.0317688 0.105469 0.0152969
1 0.0236511 0.908447 0.0326538 0.183105 0.0139313
13 0.621094 0.633301 0.148438 0.491211 0.0136414
2 0.414185 0.0471344 0.288818 0.0544128 0.0136261
13 0.438965 0.0426636 0.231445 0.043335 0.0135498
1 0.492188 0.0430908 0.103516 0.0369873 0.0101013
1 0.0241547 0.966309 0.0317688 0.0576172 0.00804901
13 0.666992 0.212524 0.0185547 0.101318 0.00753021
13 0.623535 0.609863 0.0878906 0.384766 0.00707245
2 0.456665 0.0567169 0.24292 0.0652771 0.00680923
1 0.63623 0.616699 0.137695 0.456055 0.00655365
13 0.668945 0.197693 0.0341797 0.0831299 0.00637817
9 0.455933 0.0431519 0.195557 0.0457764 0.00618744
4 0.644043 0.700684 0.125 0.314453 0.00617218
1 0.986328 0.933594 0.0273438 0.0898438 0.00582504
13 0.657227 0.584961 0.0683594 0.413086 0.00563812
13 0.661621 0.384888 0.0625 0.523193 0.00546646
9 0.499023 0.0424957 0.0966797 0.037323 0.00543594
2 0.498047 0.045578 0.109375 0.0826721 0.00534821
2 0.461914 0.038147 0.177734 0.0733643 0.00525284
13 0.588867 0.539429 0.150391 0.692627 0.00519943
2 0.642578 0.685547 0.12793 0.323242 0.00498581
13 0.661621 0.612793 0.244141 0.514648 0.00460052
13 0.666016 0.275696 0.0302734 0.248413 0.00452042
2 0.446289 0.032959 0.203125 0.0322266 0.00444794
13 0.603516 0.515625 0.0693359 0.486328 0.00440979
13 0.664062 0.452393 0.0244141 0.0678711 0.00418091
1 0.980469 0.917725 0.0390625 0.148926 0.00399399
13 0.587891 0.495239 0.0664062 0.187256 0.00399017
13 0.373047 0.322998 0.0224609 0.0751953 0.00378609
14 0.641602 0.68457 0.125 0.331055 0.00376511
1 0.975586 0.940674 0.0351562 0.0854492 0.00358582
13 0.52002 0.80957 0.0478516 0.0917969 0.00355148
1 0.455933 0.0431519 0.195557 0.0457764 0.00346565
14 0.026825 0.932861 0.0303345 0.134277 0.00342751
13 0.595703 0.650879 0.241211 0.475586 0.00340843
13 0.619629 0.552246 0.104492 0.541992 0.00332069
13 0.65918 0.750977 0.110352 0.416016 0.0032959
1 0.629395 0.487915 0.143555 0.715576 0.00317764
13 0.326965 0.0579834 0.393921 0.0587158 0.00307465
13 0.595215 0.489258 0.0576172 0.370117 0.00298309
13 0.682129 0.73291 0.158203 0.526367 0.00297546
1 0.024826 0.87085 0.0397034 0.258301 0.00295258
1 0.960449 0.959961 0.0615234 0.0664062 0.00276375
2 0.628906 0.509277 0.144531 0.673828 0.00274086
13 0.224426 0.335938 0.0321045 0.203125 0.00273895
1 0.0236816 0.95874 0.0422363 0.074707 0.00267982
13 0.632812 0.468262 0.0927734 0.614258 0.00264931
1 0.971924 0.922607 0.0385742 0.10791 0.00261497
1 0.64209 0.689453 0.118164 0.31543 0.00250053
4 0.629883 0.507812 0.141602 0.683594 0.00249481
13 0.589844 0.495239 0.269531 0.775146 0.00247002
2 0.0273285 0.953125 0.0255432 0.078125 0.00240326
8 0.498657 0.0421143 0.108154 0.0413818 0.00236893
13 0.0273285 0.946289 0.0317688 0.105469 0.00234032
13 0.666016 0.450562 0.0419922 0.107666 0.00217438
13 0.657227 0.454712 0.0898438 0.682373 0.00209427
13 0.647949 0.54248 0.0791016 0.25 0.00198555
13 0.403809 0.0472412 0.287109 0.0593262 0.0019722
13 0.663574 0.476562 0.0458984 0.280273 0.00196075
13 0.59375 0.494629 0.0429688 0.25 0.00195122
13 0.613281 0.385498 0.138672 0.674316 0.00190353
1 0.0207977 0.0541229 0.0340881 0.0785217 0.00167847
1 0.972412 0.968506 0.0356445 0.0493164 0.00165176
7 0.641602 0.68457 0.125 0.331055 0.00156212
14 0.981445 0.94751 0.0292969 0.0776367 0.00153351
4 0.495117 0.0426025 0.0996094 0.0372314 0.00149345
1 0.976807 0.885986 0.0405273 0.200684 0.00146961
13 0.647461 0.758301 0.111328 0.205078 0.00144005
13 0.660156 0.554077 0.0478516 0.362549 0.00142574
5 0.641602 0.68457 0.125 0.331055 0.00141144
18 0.641602 0.68457 0.125 0.331055 0.00140667
4 0.455933 0.0431519 0.195557 0.0457764 0.00139046
13 0.649414 0.609375 0.0976562 0.299805 0.00137043
13 0.59375 0.606079 0.0791016 0.526123 0.00136852
13 0.646973 0.332031 0.108398 0.624023 0.0013504
2 0.981445 0.94751 0.0292969 0.0776367 0.00133228
6 0.497925 0.042984 0.0949707 0.0358582 0.00132179
9 0.64209 0.689453 0.118164 0.31543 0.00132084
13 0.37085 0.322754 0.0351562 0.0820312 0.00126743
13 0.908203 0.714844 0.0273438 0.132812 0.0012598
4 0.640137 0.614258 0.133789 0.451172 0.00124836
1 0.0380707 0.959229 0.0456848 0.0678711 0.00124454
13 0.653809 0.496582 0.0605469 0.191406 0.00123405
2 0.483032 0.0364532 0.0964355 0.0301208 0.00122547
16 0.641602 0.68457 0.125 0.331055 0.00122166
4 0.0240784 0.953369 0.0321655 0.0893555 0.00121307
12 0.641602 0.68457 0.125 0.331055 0.00119877
1 0.0188293 0.0874939 0.0270386 0.145325 0.00119209
19 0.640625 0.683105 0.12793 0.335938 0.00117779
10 0.49707 0.0409546 0.0976562 0.0367432 0.0011692
3 0.64209 0.689453 0.118164 0.31543 0.00116539
13 0.663086 0.477539 0.0332031 0.176758 0.00116253
13 0.979248 0.947754 0.0258789 0.0830078 0.00115967
1 0.0268555 0.980225 0.0234375 0.0356445 0.00115395
13 0.529297 0.853516 0.0449219 0.195312 0.00115108
13 0.17749 0.80957 0.0214844 0.0292969 0.00115108
10 0.641602 0.68457 0.125 0.331055 0.00114346
6 0.641602 0.68457 0.125 0.331055 0.00113487
2 0.499634 0.0515137 0.102295 0.0421143 0.00113201
2 0.644531 0.698242 0.145508 0.499023 0.00113201
8 0.641602 0.68457 0.125 0.331055 0.00111675
8 0.455933 0.0431519 0.195557 0.0457764 0.00107956
6 0.455566 0.0443878 0.192383 0.0462341 0.0010643
17 0.641602 0.68457 0.125 0.331055 0.00105858
13 0.66748 0.234314 0.0273438 0.1427 0.00105095
11 0.640625 0.683105 0.12793 0.335938 0.00103569
13 0.687988 0.825195 0.0517578 0.157227 0.00102615
13 0.664551 0.420532 0.0380859 0.334717 0.00101757
0 0.498047 0.0419922 0.0957031 0.036499 0.00100994
15 0.49707 0.0409546 0.0976562 0.0367432 0.00100803
3 0.49707 0.0409546 0.0976562 0.0367432 0.00100803
1 0.983398 0.918457 0.0234375 0.0878906 0.00100136
