13 0.214844 0.420654 0.102539 0.279785 0.838379
2 0.0918274 0.158875 0.136658 0.12561 0.70459
2 0.0977783 0.194092 0.129395 0.074707 0.678711
1 0.0889893 0.185181 0.147705 0.0983887 0.584473
2 0.20929 0.421387 0.1073 0.274414 0.566895
13 0.821289 0.187866 0.0537109 0.098877 0.557617
1 0.983154 0.95166 0.0336914 0.0947266 0.455566
1 0.975586 0.96167 0.03125 0.074707 0.225342
2 0.0883789 0.125946 0.138672 0.202209 0.139282
13 0.098999 0.608398 0.0214844 0.0820312 0.111084
1 0.0254211 0.951172 0.0365601 0.0761719 0.0617981
1 0.986328 0.937256 0.0234375 0.0942383 0.0614319
1 0.980469 0.924316 0.0332031 0.149414 0.0449829
13 0.594238 0.809082 0.0732422 0.297852 0.0422668
14 0.0877991 0.180664 0.149109 0.0917969 0.0322571
14 0.0996094 0.197205 0.127197 0.0684814 0.0322571
2 0.0914917 0.19281 0.155884 0.118286 0.026825
13 0.746582 0.645508 0.0234375 0.177734 0.0261688
13 0.0970764 0.192261 0.129089 0.0827637 0.0240631
13 0.746094 0.666504 0.0371094 0.473633 0.0237274
1 0.981201 0.0550385 0.0356445 0.0764465 0.0225372
13 0.0922546 0.135834 0.143127 0.183899 0.0217743
1 0.0967712 0.205017 0.135559 0.0928955 0.0203705
1 0.204468 0.40918 0.0964355 0.264648 0.0191345
9 0.0877991 0.180664 0.149109 0.0917969 0.0188141
13 0.845703 0.175659 0.106445 0.112549 0.0185089
13 0.235779 0.419678 0.203247 0.289551 0.0182037
2 0.235779 0.419678 0.203247 0.289551 0.0181885
1 0.0874023 0.12735 0.136475 0.195984 0.018158
2 0.0986328 0.216675 0.127441 0.105713 0.016922
1 0.975586 0.939209 0.0371094 0.104004 0.0149078
13 0.598633 0.765137 0.0517578 0.0996094 0.014328
1 0.977539 0.144012 0.0390625 0.231018 0.0129089
13 0.741699 0.724609 0.0566406 0.396484 0.0124817
13 0.177704 0.429688 0.188049 0.303711 0.0118484
1 0.0913391 0.195435 0.135681 0.0578613 0.0118027
4 0.740234 0.76123 0.0585938 0.43457 0.0113373
13 0.602539 0.754395 0.0449219 0.150391 0.0110626
13 0.588867 0.734863 0.0683594 0.351562 0.00981903
13 0.749512 0.666992 0.0263672 0.257812 0.0092392
13 0.866699 0.170349 0.169922 0.113403 0.00884247
14 0.217285 0.422119 0.110352 0.288574 0.00817871
2 0.0994873 0.137207 0.198975 0.182129 0.00813293
2 0.0746918 0.202026 0.120392 0.0397949 0.0079422
13 0.187805 0.403809 0.107788 0.269531 0.00779724
13 0.594727 0.76709 0.0556641 0.211914 0.00775909
1 0.0296783 0.917969 0.032196 0.125 0.00770569
13 0.59668 0.783691 0.0634766 0.125 0.0076561
1 0.977539 0.886475 0.0371094 0.20752 0.00728607
1 0.869141 0.0323486 0.242188 0.0324707 0.00654984
14 0.820801 0.187439 0.0595703 0.0977783 0.00623703
13 0.204285 0.403809 0.0924072 0.142578 0.00619888
13 0.0951843 0.607422 0.0274048 0.113281 0.0059166
1 0.0362396 0.0489502 0.0469055 0.0969238 0.00591278
1 0.982666 0.0800323 0.034668 0.123627 0.00586319
1 0.981445 0.968262 0.0292969 0.0576172 0.00585938
13 0.83252 0.179199 0.0722656 0.0991211 0.00547409
13 0.747559 0.697754 0.0429688 0.303711 0.00534821
13 0.101318 0.606934 0.0356445 0.0947266 0.00534821
2 0.0766296 0.190674 0.108948 0.0615234 0.00516129
1 0.820801 0.190796 0.0537109 0.0993652 0.00490189
4 0.968262 0.478027 0.0634766 0.896484 0.0046196
13 0.0371094 0.591797 0.0661621 0.666992 0.00461197
1 0.986328 0.916016 0.0253906 0.0888672 0.00452423
4 0.21637 0.422607 0.106323 0.285645 0.00444412
9 0.090332 0.146851 0.13916 0.156494 0.00439072
9 0.0955811 0.193359 0.126953 0.0644531 0.00433731
4 0.0450439 0.756836 0.0405273 0.423828 0.00431061
14 0.0927429 0.15683 0.131897 0.132629 0.00426102
13 0.0903473 0.198486 0.123993 0.0507812 0.00405884
4 0.745117 0.430664 0.0693359 0.77832 0.00395584
13 0.046875 0.738281 0.0426025 0.460938 0.00392532
13 0.103394 0.612305 0.0227051 0.100586 0.00378609
1 0.972412 0.184387 0.0473633 0.258179 0.00378418
2 0.820801 0.186768 0.0556641 0.0957031 0.00367737
13 0.0546875 0.552124 0.10083 0.69458 0.00357246
13 0.822266 0.15979 0.0625 0.157959 0.0035038
13 0.723145 0.765869 0.0693359 0.429199 0.00340462
2 0.17627 0.417725 0.205078 0.291504 0.00337982
13 0.748535 0.614258 0.0332031 0.231445 0.00330734
2 0.0368652 0.0617371 0.043457 0.11969 0.00329781
1 0.964844 0.964355 0.0527344 0.0634766 0.00325584
13 0.575195 0.720337 0.0644531 0.520264 0.00322914
2 0.0370483 0.0860901 0.0518799 0.157898 0.00320625
14 0.975586 0.960693 0.0332031 0.0727539 0.0030632
9 0.21283 0.423584 0.106079 0.279785 0.00301743
8 0.0888062 0.183777 0.148315 0.0953369 0.00292587
13 0.0771484 0.592163 0.0615234 0.540283 0.00282097
13 0.67334 0.766113 0.0273438 0.0820312 0.00279617
13 0.666504 0.759277 0.0380859 0.0810547 0.00278282
14 0.0236053 0.953369 0.0387268 0.0717773 0.00277901
2 0.0713043 0.19873 0.0815125 0.0349121 0.00274086
13 0.580566 0.836426 0.0654297 0.295898 0.0027256
14 0.982178 0.953125 0.0356445 0.0859375 0.00269318
4 0.0460205 0.616699 0.0544434 0.648438 0.00264549
2 0.413208 0.144775 0.775146 0.259766 0.00263023
13 0.980469 0.14035 0.0351562 0.232971 0.00262642
8 0.217285 0.422119 0.110352 0.288574 0.0026226
13 0.192627 0.36377 0.0703125 0.174316 0.00250053
13 0.0571289 0.106445 0.0800781 0.203369 0.00248528
4 0.0922546 0.135834 0.143127 0.183899 0.00244713
13 0.871094 0.880371 0.0693359 0.03125 0.00244713
2 0.976807 0.961182 0.0327148 0.0698242 0.00240707
1 0.969727 0.069397 0.0410156 0.119507 0.00240707
13 0.550781 0.757812 0.0371094 0.105469 0.00238609
13 0.0605316 0.621704 0.0644836 0.629639 0.00238609
13 0.0815125 0.600098 0.0361938 0.18457 0.0023365
13 0.74707 0.55481 0.0986328 0.845459 0.00226212
13 0.0903625 0.170349 0.13031 0.110474 0.0022068
13 0.0914917 0.19281 0.155884 0.118286 0.00213051
8 0.0918274 0.158875 0.136658 0.12561 0.00213051
13 0.862793 0.878906 0.0849609 0.0478516 0.00209236
6 0.088501 0.183105 0.150635 0.0957031 0.00209045
4 0.088501 0.183105 0.153809 0.0922852 0.00207329
13 0.0458984 0.807129 0.0543213 0.336914 0.00207329
1 0.970947 0.973633 0.0424805 0.0527344 0.00201416
5 0.217285 0.422119 0.110352 0.288574 0.00198936
18 0.217285 0.422119 0.110352 0.288574 0.00196648
13 0.0291901 0.89624 0.0314636 0.186035 0.00196457
13 0.585449 0.769531 0.0722656 0.144531 0.00190067
1 0.0989685 0.608398 0.017395 0.0859375 0.00188065
2 0.097168 0.187866 0.0888672 0.0769043 0.00187778
2 0.11377 0.20343 0.191895 0.160522 0.00187492
4 0.821777 0.188049 0.0537109 0.098999 0.00186634
7 0.217285 0.422119 0.110352 0.288574 0.00186157
17 0.088501 0.183105 0.150635 0.0957031 0.00185966
13 0.745605 0.578491 0.0449219 0.688721 0.00184822
10 0.217285 0.422119 0.110352 0.288574 0.00184631
13 0.106903 0.555664 0.140686 0.707031 0.00183678
13 0.561035 0.870117 0.0380859 0.194336 0.00183105
4 0.749023 0.666626 0.0380859 0.418701 0.00180912
1 0.989746 0.947021 0.0205078 0.0786133 0.00180435
1 0.963623 0.945312 0.0610352 0.09375 0.00178814
11 0.088501 0.183105 0.150635 0.0957031 0.0017271
13 0.748535 0.667114 0.0605469 0.55835 0.00172043
16 0.0888062 0.183777 0.148315 0.0953369 0.00171471
2 0.0248718 0.950928 0.0361938 0.074707 0.00170231
10 0.088501 0.183105 0.150635 0.0957031 0.00170135
12 0.088501 0.183105 0.150635 0.0957031 0.00170135
19 0.217285 0.422119 0.110352 0.288574 0.00169468
19 0.088501 0.183105 0.150635 0.0957031 0.0016613
8 0.0951843 0.192871 0.127991 0.0649414 0.001647
17 0.217285 0.422119 0.110352 0.288574 0.00164413
1 0.039978 0.0775452 0.0574951 0.145203 0.00164413
13 0.983154 0.95166 0.0336914 0.0947266 0.00164223
16 0.217285 0.422119 0.110352 0.288574 0.00162983
3 0.217285 0.422119 0.110352 0.288574 0.00162411
0 0.0888062 0.183777 0.148315 0.0953369 0.00161839
15 0.0888062 0.183777 0.148315 0.0953369 0.00161839
2 0.982178 0.953125 0.0356445 0.0859375 0.00160789
1 0.985352 0.901855 0.0234375 0.15332 0.0015955
3 0.0888062 0.183777 0.148315 0.0953369 0.00159264
7 0.0888062 0.183777 0.148315 0.0953369 0.00159264
4 0.585449 0.779297 0.0761719 0.384766 0.00158882
12 0.217285 0.422119 0.110352 0.288574 0.00156784
5 0.0888062 0.183777 0.148315 0.0953369 0.00155544
11 0.217285 0.422119 0.110352 0.288574 0.0015316
18 0.088501 0.183105 0.150635 0.0957031 0.00153065
1 0.967041 0.138062 0.0483398 0.231201 0.00150871
2 0.131409 0.11441 0.206909 0.206238 0.00150681
2 0.0623474 0.103882 0.09552 0.169678 0.0015049
6 0.217285 0.422119 0.110352 0.288574 0.00149632
13 0.561035 0.799805 0.0400391 0.298828 0.00149441
13 0.0358276 0.0603333 0.0444336 0.118591 0.00146484
2 0.0462646 0.101074 0.0522461 0.169678 0.00145721
15 0.217285 0.422119 0.110352 0.288574 0.00145626
13 0.0940857 0.357178 0.0183716 0.0498047 0.0014534
0 0.217285 0.422119 0.110352 0.288574 0.00141716
13 0.0417633 0.785156 0.0291443 0.375 0.00139713
6 0.0918274 0.158875 0.136658 0.12561 0.00137615
6 0.0955811 0.193359 0.126953 0.0644531 0.00137138
13 0.571289 0.791016 0.0673828 0.208008 0.00136471
2 0.138794 0.193298 0.277588 0.241333 0.0013628
1 0.896484 0.0296631 0.199219 0.0228271 0.00135803
13 0.604004 0.754395 0.0351562 0.0917969 0.00134087
13 0.0340576 0.85083 0.03479 0.270996 0.00132847
13 0.0706787 0.529785 0.141357 0.818359 0.00132179
13 0.0463715 0.697021 0.0605774 0.570801 0.00131798
13 0.545898 0.748047 0.0429688 0.152344 0.00130749
13 0.660156 0.55835 0.199219 0.855957 0.00129414
13 0.560059 0.76709 0.046875 0.0976562 0.00124073
13 0.982422 0.910645 0.0273438 0.166992 0.00123692
13 0.571289 0.782715 0.0566406 0.132812 0.00123596
13 0.641602 0.75 0.0507812 0.103516 0.00123405
13 0.0370483 0.0860901 0.0518799 0.157898 0.00120354
13 0.976807 0.961182 0.0327148 0.0698242 0.00120258
4 0.0951843 0.192871 0.127991 0.0649414 0.00117779
1 0.0273285 0.926025 0.026886 0.0874023 0.00116825
13 0.234863 0.611816 0.0722656 0.341797 0.00116158
14 0.0989685 0.608398 0.017395 0.0859375 0.00115871
1 0.978271 0.979248 0.027832 0.0375977 0.00115681
13 0.556641 0.735107 0.0507812 0.48877 0.00114918
13 0.13916 0.583008 0.126953 0.727539 0.0011425
16 0.0918274 0.158875 0.136658 0.12561 0.00113297
1 0.96875 0.0462036 0.0566406 0.0731201 0.00113106
12 0.0918274 0.158875 0.136658 0.12561 0.0011282
1 0.980469 0.838379 0.0292969 0.282227 0.00112534
13 0.765137 0.677368 0.0810547 0.602295 0.00111961
13 0.043457 0.841797 0.0458984 0.224609 0.00111008
13 0.65918 0.769043 0.0361328 0.0830078 0.00109005
2 0.0989685 0.608398 0.017395 0.0859375 0.00108814
13 0.136963 0.438354 0.273926 0.533447 0.00106525
15 0.0951843 0.192871 0.127991 0.0649414 0.0010643
13 0.847656 0.942383 0.216797 0.0976562 0.00106049
1 0.088562 0.201294 0.121216 0.148193 0.00105572
13 0.0845947 0.592163 0.0427246 0.300049 0.00105
19 0.0898438 0.132416 0.144287 0.190247 0.00104809
9 0.0882263 0.200989 0.14679 0.153687 0.00103378
13 0.601562 0.773438 0.147461 0.240234 0.00102997
1 0.985352 0.965576 0.0292969 0.0688477 0.00102329
13 0.74707 0.64502 0.015625 0.0947266 0.00101757
13 0.0664062 0.626343 0.0423584 0.362549 0.00101185
0 0.0918274 0.158875 0.136658 0.12561 0.00101185
13 0.100861 0.216614 0.12738 0.0999756 0.00100899
