2 0.44165 0.6875 0.279785 0.463867 0.825684
13 0.442017 0.685913 0.270264 0.446533 0.287354
4 0.0521698 0.478882 0.0853577 0.862549 0.157471
1 0.0232544 0.942139 0.0344238 0.0688477 0.0667725
1 0.979492 0.939697 0.0371094 0.106934 0.0446777
1 0.0249023 0.917236 0.0314941 0.112793 0.0198822
1 0.436401 0.703125 0.275635 0.439453 0.019455
2 0.0609741 0.476562 0.10437 0.941406 0.0194244
4 0.935547 0.472534 0.0898438 0.914307 0.0171967
2 0.493774 0.396729 0.858154 0.793457 0.0167236
1 0.979736 0.911133 0.0405273 0.158203 0.015564
2 0.493164 0.308594 0.924805 0.485352 0.0133591
2 0.377258 0.646484 0.416382 0.567383 0.0126648
13 0.409607 0.651489 0.393677 0.523193 0.0117264
14 0.44043 0.695801 0.244141 0.413086 0.0111771
9 0.44043 0.695801 0.244141 0.413086 0.00976562
13 0.632812 0.2771 0.0263672 0.209961 0.00893402
2 0.512207 0.177246 0.886719 0.354492 0.00759506
13 0.638672 0.223633 0.0244141 0.123535 0.00754929
2 0.30481 0.44519 0.550537 0.85376 0.00682449
1 0.0274658 0.953369 0.0483398 0.0874023 0.00675964
4 0.437988 0.695801 0.250977 0.425781 0.00657272
1 0.973633 0.884521 0.0449219 0.203613 0.00624466
4 0.0490723 0.303345 0.0697021 0.551514 0.00615692
13 0.978516 0.866699 0.0390625 0.245117 0.00471115
1 0.025116 0.969238 0.0484009 0.0615234 0.00435638
4 0.0494232 0.622925 0.066925 0.601807 0.00372124
1 0.0367584 0.0437012 0.051239 0.0874023 0.0037117
2 0.513306 0.116547 0.908936 0.193665 0.00366211
1 0.973633 0.893066 0.03125 0.170898 0.0033474
1 0.981445 0.91333 0.0273438 0.14209 0.00333405
13 0.632324 0.311279 0.0380859 0.283203 0.0032692
13 0.0344238 0.869873 0.0450439 0.203613 0.00324059
13 0.0521698 0.478882 0.0853577 0.862549 0.00321007
19 0.44043 0.695801 0.244141 0.413086 0.00312614
16 0.44043 0.695801 0.244141 0.413086 0.00301552
13 0.0241089 0.9021 0.0303955 0.135254 0.00297546
18 0.44043 0.695801 0.244141 0.413086 0.00291443
8 0.44043 0.695801 0.244141 0.413086 0.00288963
3 0.436157 0.694824 0.247803 0.415039 0.002882
7 0.44043 0.695801 0.244141 0.413086 0.00282478
1 0.979736 0.961426 0.0405273 0.0771484 0.00276566
11 0.449585 0.691406 0.259033 0.405273 0.00274277
10 0.44043 0.695801 0.244141 0.413086 0.0027256
13 0.0313263 0.903809 0.0403748 0.151367 0.00265694
15 0.44043 0.695801 0.244141 0.413086 0.00263214
5 0.44043 0.695801 0.244141 0.413086 0.00258255
12 0.44043 0.695801 0.244141 0.413086 0.00253296
0 0.436157 0.694824 0.247803 0.415039 0.00251389
17 0.44043 0.695801 0.244141 0.413086 0.00250244
6 0.44043 0.695801 0.244141 0.413086 0.0024929
13 0.426147 0.779541 0.286377 0.440918 0.002491
1 0.0344238 0.869873 0.0450439 0.203613 0.0022831
2 0.708008 0.473145 0.475586 0.871094 0.00224686
1 0.0313263 0.903809 0.0403748 0.151367 0.00211525
13 0.621094 0.357239 0.0722656 0.458374 0.00196457
2 0.426147 0.779541 0.286377 0.440918 0.0019474
13 0.351074 0.849121 0.111328 0.202148 0.00188065
13 0.402832 0.776855 0.234375 0.317383 0.0018034
13 0.0482788 0.825439 0.0616455 0.294434 0.00176525
13 0.027359 0.927979 0.0279236 0.0834961 0.00169754
13 0.338379 0.794434 0.13623 0.337891 0.00168896
2 0.541016 0.692383 0.418945 0.519531 0.00167465
4 0.0377197 0.471191 0.0754395 0.942383 0.00162029
1 0.0302887 0.945312 0.0293884 0.0703125 0.00143051
1 0.0335693 0.933594 0.0454102 0.113281 0.00138378
13 0.345459 0.716309 0.244141 0.450195 0.00138092
13 0.03125 0.916748 0.0303955 0.11377 0.0013361
1 0.0523834 0.490723 0.0827332 0.890625 0.00130558
2 0.504883 0.668945 0.310547 0.402344 0.00130558
13 0.63623 0.238281 0.0332031 0.165039 0.0012722
2 0.2854 0.664673 0.51123 0.46167 0.0012722
2 0.623047 0.718262 0.587891 0.381836 0.00122547
2 0.39447 0.495972 0.366333 0.713135 0.00121593
1 0.0283051 0.927246 0.0255432 0.0849609 0.00121212
1 0.970703 0.934814 0.0449219 0.120605 0.00119209
13 0.599609 0.309814 0.133789 0.391113 0.00116634
1 0.973389 0.951416 0.0395508 0.0795898 0.00112534
4 0.30481 0.44519 0.550537 0.85376 0.00112247
13 0.0302887 0.945312 0.0293884 0.0703125 0.00109291
13 0.698242 0.472656 0.128906 0.482422 0.00104618
4 0.956787 0.430664 0.0864258 0.861328 0.00104046
4 0.0996094 0.460938 0.178711 0.907227 0.00101852
