1 0.027359 0.936768 0.0326843 0.103027 0.537598
14 0.0237732 0.947998 0.0458374 0.0961914 0.292236
1 0.985352 0.959961 0.0292969 0.078125 0.285645
14 0.984375 0.962646 0.0292969 0.074707 0.272705
1 0.975586 0.960693 0.03125 0.074707 0.0886841
4 0.977051 0.755859 0.0458984 0.488281 0.0666504
4 0.967041 0.722412 0.0463867 0.539551 0.0487366
1 0.0224609 0.923096 0.0328369 0.097168 0.0473938
4 0.0414886 0.334961 0.0574036 0.669922 0.0406799
1 0.0231628 0.960938 0.0425415 0.0722656 0.0382996
2 0.977539 0.962158 0.03125 0.0756836 0.029007
14 0.0240479 0.966064 0.0432129 0.0600586 0.025116
14 0.976562 0.960205 0.03125 0.0756836 0.0191193
4 0.96875 0.888672 0.0546875 0.220703 0.0163727
4 0.983643 0.941406 0.0327148 0.117188 0.0134659
4 0.0317383 0.803955 0.0397949 0.356934 0.0108261
4 0.603516 0.49646 0.119141 0.903564 0.00968933
4 0.598633 0.33252 0.0791016 0.578125 0.00926971
2 0.984863 0.959473 0.0302734 0.0791016 0.0087204
1 0.0283203 0.906982 0.0349121 0.13916 0.00871277
14 0.894043 0.397461 0.03125 0.0170898 0.0067749
1 0.982178 0.942871 0.027832 0.114258 0.0066452
2 0.024231 0.946777 0.0458984 0.102539 0.00662994
13 0.973633 0.807617 0.0410156 0.375 0.00637054
4 0.03302 0.249512 0.0491943 0.499023 0.00636673
2 0.0317993 0.432617 0.0577393 0.865234 0.00614929
14 0.0263672 0.932129 0.0341797 0.0986328 0.00564575
4 0.960693 0.420166 0.0551758 0.840332 0.00522995
4 0.979492 0.958008 0.0390625 0.078125 0.00494003
4 0.976318 0.931396 0.0473633 0.137207 0.00473785
13 0.973877 0.847656 0.0483398 0.229492 0.00459671
13 0.978516 0.961914 0.03125 0.0722656 0.00447083
1 0.983398 0.0590057 0.0234375 0.0619202 0.00446701
1 0.982666 0.923584 0.034668 0.152832 0.00434494
14 0.767578 0.239746 0.0302734 0.0400391 0.00424957
4 0.958252 0.629272 0.0600586 0.741455 0.00380898
4 0.980469 0.889648 0.0390625 0.216797 0.00379753
1 0.986328 0.970703 0.0234375 0.0585938 0.00359154
4 0.949707 0.527954 0.0830078 0.938232 0.00357246
1 0.974609 0.951904 0.0429688 0.0961914 0.00330734
4 0.967285 0.337769 0.0458984 0.592041 0.00317955
1 0.0294189 0.945068 0.0496826 0.10791 0.00316429
4 0.969727 0.828125 0.046875 0.273438 0.00307274
4 0.979004 0.839111 0.0419922 0.321777 0.00292969
4 0.0317993 0.432617 0.0577393 0.865234 0.00290108
1 0.975342 0.18103 0.0317383 0.248291 0.00288391
4 0.0292969 0.922852 0.0388184 0.126953 0.00281715
4 0.0398254 0.494141 0.0796509 0.958984 0.00281334
4 0.979492 0.271973 0.0410156 0.492188 0.00276184
13 0.966309 0.887451 0.0537109 0.203613 0.00270271
14 0.0237885 0.921143 0.0422668 0.14209 0.00266266
14 0.895996 0.229736 0.0263672 0.0185547 0.00248718
1 0.972656 0.912842 0.0449219 0.154785 0.00242805
13 0.981201 0.89624 0.0375977 0.199707 0.00232697
4 0.975586 0.617554 0.0429688 0.706299 0.00228119
1 0.984375 0.918213 0.0253906 0.132324 0.00222206
13 0.98584 0.959473 0.0283203 0.0810547 0.0022049
1 0.0287323 0.130035 0.030426 0.169617 0.00219917
4 0.589844 0.374268 0.112305 0.748535 0.00218964
1 0.0235291 0.92749 0.043396 0.129395 0.00217628
1 0.978271 0.0496216 0.0415039 0.0375977 0.0021553
14 0.0287323 0.130035 0.030426 0.169617 0.00211906
2 0.0501099 0.495117 0.0970459 0.958984 0.00211525
9 0.984375 0.960205 0.03125 0.0795898 0.00205803
13 0.024231 0.946777 0.0458984 0.102539 0.0019455
9 0.024231 0.946777 0.0458984 0.102539 0.00191498
1 0.0255585 0.0898132 0.0235901 0.167053 0.00188541
1 0.984375 0.980469 0.0234375 0.0390625 0.0018425
4 0.939209 0.963379 0.100098 0.0654297 0.00183678
4 0.0498047 0.476196 0.0604248 0.770264 0.00183201
4 0.984375 0.961426 0.0253906 0.0771484 0.00169659
4 0.034668 0.707153 0.0455322 0.585693 0.00169277
4 0.975586 0.362915 0.0429688 0.701904 0.00166416
1 0.0209198 0.0563965 0.0211487 0.104248 0.00163746
2 0.981201 0.89624 0.0375977 0.199707 0.00156975
2 0.0263672 0.932129 0.0341797 0.0986328 0.0015316
1 0.973877 0.141174 0.0444336 0.184448 0.00151157
1 0.989746 0.960449 0.0205078 0.0791016 0.00151062
4 0.957275 0.958496 0.0834961 0.0810547 0.00148869
1 0.0317383 0.803955 0.0397949 0.356934 0.00146294
13 0.0273438 0.934814 0.0325928 0.097168 0.00143051
14 0.985352 0.941406 0.0292969 0.117188 0.00140285
2 0.0281372 0.364624 0.0438232 0.651611 0.00139999
13 0.982178 0.942871 0.027832 0.114258 0.00139046
4 0.982178 0.914795 0.0317383 0.137207 0.0013752
1 0.975586 0.134552 0.03125 0.141052 0.00137424
2 0.96875 0.888672 0.0546875 0.220703 0.0013628
1 0.97998 0.893799 0.0400391 0.19873 0.00131035
2 0.0233154 0.964355 0.0423584 0.0634766 0.00126648
8 0.984863 0.959473 0.0302734 0.0791016 0.00118351
1 0.975586 0.970459 0.0449219 0.0532227 0.00115681
1 0.984863 0.123291 0.0302734 0.126221 0.00115108
2 0.974609 0.951904 0.0429688 0.0961914 0.00114441
1 0.945312 0.95166 0.0898438 0.0869141 0.00112629
13 0.966309 0.810059 0.0341797 0.210938 0.00104904
2 0.0314941 0.58252 0.0507812 0.834961 0.00104618
4 0.022934 0.947266 0.0444641 0.0996094 0.00102901
1 0.03125 0.964844 0.0350342 0.0644531 0.00100708
