1 0.985352 0.968506 0.0214844 0.059082 0.116272
4 0.951416 0.526855 0.0952148 0.944336 0.0291748
1 0.986328 0.948486 0.0195312 0.0952148 0.0261993
1 0.0243225 0.928711 0.0316772 0.132812 0.023941
14 0.0258179 0.94043 0.0343018 0.109375 0.0207062
1 0.0283203 0.951172 0.0239258 0.0664062 0.0174866
1 0.986816 0.958984 0.0263672 0.0722656 0.0115662
2 0.0363159 0.463623 0.0545654 0.880371 0.0113525
1 0.984375 0.944336 0.03125 0.111328 0.0100937
2 0.0274658 0.943604 0.0349121 0.101074 0.00765228
1 0.0283203 0.941406 0.0340576 0.0742188 0.00749969
1 0.0247803 0.965576 0.029541 0.0571289 0.00626755
14 0.986816 0.964844 0.0263672 0.0625 0.00508881
1 0.979492 0.924316 0.03125 0.143555 0.00452423
2 0.0225525 0.907471 0.0319214 0.175293 0.00450897
4 0.97876 0.315918 0.0424805 0.631836 0.00440216
2 0.0397644 0.496582 0.0795288 0.936523 0.00423813
1 0.0263824 0.928223 0.0246277 0.100586 0.00419617
1 0.0227661 0.89624 0.0383301 0.199707 0.00413895
4 0.979736 0.819336 0.0288086 0.351562 0.00386047
4 0.971436 0.396729 0.0473633 0.750488 0.0030632
2 0.028183 0.325928 0.0513 0.624512 0.00304031
1 0.979736 0.966309 0.0366211 0.0615234 0.00296402
4 0.280762 0.521973 0.147461 0.893555 0.00294495
4 0.978516 0.757812 0.0371094 0.484375 0.00289726
9 0.0235901 0.928467 0.0342407 0.137207 0.00242996
2 0.0362396 0.448242 0.0173645 0.0488281 0.0023632
1 0.0296173 0.970947 0.0259705 0.0463867 0.00225067
1 0.980469 0.891846 0.0253906 0.206543 0.00218773
14 0.0293121 0.969727 0.0248718 0.0429688 0.00213623
1 0.990723 0.962402 0.0185547 0.0673828 0.00211906
2 0.987793 0.964844 0.0244141 0.0664062 0.00208282
4 0.977051 0.47998 0.0458984 0.887695 0.0020771
1 0.986328 0.979248 0.0195312 0.0395508 0.00194645
1 0.0214844 0.953613 0.026001 0.0595703 0.00185108
2 0.0258942 0.863037 0.0336609 0.258301 0.00184822
4 0.981201 0.210693 0.0375977 0.35498 0.00178146
1 0.023407 0.952881 0.0413208 0.0844727 0.00172615
4 0.971924 0.710083 0.0444336 0.579834 0.0016861
14 0.625977 0.839844 0.0117188 0.0136719 0.00149441
13 0.0362396 0.448242 0.0173645 0.0488281 0.00141239
2 0.0289154 0.961426 0.0295715 0.0634766 0.00137615
1 0.158447 0.963623 0.27832 0.0395508 0.00136185
4 0.962646 0.608887 0.0668945 0.782227 0.00134754
1 0.0253906 0.0749512 0.0236816 0.116699 0.00134754
2 0.0442505 0.360352 0.0531006 0.643555 0.00128078
1 0.985352 0.971924 0.0292969 0.0541992 0.00116634
13 0.0243225 0.928711 0.0316772 0.132812 0.00114822
4 0.0397644 0.496582 0.0795288 0.936523 0.00113392
14 0.625977 0.839355 0.015625 0.0175781 0.001091
1 0.0264282 0.0572357 0.0228271 0.0749817 0.0010128
