2 0.400024 0.313782 0.576904 0.480835 0.894043
2 0.448242 0.231445 0.538086 0.294922 0.0713501
2 0.347595 0.367615 0.463013 0.345825 0.0479126
1 0.984375 0.958252 0.03125 0.0776367 0.0343933
13 0.282227 0.0675049 0.0244141 0.0720215 0.0331421
2 0.317078 0.474121 0.422485 0.551758 0.0262299
13 0.534058 0.528076 0.62915 0.936035 0.0225983
2 0.398438 0.463745 0.519531 0.724854 0.0186768
4 0.0528564 0.489258 0.105713 0.954102 0.0165863
2 0.522827 0.366333 0.751221 0.382568 0.0159302
2 0.283691 0.0690002 0.0273438 0.0744019 0.014801
13 0.129395 0.279297 0.0412598 0.0839844 0.0137177
2 0.543945 0.434448 0.777344 0.726807 0.0113983
4 0.413696 0.324951 0.514404 0.395996 0.0112686
13 0.408813 0.314087 0.531982 0.377686 0.0106888
14 0.407104 0.315918 0.537354 0.397461 0.00920868
2 0.478027 0.196289 0.392578 0.205078 0.00900269
1 0.411743 0.321716 0.559326 0.384888 0.00886536
2 0.406494 0.315674 0.324707 0.505371 0.00849152
1 0.983398 0.940186 0.0273438 0.115723 0.00835419
1 0.0340576 0.932617 0.0444336 0.126953 0.00805664
2 0.386353 0.305359 0.43042 0.346313 0.00801849
1 0.977539 0.956299 0.0332031 0.0854492 0.00791931
9 0.406006 0.312866 0.531738 0.403564 0.00788116
2 0.0528564 0.489258 0.105713 0.954102 0.00764847
13 0.0317993 0.168213 0.0499268 0.336426 0.00624847
2 0.0285645 0.941162 0.0367432 0.105957 0.00561142
13 0.48584 0.514282 0.164062 0.838623 0.0054512
1 0.0380859 0.0554199 0.0457764 0.0961914 0.00430298
13 0.487793 0.520508 0.0791016 0.311523 0.00426865
1 0.983154 0.912109 0.0317383 0.142578 0.00397491
2 0.286621 0.439331 0.322754 0.242432 0.00374985
1 0.0235901 0.948242 0.0388794 0.0878906 0.00359344
1 0.038269 0.835938 0.0528564 0.289062 0.00347328
13 0.289062 0.067276 0.0288086 0.0746765 0.00325775
4 0.956787 0.514282 0.0805664 0.858154 0.00324249
13 0.280273 0.0676575 0.0361328 0.0814819 0.00324059
13 0.0324097 0.258423 0.0648193 0.512451 0.00314331
2 0.291016 0.0670166 0.0302734 0.064209 0.00304222
13 0.516479 0.594727 0.474854 0.664062 0.00301933
2 0.407715 0.422363 0.537109 0.351562 0.00299644
13 0.495605 0.583496 0.0478516 0.112305 0.00298309
1 0.973633 0.16571 0.0390625 0.289673 0.00297165
13 0.0373535 0.9021 0.0499268 0.168457 0.00296211
13 0.503906 0.538086 0.0732422 0.438477 0.00292015
1 0.970459 0.053772 0.0473633 0.0782471 0.00276947
13 0.497925 0.57373 0.0930176 0.214844 0.00274849
13 0.524902 0.554077 0.166992 0.844971 0.00251007
1 0.982422 0.969727 0.03125 0.0527344 0.00247002
19 0.406006 0.312866 0.531738 0.403564 0.00246048
1 0.978271 0.115143 0.0375977 0.183777 0.0023098
13 0.0359497 0.865234 0.0552979 0.253906 0.00230408
13 0.488403 0.523315 0.0661621 0.2229 0.00228882
13 0.510254 0.615723 0.112305 0.268555 0.00228882
8 0.407104 0.315918 0.537354 0.397461 0.00226784
16 0.407104 0.315918 0.537354 0.397461 0.0022583
18 0.407104 0.315918 0.537354 0.397461 0.00222397
13 0.537476 0.502441 0.331299 0.90332 0.00222015
3 0.407104 0.315918 0.537354 0.397461 0.00209808
17 0.406006 0.312866 0.531738 0.403564 0.00209045
15 0.408813 0.314087 0.531982 0.377686 0.0020256
11 0.407104 0.315918 0.537354 0.397461 0.00199509
7 0.406006 0.312866 0.531738 0.403564 0.00199318
1 0.0326538 0.897217 0.046875 0.187988 0.00194263
2 0.264709 0.306274 0.371948 0.465576 0.00189495
1 0.0354614 0.0679932 0.0601807 0.129395 0.00185299
13 0.495605 0.59082 0.0546875 0.181641 0.00184822
2 0.129395 0.277588 0.043457 0.0893555 0.00181007
5 0.408813 0.314087 0.531982 0.377686 0.00180817
0 0.407104 0.315918 0.537354 0.397461 0.00177383
13 0.0239105 0.0991211 0.0439758 0.198242 0.00168896
12 0.407104 0.315918 0.537354 0.397461 0.00168037
2 0.031189 0.244385 0.0623779 0.48877 0.00167084
6 0.407104 0.315918 0.537354 0.397461 0.00165462
10 0.407104 0.315918 0.537354 0.397461 0.001647
13 0.510254 0.602539 0.0664062 0.166016 0.00164604
2 0.317139 0.452393 0.375488 0.370605 0.0016098
13 0.126709 0.275391 0.0634766 0.0883789 0.00158691
2 0.344482 0.217224 0.619629 0.382935 0.00155354
13 0.288818 0.0643463 0.0449219 0.0898132 0.00151062
13 0.194275 0.67041 0.0645752 0.0722656 0.00150204
1 0.982178 0.858154 0.0317383 0.279785 0.00137711
1 0.975586 0.899902 0.0390625 0.198242 0.00137138
2 0.247559 0.408203 0.257324 0.332031 0.00132465
1 0.0270081 0.918701 0.0402222 0.131348 0.00130749
13 0.779785 0.357666 0.0332031 0.0546875 0.00129128
4 0.92627 0.512085 0.114258 0.927002 0.00127602
1 0.000320435 0.524292 0.000640869 0.896729 0.00127125
1 0.0473785 0.915771 0.0675964 0.156738 0.00126266
2 0.289551 0.0661011 0.0507812 0.0794678 0.00125504
2 0.459717 0.162109 0.427246 0.324219 0.00125313
4 0.0378265 0.485962 0.0647278 0.776123 0.00125027
1 0.979492 0.707031 0.0371094 0.4375 0.00124454
4 0.981689 0.790527 0.0327148 0.399414 0.00124359
2 0.00521851 0.520752 0.010437 0.958496 0.0012331
13 0.448242 0.231445 0.538086 0.294922 0.00118065
13 0.48291 0.520142 0.146484 0.508545 0.00116158
1 0.97583 0.940674 0.0444336 0.106934 0.00115204
13 0.521484 0.611694 0.143555 0.542236 0.00114346
1 0.0235138 0.967529 0.0396423 0.0629883 0.00112438
1 0.129395 0.279541 0.0439453 0.0883789 0.00111771
13 0.503418 0.541504 0.0576172 0.246094 0.00110245
2 0.549316 0.209473 0.306641 0.212891 0.00109673
14 0.28418 0.0679474 0.0263672 0.0735779 0.001091
13 0.431396 0.495117 0.388184 0.827148 0.00104904
13 0.0397339 0.769531 0.050415 0.425781 0.00101757
