13 0.578613 0.828613 0.177734 0.152344 0.794922
13 0.50061 0.830078 0.33667 0.15625 0.741211
13 0.102783 0.670898 0.106934 0.226562 0.578125
13 0.390015 0.824219 0.216064 0.151367 0.412354
1 0.983643 0.949219 0.0327148 0.0957031 0.402588
13 0.143066 0.603027 0.0354004 0.0810547 0.390137
13 0.557617 0.939697 0.0742188 0.081543 0.332764
2 0.496582 0.828613 0.34668 0.158203 0.24292
1 0.982422 0.925293 0.0332031 0.139648 0.159546
13 0.52832 0.933594 0.0429688 0.0996094 0.152832
1 0.977539 0.959229 0.0351562 0.0776367 0.130981
2 0.411133 0.819824 0.200195 0.143555 0.0942993
1 0.0299683 0.954346 0.045166 0.081543 0.0916748
13 0.133423 0.603027 0.0349121 0.0859375 0.0911255
2 0.348999 0.842773 0.333252 0.196289 0.0893555
13 0.569824 0.940918 0.0615234 0.0693359 0.0825195
1 0.0341797 0.95752 0.0334473 0.0654297 0.0717773
1 0.980713 0.970703 0.034668 0.0507812 0.0686035
13 0.433594 0.811035 0.202148 0.123047 0.0601807
2 0.274109 0.858154 0.473267 0.234863 0.0564575
13 0.405334 0.829102 0.394409 0.136719 0.0518799
13 0.484253 0.829102 0.215088 0.138672 0.0382385
13 0.0722961 0.730957 0.0516968 0.110352 0.0301514
4 0.94873 0.501831 0.0830078 0.986572 0.0227203
13 0.132812 0.628906 0.0493164 0.12793 0.0217896
13 0.332703 0.83252 0.392212 0.178711 0.0211792
1 0.984375 0.931152 0.0292969 0.0908203 0.0202637
13 0.0678711 0.754883 0.0411377 0.0742188 0.0200958
4 0.0648804 0.494141 0.09021 0.919922 0.0185547
4 0.0490723 0.794434 0.052002 0.391602 0.0153732
1 0.975342 0.936035 0.0375977 0.114258 0.0150604
13 0.0516357 0.754395 0.0557861 0.387695 0.014328
13 0.393311 0.822754 0.147461 0.125977 0.0130844
13 0.575684 0.878418 0.179688 0.148438 0.012764
1 0.035965 0.932373 0.0384216 0.123535 0.012291
13 0.0846405 0.588379 0.120026 0.754883 0.0114288
13 0.0634003 0.733887 0.0897522 0.40332 0.0111618
13 0.274109 0.858154 0.473267 0.234863 0.0105286
2 0.583008 0.82959 0.176758 0.157227 0.0103149
1 0.581055 0.830078 0.179688 0.154297 0.010231
1 0.10376 0.67041 0.106445 0.223633 0.00952148
13 0.0865784 0.677734 0.158875 0.271484 0.00947571
1 0.984375 0.868652 0.0273438 0.249023 0.00939941
1 0.976807 0.884521 0.0424805 0.211426 0.00931549
13 0.558594 0.937744 0.126953 0.097168 0.00907898
14 0.142578 0.601074 0.0322266 0.0830078 0.00906372
14 0.581055 0.830078 0.179688 0.154297 0.00868988
2 0.105133 0.670898 0.114441 0.237305 0.0085907
1 0.520874 0.82959 0.298096 0.157227 0.00853729
14 0.496094 0.828125 0.344727 0.148438 0.0085144
1 0.987305 0.902832 0.0234375 0.166992 0.00828552
13 0.129395 0.623047 0.0922852 0.146484 0.00816345
1 0.13623 0.60498 0.0356445 0.0917969 0.00813293
13 0.0424805 0.86084 0.0419922 0.25293 0.0079422
13 0.0695801 0.748047 0.0637207 0.280273 0.00758362
13 0.548218 0.932129 0.19458 0.102539 0.00747299
14 0.0299683 0.953857 0.0467529 0.0805664 0.00736237
4 0.0444336 0.397095 0.0556641 0.660889 0.00719833
2 0.425293 0.831543 0.362305 0.137695 0.00697708
13 0.571289 0.847656 0.245117 0.239258 0.00696945
13 0.0846558 0.728027 0.0889893 0.367188 0.00667572
13 0.0535889 0.705078 0.0662842 0.578125 0.0066185
13 0.0488129 0.822754 0.0451965 0.311523 0.00653458
2 0.142578 0.603516 0.0302734 0.0869141 0.00651932
13 0.441528 0.802246 0.140381 0.0957031 0.00556946
13 0.0610352 0.768066 0.0343018 0.199219 0.0055275
13 0.566895 0.831055 0.110352 0.137695 0.00540161
4 0.568359 0.829102 0.167969 0.138672 0.00534058
2 0.0605469 0.822021 0.0532227 0.30127 0.00530624
2 0.341675 0.836914 0.482666 0.158203 0.00528717
9 0.496582 0.828613 0.34668 0.158203 0.0051918
13 0.538086 0.931641 0.0498047 0.0820312 0.0050354
1 0.143066 0.600098 0.0319824 0.0810547 0.0048027
13 0.390381 0.70752 0.0317383 0.102539 0.00471878
13 0.526489 0.915283 0.259521 0.14209 0.00471878
13 0.393066 0.726562 0.0273438 0.0683594 0.0045929
4 0.102783 0.670898 0.106934 0.226562 0.00458908
4 0.984375 0.79541 0.0292969 0.37793 0.00449371
13 0.151367 0.608398 0.0395508 0.0986328 0.00434875
13 0.0327148 0.11972 0.0262451 0.179016 0.00418091
2 0.45166 0.807617 0.209961 0.111328 0.00418091
13 0.0610962 0.749512 0.0499268 0.107422 0.00407791
4 0.500977 0.828613 0.326172 0.150391 0.00392914
1 0.0317383 0.046875 0.0439453 0.0792236 0.00380898
1 0.984863 0.976807 0.0302734 0.0463867 0.00368881
4 0.395508 0.824219 0.211914 0.144531 0.00360298
13 0.145508 0.584473 0.0407715 0.0957031 0.00351334
2 0.068634 0.864502 0.0848999 0.270996 0.00335884
13 0.0812988 0.730469 0.0705566 0.203125 0.0032692
2 0.560547 0.942383 0.0839844 0.0820312 0.00322342
14 0.411133 0.819824 0.200195 0.143555 0.00309944
13 0.383911 0.811035 0.279053 0.245117 0.00305367
1 0.982422 0.983398 0.0332031 0.0253906 0.00304222
2 0.134277 0.603516 0.0383301 0.0917969 0.00304031
1 0.557617 0.939697 0.0742188 0.081543 0.00297928
4 0.313354 0.85498 0.500244 0.21875 0.00276756
13 0.398682 0.710449 0.0351562 0.102539 0.0026989
13 0.545288 0.814941 0.205322 0.119141 0.00268936
13 0.787842 0.958496 0.400879 0.0732422 0.00268364
13 0.132782 0.679199 0.195374 0.268555 0.00267792
13 0.0648804 0.494141 0.09021 0.919922 0.00261497
1 0.38916 0.824219 0.209961 0.144531 0.0025959
13 0.140381 0.546265 0.0466309 0.169189 0.00256157
1 0.0561981 0.824219 0.0504456 0.304688 0.00255013
13 0.0563965 0.737305 0.0375977 0.216797 0.00251389
4 0.968994 0.733398 0.0483398 0.507812 0.00250435
4 0.0332031 0.759766 0.0554199 0.474609 0.00242805
13 0.37561 0.89502 0.533936 0.166992 0.002388
14 0.102783 0.670898 0.106934 0.226562 0.00237083
13 0.127197 0.596191 0.0534668 0.0976562 0.0023613
4 0.041748 0.276306 0.0527344 0.451294 0.00234413
4 0.955566 0.396729 0.0712891 0.694824 0.00233078
4 0.0846405 0.588379 0.120026 0.754883 0.00231171
1 0.0285645 0.0650024 0.0327148 0.118774 0.00221062
13 0.102051 0.595581 0.109131 0.261963 0.00220871
13 0.0654297 0.775391 0.0412598 0.113281 0.0022049
13 0.0614014 0.798828 0.0474854 0.283203 0.00219727
1 0.0236511 0.938965 0.0436401 0.106445 0.00218582
4 0.976318 0.235107 0.0454102 0.427246 0.00217438
13 0.520508 0.891113 0.125977 0.206055 0.00217056
13 0.569336 0.926514 0.0888672 0.100098 0.00215912
13 0.480835 0.874756 0.262939 0.213379 0.00214195
1 0.03125 0.937744 0.0367432 0.0854492 0.00211906
13 0.518555 0.920898 0.0537109 0.0917969 0.00210953
10 0.142578 0.603516 0.0302734 0.0869141 0.0020504
2 0.484253 0.829102 0.215088 0.138672 0.00201035
13 0.541992 0.925293 0.0761719 0.0888672 0.00199509
1 0.961182 0.942383 0.0717773 0.0996094 0.00198555
4 0.0535889 0.705078 0.0662842 0.578125 0.00195694
14 0.558594 0.937988 0.078125 0.0810547 0.00193691
1 0.977539 0.820068 0.0371094 0.348145 0.00192642
13 0.0678711 0.711914 0.0516357 0.170898 0.00187874
13 0.549805 0.888428 0.0986328 0.195801 0.0018692
13 0.398682 0.730469 0.0249023 0.0644531 0.00185966
13 0.364502 0.959717 0.621582 0.0766602 0.00185013
8 0.583008 0.82959 0.176758 0.157227 0.00183296
2 0.0326538 0.947998 0.0384521 0.090332 0.0018177
1 0.0424805 0.94873 0.0501709 0.0751953 0.00181198
13 0.388672 0.694824 0.0424805 0.124023 0.00180817
13 0.148438 0.524414 0.0817871 0.174805 0.00180721
1 0.0487061 0.913086 0.0561523 0.15625 0.00178909
13 0.984375 0.908691 0.0273438 0.174805 0.00177383
13 0.579102 0.917725 0.168945 0.13916 0.00176716
13 0.0497894 0.852539 0.0659485 0.265625 0.00176239
1 0.700195 0.0421143 0.219727 0.0283203 0.00174141
8 0.498901 0.828125 0.32251 0.15625 0.00172138
2 0.0682373 0.918701 0.0969238 0.154785 0.00170708
14 0.976562 0.95874 0.0371094 0.074707 0.00170135
1 0.0491943 0.864014 0.0527344 0.26416 0.00169182
4 0.914307 0.505005 0.138184 0.966553 0.00169182
5 0.498901 0.828125 0.32251 0.15625 0.0016613
14 0.134277 0.603516 0.0383301 0.0917969 0.00165558
13 0.581055 0.930176 0.0732422 0.0693359 0.00165176
1 0.0356445 0.113983 0.0299072 0.14801 0.00164223
7 0.498901 0.828125 0.32251 0.15625 0.00164223
9 0.578613 0.828613 0.175781 0.149414 0.00164223
13 0.493164 0.924561 0.119141 0.123535 0.00161934
2 0.0496368 0.939453 0.0660095 0.101562 0.00161171
7 0.583008 0.82959 0.176758 0.157227 0.00156116
13 0.513672 0.945068 0.233398 0.0942383 0.001544
6 0.498901 0.828125 0.32251 0.15625 0.00154305
13 0.983643 0.949219 0.0327148 0.0957031 0.0015192
5 0.583008 0.82959 0.176758 0.157227 0.0015192
13 0.644409 0.937988 0.351807 0.118164 0.00150585
18 0.498901 0.828125 0.32251 0.15625 0.00150108
4 0.557617 0.939697 0.0742188 0.081543 0.00149822
12 0.583008 0.82959 0.176758 0.157227 0.00148964
2 0.038147 0.884766 0.052002 0.21875 0.00147057
18 0.583008 0.82959 0.176758 0.157227 0.0014677
13 0.394043 0.745117 0.0336914 0.108398 0.0014658
11 0.142578 0.603516 0.0302734 0.0869141 0.00145626
4 0.972656 0.334473 0.0546875 0.578125 0.00145245
3 0.583008 0.82959 0.176758 0.157227 0.00143814
3 0.498901 0.828125 0.32251 0.15625 0.00143242
19 0.50061 0.830078 0.33667 0.15625 0.0014286
13 0.0336914 0.86499 0.036377 0.230957 0.00142479
10 0.498901 0.828125 0.32251 0.15625 0.00141621
4 0.0634003 0.733887 0.0897522 0.40332 0.00141144
11 0.498901 0.828125 0.32251 0.15625 0.00140476
12 0.498901 0.828125 0.32251 0.15625 0.00140476
7 0.102783 0.670898 0.106934 0.226562 0.0014019
2 0.715088 0.474609 0.526855 0.704102 0.00139713
17 0.498901 0.828125 0.32251 0.15625 0.00139427
14 0.98291 0.948486 0.0341797 0.0991211 0.00139236
2 0.982666 0.950439 0.034668 0.0854492 0.00138474
16 0.498901 0.828125 0.32251 0.15625 0.00136185
13 0.535645 0.948975 0.0400391 0.0766602 0.00136089
1 0.984375 0.79541 0.0292969 0.37793 0.00135517
13 0.120117 0.54248 0.101562 0.305664 0.00135231
10 0.583008 0.82959 0.176758 0.157227 0.0013361
15 0.498901 0.828125 0.32251 0.15625 0.00133038
13 0.0356598 0.911133 0.0351257 0.160156 0.0013237
5 0.102783 0.670898 0.106934 0.226562 0.00131702
15 0.583008 0.82959 0.176758 0.157227 0.00131607
18 0.102783 0.670898 0.106934 0.226562 0.00130177
0 0.5 0.835938 0.293945 0.189453 0.00129795
3 0.102783 0.670898 0.106934 0.226562 0.00129128
8 0.102783 0.670898 0.106934 0.226562 0.00129128
6 0.583008 0.82959 0.176758 0.157227 0.0012846
12 0.142578 0.603516 0.0302734 0.0869141 0.00125694
13 0.107422 0.605957 0.103516 0.0976562 0.00125217
9 0.411133 0.819824 0.200195 0.143555 0.00125217
9 0.142578 0.603516 0.0302734 0.0869141 0.00124645
1 0.569824 0.940918 0.0615234 0.0693359 0.00122261
13 0.393799 0.792969 0.0620117 0.0742188 0.00121593
16 0.583008 0.82959 0.176758 0.157227 0.00121212
12 0.102783 0.670898 0.106934 0.226562 0.00119972
16 0.102783 0.670898 0.106934 0.226562 0.00119495
6 0.142578 0.603516 0.0302734 0.0869141 0.00118065
18 0.142578 0.603516 0.0302734 0.0869141 0.00118065
13 0.553223 0.922607 0.0908203 0.119629 0.00115013
17 0.583008 0.82959 0.176758 0.157227 0.00113869
19 0.583008 0.82959 0.176758 0.157227 0.00113869
11 0.583008 0.82959 0.176758 0.157227 0.0011301
0 0.583008 0.82959 0.176758 0.157227 0.00112629
10 0.102783 0.670898 0.106934 0.226562 0.00112247
2 0.52832 0.933594 0.0429688 0.0996094 0.00111961
13 0.10965 0.714844 0.13031 0.382812 0.0011034
9 0.102783 0.670898 0.106934 0.226562 0.00108814
13 0.0670166 0.753418 0.0512695 0.165039 0.00108624
6 0.102783 0.670898 0.106934 0.226562 0.00107956
13 0.0492554 0.897949 0.0574951 0.194336 0.00107574
13 0.137695 0.583984 0.0930176 0.171875 0.00107574
15 0.102783 0.670898 0.106934 0.226562 0.00107098
17 0.102783 0.670898 0.106934 0.226562 0.00107098
2 0.0678711 0.499512 0.104736 0.944336 0.00106239
1 0.0317383 0.905029 0.03125 0.166504 0.00105476
1 0.961914 0.962158 0.0664062 0.065918 0.00104046
2 0.37561 0.89502 0.533936 0.166992 0.00101948
1 0.972656 0.974121 0.0449219 0.0517578 0.00101662
13 0.0326538 0.947998 0.0384521 0.090332 0.00101089
1 0.0351562 0.88208 0.0400391 0.218262 0.00100899
13 0.59668 0.803223 0.209961 0.217773 0.00100708
11 0.102783 0.670898 0.106934 0.226562 0.00100613
