13 0.521606 0.824219 0.249756 0.191406 0.796387
2 0.516113 0.822266 0.243164 0.182617 0.585938
1 0.980469 0.940918 0.03125 0.0986328 0.549805
1 0.979492 0.921143 0.0371094 0.130371 0.266113
1 0.985352 0.917236 0.0214844 0.132324 0.0921021
1 0.0257874 0.938965 0.0426636 0.0966797 0.0782471
13 0.495483 0.797363 0.227783 0.147461 0.04953
1 0.975586 0.887207 0.0351562 0.200195 0.0229645
1 0.026825 0.946045 0.0332642 0.0727539 0.0203094
1 0.984375 0.916504 0.0292969 0.0898438 0.0163422
14 0.51416 0.822754 0.205078 0.182617 0.0140991
1 0.980469 0.0531464 0.0371094 0.0812073 0.0112686
1 0.51416 0.822754 0.205078 0.182617 0.0111465
1 0.0279541 0.904053 0.039917 0.158691 0.0110626
4 0.51416 0.822754 0.205078 0.182617 0.0099411
1 0.0310059 0.0455933 0.0418701 0.0911865 0.00944519
1 0.972412 0.935547 0.0415039 0.101562 0.00935364
4 0.974609 0.270752 0.0507812 0.519043 0.00912476
1 0.969482 0.059845 0.0395508 0.108337 0.00871277
9 0.51416 0.822754 0.205078 0.182617 0.00814056
13 0.174072 0.497559 0.0300293 0.0830078 0.00765991
1 0.0316772 0.869629 0.0413818 0.202148 0.00665665
1 0.978516 0.822021 0.0371094 0.33252 0.00645447
1 0.984375 0.887939 0.0292969 0.181152 0.00600052
1 0.975586 0.954346 0.0351562 0.0874023 0.00590134
13 0.259033 0.581055 0.0610352 0.150391 0.0051651
13 0.672852 0.956055 0.0175781 0.03125 0.00470352
1 0.968506 0.0480194 0.0571289 0.0902405 0.0046463
4 0.0322876 0.791748 0.0406494 0.416504 0.00460052
13 0.760742 0.542969 0.0244141 0.154297 0.00429153
14 0.0874023 0.264404 0.0234375 0.0263672 0.00402832
1 0.0371094 0.146606 0.0340576 0.263428 0.00388718
13 0.51123 0.815918 0.148438 0.161133 0.0036602
0 0.51355 0.824219 0.209229 0.174805 0.00353241
13 0.740723 0.179688 0.0693359 0.103027 0.00344658
1 0.0292969 0.924316 0.0279541 0.0888672 0.00343513
5 0.51416 0.822754 0.205078 0.182617 0.00341988
16 0.51416 0.822754 0.205078 0.182617 0.00340843
7 0.51416 0.822754 0.205078 0.182617 0.00339317
4 0.962646 0.431641 0.0571289 0.863281 0.00336647
2 0.474121 0.805664 0.198242 0.154297 0.00333214
4 0.948242 0.504517 0.0859375 0.949951 0.00333023
18 0.51355 0.824219 0.209229 0.174805 0.00330734
8 0.51355 0.824219 0.209229 0.174805 0.00313187
11 0.51355 0.824219 0.209229 0.174805 0.00311852
13 0.547241 0.835938 0.180908 0.154297 0.00311279
13 0.575195 0.825684 0.388672 0.210938 0.00310326
3 0.51355 0.824219 0.209229 0.174805 0.00305939
12 0.51355 0.824219 0.209229 0.174805 0.00305939
10 0.51416 0.822754 0.205078 0.182617 0.00303268
14 0.982422 0.936768 0.0351562 0.0913086 0.00302696
4 0.973389 0.479492 0.0532227 0.892578 0.00300026
4 0.0380249 0.710815 0.0458984 0.513916 0.00271416
19 0.51416 0.822754 0.205078 0.182617 0.00267792
13 0.172363 0.53125 0.0351562 0.154297 0.00255585
15 0.51416 0.822754 0.205078 0.182617 0.00252724
1 0.0297852 0.818848 0.036499 0.12793 0.00248909
6 0.51355 0.824219 0.209229 0.174805 0.00247192
1 0.0336304 0.916992 0.0446777 0.111328 0.00246239
1 0.971924 0.0942383 0.0463867 0.15918 0.00245094
1 0.983154 0.0693359 0.0336914 0.136963 0.00245094
1 0.97876 0.975342 0.034668 0.0493164 0.00232315
1 0.980957 0.961182 0.0380859 0.0717773 0.00231552
17 0.516113 0.820801 0.205078 0.176758 0.00231361
2 0.974365 0.912842 0.0356445 0.143066 0.00231361
1 0.0225525 0.914551 0.0386353 0.116211 0.00213814
1 0.0254211 0.96582 0.0446167 0.0683594 0.00210381
13 0.969971 0.10791 0.0405273 0.201172 0.00209808
13 0.974365 0.912842 0.0356445 0.143066 0.00198746
13 0.255615 0.609863 0.0478516 0.189453 0.00187588
13 0.936523 0.499756 0.103516 0.941895 0.0018692
4 0.0303802 0.888916 0.037384 0.185059 0.00185585
1 0.980957 0.987305 0.0380859 0.0175781 0.00174618
14 0.974365 0.912842 0.0356445 0.143066 0.00162411
13 0.980469 0.940918 0.03125 0.0986328 0.0015974
2 0.734009 0.945557 0.531982 0.103027 0.00157738
4 0.982422 0.940918 0.0332031 0.100586 0.00152397
13 0.235352 0.637695 0.0209961 0.0546875 0.00147915
1 0.978516 0.887207 0.0371094 0.112305 0.00146484
13 0.734009 0.945557 0.531982 0.103027 0.00140095
13 0.651855 0.634277 0.0410156 0.0898438 0.00136375
13 0.171143 0.572266 0.0410156 0.214844 0.00135708
13 0.645996 0.623047 0.0380859 0.078125 0.00134373
2 0.948975 0.510376 0.0844727 0.951904 0.00133228
13 0.679199 0.954834 0.0244141 0.0395508 0.00128841
1 0.0387726 0.0802307 0.0479431 0.149109 0.00127983
2 0.980469 0.940918 0.03125 0.0986328 0.00127983
1 0.0341949 0.887695 0.0287781 0.150391 0.00124264
14 0.0820312 0.26416 0.0307617 0.03125 0.00116825
4 0.967285 0.736084 0.0439453 0.484863 0.00105381
4 0.0681 0.488159 0.101105 0.951416 0.00104904
1 0.0224609 0.936035 0.0275879 0.0615234 0.00104904
1 0.970703 0.786621 0.0429688 0.395508 0.00103378
13 0.253601 0.581055 0.106079 0.295898 0.00102997
13 0.982178 0.911865 0.027832 0.162598 0.00102711
