2 0.473999 0.147339 0.139893 0.142822 0.839844
13 0.606934 0.155487 0.0273438 0.136292 0.412842
1 0.980469 0.950928 0.0390625 0.0922852 0.407227
4 0.0443726 0.662109 0.0582275 0.541992 0.0643311
1 0.0235291 0.935547 0.0288696 0.0800781 0.056488
1 0.979492 0.924316 0.0351562 0.135742 0.0562439
14 0.473511 0.146973 0.127197 0.134033 0.0463867
1 0.977539 0.0638275 0.0410156 0.0845032 0.0424805
1 0.980225 0.941895 0.027832 0.0732422 0.0389404
13 0.473145 0.151855 0.126953 0.132324 0.0359497
4 0.0476074 0.303711 0.0567627 0.522461 0.0321655
4 0.0519257 0.477539 0.0968323 0.932617 0.0281525
13 0.606445 0.158569 0.0214844 0.0986328 0.0274963
4 0.0445709 0.481445 0.0673523 0.768555 0.0250702
1 0.605957 0.154114 0.0273438 0.137085 0.019989
1 0.978271 0.873291 0.0395508 0.241699 0.0193787
1 0.0219879 0.907959 0.0291443 0.129395 0.0175323
1 0.0310669 0.056366 0.0484619 0.109436 0.0170746
2 0.470215 0.139587 0.222656 0.168091 0.0116653
13 0.607422 0.137238 0.0361328 0.140564 0.0110474
1 0.973633 0.940918 0.0449219 0.108398 0.0101624
1 0.476074 0.147858 0.136719 0.138367 0.0094986
13 0.0476074 0.303711 0.0567627 0.522461 0.00912476
2 0.0530243 0.478149 0.0975647 0.934326 0.0091095
13 0.600098 0.15979 0.0351562 0.118408 0.00906372
9 0.472778 0.151184 0.133545 0.136108 0.00810242
1 0.024292 0.949951 0.0355225 0.090332 0.0076828
2 0.480469 0.129059 0.311523 0.214539 0.0071907
2 0.673706 0.473022 0.5354 0.677002 0.00635529
1 0.0366211 0.0880432 0.0396729 0.1745 0.00617218
13 0.612793 0.158691 0.0332031 0.114014 0.006073
2 0.536133 0.155731 0.280273 0.143127 0.00549316
13 0.0375824 0.555542 0.0525208 0.758057 0.0052948
4 0.932129 0.504761 0.106445 0.933838 0.00499725
2 0.624512 0.153717 0.250977 0.17157 0.00485992
2 0.473633 0.14444 0.0878906 0.111023 0.00451279
13 0.980469 0.884033 0.0371094 0.192871 0.0043335
8 0.47229 0.148071 0.134521 0.13916 0.00429535
1 0.972656 0.902588 0.0390625 0.188965 0.00405121
13 0.0230713 0.901367 0.0279541 0.132812 0.00365257
2 0.234131 0.138184 0.458496 0.275879 0.00364304
13 0.603027 0.163025 0.0400391 0.183716 0.00359154
4 0.0361328 0.228271 0.052002 0.456543 0.00345802
4 0.471558 0.150665 0.137939 0.135193 0.00336838
1 0.986328 0.93042 0.0273438 0.0883789 0.00313759
1 0.976562 0.091217 0.0351562 0.134949 0.00309944
1 0.0220337 0.918945 0.0333252 0.0830078 0.00308418
13 0.607422 0.136993 0.0205078 0.0951538 0.00302505
2 0.512207 0.465332 0.772461 0.875977 0.00285721
2 0.607422 0.157104 0.0292969 0.125732 0.00284004
13 0.0366211 0.13269 0.0361328 0.253174 0.00240707
1 0.0263062 0.0818481 0.0373535 0.161499 0.00236893
14 0.60498 0.151276 0.0263672 0.132996 0.00226784
1 0.0213013 0.870361 0.0343018 0.20459 0.00220871
10 0.47229 0.148071 0.134521 0.13916 0.00210953
1 0.967773 0.849609 0.0449219 0.285156 0.00209808
19 0.472656 0.152039 0.139648 0.145142 0.00209236
2 0.69458 0.148071 0.556152 0.193115 0.00205421
11 0.47229 0.148071 0.134521 0.13916 0.00196648
14 0.980225 0.952148 0.0375977 0.0898438 0.00188828
6 0.474121 0.151031 0.135742 0.136414 0.00187302
1 0.982422 0.883789 0.0273438 0.193359 0.00185204
16 0.47229 0.148071 0.134521 0.13916 0.00180435
15 0.472656 0.152039 0.139648 0.145142 0.00180435
5 0.472656 0.152039 0.139648 0.145142 0.00180435
7 0.472656 0.152039 0.139648 0.145142 0.00177574
13 0.614258 0.151276 0.178711 0.163757 0.00175667
3 0.472656 0.152039 0.139648 0.145142 0.00172138
1 0.981445 0.0802002 0.03125 0.106445 0.00170135
4 0.959961 0.488403 0.0761719 0.888428 0.00169086
18 0.475098 0.149109 0.143555 0.142212 0.00165081
2 0.980469 0.908691 0.0371094 0.180664 0.00164032
12 0.472656 0.152039 0.139648 0.145142 0.00160503
1 0.979492 0.968262 0.0410156 0.0634766 0.00160313
17 0.476074 0.147858 0.136719 0.138367 0.00155163
13 0.980469 0.950928 0.0390625 0.0922852 0.00148392
0 0.472656 0.152039 0.139648 0.145142 0.00147343
2 0.303589 0.131622 0.50415 0.169373 0.00143433
2 0.510376 0.182648 0.391357 0.213806 0.00139618
1 0.605469 0.154053 0.0224609 0.0974121 0.00138283
2 0.979492 0.951904 0.0410156 0.0825195 0.0013628
1 0.977783 0.79834 0.0366211 0.356445 0.00134277
2 0.603516 0.155426 0.163086 0.145203 0.0012722
1 0.038147 0.144653 0.0476074 0.256104 0.00126839
4 0.0380859 0.686035 0.0383301 0.462891 0.0011797
1 0.742676 0.0104675 0.108398 0.0209351 0.00113964
1 0.95874 0.941895 0.0786133 0.106445 0.00113869
2 0.932129 0.504761 0.106445 0.933838 0.00113869
4 0.605957 0.154114 0.0273438 0.137085 0.00112343
1 0.974365 0.140625 0.0395508 0.222168 0.00106335
2 0.627441 0.161865 0.386719 0.253906 0.0010376
13 0.606934 0.174988 0.0361328 0.110962 0.00102901
13 0.980469 0.0978699 0.0371094 0.146545 0.0010252
