14 0.308105 0.714355 0.0454102 0.226562 0.340576
1 0.305908 0.714844 0.0410156 0.234375 0.166504
2 0.250732 0.712891 0.161133 0.248047 0.109253
2 0.30542 0.715332 0.0415039 0.233398 0.0683594
2 0.487427 0.450684 0.820068 0.901367 0.0570374
2 0.285645 0.712891 0.0776367 0.235352 0.0550232
2 0.205383 0.713379 0.234741 0.199219 0.0381165
2 0.370117 0.714355 0.188965 0.231445 0.0262604
13 0.820801 0.581543 0.0214844 0.141602 0.0244904
2 0.0557098 0.462524 0.106354 0.891357 0.0148849
4 0.94873 0.471802 0.0869141 0.941162 0.0138245
2 0.494507 0.443726 0.891846 0.550049 0.0131683
13 0.302002 0.708984 0.0410156 0.226562 0.0117645
4 0.0533447 0.464478 0.106689 0.905029 0.0111008
14 0.302979 0.703125 0.0395508 0.142578 0.00898743
13 0.822266 0.567505 0.0283203 0.198975 0.00806427
2 0.603027 0.68457 0.642578 0.549805 0.00787354
13 0.0164185 0.403809 0.0328369 0.78125 0.00766373
13 0.0233765 0.358887 0.0467529 0.649414 0.00741577
2 0.61731 0.732422 0.656006 0.314453 0.0073204
13 0.0167236 0.32251 0.0334473 0.552246 0.00668716
2 0.167358 0.702637 0.262451 0.25293 0.00547409
2 0.444824 0.750488 0.833008 0.326172 0.00494385
4 0.0354614 0.752686 0.0490723 0.45166 0.00466919
13 0.0310364 0.476074 0.0620728 0.895508 0.00449371
2 0.328125 0.708984 0.0932617 0.22168 0.00435257
2 0.432739 0.714355 0.366943 0.235352 0.00401306
13 0.0178833 0.319458 0.0357666 0.501709 0.00363731
2 0.501343 0.305603 0.841064 0.482544 0.00312996
13 0.285645 0.712891 0.0776367 0.235352 0.00255585
13 0.0119781 0.249878 0.0239563 0.44165 0.00252724
13 0.251709 0.708984 0.15332 0.234375 0.00247765
1 0.297607 0.711426 0.0737305 0.234375 0.00247002
13 0.0428314 0.669922 0.0505676 0.525391 0.00224686
13 0.0188293 0.847656 0.0376587 0.222656 0.00217247
2 0.476074 0.923096 0.910156 0.153809 0.0021553
2 0.373047 0.726562 0.474609 0.307617 0.00214386
2 0.893066 0.0651245 0.18457 0.11145 0.00200272
2 0.623657 0.474121 0.699951 0.697266 0.00200081
4 0.0467529 0.330444 0.078125 0.598877 0.00195026
2 0.478882 0.856934 0.899658 0.245117 0.00191593
4 0.0428314 0.669922 0.0505676 0.525391 0.00189018
2 0.304443 0.71582 0.0371094 0.145508 0.00187778
1 0.970703 0.0431213 0.0351562 0.0862427 0.0017395
2 0.343872 0.714844 0.322021 0.259766 0.00152683
9 0.305908 0.712402 0.0385742 0.231445 0.00148582
2 0.198486 0.46582 0.396973 0.867188 0.00143242
13 0.819824 0.58252 0.0146484 0.0976562 0.00138378
13 0.205383 0.713379 0.234741 0.199219 0.00133419
4 0.0371552 0.24115 0.0672913 0.463989 0.00131893
14 0.311035 0.710449 0.0380859 0.116211 0.00118828
4 0.487427 0.450684 0.820068 0.901367 0.00117779
14 0.286621 0.711914 0.0751953 0.233398 0.00114918
1 0.251709 0.708984 0.15332 0.234375 0.00114346
1 0.974609 0.0302124 0.0351562 0.0515137 0.00113964
2 0.335205 0.459961 0.631348 0.8125 0.00113583
13 0.370117 0.714355 0.188965 0.231445 0.00110817
2 0.0459747 0.359985 0.0794373 0.668701 0.00109386
13 0.0188904 0.509521 0.0377808 0.918457 0.00104713
2 0.17395 0.752441 0.30542 0.381836 0.00101948
