13 0.868164 0.796387 0.0722656 0.132812 0.700195
2 0.330322 0.947266 0.209961 0.046875 0.312988
1 0.30957 0.94458 0.191406 0.0522461 0.19873
1 0.985352 0.945312 0.0273438 0.078125 0.155151
1 0.0225372 0.946777 0.033783 0.0634766 0.0765381
4 0.220703 0.517456 0.128906 0.865479 0.0742798
1 0.027359 0.938477 0.0219421 0.0664062 0.072998
13 0.741699 0.164185 0.0322266 0.0498047 0.0490417
13 0.555664 0.621582 0.131836 0.165039 0.0488892
1 0.986328 0.91626 0.0273438 0.13623 0.0376587
13 0.861816 0.800293 0.0576172 0.0966797 0.0362244
13 0.316406 0.944824 0.20752 0.0634766 0.0327759
1 0.97583 0.960205 0.0288086 0.0698242 0.0221252
13 0.535645 0.737793 0.03125 0.0566406 0.0205383
1 0.984863 0.961914 0.0302734 0.0722656 0.014801
14 0.870605 0.793457 0.0673828 0.12793 0.0112991
1 0.868652 0.793457 0.0703125 0.117188 0.0112915
14 0.330322 0.947266 0.209961 0.046875 0.0109711
1 0.0281372 0.916748 0.0300293 0.131348 0.0100632
4 0.446289 0.432495 0.09375 0.726807 0.00977325
1 0.0283203 0.92041 0.0222168 0.0869141 0.00959015
13 0.446289 0.432495 0.09375 0.726807 0.00804901
14 0.0222015 0.945312 0.0346985 0.0625 0.00761414
2 0.319336 0.934814 0.205078 0.0698242 0.0073967
2 0.302246 0.940918 0.180176 0.0458984 0.00699615
2 0.870117 0.794922 0.0732422 0.139648 0.00662613
1 0.981445 0.857178 0.0273438 0.252441 0.00654602
1 0.972656 0.957031 0.0449219 0.0800781 0.00577545
1 0.981445 0.931152 0.0292969 0.104492 0.00495529
1 0.975586 0.91626 0.0332031 0.138184 0.00488281
1 0.0283203 0.933105 0.0324707 0.0732422 0.00483322
4 0.860352 0.795898 0.0664062 0.138672 0.00421524
13 0.856934 0.773926 0.0703125 0.170898 0.0039711
9 0.330322 0.947266 0.209961 0.046875 0.00380135
4 0.63916 0.500854 0.128906 0.935791 0.00350571
4 0.428223 0.473145 0.128906 0.911133 0.00338554
13 0.874512 0.76416 0.0673828 0.135742 0.00295448
13 0.852539 0.814941 0.0898438 0.202148 0.00278664
13 0.460449 0.397949 0.0703125 0.463867 0.00277901
13 0.63916 0.500854 0.128906 0.935791 0.00272179
1 0.287903 0.941895 0.171265 0.0361328 0.00266266
1 0.907715 0.0428467 0.176758 0.0286865 0.00262642
13 0.734863 0.160645 0.0292969 0.0483398 0.00243378
4 0.375732 0.514648 0.13916 0.884766 0.0024128
13 0.878418 0.802246 0.100586 0.160156 0.00236893
1 0.986328 0.91748 0.0234375 0.09375 0.00224686
13 0.293213 0.940918 0.165527 0.0410156 0.00216103
13 0.744141 0.164917 0.0449219 0.0617676 0.00214195
1 0.955566 0.9646 0.0771484 0.0610352 0.00214005
1 0.975342 0.945068 0.0336914 0.0864258 0.00209999
13 0.428223 0.473145 0.128906 0.911133 0.00204468
2 0.535645 0.737793 0.03125 0.0566406 0.00202179
2 0.0248718 0.938965 0.0302124 0.0791016 0.00197029
1 0.980469 0.967285 0.0253906 0.0537109 0.00186062
1 0.0224609 0.922852 0.0268555 0.0957031 0.00181961
2 0.361084 0.954834 0.17334 0.0473633 0.00167751
13 0.850098 0.80127 0.0693359 0.135742 0.00158405
14 0.719238 0.303467 0.0117188 0.0224609 0.00156403
13 0.342041 0.947266 0.189941 0.046875 0.00153542
1 0.989746 0.945801 0.0205078 0.0830078 0.00146484
13 0.82666 0.802246 0.1875 0.216797 0.00141525
2 0.445374 0.954102 0.456909 0.0585938 0.00136471
13 0.625977 0.520386 0.125 0.547119 0.00136185
2 0.0805969 0.376465 0.0299683 0.0322266 0.00134468
1 0.0283203 0.886963 0.0246582 0.165527 0.00133991
13 0.867188 0.77832 0.0595703 0.0957031 0.00133419
13 0.871582 0.789062 0.189453 0.210938 0.00131607
13 0.883301 0.712891 0.0664062 0.270508 0.00125504
13 0.873535 0.758301 0.0761719 0.225586 0.00125122
2 0.554688 0.629395 0.129883 0.193359 0.00123692
1 0.979248 0.153687 0.027832 0.221436 0.00123501
13 0.85498 0.70166 0.0820312 0.298828 0.00122929
13 0.556641 0.677246 0.123047 0.261719 0.00119305
4 0.329102 0.949707 0.210449 0.0478516 0.00119209
4 0.953613 0.513062 0.0537109 0.839111 0.00118065
14 0.861816 0.800293 0.0576172 0.0966797 0.00116634
13 0.982422 0.905518 0.0253906 0.16748 0.00115204
9 0.868164 0.796387 0.0722656 0.132812 0.00112724
4 0.0524902 0.458618 0.0733643 0.834717 0.00112438
13 0.511841 0.664062 0.225342 0.265625 0.00110912
13 0.529297 0.737793 0.0429688 0.0693359 0.00110722
1 0.308105 0.960205 0.208496 0.0424805 0.00109577
13 0.93457 0.580566 0.0234375 0.108398 0.00103951
10 0.868652 0.793457 0.0703125 0.117188 0.00103092
14 0.985352 0.944336 0.0292969 0.0742188 0.00101852
2 0.0524902 0.458618 0.0733643 0.834717 0.00100613
