14 0.422852 0.396484 0.0576172 0.0996094 0.848145
1 0.983398 0.937012 0.03125 0.0947266 0.206299
1 0.0273895 0.947021 0.0350647 0.0786133 0.0786743
2 0.422852 0.397949 0.0581055 0.0966797 0.0739746
14 0.435791 0.382812 0.0776367 0.134766 0.0604248
1 0.984375 0.946289 0.0234375 0.0703125 0.0588379
1 0.985352 0.92749 0.0195312 0.105957 0.0359802
1 0.97876 0.922607 0.034668 0.119629 0.0297699
1 0.043457 0.0513916 0.0561523 0.10083 0.023407
1 0.0298767 0.919922 0.034729 0.125 0.0153122
13 0.42627 0.394043 0.0664062 0.104492 0.0126419
1 0.981445 0.956787 0.03125 0.0532227 0.0108414
1 0.979492 0.0993652 0.03125 0.166504 0.00786591
1 0.975586 0.943848 0.03125 0.100586 0.0071373
1 0.424805 0.398193 0.0581055 0.09375 0.00696182
1 0.979736 0.885254 0.0327148 0.192383 0.00651169
1 0.021759 0.936768 0.0435181 0.10498 0.00640488
9 0.422363 0.398438 0.0576172 0.100586 0.00593567
1 0.984375 0.912598 0.0253906 0.0859375 0.00577545
1 0.974609 0.0720367 0.0332031 0.120819 0.00557709
13 0.442383 0.377197 0.0791016 0.137207 0.00536728
1 0.0312653 0.925537 0.0270691 0.0883789 0.00440598
1 0.9729 0.957031 0.0405273 0.0644531 0.00435638
13 0.438965 0.340332 0.0493164 0.0561523 0.00419235
13 0.186523 0.315186 0.106445 0.0571289 0.00396729
4 0.424072 0.39502 0.0625 0.100098 0.00382423
13 0.114105 0.322998 0.147278 0.0844727 0.00365257
1 0.0296173 0.887695 0.0302429 0.167969 0.0035038
1 0.97168 0.0488739 0.0449219 0.094635 0.00329781
2 0.428711 0.387451 0.0742188 0.12793 0.00302315
1 0.97168 0.94165 0.046875 0.0854492 0.00293541
1 0.025177 0.967773 0.0404663 0.0585938 0.00270844
8 0.422363 0.398438 0.0576172 0.100586 0.00252533
1 0.161865 0.969727 0.291016 0.0332031 0.00232506
1 0.976807 0.147278 0.0327148 0.259155 0.00220299
13 0.142578 0.352051 0.149902 0.140137 0.00214386
13 0.178711 0.390381 0.0217285 0.0732422 0.00200081
13 0.874023 0.748535 0.0527344 0.0439453 0.00194168
13 0.161652 0.325928 0.143494 0.0766602 0.00184536
16 0.422852 0.397949 0.0581055 0.0966797 0.00182343
10 0.424805 0.397461 0.0683594 0.102539 0.0017271
19 0.422852 0.397949 0.0581055 0.0966797 0.00171375
13 0.175781 0.349121 0.0720215 0.12793 0.00170612
15 0.422363 0.398438 0.0576172 0.100586 0.00164413
14 0.407227 0.388916 0.0761719 0.107422 0.00163269
13 0.120972 0.41626 0.0178223 0.0454102 0.00163078
11 0.422363 0.398438 0.0576172 0.100586 0.00161839
6 0.422363 0.398438 0.0576172 0.100586 0.00159359
1 0.985352 0.901855 0.0214844 0.130859 0.00158215
12 0.422363 0.397949 0.0556641 0.0976562 0.00158024
3 0.422852 0.397949 0.0581055 0.0966797 0.00155449
18 0.422363 0.398438 0.0576172 0.100586 0.00154495
17 0.422363 0.398438 0.0576172 0.100586 0.00152111
7 0.422852 0.397949 0.0581055 0.0966797 0.00149536
5 0.424805 0.397461 0.0683594 0.102539 0.00148964
1 0.982666 0.967041 0.0288086 0.0366211 0.00147057
0 0.424805 0.397461 0.0683594 0.102539 0.00145435
13 0.15918 0.319336 0.10083 0.0629883 0.00140858
1 0.974609 0.968994 0.0351562 0.0522461 0.0013237
13 0.16748 0.392334 0.0373535 0.0776367 0.00131607
2 0.408936 0.394287 0.0664062 0.102539 0.00127316
1 0.9729 0.909424 0.0424805 0.157715 0.00122833
13 0.432617 0.339111 0.0551758 0.0786133 0.00121975
13 0.154297 0.350586 0.0791016 0.132812 0.00113297
13 0.852051 0.417725 0.0273438 0.0844727 0.0011301
1 0.0301514 0.0656433 0.0450439 0.11676 0.00109577
1 0.979492 0.0579834 0.0332031 0.0874023 0.00109482
2 0.438477 0.340332 0.0493164 0.0600586 0.00106239
