2 0.430908 0.641602 0.0952148 0.194336 0.756348
13 0.437378 0.646973 0.0900879 0.201172 0.282227
1 0.985352 0.924805 0.0292969 0.101562 0.237305
1 0.988281 0.92749 0.0195312 0.090332 0.174561
1 0.0283051 0.929199 0.0245667 0.0722656 0.0656128
2 0.519531 0.436157 0.782227 0.821045 0.0609436
1 0.0290222 0.928955 0.0380249 0.108887 0.0490723
14 0.430908 0.63623 0.0952148 0.186523 0.0418091
1 0.894775 0.0307617 0.185059 0.0288086 0.0393982
2 0.452148 0.654785 0.104492 0.204102 0.0385437
1 0.0355835 0.0533142 0.0543213 0.104797 0.0370483
4 0.963135 0.458252 0.0737305 0.916504 0.0307465
2 0.414062 0.644043 0.170898 0.192383 0.0213776
1 0.980469 0.886963 0.0351562 0.169434 0.0188904
4 0.939209 0.496216 0.0961914 0.921631 0.014183
4 0.95166 0.401245 0.0615234 0.693604 0.0137177
1 0.0302734 0.936523 0.034668 0.0566406 0.0131226
1 0.0359497 0.866943 0.039917 0.217285 0.0125275
2 0.45752 0.65625 0.231445 0.211914 0.0111008
1 0.0366211 0.0890503 0.0422363 0.167114 0.0100784
4 0.970703 0.212524 0.0585938 0.405029 0.0098114
1 0.987305 0.943115 0.0234375 0.0708008 0.0096283
1 0.987305 0.900879 0.0234375 0.125977 0.00920105
1 0.431396 0.642578 0.0952148 0.207031 0.00901794
1 0.990723 0.930664 0.0185547 0.0898438 0.00895691
1 0.0319672 0.904297 0.0449524 0.152344 0.00734329
2 0.437012 0.638672 0.0810547 0.113281 0.00640488
9 0.433228 0.641113 0.0944824 0.196289 0.00576019
4 0.982666 0.790527 0.0307617 0.341797 0.00571823
1 0.0375824 0.147461 0.0429993 0.270996 0.00524521
1 0.0419159 0.825928 0.0401917 0.287598 0.00511551
1 0.980225 0.913086 0.0297852 0.119141 0.00510025
2 0.338806 0.633789 0.328247 0.198242 0.00491714
2 0.495117 0.34314 0.889648 0.526611 0.0049057
1 0.0297699 0.902588 0.0266418 0.147949 0.00473022
4 0.972412 0.147461 0.0454102 0.254395 0.0045166
2 0.397217 0.645508 0.313965 0.238281 0.00414658
1 0.0224609 0.936035 0.0262451 0.0566406 0.00397873
4 0.0751648 0.464966 0.0864868 0.89624 0.00387192
4 0.961182 0.312256 0.0639648 0.575684 0.00361061
13 0.441162 0.646484 0.17041 0.181641 0.00329018
13 0.399902 0.635742 0.15332 0.194336 0.00327873
13 0.988281 0.905273 0.0214844 0.125 0.00325775
1 0.0366211 0.773926 0.0379639 0.379883 0.00325584
1 0.982178 0.82959 0.027832 0.276367 0.00322342
1 0.968506 0.0764465 0.0415039 0.13031 0.00299454
8 0.430908 0.63623 0.0952148 0.186523 0.00291634
13 0.439087 0.648926 0.0808105 0.115234 0.00284386
1 0.977295 0.0730133 0.0356445 0.115448 0.00270653
4 0.0500946 0.441162 0.0804749 0.882324 0.0024929
4 0.432617 0.643555 0.0957031 0.195312 0.00246048
4 0.979492 0.737061 0.0410156 0.469238 0.00242996
4 0.974121 0.461914 0.0517578 0.923828 0.00237656
14 0.0292358 0.934814 0.0344238 0.106934 0.00236702
2 0.674927 0.63623 0.564209 0.331055 0.00212479
13 0.426758 0.605469 0.0947266 0.155273 0.00209236
2 0.42688 0.605469 0.0856934 0.158203 0.0019989
13 0.982422 0.867676 0.0253906 0.209961 0.00194836
13 0.0540161 0.729004 0.0578613 0.491211 0.00188446
1 0.974609 0.0596313 0.0488281 0.108765 0.00187492
2 0.674805 0.508667 0.556641 0.855713 0.00183105
13 0.96875 0.114105 0.0371094 0.194153 0.00171185
1 0.0375977 0.24823 0.0444336 0.46936 0.00168228
10 0.432861 0.64209 0.097168 0.205078 0.00166321
5 0.432861 0.64209 0.097168 0.205078 0.00164318
14 0.988281 0.928223 0.0234375 0.0810547 0.00161552
19 0.432861 0.64209 0.097168 0.205078 0.00161266
2 0.512695 0.217224 0.867188 0.405396 0.00159836
1 0.0238495 0.912842 0.0394592 0.119629 0.00158215
6 0.430908 0.63623 0.0952148 0.186523 0.00155258
1 0.979492 0.0555573 0.0332031 0.0758972 0.00152206
1 0.968994 0.0487823 0.050293 0.075531 0.0015192
7 0.432861 0.64209 0.097168 0.205078 0.00147915
18 0.432861 0.64209 0.097168 0.205078 0.0014677
3 0.432861 0.64209 0.097168 0.205078 0.00146198
11 0.433716 0.641113 0.0915527 0.194336 0.0014534
1 0.89502 0.0164185 0.174805 0.0302734 0.00144863
15 0.432861 0.64209 0.097168 0.205078 0.00142288
17 0.431396 0.642578 0.0952148 0.207031 0.00140953
16 0.430908 0.63623 0.0952148 0.186523 0.00140762
12 0.432861 0.64209 0.097168 0.205078 0.00139046
1 0.958252 0.0413971 0.0776367 0.0583191 0.00138569
13 0.0419159 0.825928 0.0401917 0.287598 0.00138187
13 0.038269 0.767578 0.0457764 0.408203 0.00138092
4 0.0540161 0.729004 0.0578613 0.491211 0.00136948
1 0.97168 0.931396 0.046875 0.0844727 0.00136948
1 0.985352 0.867188 0.0292969 0.183594 0.0013628
4 0.038269 0.767578 0.0457764 0.408203 0.00136185
2 0.32312 0.666016 0.461182 0.285156 0.00130367
1 0.987305 0.90625 0.0175781 0.0917969 0.00129318
1 0.975586 0.105103 0.0429688 0.18457 0.00129032
0 0.432861 0.64209 0.097168 0.205078 0.00128174
1 0.981445 0.943604 0.0273438 0.0639648 0.00120926
1 0.0215607 0.943115 0.0398865 0.0922852 0.00117874
14 0.0283203 0.936035 0.0268555 0.0537109 0.00114441
1 0.975342 0.847168 0.0336914 0.245117 0.0011034
2 0.985352 0.914062 0.0234375 0.121094 0.00109863
13 0.0339355 0.850342 0.038208 0.252441 0.00104427
2 0.515137 0.637695 0.272461 0.229492 0.00102139
