2 0.382202 0.76709 0.237549 0.338867 0.79248
1 0.0301514 0.963867 0.0548096 0.0664062 0.33374
2 0.522583 0.465088 0.822021 0.930176 0.194824
1 0.982422 0.921875 0.0332031 0.123047 0.178711
2 0.479492 0.650879 0.175781 0.105469 0.136841
2 0.442871 0.659668 0.259766 0.119141 0.0835571
1 0.983154 0.0467529 0.0336914 0.0935059 0.0830688
13 0.395752 0.768066 0.260254 0.34082 0.0664062
1 0.0343628 0.91748 0.0378418 0.137695 0.0631104
1 0.0309448 0.945312 0.0482178 0.103516 0.0523376
2 0.44458 0.768066 0.32666 0.363281 0.0479126
1 0.0294037 0.919189 0.0361633 0.103027 0.0450439
2 0.497437 0.48584 0.805908 0.56543 0.0283813
1 0.987305 0.915039 0.0214844 0.128906 0.0279846
2 0.477051 0.675781 0.197266 0.0849609 0.0191956
1 0.979248 0.88501 0.0356445 0.187012 0.0177765
4 0.947754 0.48291 0.0869141 0.933594 0.0132294
1 0.975586 0.0394592 0.0371094 0.0789185 0.0123825
4 0.972656 0.269287 0.0546875 0.513184 0.0107803
1 0.982178 0.0649414 0.0297852 0.118652 0.0106049
13 0.984375 0.908203 0.0214844 0.136719 0.0102615
2 0.242188 0.758301 0.419434 0.428711 0.0100555
1 0.370361 0.768066 0.192871 0.334961 0.009758
2 0.452026 0.686523 0.243408 0.119141 0.00883484
1 0.0341797 0.951172 0.0319824 0.0761719 0.00810242
1 0.413452 0.771484 0.270752 0.274414 0.00779724
1 0.98584 0.923584 0.0283203 0.0922852 0.00743103
1 0.0316772 0.902344 0.0469971 0.193359 0.00735092
14 0.370728 0.766602 0.199951 0.34082 0.00730515
4 0.372803 0.769043 0.203613 0.339844 0.00709152
2 0.443359 0.561523 0.453125 0.30957 0.00709152
13 0.982422 0.865723 0.0253906 0.217773 0.00699997
9 0.395386 0.769531 0.227783 0.286133 0.00682068
1 0.9729 0.0333862 0.0541992 0.0667725 0.00656128
14 0.413452 0.771484 0.270752 0.274414 0.00635147
2 0.443848 0.776855 0.191406 0.322266 0.00591278
2 0.50293 0.326904 0.844727 0.535645 0.00589752
1 0.98291 0.942383 0.0341797 0.0820312 0.00581741
2 0.478638 0.638672 0.24585 0.137695 0.00580215
2 0.43103 0.709473 0.294189 0.230469 0.00553131
13 0.455933 0.647949 0.241455 0.115234 0.0049057
2 0.339355 0.774902 0.234863 0.28418 0.00489044
4 0.039917 0.768555 0.0472412 0.453125 0.00475311
4 0.420166 0.769531 0.277832 0.288086 0.00390434
1 0.979736 0.100098 0.0327148 0.185547 0.0035305
1 0.0310669 0.870117 0.032959 0.192383 0.00343323
1 0.0302734 0.925293 0.0252686 0.0771484 0.0034008
2 0.0582886 0.478516 0.116577 0.936523 0.0033989
4 0.982422 0.763184 0.0351562 0.424805 0.00334167
2 0.44873 0.63916 0.317383 0.196289 0.00331879
14 0.0305786 0.967773 0.0578613 0.0585938 0.00314331
2 0.510254 0.777832 0.472656 0.273438 0.00290298
4 0.0582886 0.478516 0.116577 0.936523 0.00285721
1 0.0348511 0.856934 0.0394287 0.272461 0.00262833
1 0.9729 0.0561523 0.0424805 0.112305 0.00252533
8 0.394043 0.766602 0.266602 0.347656 0.00247192
19 0.395386 0.769531 0.227783 0.286133 0.0023365
2 0.432129 0.643066 0.205078 0.106445 0.00233269
1 0.0317383 0.936523 0.0322266 0.0625 0.00232887
1 0.984375 0.0339355 0.0292969 0.0678711 0.00224495
16 0.420166 0.769531 0.277832 0.288086 0.00218964
2 0.265442 0.770508 0.361694 0.295898 0.00211334
18 0.420166 0.769531 0.277832 0.288086 0.00210762
11 0.395386 0.769531 0.227783 0.286133 0.00210571
3 0.395386 0.769531 0.227783 0.286133 0.00209618
7 0.420166 0.769531 0.277832 0.288086 0.00201035
2 0.482788 0.677734 0.223877 0.163086 0.00200462
4 0.983398 0.789551 0.0253906 0.344727 0.00200081
2 0.708252 0.511353 0.532715 0.789795 0.0019989
15 0.420166 0.769531 0.277832 0.288086 0.00196457
17 0.395386 0.769531 0.227783 0.286133 0.00195503
2 0.52771 0.629883 0.31958 0.276367 0.00188923
1 0.9646 0.0408936 0.0668945 0.0740967 0.00188446
12 0.420166 0.769531 0.277832 0.288086 0.00183201
10 0.420166 0.769531 0.277832 0.288086 0.0017767
1 0.976318 0.819824 0.0415039 0.327148 0.00176907
6 0.395386 0.769531 0.227783 0.286133 0.0017395
4 0.522461 0.463135 0.84082 0.734863 0.00172043
4 0.957031 0.361572 0.0761719 0.588379 0.00171566
4 0.974365 0.181946 0.0473633 0.358765 0.00169849
0 0.395386 0.769531 0.227783 0.286133 0.00169277
5 0.420166 0.769531 0.277832 0.288086 0.00168133
2 0.521118 0.583008 0.559326 0.543945 0.00166512
1 0.0362549 0.0469513 0.0445557 0.0938416 0.00161743
14 0.472168 0.649414 0.194336 0.102539 0.0015831
1 0.0237732 0.934326 0.0424194 0.0805664 0.00158119
1 0.986328 0.883789 0.0253906 0.165039 0.00156403
2 0.315186 0.440186 0.581543 0.839355 0.00154114
1 0.479492 0.650879 0.175781 0.105469 0.00144768
1 0.0237427 0.969482 0.0474854 0.0532227 0.00143433
2 0.321777 0.76416 0.140625 0.348633 0.00141811
2 0.402954 0.624023 0.362061 0.383789 0.0013895
2 0.464722 0.543945 0.549072 0.804688 0.00135803
13 0.983154 0.0467529 0.0336914 0.0935059 0.00131798
13 0.45459 0.769043 0.328125 0.282227 0.00126171
1 0.97168 0.933105 0.046875 0.0947266 0.00124645
9 0.479004 0.650879 0.176758 0.104492 0.00122547
4 0.963623 0.701904 0.059082 0.568848 0.0012188
4 0.0474854 0.445312 0.0734863 0.890625 0.00118542
2 0.0302734 0.965332 0.0567627 0.0673828 0.00117683
1 0.0422363 0.934814 0.0488281 0.081543 0.00117016
13 0.522583 0.465088 0.822021 0.930176 0.00116253
4 0.964844 0.421387 0.0703125 0.842773 0.00116062
1 0.522461 0.463135 0.84082 0.734863 0.00115681
4 0.977295 0.673462 0.0454102 0.592529 0.0011549
10 0.373047 0.767578 0.196289 0.351562 0.00109863
7 0.375488 0.769043 0.206055 0.368164 0.00109386
13 0.469238 0.666992 0.206055 0.0878906 0.00108433
2 0.0322876 0.931641 0.0405273 0.101562 0.00108433
15 0.373047 0.767578 0.196289 0.351562 0.00107288
13 0.0383148 0.820068 0.0388489 0.334473 0.00107002
1 0.977539 0.144592 0.0351562 0.264526 0.00105762
16 0.376099 0.769531 0.206787 0.353516 0.00104141
12 0.376099 0.769531 0.206787 0.353516 0.0010376
1 0.0385742 0.955078 0.0513916 0.0742188 0.0010376
5 0.375488 0.769043 0.206055 0.368164 0.00102806
13 0.0296326 0.96875 0.0592651 0.0546875 0.00101757
13 0.981689 0.90625 0.0327148 0.158203 0.00101089
1 0.990723 0.916016 0.0185547 0.119141 0.00100517
2 0.0323486 0.899902 0.0457764 0.180664 0.00100517
