1 0.740234 0.370117 0.101562 0.0986328 0.848145
2 0.79541 0.262207 0.0654297 0.104492 0.800293
14 0.740234 0.368408 0.102539 0.100586 0.470947
2 0.687012 0.225159 0.0693359 0.0345459 0.468506
2 0.736816 0.365234 0.113281 0.106934 0.448242
14 0.687988 0.22467 0.0673828 0.0316162 0.437256
1 0.974854 0.932617 0.0327148 0.119141 0.274658
2 0.763184 0.216553 0.0488281 0.137207 0.188721
2 0.694824 0.21875 0.0654297 0.0395508 0.186768
1 0.0144348 0.944824 0.0288696 0.0986328 0.13916
2 0.776855 0.246826 0.0957031 0.149414 0.132568
13 0.76709 0.210205 0.0439453 0.125977 0.0999756
13 0.74707 0.229736 0.135742 0.180176 0.0715332
2 0.74707 0.229736 0.135742 0.180176 0.0648804
2 0.773438 0.212524 0.0449219 0.118408 0.0626221
2 0.769531 0.260254 0.0771484 0.0883789 0.0578308
13 0.75 0.135376 0.0771484 0.0583496 0.0567932
13 0.69043 0.219971 0.0673828 0.0385742 0.0521851
2 0.688965 0.217407 0.0673828 0.0563965 0.0516663
1 0.975342 0.912842 0.0415039 0.154785 0.047699
2 0.72168 0.207397 0.135742 0.110596 0.0463562
2 0.758789 0.2229 0.0703125 0.0976562 0.0445862
1 0.0135498 0.918457 0.0268555 0.143555 0.0379028
13 0.78418 0.26416 0.0615234 0.108887 0.0364075
2 0.777344 0.234863 0.0673828 0.129883 0.0344543
13 0.471558 0.76709 0.0246582 0.0634766 0.0343933
13 0.750488 0.185364 0.0566406 0.0941162 0.033783
2 0.692871 0.198914 0.0576172 0.0650635 0.0285339
13 0.753906 0.194824 0.111328 0.146484 0.0280762
13 0.692871 0.198914 0.0576172 0.0650635 0.02771
1 0.974854 0.893555 0.0288086 0.167969 0.0234222
13 0.450928 0.175293 0.043457 0.0981445 0.0231171
14 0.792969 0.262939 0.0673828 0.106445 0.0227509
2 0.739258 0.346191 0.137695 0.165527 0.0221252
13 0.797363 0.272217 0.0537109 0.100586 0.019989
2 0.753906 0.194824 0.111328 0.146484 0.0186157
1 0.958008 0.0567169 0.0488281 0.0972595 0.018158
1 0.685547 0.225342 0.0673828 0.0332031 0.0180969
2 0.706543 0.22406 0.0830078 0.0450439 0.0175171
2 0.750488 0.185364 0.0566406 0.0941162 0.017334
1 0.797852 0.27124 0.0566406 0.0976562 0.0162659
2 0.739258 0.123657 0.136719 0.0595703 0.0160065
1 0.968506 0.855469 0.0336914 0.242188 0.0143967
13 0.748535 0.153198 0.0830078 0.0847168 0.0139618
13 0.776855 0.246826 0.0957031 0.149414 0.0139084
2 0.782715 0.274902 0.0595703 0.0825195 0.0134354
13 0.743652 0.132935 0.0839844 0.0390625 0.0120392
1 0.976318 0.831543 0.0336914 0.286133 0.0112991
13 0.95874 0.0570831 0.0473633 0.0997009 0.0110321
2 0.693359 0.21521 0.0693359 0.104248 0.0110245
1 0.974609 0.945312 0.046875 0.103516 0.0108948
13 0.474487 0.790039 0.0471191 0.131836 0.0101852
2 0.691895 0.230042 0.0742188 0.0550537 0.0101776
13 0.0300293 0.260559 0.0600586 0.481812 0.00947571
13 0.758789 0.2229 0.0703125 0.0976562 0.00852203
1 0.0263672 0.0665283 0.0487061 0.105225 0.00832367
13 0.760254 0.226074 0.0556641 0.161133 0.00792694
2 0.706543 0.201538 0.0859375 0.0783691 0.0078125
13 0.688477 0.188354 0.0449219 0.0583496 0.00765228
9 0.739258 0.366699 0.104492 0.102539 0.00753403
4 0.0217285 0.758545 0.043457 0.48291 0.00743866
13 0.76123 0.20459 0.0517578 0.0893555 0.00728226
1 0.0180359 0.958008 0.034729 0.0742188 0.00700378
2 0.741211 0.133057 0.0800781 0.048584 0.00674438
13 0.0139465 0.903564 0.0255737 0.163574 0.00626373
1 0.78418 0.26416 0.0615234 0.108887 0.0061264
2 0.727539 0.138794 0.105469 0.060791 0.00600815
2 0.471558 0.76709 0.0246582 0.0634766 0.00598526
14 0.762207 0.214722 0.0478516 0.134521 0.00587845
2 0.755371 0.137939 0.12207 0.0727539 0.00585938
2 0.477905 0.537598 0.823486 0.823242 0.00569916
1 0.968018 0.740723 0.0366211 0.456055 0.00561523
13 0.362305 0.158936 0.228516 0.0957031 0.00557327
1 0.762207 0.214722 0.0478516 0.134521 0.00553131
2 0.765137 0.233887 0.0644531 0.191895 0.00520325
2 0.775391 0.275146 0.104492 0.104492 0.00515366
13 0.971436 0.109009 0.0375977 0.205566 0.00511551
13 0.0717163 0.309082 0.0531006 0.158203 0.00491333
1 0.967285 0.92749 0.0400391 0.0922852 0.00473022
13 0.777344 0.234863 0.0673828 0.129883 0.00466537
14 0.738281 0.361572 0.125977 0.145996 0.0045433
9 0.686523 0.223145 0.0654297 0.0307617 0.00444794
14 0.694824 0.21875 0.0654297 0.0395508 0.0042572
13 0.706543 0.201538 0.0859375 0.0783691 0.00423813
8 0.794434 0.263367 0.0693359 0.107544 0.00413895
1 0.979736 0.913086 0.0327148 0.0917969 0.00411987
8 0.739258 0.366699 0.104492 0.102539 0.00411987
13 0.963867 0.139832 0.0449219 0.264282 0.00399017
13 0.739258 0.366699 0.104492 0.102539 0.00392914
13 0.739258 0.123657 0.136719 0.0595703 0.00370026
9 0.794434 0.269775 0.0566406 0.104492 0.00368881
2 0.0280762 0.230957 0.0561523 0.43457 0.0036335
1 0.738281 0.361572 0.125977 0.145996 0.00341606
2 0.760742 0.267517 0.111328 0.135864 0.00337982
2 0.762207 0.257568 0.233398 0.189453 0.00330925
2 0.474487 0.790039 0.0471191 0.131836 0.00317192
13 0.775879 0.199951 0.0517578 0.111816 0.00315285
2 0.733887 0.140656 0.143555 0.0946655 0.00314331
2 0.704102 0.231873 0.0917969 0.181763 0.00310516
13 0.769531 0.260254 0.0771484 0.0883789 0.003088
13 0.401367 0.172424 0.296875 0.128784 0.00305176
5 0.739258 0.366699 0.104492 0.102539 0.00297165
12 0.739258 0.366699 0.104492 0.102539 0.00294876
1 0.967773 0.0810852 0.0429688 0.137146 0.00294495
10 0.739258 0.366699 0.104492 0.102539 0.00290298
15 0.739258 0.366699 0.104492 0.102539 0.00285912
19 0.739258 0.366699 0.104492 0.102539 0.00279236
3 0.739258 0.366699 0.104492 0.102539 0.00271797
16 0.739258 0.366699 0.104492 0.102539 0.00265503
13 0.975342 0.859375 0.0317383 0.25 0.00265312
18 0.739258 0.366699 0.104492 0.102539 0.00264549
11 0.739258 0.366699 0.104492 0.102539 0.00261497
0 0.739258 0.366699 0.104492 0.102539 0.00259209
13 0.0330963 0.207275 0.0502625 0.318359 0.00259018
1 0.974854 0.960449 0.0385742 0.0712891 0.00256348
17 0.739258 0.366699 0.104492 0.102539 0.00256348
12 0.792969 0.262939 0.0673828 0.106445 0.0025444
4 0.740234 0.368408 0.102539 0.100586 0.00253487
6 0.739258 0.366699 0.104492 0.102539 0.00252342
7 0.739258 0.366699 0.104492 0.102539 0.0024662
8 0.687012 0.224854 0.0693359 0.0336914 0.00234795
2 0.813477 0.280029 0.233398 0.166016 0.00232697
1 0.0194092 0.931396 0.0388184 0.131348 0.00229073
13 0.727539 0.138794 0.105469 0.060791 0.00228119
14 0.742676 0.132324 0.0830078 0.046875 0.00227737
1 0.0257874 0.21106 0.0515747 0.415283 0.00222969
6 0.792969 0.262939 0.0673828 0.106445 0.00222969
13 0.72168 0.207397 0.135742 0.110596 0.00219536
2 0.71875 0.166382 0.145508 0.12085 0.00217438
4 0.792969 0.262939 0.0673828 0.106445 0.00211906
2 0.682129 0.20282 0.0566406 0.0762939 0.00211525
4 0.968506 0.543945 0.0493164 0.65625 0.00210762
2 0.0520935 0.49231 0.0979614 0.941162 0.00208664
1 0.742676 0.132324 0.0830078 0.046875 0.00204086
13 0.755371 0.137939 0.12207 0.0727539 0.00202751
1 0.960693 0.940186 0.0551758 0.109863 0.00199509
1 0.694824 0.21875 0.0654297 0.0395508 0.00196648
1 0.969727 0.858398 0.0507812 0.271484 0.00196457
2 0.76416 0.345215 0.265625 0.208984 0.00195217
1 0.0202942 0.0819702 0.0405884 0.136353 0.00189018
1 0.744141 0.312744 0.0761719 0.0405273 0.00188828
4 0.0310669 0.291138 0.0621338 0.550537 0.00187397
2 0.359863 0.16333 0.237305 0.114746 0.00182915
13 0.0467682 0.22168 0.0746765 0.38623 0.00180244
1 0.722168 0.371826 0.206055 0.164062 0.00179863
1 0.967041 0.888916 0.050293 0.169434 0.00178623
5 0.792969 0.262939 0.0673828 0.106445 0.00175858
2 0.750488 0.296387 0.0761719 0.0673828 0.00171185
2 0.758789 0.145935 0.211914 0.217896 0.00168037
2 0.806152 0.258972 0.0527344 0.0894775 0.0016737
10 0.795898 0.270325 0.0546875 0.104858 0.00163651
13 0.0224609 0.0804138 0.0446777 0.139465 0.00163174
13 0.742676 0.134399 0.0878906 0.105469 0.00162792
1 0.745605 0.330322 0.0810547 0.0595703 0.00162411
13 0.689941 0.215271 0.0683594 0.0709229 0.00162029
14 0.688965 0.227966 0.0673828 0.0645752 0.00161552
16 0.795898 0.270325 0.0546875 0.104858 0.0015974
2 0.682129 0.203857 0.0947266 0.074707 0.00159073
1 0.966064 0.166992 0.0444336 0.333984 0.00157356
1 0.962402 0.0998535 0.0458984 0.183594 0.00156498
13 0.6875 0.184448 0.0800781 0.0930176 0.00156212
19 0.795898 0.270325 0.0546875 0.104858 0.00153065
10 0.6875 0.223389 0.0654297 0.0317383 0.0015173
2 0.960938 0.0765381 0.0605469 0.14502 0.0015049
4 0.0503082 0.487915 0.100067 0.934326 0.00147533
11 0.795898 0.270325 0.0546875 0.104858 0.00146675
1 0.0258636 0.674927 0.0505676 0.531006 0.00145626
2 0.738281 0.205322 0.229492 0.175781 0.00145054
2 0.966797 0.124817 0.0429688 0.240601 0.0014286
1 0.982422 0.88501 0.03125 0.188965 0.00142384
13 0.0610962 0.815918 0.0223389 0.0371094 0.00141525
2 0.460449 0.182556 0.0419922 0.11145 0.00141239
2 0.962891 0.17218 0.0546875 0.331421 0.00140953
7 0.794434 0.269775 0.0566406 0.104492 0.00140381
13 0.750488 0.177795 0.0791016 0.144409 0.00137043
3 0.795898 0.270325 0.0546875 0.104858 0.00135708
2 0.748047 0.370605 0.209961 0.159668 0.00132465
19 0.688477 0.222168 0.0634766 0.034668 0.00132465
6 0.6875 0.223389 0.0654297 0.0317383 0.00131416
5 0.688477 0.222168 0.0634766 0.034668 0.00129414
12 0.688477 0.222168 0.0634766 0.034668 0.00129414
3 0.6875 0.223389 0.0654297 0.0317383 0.00128746
15 0.6875 0.223389 0.0654297 0.0317383 0.00124836
13 0.705078 0.223816 0.0771484 0.0523682 0.00123882
1 0.688965 0.217407 0.0673828 0.0563965 0.0012331
13 0.0846558 0.310547 0.0306396 0.150391 0.00123119
2 0.743652 0.111694 0.146484 0.123291 0.00122643
15 0.792969 0.262939 0.0673828 0.106445 0.00120449
2 0.693359 0.237793 0.0859375 0.125977 0.001194
13 0.972656 0.488281 0.0488281 0.683594 0.00118923
1 0.024231 0.141663 0.0484619 0.246948 0.00117207
18 0.794434 0.269775 0.0566406 0.104492 0.00116825
1 0.471558 0.76709 0.0246582 0.0634766 0.00113297
13 0.97168 0.20575 0.0410156 0.407837 0.0011301
16 0.687988 0.224182 0.0673828 0.0330811 0.0011301
0 0.6875 0.223389 0.0654297 0.0317383 0.00111866
2 0.454712 0.0999451 0.821045 0.196106 0.00111008
14 0.69043 0.210938 0.0693359 0.0629883 0.00109386
4 0.686523 0.224121 0.0664062 0.0341797 0.00108147
13 0.764648 0.16571 0.0742188 0.106567 0.00108051
14 0.742676 0.311035 0.0693359 0.0327148 0.00108051
1 0.973633 0.94458 0.0332031 0.0737305 0.00108051
7 0.687988 0.222412 0.0654297 0.0327148 0.00107002
13 0.972656 0.937012 0.0332031 0.108398 0.00106907
1 0.769531 0.260254 0.0771484 0.0883789 0.00106621
2 0.754883 0.368164 0.363281 0.267578 0.00106335
2 0.404297 0.173645 0.301758 0.15564 0.00103951
11 0.688477 0.222168 0.0634766 0.034668 0.00103569
1 0.976807 0.882812 0.0385742 0.112305 0.00103188
13 0.458862 0.180603 0.0354004 0.116333 0.00102997
9 0.763184 0.216003 0.0507812 0.136353 0.00102234
1 0.0162048 0.853027 0.0321655 0.290039 0.00102043
1 0.773438 0.212524 0.0449219 0.118408 0.00101852
2 0.693359 0.195984 0.0898438 0.11731 0.0010128
1 0.691895 0.196289 0.0644531 0.0742188 0.00100231
1 0.976807 0.759766 0.0405273 0.435547 0.00100136
