2 0.463013 0.210083 0.239014 0.27124 0.876465
13 0.822754 0.311462 0.0527344 0.257935 0.36792
13 0.880371 0.169189 0.0439453 0.0688477 0.237061
1 0.978516 0.946289 0.03125 0.0820312 0.140625
13 0.869629 0.176147 0.0537109 0.0788574 0.0882568
2 0.579102 0.461914 0.0195312 0.0458984 0.0590515
1 0.981445 0.914307 0.0292969 0.132324 0.0379944
13 0.887207 0.179321 0.0253906 0.0461426 0.0372925
13 0.816406 0.331787 0.0380859 0.209473 0.0333862
1 0.975586 0.821777 0.0332031 0.301758 0.0269318
13 0.82959 0.223145 0.0302734 0.0834961 0.0267181
1 0.969482 0.055603 0.0473633 0.107544 0.0259857
13 0.839844 0.311523 0.0722656 0.276855 0.0231323
13 0.825684 0.255859 0.0429688 0.171387 0.0225067
13 0.881592 0.314758 0.182129 0.264038 0.0185394
13 0.462891 0.205322 0.21582 0.227051 0.0179749
1 0.0190735 0.959961 0.0293579 0.0722656 0.0171509
13 0.856445 0.187683 0.0390625 0.0767822 0.0129395
14 0.462891 0.205322 0.21582 0.227051 0.0110397
13 0.877441 0.161743 0.0634766 0.0905762 0.0107346
9 0.461914 0.202911 0.217773 0.227478 0.0104294
1 0.462891 0.205322 0.21582 0.227051 0.00991058
4 0.942383 0.476074 0.0859375 0.852539 0.00891113
2 0.486328 0.530884 0.847656 0.826904 0.00802612
1 0.0201721 0.940186 0.0354614 0.111816 0.00788879
1 0.970703 0.0823975 0.0390625 0.156982 0.00766754
4 0.462891 0.205322 0.21582 0.227051 0.00756836
13 0.842773 0.196899 0.0458984 0.105713 0.00699615
1 0.82373 0.312439 0.0488281 0.257935 0.00669861
1 0.0260468 0.0653229 0.0357971 0.117401 0.00645828
1 0.116669 0.022934 0.189026 0.0284729 0.00515747
1 0.0231018 0.915771 0.0333862 0.13916 0.00469971
14 0.580566 0.462402 0.0214844 0.0449219 0.00465775
1 0.977539 0.896484 0.0371094 0.175781 0.00450516
13 0.96582 0.291748 0.0566406 0.552246 0.00439072
13 0.82373 0.229553 0.0283203 0.0789795 0.00421143
13 0.93042 0.398438 0.123535 0.776367 0.00417328
1 0.968506 0.172363 0.0473633 0.344727 0.00403595
13 0.811523 0.363037 0.0322266 0.149902 0.00391769
13 0.82959 0.218933 0.0263672 0.057251 0.00377083
2 0.884766 0.170654 0.0390625 0.0710449 0.00367355
13 0.894043 0.181885 0.0273438 0.045166 0.00359535
13 0.853516 0.344727 0.102539 0.250977 0.00353432
13 0.89209 0.170044 0.0410156 0.0778809 0.00349236
13 0.831543 0.224854 0.046875 0.126953 0.0033226
13 0.82959 0.308838 0.119141 0.257324 0.00329208
2 0.536133 0.214111 0.126953 0.267578 0.00325394
13 0.864258 0.208862 0.103516 0.168213 0.00325203
13 0.820801 0.323486 0.0488281 0.14209 0.00323868
19 0.456543 0.214539 0.230469 0.232056 0.00320625
13 0.967773 0.173096 0.046875 0.346191 0.00316429
1 0.97876 0.939209 0.0405273 0.111816 0.00308418
7 0.456543 0.214539 0.230469 0.232056 0.00298882
3 0.45752 0.214355 0.226562 0.236328 0.00297546
8 0.460693 0.202667 0.228027 0.237244 0.00292397
18 0.462891 0.205322 0.21582 0.227051 0.00290108
16 0.46106 0.204865 0.220459 0.223083 0.00285912
11 0.45752 0.214355 0.226562 0.236328 0.00281715
2 0.407715 0.17926 0.164062 0.216675 0.00280571
13 0.579102 0.459839 0.0214844 0.0432129 0.0026989
13 0.819336 0.289795 0.0429688 0.110352 0.00263023
2 0.74292 0.137939 0.510254 0.252441 0.0025425
2 0.582031 0.463501 0.0283203 0.057373 0.00247574
15 0.456543 0.214539 0.230469 0.232056 0.00246239
17 0.46106 0.204865 0.220459 0.223083 0.00244713
0 0.462891 0.205322 0.21582 0.227051 0.00243378
12 0.456543 0.214539 0.230469 0.232056 0.00242424
10 0.456543 0.214539 0.230469 0.232056 0.00236893
2 0.466309 0.258545 0.234375 0.145996 0.00233841
6 0.456543 0.214539 0.230469 0.232056 0.00233078
5 0.45752 0.214355 0.226562 0.236328 0.00226593
1 0.048584 0.356934 0.0631104 0.571289 0.0022583
4 0.914062 0.446899 0.142578 0.840576 0.0022049
13 0.0274963 0.0667877 0.0371704 0.111786 0.00218582
2 0.888672 0.181152 0.0302734 0.0466309 0.00216103
2 0.583008 0.209351 0.301758 0.279053 0.00215721
1 0.984863 0.929443 0.0302734 0.102051 0.00210571
1 0.880371 0.169189 0.0439453 0.0688477 0.00210381
4 0.048584 0.356934 0.0631104 0.571289 0.00208855
14 0.883301 0.168579 0.0449219 0.072998 0.00205421
1 0.972656 0.865479 0.0292969 0.222168 0.00200462
1 0.979248 0.0672607 0.0415039 0.128662 0.00188637
1 0.980469 0.963623 0.0390625 0.0727539 0.00185966
13 0.8125 0.375122 0.0488281 0.353271 0.00183392
13 0.85791 0.189697 0.0556641 0.123047 0.00181198
1 0.96582 0.842285 0.0429688 0.246094 0.00179863
13 0.864502 0.340759 0.210449 0.382935 0.00175285
13 0.966309 0.104645 0.0419922 0.207703 0.00165653
13 0.874023 0.179993 0.103516 0.116577 0.00163651
1 0.0263367 0.0383911 0.0424194 0.0683594 0.00163174
2 0.405518 0.214966 0.356934 0.229248 0.00159073
13 0.887207 0.17395 0.0351562 0.0541992 0.00158024
13 0.820801 0.371582 0.0400391 0.265625 0.00157547
4 0.822754 0.311462 0.0527344 0.257935 0.00154209
1 0.964111 0.0400391 0.0463867 0.0714111 0.00143051
13 0.828125 0.250549 0.0273438 0.137573 0.00142193
1 0.972412 0.92041 0.0356445 0.124023 0.00141621
1 0.023407 0.968506 0.0390015 0.0512695 0.00139809
1 0.972656 0.767334 0.0429688 0.412598 0.00137711
13 0.883301 0.120605 0.0498047 0.165527 0.00125313
2 0.574219 0.460571 0.0322266 0.0466309 0.00121403
13 0.938477 0.296204 0.0996094 0.488647 0.00121212
13 0.813477 0.373657 0.0322266 0.233154 0.00120449
4 0.945801 0.651978 0.0712891 0.631592 0.00119305
1 0.579102 0.461914 0.0195312 0.0458984 0.00119114
4 0.0539093 0.510254 0.0953064 0.936523 0.00117779
13 0.811035 0.279724 0.078125 0.2052 0.00115967
2 0.619141 0.198242 0.474609 0.281738 0.00105381
4 0.0411377 0.277771 0.050293 0.487427 0.00104141
2 0.831543 0.21759 0.0273438 0.0701904 0.00102615
13 0.806152 0.356689 0.09375 0.320801 0.00101948
13 0.978271 0.907227 0.0297852 0.158203 0.00101376
13 0.967041 0.0586548 0.0405273 0.116577 0.0010128
13 0.893066 0.466309 0.188477 0.932617 0.00100613
