2 0.535645 0.169556 0.137695 0.13208 0.732422
13 0.532227 0.167725 0.134766 0.126953 0.345215
13 0.911621 0.628418 0.0888672 0.0732422 0.30542
2 0.537109 0.186523 0.154297 0.081543 0.245239
1 0.979492 0.950195 0.0390625 0.0917969 0.225342
1 0.0292969 0.941406 0.0302734 0.0898438 0.13208
13 0.720703 0.294495 0.0478516 0.307495 0.0940552
13 0.499023 0.127808 0.0253906 0.0556641 0.0840454
1 0.974609 0.0659637 0.0371094 0.0956116 0.0432739
4 0.0647736 0.482056 0.101166 0.934326 0.0417175
1 0.977539 0.922363 0.0390625 0.143555 0.0332642
1 0.0321045 0.91748 0.0310059 0.12793 0.0332031
1 0.979248 0.961182 0.0336914 0.0620117 0.0294037
4 0.711914 0.536499 0.118164 0.870361 0.023819
2 0.0623627 0.482422 0.0976868 0.936523 0.0218811
13 0.904297 0.644043 0.0800781 0.0751953 0.0207367
14 0.532227 0.170654 0.143555 0.127441 0.019165
1 0.536621 0.168762 0.134766 0.126343 0.0185547
1 0.0327148 0.0584412 0.0313721 0.0979614 0.0157623
13 0.501465 0.821777 0.0429688 0.0712891 0.0151138
2 0.514771 0.195068 0.102295 0.0737305 0.014801
13 0.92627 0.497559 0.106445 0.568359 0.0146103
13 0.705566 0.50769 0.0986328 0.931885 0.0137787
13 0.583984 0.134521 0.0449219 0.0717773 0.0136261
1 0.97168 0.0539703 0.0410156 0.0632019 0.0133591
13 0.716309 0.277649 0.0751953 0.327515 0.0110245
1 0.981445 0.934082 0.03125 0.100586 0.0106049
2 0.918945 0.623047 0.0849609 0.0693359 0.00996399
9 0.534668 0.171387 0.140625 0.123535 0.00985718
2 0.523926 0.157959 0.102539 0.103271 0.0098114
13 0.730469 0.161133 0.147461 0.0878906 0.00956726
13 0.727539 0.137329 0.137695 0.0256348 0.00906372
2 0.498047 0.129883 0.0263672 0.0561523 0.00821686
1 0.977783 0.972656 0.0405273 0.0507812 0.0079422
13 0.738281 0.192627 0.168945 0.150879 0.00710297
1 0.911133 0.629883 0.0839844 0.0742188 0.00678253
2 0.533081 0.163177 0.216064 0.167297 0.00668716
13 0.499023 0.128418 0.0351562 0.074707 0.00639725
13 0.537109 0.186523 0.154297 0.081543 0.00610733
1 0.977539 0.864746 0.0390625 0.256836 0.00610733
1 0.0283356 0.91748 0.0231628 0.0986328 0.00596619
1 0.971436 0.943115 0.0454102 0.102051 0.00580597
13 0.0329742 0.902344 0.0287781 0.140625 0.0056572
13 0.711914 0.187561 0.0371094 0.0692139 0.00559235
13 0.563965 0.143311 0.0712891 0.0705566 0.00521469
4 0.0481567 0.726562 0.052124 0.469727 0.00499725
1 0.034668 0.0774536 0.0379639 0.137329 0.00488663
4 0.537109 0.169434 0.135742 0.130371 0.00445938
13 0.540039 0.142578 0.120117 0.106201 0.00437927
4 0.0545807 0.579956 0.0673523 0.705322 0.00421524
13 0.978516 0.901855 0.0351562 0.166992 0.00411606
2 0.540039 0.142578 0.120117 0.106201 0.00393677
13 0.725098 0.149902 0.117188 0.0544434 0.00387573
14 0.911621 0.628418 0.0888672 0.0732422 0.0038166
13 0.799316 0.372437 0.287109 0.510986 0.00375557
13 0.730469 0.317871 0.0439453 0.199707 0.0034523
2 0.812744 0.395752 0.313965 0.566895 0.00333786
13 0.916992 0.609375 0.102539 0.105469 0.0033226
13 0.720703 0.410645 0.0244141 0.0625 0.00330162
13 0.574219 0.148193 0.0927734 0.0981445 0.00325775
13 0.908203 0.566895 0.0986328 0.180664 0.00323677
1 0.0267487 0.0830688 0.0297546 0.150269 0.00320625
8 0.532715 0.168823 0.133789 0.130615 0.00318146
13 0.705566 0.178345 0.0576172 0.0681152 0.00291824
1 0.983398 0.917969 0.0234375 0.128906 0.00272942
2 0.505859 0.181549 0.3125 0.21991 0.00266647
13 0.720703 0.473511 0.0585938 0.47876 0.00247955
13 0.977539 0.864746 0.0390625 0.256836 0.00240898
13 0.506348 0.806641 0.0537109 0.147461 0.00238419
13 0.921387 0.587402 0.0830078 0.15918 0.00238037
4 0.714355 0.51123 0.0830078 0.689453 0.00222588
13 0.929688 0.619629 0.0751953 0.0595703 0.00221062
1 0.979736 0.0810852 0.0327148 0.115662 0.00220871
13 0.729492 0.141602 0.155273 0.0402832 0.00218773
13 0.71582 0.446777 0.0849609 0.563477 0.00218201
13 0.719727 0.184998 0.119141 0.118774 0.00213814
1 0.0279999 0.0401459 0.0318909 0.0762024 0.00210571
2 0.5625 0.145691 0.302734 0.236938 0.0020752
1 0.98584 0.958008 0.0283203 0.0644531 0.0020504
13 0.75 0.47229 0.196289 0.768311 0.00204659
1 0.0318451 0.893066 0.039093 0.155273 0.00204277
1 0.972412 0.0898438 0.0395508 0.132568 0.00200844
13 0.723145 0.396729 0.03125 0.143555 0.0019083
13 0.727539 0.433105 0.0351562 0.121094 0.00181389
13 0.712891 0.160645 0.0976562 0.0644531 0.00180626
1 0.975586 0.0437622 0.0351562 0.0533447 0.00179195
6 0.534302 0.169739 0.142334 0.126343 0.00178623
13 0.910156 0.515137 0.128906 0.391602 0.00177002
2 0.55957 0.157349 0.119141 0.111572 0.0017519
10 0.532715 0.168823 0.133789 0.130615 0.00170612
2 0.0529938 0.366699 0.0758972 0.699219 0.00170422
1 0.498535 0.127563 0.0253906 0.057373 0.00169373
19 0.537231 0.169495 0.137451 0.137573 0.00168324
1 0.537109 0.186523 0.154297 0.081543 0.00167656
1 0.972656 0.893555 0.0390625 0.164062 0.00167465
2 0.501465 0.821777 0.0429688 0.0712891 0.00167274
13 0.717773 0.311707 0.104492 0.384399 0.00164986
7 0.537109 0.169434 0.135742 0.130371 0.00163364
13 0.739746 0.160645 0.106445 0.0688477 0.00162792
2 0.908203 0.636719 0.0849609 0.0732422 0.00162315
13 0.54248 0.13208 0.103516 0.0671387 0.0015831
15 0.537231 0.169495 0.137451 0.137573 0.00156784
5 0.537109 0.169434 0.135742 0.130371 0.00155926
3 0.537109 0.169434 0.135742 0.130371 0.00155354
18 0.537109 0.169434 0.135742 0.130371 0.00153542
1 0.0282898 0.958008 0.0344849 0.0605469 0.00150013
4 0.911133 0.62793 0.0869141 0.0722656 0.00148582
12 0.537109 0.169434 0.135742 0.130371 0.00147629
16 0.537109 0.169434 0.135742 0.130371 0.00147152
14 0.49707 0.127075 0.0253906 0.0593262 0.001441
13 0.718262 0.180664 0.0332031 0.0563965 0.00143051
1 0.720703 0.294495 0.0478516 0.307495 0.0014267
13 0.722168 0.255859 0.0390625 0.166992 0.00141525
11 0.535156 0.171143 0.134766 0.121094 0.00140762
2 0.0387573 0.2854 0.0598145 0.543457 0.00139904
2 0.563965 0.143311 0.0712891 0.0705566 0.00137997
17 0.537109 0.169434 0.135742 0.130371 0.00134945
1 0.973389 0.819824 0.0493164 0.344727 0.00134373
2 0.496948 0.167114 0.145752 0.136475 0.00133896
13 0.788574 0.480957 0.313477 0.852539 0.00133228
13 0.725098 0.38916 0.0419922 0.324219 0.00131607
2 0.711914 0.536499 0.118164 0.870361 0.00130272
13 0.720703 0.190308 0.0439453 0.0856934 0.00127697
2 0.934814 0.454956 0.0952148 0.5979 0.00125504
0 0.537109 0.169434 0.135742 0.130371 0.00125408
2 0.75 0.47229 0.196289 0.768311 0.00125313
13 0.896484 0.598633 0.118164 0.18457 0.00124264
2 0.502808 0.184204 0.0881348 0.106201 0.00124168
13 0.97876 0.951172 0.0385742 0.0917969 0.0012331
13 0.880371 0.387451 0.211914 0.552246 0.0012188
14 0.97876 0.951172 0.0385742 0.0917969 0.00118637
14 0.0288239 0.942139 0.0317078 0.0805664 0.00117016
13 0.911133 0.650391 0.0908203 0.143555 0.00115776
13 0.723633 0.261292 0.139648 0.297729 0.00115013
2 0.499023 0.128418 0.0351562 0.074707 0.00111961
13 0.129639 0.841797 0.0195312 0.0712891 0.00109577
13 0.508789 0.801758 0.0673828 0.214844 0.00109005
2 0.977539 0.864746 0.0390625 0.256836 0.00108624
1 0.0286865 0.137817 0.0488281 0.258545 0.00105953
13 0.738281 0.178223 0.0478516 0.0668945 0.00105953
1 0.0219421 0.943115 0.034729 0.0805664 0.00105858
13 0.786621 0.199036 0.311523 0.175171 0.00102139
13 0.0302734 0.931641 0.0302734 0.111328 0.00101948
10 0.910156 0.628418 0.0898438 0.0732422 0.00101376
2 0.921875 0.529175 0.101562 0.459229 0.00100803
13 0.49646 0.149292 0.0598145 0.0759277 0.00100708
13 0.533081 0.163177 0.216064 0.167297 0.00100708
