2 0.491699 0.73877 0.334961 0.286133 0.871094
13 0.657227 0.302979 0.104492 0.125 0.658203
13 0.42627 0.812012 0.0415039 0.0751953 0.625488
1 0.028595 0.946045 0.0413208 0.104004 0.378418
13 0.597168 0.257507 0.24707 0.180298 0.3479
13 0.648438 0.27417 0.141602 0.185547 0.312988
1 0.981445 0.942139 0.0332031 0.115723 0.27417
1 0.980469 0.94873 0.0273438 0.0810547 0.215088
1 0.971924 0.964355 0.034668 0.0673828 0.175537
1 0.978271 0.904541 0.0336914 0.163574 0.125732
2 0.425293 0.8125 0.0356445 0.0634766 0.113159
13 0.671387 0.306396 0.0859375 0.0981445 0.0717163
1 0.0325317 0.91748 0.0396729 0.165039 0.0574951
1 0.980225 0.962891 0.0395508 0.0742188 0.0506592
2 0.400269 0.67627 0.174072 0.161133 0.0355835
2 0.426758 0.813477 0.0483398 0.0878906 0.0254517
1 0.0273438 0.929932 0.0317383 0.116699 0.0250244
13 0.978271 0.904541 0.0336914 0.163574 0.0246582
1 0.979736 0.867676 0.034668 0.254883 0.0244904
14 0.425293 0.812012 0.034668 0.0673828 0.0208282
13 0.489746 0.737793 0.308594 0.232422 0.0201874
14 0.0283508 0.946289 0.0415649 0.103516 0.019455
4 0.0483398 0.412109 0.078125 0.727539 0.0194092
1 0.426758 0.812012 0.0375977 0.0791016 0.0189362
13 0.969971 0.906738 0.034668 0.163086 0.0181885
2 0.659668 0.300781 0.104492 0.128418 0.0178375
13 0.0310059 0.901611 0.0374756 0.177246 0.016922
13 0.0463867 0.438599 0.0767822 0.718506 0.0157166
14 0.659668 0.300781 0.104492 0.128418 0.0148697
13 0.592773 0.560059 0.0273438 0.0517578 0.0119781
13 0.818359 0.810547 0.03125 0.126953 0.011322
9 0.484863 0.740234 0.306641 0.235352 0.0110626
13 0.969727 0.961914 0.0332031 0.0722656 0.0110016
1 0.48877 0.73877 0.31543 0.234375 0.0107803
1 0.972656 0.917725 0.03125 0.133301 0.0106812
14 0.485352 0.744141 0.323242 0.237305 0.0104523
1 0.0307007 0.867188 0.0371094 0.265625 0.00985718
13 0.578247 0.252686 0.341553 0.225098 0.00901794
1 0.663086 0.308105 0.0966797 0.122559 0.00872803
1 0.969482 0.952148 0.043457 0.0957031 0.00792694
4 0.48877 0.73584 0.307617 0.229492 0.00782013
13 0.635742 0.295654 0.197266 0.14209 0.00761414
1 0.0375977 0.946289 0.0510254 0.0859375 0.00704956
13 0.646973 0.245605 0.196289 0.154785 0.00680923
13 0.979736 0.867676 0.034668 0.254883 0.00680923
13 0.0283203 0.946533 0.0412598 0.106934 0.0066452
2 0.446411 0.691406 0.281006 0.181641 0.00630569
1 0.982422 0.935547 0.0214844 0.078125 0.00621796
1 0.192566 0.964355 0.332642 0.0419922 0.00603485
4 0.039917 0.33374 0.0507812 0.66748 0.00593948
1 0.986328 0.951904 0.0253906 0.0727539 0.00558853
13 0.970459 0.873047 0.0415039 0.199219 0.00544739
2 0.437012 0.805176 0.0654297 0.0908203 0.00497437
13 0.579712 0.308105 0.268311 0.279785 0.00483704
13 0.821289 0.788086 0.0234375 0.0917969 0.00461197
2 0.597168 0.257507 0.24707 0.180298 0.00421906
13 0.672852 0.270447 0.192383 0.235474 0.00418472
13 0.416504 0.816406 0.0488281 0.0722656 0.00406265
1 0.977539 0.782715 0.0351562 0.40918 0.00388908
13 0.032959 0.828369 0.038208 0.343262 0.00386429
13 0.416992 0.808105 0.0668945 0.0888672 0.00361824
2 0.777588 0.97168 0.419434 0.0546875 0.00356865
13 0.741211 0.506348 0.0253906 0.0908203 0.00354958
1 0.959961 0.0445557 0.0605469 0.0755615 0.00353241
13 0.796875 0.966309 0.404297 0.0478516 0.00346375
13 0.743164 0.475098 0.398438 0.682617 0.00340271
14 0.973877 0.9646 0.0366211 0.0649414 0.00339508
2 0.643188 0.583984 0.631592 0.631836 0.00339508
2 0.973877 0.9646 0.0366211 0.0649414 0.00330734
2 0.648438 0.27417 0.141602 0.185547 0.00329208
19 0.484863 0.740234 0.306641 0.235352 0.00322533
1 0.59375 0.261963 0.207031 0.194336 0.00320816
1 0.984863 0.919434 0.0302734 0.145508 0.00316429
16 0.484863 0.740234 0.306641 0.235352 0.0029583
18 0.484863 0.740234 0.306641 0.235352 0.00293732
13 0.82666 0.772461 0.0185547 0.0654297 0.00292206
13 0.660156 0.31543 0.166016 0.147949 0.00290108
13 0.979492 0.947021 0.0273438 0.0825195 0.00287056
8 0.484863 0.740234 0.306641 0.235352 0.00285721
1 0.982422 0.916748 0.0234375 0.119629 0.00284767
7 0.484863 0.740234 0.306641 0.235352 0.00284576
1 0.840332 0.967285 0.319336 0.0556641 0.00284386
1 0.0458832 0.470703 0.0676575 0.731445 0.00270653
4 0.0348358 0.798828 0.0401917 0.402344 0.00269508
4 0.648438 0.27417 0.141602 0.185547 0.00266075
3 0.485352 0.744141 0.323242 0.237305 0.0026474
13 0.678711 0.289368 0.157227 0.172241 0.00264549
11 0.485352 0.744141 0.323242 0.237305 0.00261688
1 0.0205994 0.952881 0.0411987 0.0844727 0.00258446
2 0.552246 0.776367 0.212891 0.201172 0.00255966
1 0.0266571 0.967285 0.0416565 0.0634766 0.00255585
13 0.966309 0.798828 0.0400391 0.371094 0.00253868
17 0.484863 0.740234 0.306641 0.235352 0.00250244
13 0.822754 0.780273 0.0175781 0.0673828 0.00249863
4 0.0458984 0.485229 0.0493164 0.613525 0.00248528
2 0.502319 0.966309 0.872314 0.0673828 0.00243759
2 0.404541 0.817871 0.0556641 0.0732422 0.00243568
1 0.967529 0.973145 0.043457 0.0537109 0.00243187
2 0.0310059 0.901611 0.0374756 0.177246 0.00242996
2 0.591797 0.55957 0.03125 0.046875 0.00239754
15 0.484863 0.740234 0.306641 0.235352 0.00238991
5 0.485352 0.744141 0.323242 0.237305 0.00238419
10 0.426758 0.812012 0.0375977 0.0791016 0.0023613
10 0.484863 0.740234 0.306641 0.235352 0.00234413
12 0.489746 0.737793 0.308594 0.232422 0.00232887
1 0.0273438 0.889404 0.0300293 0.17627 0.00232124
1 0.979492 0.967041 0.0292969 0.0600586 0.00231552
13 0.619141 0.228516 0.228516 0.10791 0.00229263
0 0.489746 0.737793 0.308594 0.232422 0.00229073
13 0.816895 0.848145 0.0390625 0.205078 0.0022583
2 0.631348 0.685547 0.615234 0.323242 0.00224495
1 0.966553 0.852539 0.0395508 0.267578 0.00221443
6 0.484863 0.740234 0.306641 0.235352 0.00215912
4 0.59375 0.261963 0.207031 0.194336 0.00208855
4 0.425537 0.80957 0.0385742 0.0732422 0.00208092
2 0.413574 0.803711 0.136719 0.0996094 0.00206566
4 0.660156 0.30542 0.0957031 0.116699 0.00203514
2 0.0282288 0.937744 0.0386353 0.124512 0.00196266
13 0.977783 0.796875 0.0307617 0.359375 0.00193501
14 0.65332 0.279114 0.143555 0.162476 0.00192165
1 0.885742 0.96875 0.197266 0.0527344 0.00190639
2 0.404785 0.79834 0.243164 0.207031 0.0018692
11 0.426758 0.812012 0.0375977 0.0791016 0.00184822
12 0.426758 0.812012 0.0375977 0.0791016 0.00182724
14 0.59375 0.261963 0.207031 0.194336 0.00179863
2 0.487427 0.729492 0.210693 0.273438 0.00179005
2 0.446533 0.788574 0.144043 0.139648 0.00171947
13 0.825195 0.770996 0.0117188 0.0585938 0.00166988
2 0.511719 0.685059 0.386719 0.230469 0.00166988
2 0.519043 0.810059 0.289062 0.158203 0.0016489
1 0.967773 0.903564 0.0449219 0.163574 0.00163651
13 0.660645 0.29126 0.30957 0.293945 0.00163651
6 0.426758 0.812012 0.0375977 0.0791016 0.00161266
2 0.97168 0.405151 0.0566406 0.744385 0.00161076
13 0.981445 0.942139 0.0332031 0.115723 0.00160122
2 0.389771 0.803711 0.513428 0.243164 0.00158405
2 0.423096 0.806641 0.0820312 0.118164 0.00156689
14 0.980469 0.947754 0.03125 0.0771484 0.00155926
13 0.114258 0.960693 0.178467 0.0473633 0.0015316
13 0.82373 0.769043 0.0283203 0.0683594 0.00150967
13 0.446533 0.788574 0.144043 0.139648 0.00150871
4 0.0282288 0.937744 0.0386353 0.124512 0.00149727
2 0.687134 0.96582 0.592529 0.0683594 0.00148869
9 0.427246 0.8125 0.0341797 0.0703125 0.00147152
6 0.659668 0.300781 0.104492 0.128418 0.0014677
13 0.0356598 0.722046 0.0485535 0.555908 0.00146198
1 0.0224609 0.921875 0.0302734 0.0927734 0.00145531
4 0.0356598 0.722046 0.0485535 0.555908 0.00144386
1 0.729858 0.969727 0.540283 0.0566406 0.00143719
18 0.426758 0.812012 0.0375977 0.0791016 0.00142956
2 0.445923 0.727539 0.352295 0.198242 0.00142479
2 0.41626 0.810547 0.0463867 0.0761719 0.00140572
1 0.647949 0.27124 0.15918 0.192871 0.00139427
9 0.59375 0.261963 0.207031 0.194336 0.00138378
1 0.932861 0.0263672 0.10498 0.0449219 0.00135994
14 0.426758 0.813477 0.0483398 0.0878906 0.00130272
10 0.662598 0.307129 0.0986328 0.123047 0.00129986
11 0.662598 0.307129 0.0986328 0.123047 0.00128841
9 0.0278473 0.949951 0.0409851 0.0942383 0.00128651
1 0.0348358 0.798828 0.0401917 0.402344 0.00128078
8 0.660645 0.304932 0.0986328 0.124512 0.00128078
19 0.657227 0.302979 0.104492 0.125 0.00125504
13 0.621582 0.344421 0.209961 0.305298 0.00123024
2 0.516113 0.617188 0.375977 0.289062 0.00122547
4 0.975342 0.744141 0.0454102 0.511719 0.00121403
13 0.437012 0.805176 0.0654297 0.0908203 0.00119209
2 0.978271 0.904541 0.0336914 0.163574 0.00117016
9 0.662109 0.307373 0.104492 0.114746 0.00115967
16 0.659668 0.300781 0.104492 0.128418 0.00114822
17 0.426514 0.810059 0.0410156 0.0771484 0.00114536
5 0.42627 0.8125 0.0356445 0.0683594 0.00113106
2 0.58606 0.727051 0.456787 0.275391 0.00112534
13 0.655273 0.498047 0.298828 0.604492 0.00111675
3 0.657227 0.302979 0.104492 0.125 0.00109959
13 0.5448 0.223633 0.231689 0.103027 0.00109863
4 0.971436 0.442261 0.0571289 0.838135 0.001091
1 0.984863 0.932129 0.0302734 0.0869141 0.00107574
1 0.958984 0.885986 0.0625 0.212402 0.00107384
7 0.426758 0.812012 0.0375977 0.0791016 0.00107098
13 0.969482 0.952148 0.043457 0.0957031 0.00104523
8 0.427246 0.812988 0.0380859 0.0664062 0.00104237
7 0.657227 0.302979 0.104492 0.125 0.00104141
13 0.534668 0.250183 0.389648 0.152954 0.00103569
2 0.980469 0.947754 0.03125 0.0771484 0.00103092
0 0.59375 0.261963 0.207031 0.194336 0.00102711
2 0.599609 0.795898 0.115234 0.179688 0.00102329
5 0.657227 0.302979 0.104492 0.125 0.00101662
