13 0.375 0.115112 0.0673828 0.169922 0.79248
13 0.399902 0.761719 0.0537109 0.28125 0.777344
13 0.299316 0.77832 0.0449219 0.146484 0.724609
2 0.400391 0.754395 0.0498047 0.260742 0.597656
13 0.361328 0.76709 0.138672 0.246094 0.1073
4 0.050293 0.41687 0.0712891 0.695557 0.102722
2 0.40625 0.759766 0.0805664 0.283203 0.0963135
4 0.045166 0.24707 0.0640869 0.494141 0.0930786
13 0.324219 0.770996 0.126465 0.225586 0.0502014
4 0.0468597 0.608521 0.059845 0.599365 0.0475159
1 0.400146 0.755371 0.0512695 0.260742 0.0396423
13 0.374023 0.124054 0.0527344 0.116638 0.0389099
13 0.402344 0.758301 0.0991211 0.27832 0.0372314
13 0.304443 0.778809 0.0737305 0.166992 0.0346069
13 0.298584 0.772949 0.0366211 0.0966797 0.0299988
13 0.361328 0.108124 0.0449219 0.152893 0.0264587
4 0.0432739 0.720703 0.0477295 0.457031 0.025589
4 0.0608826 0.482056 0.100891 0.934326 0.0234985
13 0.30835 0.796387 0.0517578 0.12793 0.0210571
2 0.666992 0.763672 0.569336 0.363281 0.02034
14 0.396973 0.758789 0.0551758 0.275391 0.0202789
2 0.0589447 0.4823 0.0952454 0.933838 0.0184937
1 0.0226288 0.94043 0.0250549 0.0546875 0.0150604
1 0.30127 0.774902 0.0444336 0.154297 0.0130844
2 0.357666 0.757812 0.124023 0.261719 0.0129929
13 0.050293 0.41687 0.0712891 0.695557 0.0119476
1 0.374756 0.117218 0.0664062 0.166443 0.0112534
13 0.363281 0.0877075 0.0634766 0.11731 0.0112305
13 0.39917 0.113739 0.10791 0.152893 0.011055
13 0.041748 0.852051 0.0291748 0.180664 0.0101852
2 0.371338 0.119141 0.0688477 0.16333 0.00946045
13 0.0527191 0.473267 0.0996399 0.887451 0.00940704
13 0.291992 0.750488 0.0317383 0.0966797 0.00938416
14 0.376221 0.117432 0.0712891 0.162598 0.00938416
13 0.345215 0.775391 0.144531 0.169922 0.00823212
13 0.371338 0.114014 0.112793 0.188721 0.00766754
13 0.293457 0.762207 0.121094 0.222656 0.00719833
13 0.415405 0.119629 0.158447 0.180908 0.00671005
14 0.299316 0.77832 0.0449219 0.146484 0.00644684
2 0.430054 0.769043 0.122314 0.27832 0.00640869
2 0.395752 0.750488 0.0429688 0.143555 0.00634003
13 0.359375 0.0894165 0.034668 0.108032 0.00601959
13 0.30249 0.739746 0.0576172 0.1875 0.00601959
13 0.398926 0.761719 0.0424805 0.212891 0.00585556
2 0.384277 0.751953 0.0830078 0.260742 0.00574112
13 0.365234 0.107422 0.0478516 0.0969238 0.00543594
13 0.394531 0.695312 0.0356445 0.161133 0.00506592
2 0.299316 0.77832 0.0449219 0.146484 0.00489807
4 0.371582 0.121094 0.0698242 0.150635 0.00485992
13 0.0423584 0.883301 0.036499 0.168945 0.00474548
1 0.0371094 0.052124 0.0368652 0.104248 0.00442886
13 0.395752 0.750488 0.0429688 0.143555 0.00432587
13 0.0405273 0.551392 0.0577393 0.766357 0.00429153
13 0.320557 0.750488 0.0869141 0.220703 0.00426102
13 0.263672 0.682129 0.20166 0.174805 0.00402451
2 0.503418 0.759766 0.271484 0.267578 0.00402069
13 0.495605 0.0923157 0.272461 0.125427 0.00380707
13 0.333496 0.769043 0.225098 0.282227 0.00372887
4 0.299805 0.781738 0.0424805 0.150391 0.0036869
13 0.287598 0.774414 0.0341797 0.144531 0.00355911
13 0.0357056 0.890625 0.0300293 0.142578 0.00349045
4 0.0356445 0.758789 0.0371094 0.382812 0.00335503
1 0.980225 0.939453 0.0317383 0.09375 0.00333786
4 0.941406 0.510376 0.0820312 0.838623 0.00312233
13 0.357178 0.118408 0.0751953 0.164307 0.0030098
1 0.0276642 0.912598 0.0328064 0.116211 0.00288773
4 0.405273 0.757812 0.0791016 0.280273 0.00287628
13 0.374634 0.120911 0.190186 0.21814 0.00282669
13 0.294434 0.740723 0.046875 0.149414 0.00279236
2 0.56543 0.487671 0.776367 0.927002 0.00274467
13 0.296387 0.738281 0.0288086 0.0771484 0.00269127
13 0.381348 0.76123 0.0854492 0.262695 0.00259209
13 0.330322 0.779297 0.0981445 0.143555 0.0025444
2 0.376099 0.757324 0.226318 0.286133 0.00246048
2 0.572876 0.763184 0.369873 0.233398 0.00239372
13 0.385254 0.758301 0.24707 0.314453 0.00237656
1 0.985352 0.910645 0.0195312 0.102539 0.0022831
9 0.39917 0.754395 0.0512695 0.262695 0.00224304
13 0.302246 0.740234 0.0419922 0.0888672 0.00215912
2 0.443359 0.755859 0.220703 0.265625 0.00198174
13 0.29834 0.718262 0.234863 0.210938 0.00192642
1 0.984131 0.965332 0.0317383 0.0693359 0.00189686
13 0.372803 0.148407 0.0825195 0.187561 0.00178337
2 0.0380859 0.691528 0.0487061 0.525146 0.00175476
13 0.285645 0.78125 0.0629883 0.151367 0.00175381
1 0.0341797 0.0377808 0.0400391 0.0699463 0.00173569
1 0.025238 0.94458 0.0335083 0.0737305 0.00172997
2 0.753418 0.582031 0.0322266 0.0566406 0.00169563
1 0.0202484 0.929199 0.028717 0.0654297 0.00168228
13 0.284912 0.74707 0.034668 0.0849609 0.00167561
2 0.324219 0.770996 0.126465 0.225586 0.00164604
4 0.335205 0.766113 0.129883 0.244141 0.00164318
2 0.371338 0.114014 0.112793 0.188721 0.00164127
13 0.30127 0.797363 0.0517578 0.0966797 0.00156879
1 0.97168 0.921387 0.0390625 0.125977 0.00153255
1 0.982422 0.883301 0.0234375 0.162109 0.00152206
2 0.0462036 0.325439 0.0622559 0.619629 0.00151443
13 0.0262146 0.927734 0.0286255 0.0761719 0.00147152
1 0.0373535 0.872559 0.041626 0.198242 0.00146008
1 0.0381012 0.0796814 0.040741 0.150208 0.00145626
13 0.391602 0.674805 0.0268555 0.112305 0.00142097
13 0.430054 0.769043 0.122314 0.27832 0.00139046
9 0.376221 0.116791 0.0727539 0.167786 0.00138474
1 0.987305 0.927246 0.0214844 0.0683594 0.00136375
8 0.400391 0.754395 0.0498047 0.260742 0.001297
6 0.370117 0.119385 0.0688477 0.159424 0.00127316
8 0.370117 0.119385 0.0688477 0.159424 0.00126362
13 0.0350342 0.913574 0.0366211 0.114258 0.0012598
19 0.370117 0.119385 0.0688477 0.159424 0.00124836
2 0.661621 0.575562 0.553711 0.63208 0.00124741
4 0.0380859 0.831055 0.0333252 0.208008 0.00122547
13 0.355469 0.0761719 0.0288086 0.0805664 0.00118923
10 0.370117 0.119385 0.0688477 0.159424 0.00117779
11 0.370117 0.119385 0.0688477 0.159424 0.0011692
13 0.386963 0.0888214 0.0883789 0.124847 0.00114822
9 0.298828 0.777832 0.0473633 0.146484 0.00113773
1 0.976807 0.882324 0.0366211 0.198242 0.00113106
1 0.0374756 0.91333 0.0394287 0.120605 0.0011282
2 0.670288 0.0890198 0.622314 0.117371 0.00111961
2 0.393311 0.714355 0.0439453 0.196289 0.00111008
7 0.370117 0.119385 0.0688477 0.159424 0.00110626
14 0.395752 0.750488 0.0429688 0.143555 0.0011034
3 0.370117 0.119385 0.0688477 0.159424 0.00109768
13 0.034668 0.848145 0.0321045 0.195312 0.00109673
16 0.370117 0.119385 0.0688477 0.159424 0.0010767
5 0.370117 0.119385 0.0688477 0.159424 0.00107288
13 0.417969 0.859863 0.0292969 0.116211 0.00107098
4 0.305908 0.767578 0.0605469 0.180664 0.0010643
1 0.320068 0.0261078 0.164551 0.0263977 0.00105953
18 0.370117 0.119385 0.0688477 0.159424 0.00103951
13 0.459473 0.107178 0.253906 0.178223 0.00100708
