2 0.575806 0.337891 0.330811 0.0957031 0.744141
4 0.355713 0.492676 0.145996 0.873047 0.506348
1 0.981689 0.95874 0.0307617 0.0766602 0.351807
1 0.981445 0.942871 0.0351562 0.114258 0.2052
2 0.313232 0.222717 0.0366211 0.055542 0.137939
1 0.97583 0.951416 0.0327148 0.0874023 0.136108
1 0.0292358 0.945312 0.0418701 0.0957031 0.12561
2 0.573242 0.352783 0.261719 0.081543 0.101379
1 0.0302734 0.947998 0.0294189 0.0766602 0.0510559
4 0.337158 0.446045 0.0981445 0.778809 0.0474243
1 0.979492 0.904053 0.0332031 0.166504 0.0433044
1 0.0321045 0.917969 0.0375977 0.138672 0.0312195
2 0.570312 0.326416 0.365234 0.167969 0.027832
1 0.975586 0.930664 0.0410156 0.109375 0.023407
4 0.336182 0.311768 0.0859375 0.497559 0.0196381
1 0.0270081 0.904297 0.0391235 0.183594 0.0180054
1 0.0273285 0.929199 0.0271301 0.0888672 0.0175323
1 0.972656 0.884277 0.0449219 0.22168 0.015976
2 0.572144 0.367432 0.343994 0.0917969 0.0139999
4 0.979736 0.957764 0.0385742 0.074707 0.0136719
2 0.53418 0.339355 0.353516 0.0688477 0.0128632
1 0.966309 0.0275116 0.0498047 0.0531311 0.0124817
14 0.0292511 0.944092 0.0423279 0.100098 0.0105515
1 0.975586 0.0320587 0.0351562 0.063324 0.0102234
13 0.313232 0.222717 0.0366211 0.055542 0.00993347
2 0.573242 0.339111 0.182617 0.0883789 0.00993347
14 0.5625 0.34668 0.365234 0.0795898 0.00908661
9 0.577637 0.352539 0.34668 0.0864258 0.00854492
1 0.692383 0.0580902 0.615234 0.0561829 0.00812531
4 0.980225 0.817139 0.0336914 0.312988 0.00750732
1 0.9646 0.945068 0.0551758 0.0942383 0.00717545
13 0.574341 0.353516 0.345459 0.0908203 0.0071106
2 0.505981 0.948242 0.947021 0.103516 0.00645828
2 0.570312 0.261963 0.359375 0.276855 0.00610733
1 0.984375 0.936279 0.0253906 0.0922852 0.00585175
14 0.982422 0.955322 0.0351562 0.0756836 0.00572586
4 0.967041 0.794434 0.0541992 0.356445 0.0055809
13 0.979492 0.885498 0.0351562 0.193848 0.0051918
1 0.0314941 0.864014 0.0407715 0.258301 0.0049057
1 0.877686 0.0553131 0.225098 0.054657 0.00458908
4 0.325378 0.486328 0.291626 0.896484 0.00442886
4 0.0608215 0.50647 0.0956421 0.955811 0.00396347
4 0.92041 0.796387 0.0498047 0.339844 0.00392532
1 0.0224609 0.939941 0.0321045 0.0771484 0.00370979
1 0.984375 0.913086 0.0292969 0.113281 0.00361633
4 0.934326 0.506348 0.0942383 0.919922 0.00356674
4 0.56543 0.344238 0.355469 0.0805664 0.00352287
2 0.626465 0.359131 0.241211 0.0576172 0.0030632
1 0.575806 0.337891 0.330811 0.0957031 0.00299835
14 0.313232 0.222717 0.0366211 0.055542 0.00295448
13 0.315918 0.230957 0.0273438 0.0742188 0.00289154
2 0.55127 0.369507 0.443359 0.280518 0.00286102
4 0.933838 0.959473 0.122559 0.0712891 0.00280762
4 0.0446777 0.484375 0.0543213 0.749023 0.0026989
1 0.80957 0.0546265 0.316406 0.0495605 0.00262451
2 0.977295 0.872803 0.0395508 0.244629 0.00255394
1 0.0255432 0.963135 0.041687 0.0737305 0.00250626
1 0.313232 0.222717 0.0366211 0.055542 0.00248528
1 0.0400391 0.953613 0.0482178 0.0673828 0.00231934
4 0.982422 0.947754 0.0273438 0.0908203 0.00230217
8 0.578125 0.35083 0.348633 0.0834961 0.00229645
14 0.0283966 0.900879 0.0315857 0.166992 0.0022831
1 0.0336914 0.0389404 0.0330811 0.0682373 0.00226593
2 0.980713 0.912354 0.0366211 0.171387 0.00226021
1 0.972656 0.964844 0.0371094 0.0566406 0.00217247
1 0.023056 0.914551 0.0361633 0.12793 0.00214958
1 0.258423 0.0494232 0.469482 0.0525208 0.0020752
13 0.981445 0.942871 0.0351562 0.114258 0.00205803
2 0.982422 0.95166 0.0351562 0.0888672 0.00204277
4 0.956055 0.830078 0.078125 0.320312 0.00202179
1 0.0224609 0.919922 0.0264893 0.0771484 0.00198174
13 0.980225 0.817139 0.0336914 0.312988 0.00191975
1 0.0292969 0.917969 0.0367432 0.0917969 0.00190449
2 0.0265961 0.936523 0.0395813 0.113281 0.0018959
6 0.578125 0.35083 0.348633 0.0834961 0.00188923
1 0.961914 0.795654 0.0546875 0.391113 0.00178909
2 0.650269 0.218384 0.578369 0.321045 0.00174046
4 0.030426 0.796875 0.0430298 0.400391 0.00174046
4 0.959717 0.410278 0.074707 0.738037 0.00170612
14 0.351318 0.484985 0.140137 0.852295 0.00168991
2 0.030426 0.902344 0.0408325 0.175781 0.00167751
2 0.358398 0.497437 0.148926 0.874268 0.00157928
14 0.976807 0.943848 0.034668 0.104492 0.00156689
4 0.957031 0.76123 0.0566406 0.420898 0.00154114
13 0.984375 0.901611 0.0234375 0.153809 0.00149727
4 0.0284119 0.935059 0.0401001 0.125977 0.00149536
1 0.975342 0.0483398 0.0454102 0.0966797 0.00145721
4 0.974609 0.855957 0.046875 0.282227 0.00143719
2 0.587402 0.339844 0.104492 0.059082 0.00142193
1 0.0278015 0.0585632 0.0255737 0.101135 0.0014019
13 0.979492 0.959473 0.0390625 0.0732422 0.00133705
1 0.160126 0.0469971 0.242737 0.0557861 0.00130653
1 0.0441895 0.868652 0.0559082 0.233398 0.00122356
15 0.577637 0.352539 0.34668 0.0864258 0.00119209
2 0.30542 0.219727 0.0332031 0.0566406 0.00118065
1 0.946777 0.0287781 0.0927734 0.0575562 0.00118065
19 0.574707 0.355225 0.335938 0.0854492 0.00116253
13 0.0305176 0.933594 0.0393066 0.117188 0.00112629
4 0.945801 0.733887 0.0791016 0.514648 0.00111866
10 0.577637 0.352539 0.34668 0.0864258 0.00111103
0 0.577637 0.352539 0.34668 0.0864258 0.00104809
3 0.576294 0.353271 0.3396 0.0844727 0.0010376
11 0.576294 0.353271 0.3396 0.0844727 0.0010252
