14 0.52832 0.921387 0.0996094 0.0419922 0.871582
1 0.0229187 0.951904 0.0241089 0.0688477 0.0830688
2 0.529785 0.921387 0.115234 0.0449219 0.0773926
4 0.036377 0.830078 0.0404053 0.291016 0.052124
14 0.53418 0.918457 0.114258 0.0722656 0.0438232
9 0.527344 0.920898 0.103516 0.0419922 0.0270233
4 0.0389404 0.774658 0.0389404 0.438965 0.0148697
1 0.526367 0.919922 0.103516 0.0429688 0.0131912
13 0.472778 0.60498 0.0241699 0.0878906 0.0109406
13 0.559082 0.723145 0.0214844 0.0742188 0.00834656
4 0.0508423 0.459229 0.0627441 0.897949 0.0076828
4 0.0358276 0.801758 0.0289307 0.211914 0.0070076
4 0.0399933 0.674805 0.0433044 0.536133 0.00658798
1 0.988281 0.955322 0.0214844 0.0522461 0.00585175
1 0.0357666 0.83374 0.0362549 0.297363 0.00509644
14 0.0218353 0.952637 0.0260315 0.0673828 0.00498199
1 0.0273438 0.950195 0.0239258 0.0546875 0.00457382
1 0.0229492 0.964844 0.0316162 0.0585938 0.00426865
1 0.0286865 0.91626 0.0284424 0.132324 0.0039978
13 0.491699 0.646484 0.0390625 0.0947266 0.00383568
4 0.0423584 0.513062 0.0369873 0.641846 0.00372505
13 0.0516357 0.362793 0.0167236 0.139648 0.00365257
2 0.846191 0.270996 0.0195312 0.0415039 0.00326157
1 0.0239716 0.953125 0.0423889 0.0703125 0.00270653
13 0.557617 0.740234 0.0214844 0.0996094 0.00255394
8 0.52832 0.920898 0.0976562 0.0400391 0.00253868
2 0.530273 0.919922 0.0742188 0.0410156 0.00252151
9 0.53418 0.918457 0.114258 0.0722656 0.00249481
13 0.482544 0.62793 0.0310059 0.119141 0.00248146
4 0.980469 0.76123 0.0292969 0.334961 0.00232697
13 0.530273 0.92041 0.104492 0.0439453 0.0023098
4 0.527832 0.92041 0.0947266 0.0449219 0.00227928
1 0.980469 0.76123 0.0292969 0.334961 0.00226784
5 0.52832 0.921387 0.0986328 0.0390625 0.00214577
13 0.495605 0.645508 0.0263672 0.0791016 0.00204086
1 0.987305 0.943359 0.0253906 0.0742188 0.00199127
15 0.52832 0.921387 0.0986328 0.0390625 0.00198364
1 0.981445 0.956055 0.0234375 0.0449219 0.00193214
19 0.52832 0.921387 0.0986328 0.0390625 0.00192261
6 0.52832 0.921387 0.0986328 0.0390625 0.00192261
1 0.985352 0.921387 0.0253906 0.104492 0.00192165
17 0.52832 0.921387 0.0986328 0.0390625 0.00179386
1 0.0283203 0.942627 0.0344238 0.0600586 0.00177383
1 0.0317993 0.956055 0.0300293 0.0546875 0.0017643
0 0.52832 0.920898 0.0976562 0.0400391 0.00175953
16 0.52832 0.921387 0.0986328 0.0390625 0.0017519
4 0.972412 0.345703 0.0551758 0.691406 0.00174904
10 0.52832 0.920898 0.0976562 0.0400391 0.00169849
14 0.524414 0.912598 0.109375 0.0341797 0.00169563
1 0.0280762 0.893555 0.0321045 0.205078 0.00167847
3 0.52832 0.920898 0.0976562 0.0400391 0.00167274
12 0.52832 0.921387 0.0986328 0.0390625 0.00164509
2 0.0212097 0.941895 0.0280151 0.0693359 0.00163555
18 0.52832 0.920898 0.0976562 0.0400391 0.00157738
11 0.52832 0.920898 0.0976562 0.0400391 0.00155258
2 0.0497589 0.428711 0.0608826 0.841797 0.00154972
7 0.52832 0.921387 0.0986328 0.0390625 0.00152779
1 0.491699 0.0269775 0.202148 0.0229492 0.00139332
4 0.957764 0.46814 0.0649414 0.930908 0.00137234
13 0.471558 0.621582 0.0344238 0.123047 0.00134468
1 0.976562 0.189941 0.0332031 0.28418 0.00119495
1 0.0242615 0.926025 0.0299683 0.0893555 0.00112343
14 0.526367 0.91748 0.125977 0.106445 0.00109005
13 0.847656 0.270264 0.0195312 0.046875 0.00104809
