13 0.75 0.414307 0.216797 0.437988 0.748535
2 0.757324 0.425476 0.197266 0.492798 0.574707
2 0.749512 0.505859 0.201172 0.30957 0.356201
13 0.747559 0.537109 0.196289 0.287109 0.258301
13 0.79834 0.408997 0.110352 0.457397 0.13562
4 0.973633 0.734375 0.0449219 0.351562 0.120178
1 0.0253296 0.960205 0.0358887 0.0698242 0.105164
1 0.983398 0.945312 0.0273438 0.0820312 0.0882568
13 0.11377 0.821289 0.0214844 0.103516 0.0696411
13 0.97168 0.73584 0.0390625 0.349609 0.0546265
13 0.978516 0.291382 0.0410156 0.50708 0.0456848
1 0.981445 0.955322 0.0371094 0.081543 0.02742
13 0.785645 0.262512 0.0253906 0.151733 0.0274048
1 0.986328 0.932129 0.0214844 0.0810547 0.0249634
13 0.976807 0.423096 0.0444336 0.530762 0.0220642
13 0.789062 0.278076 0.0390625 0.207031 0.0201416
13 0.967041 0.598511 0.0561523 0.707275 0.0196228
2 0.793945 0.403076 0.130859 0.500488 0.0192566
13 0.769531 0.111938 0.0996094 0.15625 0.0171967
2 0.0274048 0.953125 0.0349121 0.078125 0.0135117
1 0.986328 0.914062 0.0234375 0.125 0.0125427
1 0.0282593 0.941162 0.0333252 0.11377 0.0121689
13 0.9729 0.682007 0.0463867 0.509033 0.011261
13 0.977539 0.517578 0.0371094 0.40625 0.0106964
13 0.976562 0.176636 0.03125 0.307373 0.0096283
13 0.78418 0.285217 0.0546875 0.254761 0.00961304
4 0.96875 0.733276 0.0546875 0.533447 0.00933838
4 0.967041 0.598511 0.0561523 0.707275 0.00810242
1 0.974365 0.0783691 0.0317383 0.11499 0.0080719
13 0.713867 0.571777 0.0576172 0.203125 0.00797272
13 0.973877 0.333252 0.0522461 0.597168 0.00777054
13 0.725098 0.568359 0.167969 0.483398 0.00749588
4 0.978516 0.291382 0.0410156 0.50708 0.00711823
4 0.753418 0.41571 0.211914 0.451782 0.00698471
13 0.977539 0.519043 0.0292969 0.280273 0.00675964
13 0.825195 0.250427 0.0927734 0.124634 0.00641251
13 0.827148 0.727051 0.0400391 0.427734 0.00579071
14 0.757324 0.43396 0.183594 0.509033 0.00559235
13 0.767578 0.377991 0.149414 0.420776 0.00540924
1 0.751953 0.416199 0.208008 0.445923 0.00495911
13 0.803223 0.451904 0.142578 0.32959 0.00480652
13 0.779785 0.248535 0.0400391 0.12207 0.0045433
14 0.025589 0.95752 0.0381775 0.0712891 0.00445557
13 0.976562 0.425781 0.0332031 0.413086 0.00434494
13 0.80957 0.262451 0.0771484 0.138184 0.00433731
13 0.966553 0.408081 0.0532227 0.670166 0.00432968
2 0.758789 0.415039 0.175781 0.286133 0.00428391
1 0.036377 0.917969 0.0390625 0.148438 0.00396347
13 0.952881 0.512207 0.0942383 0.855469 0.00384712
14 0.751953 0.508301 0.179688 0.280273 0.00382423
1 0.978516 0.10376 0.03125 0.156494 0.00374603
1 0.751953 0.508301 0.179688 0.280273 0.00363541
9 0.756348 0.428711 0.191406 0.415039 0.0036068
13 0.827637 0.726074 0.0302734 0.290039 0.00358772
13 0.782715 0.46875 0.147461 0.424805 0.00340843
9 0.751953 0.508301 0.179688 0.280273 0.00340462
13 0.11438 0.811035 0.0288086 0.134766 0.00335312
1 0.975586 0.146606 0.0332031 0.237549 0.00334358
1 0.979736 0.93335 0.0327148 0.10791 0.00329781
4 0.79834 0.408997 0.110352 0.457397 0.00324249
13 0.79834 0.439697 0.227539 0.559082 0.00314713
13 0.794434 0.271057 0.0361328 0.160034 0.00300217
13 0.696289 0.540894 0.118164 0.31665 0.00263596
1 0.026062 0.944824 0.0262451 0.0654297 0.00256729
13 0.814941 0.306946 0.133789 0.265015 0.00256538
1 0.975586 0.0567627 0.0351562 0.0692139 0.00256538
4 0.751953 0.508301 0.179688 0.280273 0.00246048
13 0.119873 0.820312 0.0285645 0.112305 0.00242805
13 0.979248 0.558594 0.0317383 0.158203 0.00240707
13 0.105194 0.820312 0.0281372 0.117188 0.00231552
1 0.0290833 0.905029 0.0327759 0.189941 0.00230217
13 0.832031 0.431641 0.138672 0.564453 0.00227928
1 0.975342 0.969727 0.0317383 0.0546875 0.00215912
13 0.975586 0.103149 0.03125 0.155029 0.00211716
13 0.961426 0.369385 0.0771484 0.614746 0.00210953
13 0.862793 0.227783 0.0595703 0.124023 0.00209808
13 0.784668 0.257874 0.0205078 0.0975342 0.00204277
13 0.774414 0.128174 0.0615234 0.154053 0.00203133
13 0.775391 0.147583 0.0800781 0.0922852 0.00201607
4 0.97168 0.837646 0.0488281 0.324707 0.00200081
13 0.78125 0.175171 0.0400391 0.12915 0.00198555
13 0.77832 0.172607 0.046875 0.074707 0.00194645
13 0.110352 0.768555 0.0307617 0.205078 0.00184917
13 0.84375 0.303223 0.0458984 0.100586 0.00182152
13 0.85498 0.242188 0.121094 0.129395 0.00180817
1 0.0375977 0.0762634 0.0549316 0.14386 0.00179768
7 0.751953 0.416199 0.208008 0.445923 0.00176144
13 0.912109 0.510132 0.152344 0.526611 0.00175095
19 0.756348 0.428711 0.191406 0.415039 0.00174618
13 0.807617 0.296021 0.0830078 0.366943 0.00172138
5 0.751953 0.416199 0.208008 0.445923 0.00170135
19 0.751953 0.508301 0.179688 0.280273 0.00169659
18 0.756348 0.428711 0.191406 0.415039 0.00168705
8 0.75 0.414307 0.216797 0.437988 0.00168133
3 0.756348 0.428711 0.191406 0.415039 0.00165939
11 0.756348 0.428711 0.191406 0.415039 0.00165367
13 0.789551 0.251221 0.0419922 0.11377 0.00164795
13 0.959961 0.575684 0.0800781 0.623047 0.00164413
2 0.713379 0.528809 0.154297 0.265625 0.00161552
13 0.794434 0.266418 0.0664062 0.182007 0.00160408
13 0.718262 0.547852 0.111328 0.259766 0.00160122
11 0.751953 0.508301 0.179688 0.280273 0.00159359
3 0.751953 0.508301 0.179688 0.280273 0.00157452
16 0.751953 0.416199 0.208008 0.445923 0.00156689
13 0.786133 0.334045 0.0742188 0.317261 0.00154495
13 0.813965 0.470215 0.0976562 0.47168 0.00152397
1 0.113281 0.821777 0.0209961 0.106445 0.00150585
16 0.751953 0.508301 0.179688 0.280273 0.00148106
15 0.756348 0.428711 0.191406 0.415039 0.0014658
18 0.751953 0.508301 0.179688 0.280273 0.00144005
10 0.751953 0.416199 0.208008 0.445923 0.00143909
13 0.96582 0.865967 0.0507812 0.213379 0.00142574
6 0.756348 0.428711 0.191406 0.415039 0.00142097
13 0.971924 0.841309 0.0444336 0.317383 0.00142097
0 0.756348 0.428711 0.191406 0.415039 0.00142097
13 0.662109 0.557129 0.0712891 0.22168 0.00141907
8 0.751953 0.508301 0.179688 0.280273 0.00141239
17 0.756348 0.428711 0.191406 0.415039 0.00139904
7 0.751953 0.508301 0.179688 0.280273 0.00139618
1 0.973877 0.919189 0.0385742 0.155762 0.00138664
12 0.751953 0.416199 0.208008 0.445923 0.00138378
13 0.978516 0.576172 0.0253906 0.285156 0.00138283
4 0.977783 0.577148 0.0405273 0.610352 0.00136566
13 0.772949 0.146851 0.0400391 0.118164 0.00133514
1 0.0279846 0.116425 0.0309448 0.210022 0.00131035
5 0.751953 0.508301 0.179688 0.280273 0.00130653
10 0.751953 0.508301 0.179688 0.280273 0.001297
15 0.751953 0.508301 0.179688 0.280273 0.00129223
14 0.113403 0.819824 0.0153809 0.0957031 0.00127888
0 0.751953 0.508301 0.179688 0.280273 0.00127697
13 0.826172 0.692871 0.0283203 0.181641 0.00127125
17 0.751953 0.508301 0.179688 0.280273 0.00125694
6 0.751953 0.508301 0.179688 0.280273 0.00123787
13 0.435547 0.684082 0.0371094 0.217773 0.00123501
12 0.751953 0.508301 0.179688 0.280273 0.0012331
13 0.979492 0.162262 0.0273438 0.210632 0.00123119
13 0.985352 0.902344 0.0214844 0.144531 0.0012188
4 0.955811 0.547729 0.0844727 0.842041 0.00121212
13 0.833008 0.625977 0.0253906 0.120117 0.00119972
13 0.967041 0.704102 0.065918 0.510742 0.00119114
13 0.890381 0.40564 0.219238 0.575439 0.00118732
1 0.0345459 0.115356 0.0498047 0.218506 0.00118256
13 0.9729 0.779297 0.0541992 0.408203 0.00116062
13 0.0257874 0.959717 0.0336304 0.0668945 0.00115395
13 0.684082 0.55957 0.103516 0.222656 0.00114918
13 0.813477 0.335938 0.0878906 0.242676 0.00113201
1 0.981445 0.909912 0.0234375 0.160645 0.00113106
13 0.97168 0.364685 0.0371094 0.36145 0.00112438
2 0.434082 0.761719 0.0151367 0.0351562 0.00109863
13 0.768066 0.65918 0.146484 0.480469 0.00109768
1 0.0323639 0.957031 0.0274353 0.0566406 0.0010891
13 0.827148 0.674316 0.0205078 0.240234 0.00107765
13 0.840332 0.641602 0.0292969 0.112305 0.00106239
1 0.97168 0.954102 0.03125 0.0898438 0.00105572
13 0.808594 0.263428 0.0898438 0.22998 0.00105286
13 0.974121 0.522461 0.0517578 0.587891 0.0010519
13 0.782227 0.173096 0.0556641 0.212402 0.00104046
4 0.980225 0.908447 0.0317383 0.159668 0.0010376
