2 0.415405 0.875 0.358643 0.0986328 0.810547
2 0.367554 0.855957 0.241455 0.0693359 0.786133
2 0.549805 0.894531 0.146484 0.142578 0.541504
14 0.279053 0.479492 0.0229492 0.0234375 0.494629
1 0.973633 0.0487061 0.0390625 0.072876 0.339844
13 0.541992 0.891602 0.150391 0.131836 0.297607
1 0.971924 0.919678 0.0366211 0.117676 0.280762
2 0.50647 0.89209 0.238037 0.132812 0.275635
2 0.740723 0.901367 0.495117 0.150391 0.103027
9 0.359375 0.86377 0.242188 0.0664062 0.0774536
14 0.36377 0.867188 0.25 0.0800781 0.0717163
1 0.0191803 0.043335 0.0365906 0.0866699 0.0680542
1 0.0138397 0.935791 0.0276794 0.081543 0.0558167
2 0.359741 0.866699 0.323486 0.0732422 0.0558167
13 0.503418 0.89209 0.257812 0.130859 0.0469055
1 0.879395 0.0199585 0.157227 0.0318604 0.0334778
13 0.741943 0.900635 0.471191 0.140137 0.0292511
1 0.975586 0.844238 0.03125 0.219727 0.026474
1 0.0135193 0.901855 0.0254517 0.124023 0.0237885
1 0.973633 0.893066 0.0292969 0.157227 0.0222015
2 0.365723 0.853516 0.25 0.131836 0.0217438
2 0.0169983 0.933105 0.031189 0.0654297 0.0201416
1 0.969727 0.0605774 0.0390625 0.118591 0.0192108
13 0.0565796 0.535522 0.0408936 0.176025 0.0170593
2 0.413513 0.853516 0.39856 0.108398 0.0167236
1 0.0195312 0.923096 0.0362549 0.103027 0.0157623
4 0.0439911 0.45166 0.0655823 0.830078 0.0134659
9 0.421509 0.887207 0.395264 0.112305 0.0124817
13 0.0562744 0.518066 0.0310059 0.118164 0.011055
13 0.425171 0.887207 0.376221 0.129883 0.0106812
14 0.274902 0.479614 0.0336914 0.0349121 0.0105133
2 0.367188 0.855469 0.147949 0.0673828 0.0103226
1 0.55127 0.895996 0.142578 0.145508 0.00997925
1 0.131104 0.0181274 0.22168 0.0350342 0.00996399
2 0.0162048 0.931641 0.0324097 0.101562 0.00978851
2 0.0141754 0.909668 0.0283508 0.0976562 0.00912476
1 0.36377 0.864258 0.243164 0.0693359 0.00895691
14 0.272217 0.478516 0.0234375 0.0244141 0.00833893
1 0.0185547 0.885498 0.0339355 0.17041 0.00831604
1 0.017334 0.946533 0.03125 0.0678711 0.00817108
14 0.544434 0.892578 0.135742 0.132812 0.00782013
14 0.0167236 0.942383 0.0334473 0.0839844 0.00771332
13 0.0513916 0.536743 0.0511475 0.639404 0.00764465
14 0.415405 0.875 0.358643 0.0986328 0.00759506
13 0.380859 0.868652 0.304688 0.0859375 0.00714874
2 0.543457 0.885986 0.230469 0.16748 0.00710297
13 0.367554 0.856934 0.242432 0.0625 0.00701523
2 0.629883 0.891602 0.338867 0.142578 0.00671768
4 0.932373 0.501831 0.0864258 0.927979 0.00654984
1 0.96875 0.79541 0.0351562 0.348633 0.00619507
4 0.03125 0.333618 0.057251 0.61792 0.00613022
13 0.0172424 0.10025 0.0304565 0.187683 0.006073
2 0.377563 0.880371 0.322998 0.167969 0.00590515
1 0.967773 0.092865 0.0410156 0.171204 0.00588989
4 0.97168 0.921143 0.0390625 0.112793 0.00562286
1 0.974365 0.886719 0.0415039 0.185547 0.00556946
1 0.0243225 0.848145 0.0341187 0.216797 0.00540161
1 0.0244293 0.0310974 0.0353699 0.0575562 0.0051651
2 0.42749 0.884277 0.217285 0.118164 0.00486755
13 0.585938 0.898438 0.196289 0.138672 0.00471115
2 0.758545 0.930176 0.453613 0.0908203 0.00434494
2 0.379028 0.840332 0.292725 0.0615234 0.00427628
9 0.546875 0.893555 0.137695 0.137695 0.00421906
1 0.977539 0.912109 0.0351562 0.0878906 0.00419617
13 0.0516968 0.539551 0.0488281 0.345703 0.00419617
4 0.417725 0.88623 0.372559 0.124023 0.00418472
1 0.737793 0.901611 0.491211 0.163574 0.00404739
2 0.397949 0.896484 0.435547 0.207031 0.00389671
1 0.979736 0.901367 0.0288086 0.130859 0.0037384
13 0.0439911 0.45166 0.0655823 0.830078 0.00372887
14 0.281738 0.474487 0.0239258 0.0285645 0.00366783
2 0.0191803 0.043335 0.0365906 0.0866699 0.00358963
1 0.979492 0.0648499 0.0371094 0.104187 0.00353432
13 0.0512695 0.514648 0.0330811 0.149414 0.00339508
8 0.366577 0.864258 0.243408 0.0703125 0.00324059
9 0.50647 0.89209 0.238037 0.132812 0.00314522
14 0.811523 0.744141 0.0234375 0.0117188 0.00294685
13 0.017746 0.0544434 0.0314026 0.108887 0.00283051
2 0.443359 0.902832 0.369141 0.12207 0.00277328
1 0.0160522 0.0662231 0.0321045 0.130493 0.00273323
14 0.50647 0.89209 0.238037 0.132812 0.00272751
4 0.97168 0.793945 0.0390625 0.404297 0.00263596
13 0.653809 0.899902 0.311523 0.132812 0.00255394
2 0.972656 0.0491333 0.0410156 0.0721436 0.00249863
2 0.0210266 0.896973 0.0291138 0.118164 0.00248718
2 0.345947 0.868164 0.180176 0.0625 0.0024128
4 0.543945 0.895996 0.148438 0.132812 0.00237465
1 0.0185394 0.11734 0.0329895 0.181824 0.00234795
2 0.03125 0.333618 0.057251 0.61792 0.00234222
2 0.343201 0.859863 0.378052 0.241211 0.00231743
6 0.366577 0.864258 0.243408 0.0703125 0.0022831
4 0.367188 0.856445 0.241211 0.0664062 0.0022583
1 0.965576 0.839844 0.0532227 0.269531 0.00223541
8 0.415405 0.875 0.358643 0.0986328 0.00222588
2 0.0420532 0.421021 0.0679932 0.775146 0.00221825
1 0.50647 0.89209 0.238037 0.132812 0.00214386
13 0.703613 0.93042 0.334961 0.0922852 0.00213051
13 0.0191345 0.142365 0.0350952 0.215759 0.00208855
8 0.545898 0.894043 0.138672 0.140625 0.00206375
2 0.403687 0.852539 0.221924 0.0507812 0.00201797
7 0.366577 0.864258 0.243408 0.0703125 0.00200081
5 0.366577 0.864258 0.243408 0.0703125 0.00197792
1 0.961426 0.166321 0.0439453 0.301147 0.00197029
4 0.0396729 0.688843 0.0523682 0.536377 0.00195694
1 0.9646 0.69812 0.0395508 0.517822 0.00193596
1 0.962646 0.0520935 0.0532227 0.0906372 0.00186539
1 0.967773 0.937256 0.0371094 0.105957 0.00183201
4 0.0513916 0.536743 0.0511475 0.639404 0.001791
1 0.0351562 0.325073 0.0574951 0.552979 0.00174141
4 0.95459 0.687622 0.0673828 0.58374 0.00173759
14 0.80957 0.744629 0.0283203 0.0175781 0.00169849
1 0.835449 0.0216675 0.226562 0.0264893 0.00169563
1 0.0176086 0.92627 0.0239868 0.0732422 0.00169563
13 0.973633 0.0487061 0.0390625 0.072876 0.00167179
16 0.366577 0.864258 0.243408 0.0703125 0.00164604
2 0.0239563 0.868652 0.0342407 0.176758 0.00164223
0 0.366699 0.86377 0.248047 0.0732422 0.00164127
2 0.586914 0.882812 0.208984 0.141602 0.00159645
19 0.366577 0.864258 0.243408 0.0703125 0.00158882
10 0.366577 0.864258 0.243408 0.0703125 0.0015831
14 0.26709 0.481812 0.0317383 0.029541 0.00156307
4 0.50647 0.89209 0.238037 0.132812 0.00155926
2 0.967773 0.0540314 0.0410156 0.0977478 0.0015583
6 0.415405 0.875 0.358643 0.0986328 0.0015192
11 0.366577 0.864258 0.243408 0.0703125 0.00151157
3 0.366577 0.864258 0.243408 0.0703125 0.00149918
2 0.373535 0.821777 0.253906 0.12793 0.00149822
2 0.425293 0.861328 0.244141 0.078125 0.00148582
14 0.0140228 0.918213 0.0280457 0.11084 0.00147438
1 0.415405 0.875 0.358643 0.0986328 0.00147247
15 0.366577 0.864258 0.243408 0.0703125 0.00145912
2 0.0169373 0.870117 0.0308228 0.15625 0.00145721
4 0.380127 0.871582 0.29834 0.0888672 0.00145435
13 0.0239563 0.868652 0.0342407 0.176758 0.00144863
12 0.366577 0.864258 0.243408 0.0703125 0.00144768
13 0.0135193 0.901855 0.0254517 0.124023 0.00144196
17 0.366577 0.864258 0.243408 0.0703125 0.00140858
13 0.0531616 0.515137 0.0334473 0.262695 0.00139999
18 0.366577 0.864258 0.243408 0.0703125 0.00137043
1 0.957764 0.921631 0.0688477 0.104004 0.00136757
14 0.971924 0.919678 0.0366211 0.117676 0.00134659
2 0.0145874 0.890625 0.0229492 0.119141 0.00133896
1 0.0170288 0.82666 0.0332031 0.224609 0.00131798
14 0.974365 0.0491333 0.0415039 0.0734863 0.00129509
2 0.358887 0.858398 0.0874023 0.0429688 0.00128651
5 0.545898 0.894043 0.138672 0.140625 0.00127316
10 0.545898 0.894043 0.138672 0.140625 0.00127316
19 0.548828 0.895508 0.148438 0.145508 0.00126457
2 0.27832 0.479492 0.0229492 0.0234375 0.00125408
12 0.545898 0.894043 0.138672 0.140625 0.00123501
9 0.740723 0.901367 0.495117 0.150391 0.0012331
15 0.545898 0.894043 0.138672 0.140625 0.00123024
1 0.0292969 0.0322266 0.0557861 0.0614014 0.00119781
13 0.0138397 0.935791 0.0276794 0.081543 0.00119495
3 0.545898 0.894043 0.138672 0.140625 0.00117779
7 0.545898 0.894043 0.138672 0.140625 0.00117779
4 0.0437012 0.51416 0.0874023 0.893555 0.00117111
18 0.548828 0.895508 0.148438 0.145508 0.00116539
2 0.0428467 0.869629 0.0599365 0.177734 0.00115776
1 0.0273285 0.736816 0.0491028 0.512695 0.00115204
2 0.0205078 0.944824 0.0344238 0.0576172 0.00115013
2 0.0322266 0.933594 0.0362549 0.0664062 0.00112724
15 0.415405 0.875 0.358643 0.0986328 0.00112534
6 0.548828 0.895508 0.148438 0.145508 0.00112152
1 0.750977 0.945801 0.424805 0.0537109 0.00111675
16 0.548828 0.895508 0.148438 0.145508 0.0011034
12 0.415405 0.875 0.358643 0.0986328 0.00108624
1 0.977539 0.945312 0.0449219 0.109375 0.00108242
11 0.545898 0.894043 0.138672 0.140625 0.00107288
2 0.97583 0.868652 0.034668 0.225586 0.00106716
1 0.0439911 0.45166 0.0655823 0.830078 0.00106621
13 0.0428467 0.869629 0.0599365 0.177734 0.00106335
13 0.972656 0.920898 0.0371094 0.111328 0.00105572
1 0.027359 0.939453 0.0487976 0.0761719 0.00105095
17 0.545898 0.894043 0.138672 0.140625 0.00104809
8 0.50647 0.89209 0.238037 0.132812 0.00103283
13 0.566895 0.874023 0.116211 0.143555 0.00102425
2 0.360352 0.868652 0.108398 0.0478516 0.00102329
0 0.415405 0.875 0.358643 0.0986328 0.0010128
1 0.758545 0.930176 0.453613 0.0908203 0.0010128
13 0.743652 0.858398 0.477539 0.232422 0.00100899
10 0.279297 0.47937 0.0229492 0.0217285 0.00100231
14 0.266602 0.473633 0.0317383 0.0361328 0.00100231
