2 0.548828 0.816895 0.304688 0.266602 0.768555
2 0.560059 0.764648 0.267578 0.148438 0.735352
2 0.525024 0.47168 0.856201 0.880859 0.318604
1 0.986328 0.945312 0.0273438 0.0722656 0.270264
1 0.983154 0.945068 0.0336914 0.105957 0.217285
1 0.0283508 0.956299 0.0420532 0.0795898 0.207275
2 0.691162 0.838379 0.574707 0.293945 0.140503
13 0.325439 0.852051 0.0239258 0.0615234 0.0769043
1 0.987305 0.917725 0.0214844 0.129395 0.0364685
13 0.543579 0.81543 0.299561 0.253906 0.0358276
1 0.0245056 0.940674 0.0405884 0.0991211 0.0342712
2 0.491699 0.505859 0.946289 0.521484 0.0312347
2 0.494141 0.616577 0.759766 0.612549 0.0255585
1 0.980713 0.912354 0.0366211 0.171387 0.0248413
13 0.443115 0.879883 0.0883789 0.150391 0.0198517
4 0.0630951 0.488281 0.099884 0.970703 0.0193787
13 0.556152 0.768066 0.272461 0.151367 0.0183716
1 0.030014 0.932373 0.0486145 0.131348 0.0179749
2 0.458496 0.825195 0.421875 0.274414 0.0147095
1 0.980225 0.0529785 0.0395508 0.105957 0.0145569
13 0.438965 0.839355 0.304688 0.230469 0.0140533
4 0.0449219 0.725586 0.0496826 0.498047 0.0124207
1 0.981201 0.791992 0.0375977 0.376953 0.0120697
1 0.0376587 0.915527 0.0461426 0.143555 0.0116119
1 0.979492 0.0853577 0.0351562 0.150574 0.0104675
2 0.0630951 0.488281 0.099884 0.970703 0.00970459
1 0.547241 0.821289 0.280518 0.214844 0.00959015
4 0.542969 0.823242 0.276367 0.226562 0.00946808
14 0.542969 0.823242 0.276367 0.226562 0.00846863
9 0.547241 0.821289 0.280518 0.214844 0.00844574
13 0.983398 0.906982 0.0253906 0.154785 0.00843048
13 0.32959 0.845703 0.0244141 0.0644531 0.00722122
2 0.983398 0.906982 0.0253906 0.154785 0.00655746
1 0.982422 0.956299 0.0273438 0.0776367 0.00583649
13 0.981445 0.862549 0.0292969 0.237793 0.00574112
9 0.560059 0.764648 0.267578 0.148438 0.00566101
2 0.680664 0.919189 0.583984 0.153809 0.00553894
1 0.0299225 0.0396423 0.0312195 0.0792847 0.00552368
4 0.974854 0.266846 0.050293 0.513184 0.00532532
2 0.56604 0.800781 0.213623 0.1875 0.00521851
13 0.333496 0.849609 0.0366211 0.0751953 0.0051651
1 0.974854 0.95166 0.034668 0.0888672 0.00497055
2 0.503906 0.669434 0.548828 0.488281 0.00462341
1 0.973633 0.885254 0.0410156 0.22168 0.0044899
4 0.503906 0.49292 0.819336 0.98291 0.00437164
2 0.32959 0.845703 0.0244141 0.0644531 0.00424576
1 0.974854 0.266846 0.050293 0.513184 0.00382805
14 0.0285034 0.951172 0.0428467 0.0878906 0.00379372
2 0.981445 0.862549 0.0292969 0.237793 0.00375938
2 0.686523 0.695068 0.548828 0.598145 0.00358391
2 0.9646 0.386475 0.0708008 0.752441 0.00344849
2 0.325195 0.852539 0.0195312 0.0595703 0.00342178
4 0.968018 0.453613 0.0639648 0.907227 0.0032711
14 0.98584 0.943848 0.0283203 0.0712891 0.00313759
14 0.560059 0.764648 0.267578 0.148438 0.00311279
1 0.970947 0.942627 0.0541992 0.101074 0.00296211
2 0.505371 0.913818 0.685547 0.172363 0.00294495
2 0.765869 0.940918 0.429199 0.108398 0.00286865
2 0.553711 0.726074 0.416992 0.233398 0.00285912
19 0.547241 0.821289 0.280518 0.214844 0.00285149
8 0.553589 0.79248 0.263916 0.195312 0.00281525
18 0.547241 0.821289 0.280518 0.214844 0.00278664
7 0.547241 0.821289 0.280518 0.214844 0.00271988
2 0.583374 0.885254 0.641846 0.229492 0.00271225
13 0.435059 0.891113 0.269531 0.143555 0.00270271
1 0.977539 0.922607 0.0410156 0.10791 0.00268936
2 0.32959 0.844727 0.0371094 0.0722656 0.00267601
1 0.525879 0.473145 0.861328 0.688477 0.00266266
16 0.547241 0.821289 0.280518 0.214844 0.00265884
1 0.990723 0.943848 0.0185547 0.0693359 0.00264168
11 0.547241 0.821289 0.280518 0.214844 0.00252724
3 0.547241 0.821289 0.280518 0.214844 0.00250816
13 0.0386353 0.901123 0.0457764 0.162598 0.00249481
1 0.981445 0.862549 0.0292969 0.237793 0.00247765
13 0.0290527 0.948486 0.0422363 0.0932617 0.00238419
2 0.969727 0.510742 0.0605469 0.902344 0.00238228
1 0.0375977 0.0452881 0.034668 0.0905762 0.00236893
0 0.547241 0.821289 0.280518 0.214844 0.00234604
17 0.547241 0.821289 0.280518 0.214844 0.00233841
15 0.547241 0.821289 0.280518 0.214844 0.00231934
12 0.547241 0.821289 0.280518 0.214844 0.0022831
10 0.547241 0.821289 0.280518 0.214844 0.00224876
2 0.972656 0.895752 0.0390625 0.194824 0.00223351
1 0.326172 0.851562 0.0195312 0.0654297 0.0021286
6 0.547241 0.821289 0.280518 0.214844 0.00211143
5 0.547241 0.821289 0.280518 0.214844 0.00207901
2 0.0290527 0.948486 0.0422363 0.0932617 0.00201607
2 0.338623 0.844238 0.604004 0.274414 0.00197411
4 0.684082 0.841797 0.548828 0.231445 0.00194168
2 0.970215 0.302124 0.0595703 0.587158 0.00185966
2 0.954834 0.50647 0.090332 0.983154 0.0018301
2 0.981201 0.791992 0.0375977 0.376953 0.00179291
13 0.975586 0.893555 0.0449219 0.191406 0.00171471
2 0.447266 0.383301 0.805664 0.594727 0.00169086
13 0.976318 0.940918 0.0356445 0.116211 0.00168896
1 0.970703 0.790039 0.0449219 0.404297 0.00168037
13 0.525879 0.473145 0.861328 0.688477 0.00164986
8 0.560059 0.824707 0.34082 0.261719 0.00162983
1 0.560059 0.764648 0.267578 0.148438 0.00161171
2 0.719482 0.76123 0.533691 0.373047 0.00159073
1 0.979492 0.0409546 0.0351562 0.0692139 0.0015316
1 0.986328 0.897461 0.0273438 0.162109 0.00151634
9 0.525879 0.473145 0.861328 0.688477 0.00151348
2 0.445435 0.783691 0.566162 0.288086 0.00147247
1 0.0366211 0.0300598 0.0415039 0.0584106 0.00143909
1 0.0283051 0.944824 0.030426 0.0654297 0.00143909
2 0.565918 0.767578 0.105469 0.104492 0.00140381
13 0.978027 0.135437 0.0439453 0.255493 0.00139999
2 0.98584 0.943848 0.0283203 0.0712891 0.00139236
2 0.713745 0.510376 0.533447 0.701904 0.00135422
13 0.981201 0.792725 0.0336914 0.379395 0.00131893
4 0.926514 0.509277 0.133301 0.944336 0.00131321
13 0.0355072 0.858398 0.0422668 0.263672 0.00131035
13 0.985352 0.942383 0.0234375 0.0800781 0.0012989
13 0.411865 0.819824 0.51123 0.256836 0.00127602
2 0.497681 0.773926 0.387451 0.239258 0.00124931
4 0.960449 0.389282 0.0654297 0.643311 0.00124264
2 0.360718 0.502441 0.659424 0.804688 0.00122929
13 0.684082 0.841797 0.548828 0.231445 0.00120068
1 0.0225525 0.914551 0.039856 0.129883 0.00119305
2 0.853516 0.943848 0.246094 0.0986328 0.00119019
2 0.926514 0.509277 0.133301 0.944336 0.00117874
2 0.690308 0.95752 0.539307 0.0849609 0.00112343
2 0.435059 0.891113 0.269531 0.143555 0.00111961
13 0.983887 0.948242 0.0322266 0.0996094 0.00111198
2 0.0294952 0.9021 0.0447693 0.189941 0.00108433
1 0.0356445 0.092041 0.0356445 0.184082 0.00107574
2 0.974609 0.950439 0.0332031 0.0893555 0.00104427
2 0.440918 0.311584 0.825195 0.35144 0.00103951
14 0.525879 0.473145 0.861328 0.688477 0.00102711
2 0.672485 0.953857 0.629639 0.0922852 0.00101089
