2 0.413696 0.759277 0.356201 0.170898 0.801758
2 0.466309 0.73584 0.229492 0.108398 0.722656
13 0.862305 0.748535 0.100586 0.275391 0.702637
13 0.3125 0.793945 0.130859 0.112305 0.619629
13 0.0556641 0.886719 0.0395508 0.0908203 0.600586
13 0.865723 0.819336 0.0986328 0.115234 0.407715
2 0.322754 0.79541 0.14209 0.116211 0.143066
1 0.978271 0.941406 0.0317383 0.111328 0.136353
13 0.421387 0.761719 0.322266 0.177734 0.0552673
13 0.714844 0.207031 0.0263672 0.142578 0.0458984
1 0.982422 0.916016 0.03125 0.142578 0.0349426
1 0.02771 0.917236 0.0394287 0.124512 0.031311
13 0.478516 0.73291 0.202148 0.0966797 0.029068
13 0.724121 0.620972 0.100586 0.359619 0.020401
13 0.851074 0.779297 0.107422 0.186523 0.019165
1 0.0556641 0.887695 0.041748 0.0957031 0.0167236
13 0.847168 0.828613 0.0966797 0.125 0.0163269
1 0.86377 0.742676 0.0986328 0.288086 0.0158081
13 0.837891 0.74707 0.15918 0.329102 0.0134201
13 0.738281 0.630371 0.0830078 0.549805 0.0129623
9 0.415039 0.760254 0.336914 0.166992 0.0129089
2 0.467163 0.736328 0.122314 0.0869141 0.0115433
13 0.0639648 0.893066 0.0427246 0.0947266 0.0115051
14 0.0556641 0.887695 0.041748 0.0957031 0.0113525
13 0.883789 0.723633 0.0595703 0.273438 0.0108109
13 0.713867 0.575684 0.102539 0.244141 0.0108109
13 0.713867 0.627319 0.12793 0.485596 0.0103683
13 0.685547 0.529297 0.0400391 0.101562 0.00976562
9 0.477905 0.731445 0.193604 0.0917969 0.00945282
14 0.421387 0.761719 0.322266 0.177734 0.00911713
2 0.0551758 0.888184 0.0386963 0.0976562 0.00896454
13 0.207214 0.624512 0.0406494 0.126953 0.00861359
13 0.832031 0.635254 0.132812 0.481445 0.00848389
13 0.0282593 0.902344 0.0524902 0.142578 0.00830078
14 0.478516 0.73291 0.202148 0.0966797 0.008255
13 0.874023 0.785645 0.104492 0.170898 0.00803375
13 0.3125 0.786621 0.174316 0.15625 0.00777054
2 0.41626 0.750488 0.183105 0.124023 0.00737762
2 0.859375 0.818359 0.0917969 0.121094 0.00727844
13 0.761719 0.69043 0.0361328 0.195312 0.0071373
1 0.97876 0.799805 0.0366211 0.359375 0.00702286
13 0.696777 0.544922 0.0605469 0.164062 0.00701141
1 0.979248 0.923584 0.0415039 0.105957 0.00650787
14 0.314941 0.79248 0.12793 0.114258 0.00645065
2 0.350098 0.795898 0.213867 0.146484 0.00630569
1 0.862305 0.810547 0.0927734 0.138672 0.00630188
13 0.757324 0.692871 0.046875 0.319336 0.00627899
13 0.978271 0.794434 0.0375977 0.368164 0.00613403
13 0.21582 0.26416 0.0297852 0.0947266 0.00595093
13 0.0375977 0.887695 0.0509033 0.107422 0.0057869
13 0.431519 0.743652 0.310791 0.112305 0.00548172
13 0.864258 0.817871 0.115234 0.166992 0.00545883
1 0.020813 0.92627 0.0402832 0.102539 0.00540924
13 0.889648 0.801758 0.135742 0.222656 0.00534439
1 0.977539 0.886475 0.0390625 0.199707 0.00515366
1 0.978516 0.963135 0.0429688 0.0737305 0.00505829
1 0.971924 0.972412 0.0385742 0.043457 0.0047493
13 0.767578 0.712402 0.0341797 0.177734 0.00453568
1 0.478027 0.730957 0.197266 0.0957031 0.00452423
13 0.0419312 0.88916 0.0595703 0.158203 0.00448227
13 0.727539 0.523926 0.116211 0.578125 0.00444412
13 0.860352 0.585815 0.0791016 0.595947 0.00440598
1 0.0464325 0.912354 0.0553284 0.138184 0.0042572
1 0.0276947 0.899414 0.0513 0.130859 0.00419998
2 0.862305 0.748535 0.100586 0.275391 0.00418854
13 0.80957 0.606934 0.193359 0.595703 0.00415802
4 0.413696 0.759277 0.356201 0.170898 0.0041275
13 0.887207 0.719238 0.125 0.322266 0.00389481
1 0.314941 0.79248 0.12793 0.114258 0.00379753
1 0.973877 0.175598 0.034668 0.295288 0.00373077
14 0.859863 0.820801 0.0888672 0.116211 0.00366974
13 0.668945 0.50769 0.0800781 0.133057 0.00355911
13 0.79834 0.68457 0.125977 0.306641 0.00354958
13 0.890137 0.490112 0.12207 0.87915 0.00345421
13 0.754883 0.727539 0.0566406 0.456055 0.00338173
1 0.411133 0.763672 0.337891 0.185547 0.00322342
13 0.751953 0.610352 0.0615234 0.452148 0.00320435
13 0.0512695 0.828613 0.0499268 0.208008 0.00318718
13 0.0508575 0.899414 0.049408 0.125977 0.00312233
4 0.314941 0.79248 0.12793 0.114258 0.00311661
13 0.85498 0.82959 0.0703125 0.0957031 0.00311279
13 0.731445 0.60498 0.0859375 0.235352 0.00310326
4 0.861816 0.779785 0.0927734 0.199219 0.00308228
4 0.0639496 0.477905 0.098175 0.930908 0.00307655
8 0.477051 0.730957 0.197266 0.0947266 0.00298691
1 0.0230865 0.870605 0.0378113 0.206055 0.00297737
13 0.693359 0.512695 0.0859375 0.46582 0.00296783
13 0.760742 0.684082 0.0712891 0.224609 0.00295067
4 0.473999 0.730957 0.201416 0.0947266 0.00288963
10 0.0556641 0.889648 0.0383301 0.0966797 0.002882
13 0.868652 0.741699 0.100586 0.15918 0.00287247
13 0.893555 0.710938 0.0332031 0.205078 0.00274467
8 0.417236 0.761719 0.321777 0.163086 0.00272751
1 0.0251465 0.952393 0.039917 0.0952148 0.00269699
13 0.983398 0.901367 0.03125 0.173828 0.00259209
1 0.0449219 0.890137 0.0375977 0.0927734 0.00254822
14 0.862305 0.748535 0.100586 0.275391 0.00251579
4 0.977295 0.944824 0.0356445 0.0986328 0.00240517
1 0.0174866 0.884766 0.0333862 0.160156 0.00239754
1 0.969727 0.957031 0.0351562 0.0859375 0.00234985
6 0.415039 0.760254 0.336914 0.166992 0.00227165
4 0.0556641 0.886719 0.0402832 0.0908203 0.00217819
13 0.213013 0.665527 0.0534668 0.228516 0.00214195
13 0.713379 0.208191 0.0185547 0.0963135 0.00208855
6 0.477051 0.730957 0.197266 0.0947266 0.00207901
13 0.74707 0.725098 0.0849609 0.306641 0.00205421
2 0.413574 0.733887 0.263672 0.144531 0.00204086
13 0.686523 0.566895 0.0615234 0.256836 0.00203323
13 0.672363 0.526855 0.0771484 0.219727 0.0020256
13 0.968506 0.856689 0.0473633 0.269043 0.0020237
13 0.75293 0.642578 0.0429688 0.21582 0.00197792
13 0.750488 0.584961 0.0498047 0.208984 0.00196075
13 0.712891 0.181152 0.0244141 0.128906 0.00189209
13 0.767578 0.70459 0.0449219 0.25293 0.00187874
13 0.0424652 0.787109 0.0508118 0.290039 0.00186348
13 0.68457 0.518188 0.133789 0.535889 0.00185871
4 0.885742 0.509644 0.118164 0.914307 0.0018425
9 0.313721 0.795898 0.129395 0.109375 0.00182247
2 0.413086 0.807617 0.371094 0.191406 0.00179958
13 0.896484 0.736328 0.0546875 0.267578 0.00176048
13 0.978516 0.946777 0.0332031 0.0947266 0.00175571
13 0.6875 0.567383 0.0488281 0.182617 0.00174999
13 0.744141 0.657227 0.0771484 0.244141 0.00174427
13 0.65918 0.497559 0.0976562 0.220703 0.00174332
13 0.745605 0.603516 0.0556641 0.116211 0.00174046
11 0.0556641 0.889648 0.0383301 0.0966797 0.00172615
13 0.637207 0.519043 0.118164 0.12793 0.00170326
8 0.314941 0.79248 0.12793 0.114258 0.00169086
4 0.868652 0.744629 0.09375 0.294922 0.00167274
7 0.862305 0.748535 0.100586 0.275391 0.00165272
13 0.960693 0.728638 0.0610352 0.542725 0.00164223
5 0.421387 0.761719 0.322266 0.177734 0.00154018
18 0.862305 0.748535 0.100586 0.275391 0.00153923
13 0.979736 0.864014 0.0327148 0.246582 0.00153446
7 0.477905 0.731445 0.193604 0.0917969 0.00150108
13 0.0356445 0.811035 0.0518799 0.211914 0.00149727
1 0.984863 0.951172 0.0302734 0.0917969 0.00148869
12 0.0551758 0.888184 0.0386963 0.0976562 0.00147915
13 0.97168 0.738281 0.0546875 0.451172 0.00147152
13 0.700684 0.548218 0.130859 0.735596 0.00146675
13 0.0605469 0.882324 0.0778809 0.116211 0.00145817
19 0.421387 0.761719 0.322266 0.177734 0.0014534
5 0.862305 0.748535 0.100586 0.275391 0.001441
13 0.73584 0.446533 0.182617 0.737793 0.00143051
10 0.421387 0.761719 0.322266 0.177734 0.00142479
16 0.408691 0.763184 0.330078 0.15918 0.00142384
0 0.477051 0.730957 0.197266 0.0947266 0.0014143
7 0.408691 0.763184 0.330078 0.15918 0.00141239
7 0.314941 0.79248 0.12793 0.114258 0.00140381
5 0.314941 0.79248 0.12793 0.114258 0.00137615
15 0.421387 0.761719 0.322266 0.177734 0.0013752
18 0.408691 0.763184 0.330078 0.15918 0.00137424
0 0.414062 0.761719 0.333008 0.178711 0.00136662
3 0.477905 0.731445 0.193604 0.0917969 0.00135708
13 0.868164 0.651733 0.12207 0.499268 0.00135136
11 0.477905 0.731445 0.193604 0.0917969 0.00134659
12 0.314941 0.79248 0.12793 0.114258 0.00133419
3 0.421387 0.761719 0.322266 0.177734 0.00133324
11 0.421387 0.761719 0.322266 0.177734 0.00132847
12 0.421387 0.761719 0.322266 0.177734 0.00132847
4 0.861816 0.818848 0.0898438 0.121094 0.00132656
6 0.0556641 0.889648 0.0383301 0.0966797 0.00132465
1 0.970703 0.906982 0.0410156 0.158691 0.00132465
16 0.862305 0.748535 0.100586 0.275391 0.00131702
16 0.477905 0.731445 0.193604 0.0917969 0.00131512
2 0.346741 0.773926 0.296753 0.165039 0.00131035
13 0.750488 0.620117 0.0458984 0.0878906 0.00129986
13 0.891602 0.827637 0.216797 0.231445 0.00129223
3 0.314941 0.79248 0.12793 0.114258 0.00128746
17 0.421387 0.761719 0.322266 0.177734 0.00128746
13 0.788086 0.465698 0.294922 0.81665 0.00128365
18 0.0556641 0.889648 0.0383301 0.0966797 0.00127888
13 0.0230865 0.870605 0.0378113 0.206055 0.00127792
3 0.862305 0.748535 0.100586 0.275391 0.00127697
12 0.862305 0.748535 0.100586 0.275391 0.00126743
9 0.0551758 0.888184 0.0386963 0.0976562 0.00126076
13 0.712402 0.698853 0.173828 0.528076 0.0012579
18 0.312744 0.794922 0.133301 0.110352 0.0012455
1 0.977295 0.101471 0.0336914 0.162292 0.00124168
8 0.862305 0.748535 0.100586 0.275391 0.00123787
10 0.475586 0.732422 0.195312 0.0966797 0.00123596
10 0.314941 0.79248 0.12793 0.114258 0.00122929
15 0.314941 0.79248 0.12793 0.114258 0.00121975
13 0.640137 0.467285 0.135742 0.421875 0.00121975
18 0.477905 0.731445 0.193604 0.0917969 0.00120735
10 0.862305 0.748535 0.100586 0.275391 0.00120449
13 0.907715 0.731934 0.09375 0.225586 0.00120068
6 0.862305 0.748535 0.100586 0.275391 0.0011816
2 0.489258 0.755371 0.323242 0.157227 0.00116539
16 0.314941 0.79248 0.12793 0.114258 0.00115967
19 0.861328 0.746582 0.100586 0.27832 0.00115108
19 0.479126 0.73291 0.187256 0.0927734 0.00114727
6 0.314941 0.79248 0.12793 0.114258 0.00114632
13 0.930664 0.843262 0.0263672 0.0664062 0.00113869
2 0.35083 0.77832 0.166992 0.117188 0.00113487
17 0.475586 0.732422 0.195312 0.0966797 0.00112915
19 0.314941 0.79248 0.12793 0.114258 0.00112343
7 0.0556641 0.889648 0.0383301 0.0966797 0.0011158
13 0.782227 0.717285 0.0761719 0.276367 0.00111485
17 0.314941 0.79248 0.12793 0.114258 0.00110245
15 0.477051 0.730957 0.197266 0.0947266 0.00110149
17 0.862305 0.748535 0.100586 0.275391 0.00109291
5 0.479126 0.73291 0.187256 0.0927734 0.001091
2 0.505737 0.730957 0.173096 0.09375 0.001091
11 0.314941 0.79248 0.12793 0.114258 0.00108147
11 0.862305 0.748535 0.100586 0.275391 0.00107193
0 0.314941 0.79248 0.12793 0.114258 0.00105953
12 0.478516 0.73291 0.202148 0.0966797 0.00104904
13 0.830566 0.822754 0.155273 0.139648 0.00104809
9 0.862305 0.748535 0.100586 0.275391 0.00104332
5 0.0551758 0.888184 0.0386963 0.0976562 0.00104141
13 0.206543 0.601562 0.0292969 0.147461 0.00102997
13 0.889404 0.836914 0.172363 0.116211 0.00102806
4 0.730469 0.603516 0.0986328 0.487305 0.0010252
13 0.902344 0.592651 0.107422 0.62915 0.00102425
17 0.0556641 0.889648 0.0383301 0.0966797 0.00101662
1 0.983398 0.913086 0.0273438 0.0927734 0.00101471
