13 0.449097 0.649414 0.0412598 0.136719 0.713379
13 0.451538 0.679199 0.0559082 0.209961 0.270264
1 0.59082 0.0437012 0.155273 0.0438232 0.213013
2 0.595215 0.0443726 0.171875 0.0526123 0.128174
2 0.050354 0.494141 0.100708 0.957031 0.067627
13 0.449463 0.647461 0.0341797 0.0976562 0.067627
4 0.0477905 0.492432 0.0955811 0.952637 0.0665283
1 0.573242 0.0447388 0.225586 0.0541992 0.0470581
2 0.536987 0.0432281 0.314697 0.0544128 0.0410156
14 0.589844 0.0459595 0.151367 0.046875 0.0386963
9 0.597656 0.0452271 0.167969 0.0534668 0.0374756
13 0.45752 0.654785 0.0771484 0.165039 0.0316162
13 0.454102 0.723145 0.0478516 0.320312 0.0257568
4 0.606934 0.526489 0.15332 0.931396 0.0256653
13 0.443726 0.646484 0.076416 0.137695 0.0222931
2 0.261536 0.260193 0.444702 0.388794 0.0163574
13 0.588867 0.0420532 0.145508 0.0438232 0.0147476
14 0.448853 0.651367 0.048584 0.147461 0.0132751
13 0.463379 0.758301 0.0556641 0.381836 0.0122833
13 0.458984 0.700684 0.113281 0.243164 0.0121002
1 0.450439 0.647949 0.043457 0.140625 0.0109558
13 0.446777 0.626953 0.0341797 0.0908203 0.0106735
1 0.981445 0.94043 0.03125 0.111328 0.00834656
13 0.459106 0.700684 0.0388184 0.196289 0.00731277
9 0.536987 0.0432281 0.314697 0.0544128 0.00692368
2 0.450195 0.648438 0.0498047 0.146484 0.00691986
2 0.241394 0.640015 0.44397 0.491455 0.0067749
1 0.985352 0.962402 0.0292969 0.0712891 0.00669861
2 0.0350342 0.466064 0.0700684 0.88916 0.00646973
1 0.0281372 0.933594 0.0305176 0.123047 0.00617599
13 0.461426 0.650391 0.046875 0.147461 0.00574493
4 0.958496 0.51062 0.0693359 0.843994 0.00558853
2 0.0332184 0.918213 0.0429382 0.147949 0.00524521
13 0.573242 0.0447388 0.225586 0.0541992 0.0050354
1 0.591797 0.0423584 0.151367 0.0734863 0.00481415
4 0.680176 0.536255 0.24707 0.880615 0.0046463
2 0.980225 0.960205 0.0258789 0.065918 0.00398254
1 0.451538 0.679199 0.0559082 0.209961 0.00382042
13 0.479492 0.672363 0.128906 0.192383 0.00378418
13 0.386963 0.181641 0.13623 0.0698242 0.00377274
2 0.217346 0.501343 0.428589 0.942627 0.00369835
13 0.431763 0.6875 0.105225 0.22168 0.00360298
2 0.0293884 0.944092 0.0324097 0.104004 0.00350189
4 0.473267 0.764648 0.0720215 0.396484 0.00321007
2 0.0238037 0.957031 0.0257568 0.0742188 0.00245285
2 0.272339 0.772461 0.508057 0.445312 0.00235748
1 0.973877 0.921875 0.0444336 0.136719 0.00227165
4 0.451294 0.649414 0.0495605 0.147461 0.00205994
13 0.449341 0.665527 0.057373 0.116211 0.00203133
1 0.0243073 0.966797 0.0240173 0.0566406 0.00198555
8 0.599609 0.0443115 0.164062 0.0493164 0.00196838
2 0.984375 0.953369 0.0292969 0.0834961 0.00195503
14 0.0235596 0.95752 0.0262451 0.0712891 0.00194931
6 0.58252 0.0448151 0.194336 0.0544128 0.00191784
10 0.450195 0.649902 0.0410156 0.140625 0.00184727
2 0.0225525 0.277222 0.045105 0.531494 0.00173855
2 0.0245972 0.896729 0.0350342 0.192871 0.00172234
2 0.65332 0.046402 0.275391 0.0517273 0.00170708
1 0.020401 0.958252 0.0304871 0.0717773 0.00170231
2 0.449463 0.647461 0.0341797 0.0976562 0.00165939
4 0.217346 0.501343 0.428589 0.942627 0.00159073
2 0.583984 0.0443726 0.207031 0.0887451 0.00157452
5 0.599609 0.0443115 0.164062 0.0493164 0.00144386
1 0.527222 0.0418549 0.31665 0.0654602 0.001441
13 0.979492 0.923096 0.0351562 0.134277 0.00143051
4 0.599609 0.0433502 0.164062 0.0519714 0.00142765
2 0.0325623 0.359131 0.0651245 0.655762 0.00142479
13 0.479126 0.762695 0.0993652 0.402344 0.00142193
14 0.449463 0.647461 0.0341797 0.0976562 0.00139236
13 0.463257 0.716309 0.0314941 0.148438 0.00138569
1 0.974854 0.174683 0.0288086 0.258057 0.00136566
4 0.0307007 0.530273 0.0614014 0.880859 0.00132084
10 0.58252 0.0448151 0.194336 0.0544128 0.00131989
16 0.58252 0.0448151 0.194336 0.0544128 0.00131035
1 0.0245972 0.896729 0.0350342 0.192871 0.00130653
2 0.0175171 0.191528 0.0350342 0.30835 0.00130558
1 0.495605 0.0401001 0.308594 0.0456543 0.00126934
1 0.449463 0.647461 0.0341797 0.0976562 0.0012598
1 0.0229797 0.0645752 0.0281372 0.111328 0.00122833
13 0.0477905 0.492432 0.0955811 0.952637 0.00121021
12 0.58252 0.0448151 0.194336 0.0544128 0.00116539
19 0.58252 0.0448151 0.194336 0.0544128 0.00116158
7 0.58252 0.0448151 0.194336 0.0544128 0.00115681
13 0.451172 0.621582 0.0488281 0.12207 0.00115395
17 0.58252 0.0448151 0.194336 0.0544128 0.00114346
18 0.58252 0.0448151 0.194336 0.0544128 0.00113869
15 0.58252 0.0448151 0.194336 0.0544128 0.0011301
9 0.449707 0.649902 0.0419922 0.135742 0.00112629
2 0.458496 0.65918 0.0761719 0.176758 0.00112438
13 0.441406 0.761719 0.0898438 0.400391 0.0011158
6 0.450439 0.647949 0.043457 0.140625 0.00111389
2 0.022583 0.935791 0.0419922 0.120605 0.00110245
2 0.309937 0.49646 0.550049 0.774658 0.00110149
3 0.589844 0.0423584 0.164062 0.0476074 0.00109863
1 0.0273438 0.95752 0.026123 0.0478516 0.00107861
0 0.58252 0.0448151 0.194336 0.0544128 0.00107002
11 0.450195 0.649902 0.0410156 0.140625 0.00105095
2 0.0189209 0.123932 0.0378418 0.220886 0.00104713
2 0.561646 0.0475006 0.199951 0.0426941 0.0010376
7 0.450439 0.647949 0.043457 0.140625 0.00100994
14 0.0281372 0.933594 0.0305176 0.123047 0.00100613
2 0.0270081 0.863525 0.0474243 0.26709 0.00100517
