2 0.0600586 0.130157 0.0712891 0.0858765 0.69873
2 0.0712891 0.122345 0.0583496 0.0580444 0.672852
4 0.532593 0.519287 0.135986 0.910645 0.28418
2 0.0588379 0.2229 0.0708008 0.263672 0.142578
2 0.0623779 0.368164 0.0939941 0.602539 0.0869141
2 0.0671082 0.115723 0.0811157 0.0710449 0.0392151
1 0.0688171 0.120361 0.0620728 0.0683594 0.0354614
13 0.060379 0.130005 0.0728455 0.090332 0.0306091
13 0.0688171 0.120361 0.0620728 0.0683594 0.0303192
2 0.0593414 0.154999 0.0778503 0.145569 0.0274353
1 0.987305 0.965088 0.0253906 0.0678711 0.0244598
14 0.0688477 0.118042 0.0620117 0.0605469 0.0238037
1 0.0318146 0.952881 0.0455017 0.0883789 0.0181122
2 0.0565491 0.298157 0.0787964 0.413452 0.0164185
4 0.0402069 0.827148 0.0377502 0.339844 0.0164032
2 0.880859 0.22876 0.0253906 0.0390625 0.016037
14 0.0318146 0.951416 0.0450134 0.0874023 0.0114822
4 0.0632782 0.486328 0.0853577 0.865234 0.00984955
14 0.0600586 0.130157 0.0712891 0.0858765 0.00960541
2 0.22699 0.270264 0.412231 0.461426 0.00871277
1 0.0587158 0.13208 0.0693359 0.083252 0.0075798
4 0.0581055 0.701782 0.0532227 0.516357 0.00749588
4 0.601562 0.521973 0.231445 0.956055 0.00703812
2 0.0657806 0.497559 0.120392 0.886719 0.00664139
4 0.195068 0.726074 0.0649414 0.448242 0.00618362
1 0.985352 0.969727 0.0195312 0.0527344 0.00588989
2 0.987305 0.965088 0.0253906 0.0678711 0.00552368
4 0.0529785 0.825684 0.0513916 0.342773 0.00482941
13 0.0588379 0.2229 0.0708008 0.263672 0.00452423
1 0.0287476 0.947021 0.0294189 0.0864258 0.00450897
2 0.0680084 0.182037 0.0851746 0.197937 0.0042038
2 0.0602112 0.111084 0.0841675 0.115479 0.00412369
1 0.983398 0.912354 0.0214844 0.138184 0.00395203
9 0.0606689 0.13208 0.0725098 0.0827637 0.00373077
1 0.061264 0.49353 0.091095 0.874268 0.00356674
13 0.0641937 0.514038 0.0945129 0.905518 0.00348663
8 0.0678711 0.120941 0.0646973 0.0691528 0.0031395
4 0.0454102 0.72998 0.0374756 0.458984 0.00310516
1 0.0308228 0.915039 0.0284424 0.136719 0.00302124
9 0.0678406 0.120239 0.0615845 0.0664062 0.00301552
2 0.0877686 0.131226 0.175537 0.1521 0.00278664
1 0.981689 0.959229 0.0288086 0.0776367 0.00265694
2 0.0434418 0.0959778 0.0451965 0.145935 0.00253487
14 0.986816 0.965576 0.0263672 0.0649414 0.00246429
4 0.947021 0.519043 0.0805664 0.853516 0.00240707
4 0.195435 0.499023 0.101318 0.910156 0.00239182
14 0.0287476 0.947021 0.0294189 0.0864258 0.00237656
12 0.0688171 0.120361 0.0620728 0.0683594 0.00227547
2 0.034668 0.0924377 0.0300293 0.145203 0.00221252
4 0.197876 0.507935 0.0666504 0.810303 0.00220871
1 0.888184 0.0377808 0.223633 0.0317383 0.0021534
6 0.0688171 0.119995 0.0620728 0.0686035 0.00213051
1 0.0588379 0.2229 0.0708008 0.263672 0.00209427
2 0.0742188 0.108124 0.0529785 0.0586548 0.00204849
13 0.0588074 0.360229 0.0967407 0.582275 0.0019989
1 0.986328 0.945801 0.0195312 0.0908203 0.00197792
2 0.885742 0.231445 0.0234375 0.0424805 0.00193119
4 0.0688171 0.119995 0.0620728 0.0686035 0.001894
2 0.0318146 0.952881 0.0455017 0.0883789 0.00184536
1 0.0570984 0.299255 0.0752563 0.473755 0.0018158
2 0.0435486 0.13501 0.0870972 0.120117 0.00180721
8 0.0587158 0.13208 0.0693359 0.083252 0.00180244
5 0.0688171 0.119995 0.0620728 0.0686035 0.00176525
2 0.978516 0.961914 0.0253906 0.0683594 0.00170803
2 0.0662231 0.248718 0.132446 0.293579 0.00168228
1 0.0299225 0.967529 0.0298767 0.059082 0.00162411
1 0.0537262 0.70166 0.0502625 0.505859 0.00154209
6 0.0600586 0.130157 0.0712891 0.0858765 0.00152493
2 0.08255 0.114624 0.0736694 0.0505371 0.00151825
2 0.0532227 0.0921326 0.0620117 0.118958 0.00150013
13 0.0593414 0.154999 0.0778503 0.145569 0.00146484
19 0.0688171 0.119995 0.0620728 0.0686035 0.00146484
1 0.0593414 0.154999 0.0778503 0.145569 0.00145912
1 0.0415039 0.772461 0.0343018 0.385742 0.0014286
1 0.984375 0.943848 0.0292969 0.112305 0.00137043
10 0.0614929 0.132812 0.069397 0.0861816 0.00136375
10 0.0678406 0.120239 0.0615845 0.0664062 0.00132561
4 0.535156 0.542969 0.09375 0.625 0.0013113
4 0.500488 0.547607 0.294922 0.904785 0.00128365
15 0.0688171 0.119995 0.0620728 0.0686035 0.00127316
2 0.534668 0.544067 0.130859 0.868896 0.00125599
1 0.975342 0.153107 0.0317383 0.226013 0.00125504
11 0.0614929 0.132812 0.069397 0.0861816 0.00125217
7 0.0678406 0.120239 0.0615845 0.0664062 0.0012455
13 0.0434418 0.0959778 0.0451965 0.145935 0.00121975
1 0.0283203 0.913086 0.0213623 0.107422 0.00120831
13 0.880859 0.22876 0.0253906 0.0390625 0.00119972
16 0.0614929 0.132812 0.069397 0.0861816 0.001194
4 0.789551 0.548462 0.137695 0.797607 0.00118732
13 0.034668 0.0924377 0.0300293 0.145203 0.0011816
0 0.0688171 0.120361 0.0620728 0.0683594 0.00117779
11 0.0688171 0.120361 0.0620728 0.0683594 0.00115967
3 0.0688171 0.119995 0.0620728 0.0686035 0.00115871
15 0.0600586 0.130157 0.0712891 0.0858765 0.00113869
19 0.0614929 0.132812 0.069397 0.0861816 0.00113106
4 0.0600586 0.13089 0.074707 0.0834351 0.00111485
7 0.0606689 0.13208 0.0725098 0.0827637 0.00110245
3 0.0600586 0.130157 0.0712891 0.0858765 0.00109863
13 0.984375 0.943848 0.0292969 0.112305 0.00105858
17 0.0688171 0.119995 0.0620728 0.0686035 0.00105572
4 0.972656 0.293823 0.0546875 0.533447 0.00103092
5 0.0614929 0.132812 0.069397 0.0861816 0.00102997
4 0.955322 0.381714 0.0678711 0.595947 0.00102997
16 0.0712585 0.120117 0.0623169 0.0583496 0.00101662
