2 0.222595 0.293945 0.0343018 0.165039 0.200317
2 0.491211 0.493652 0.842773 0.799805 0.153076
2 0.310486 0.296631 0.215942 0.16748 0.0559692
2 0.161255 0.293213 0.177002 0.168945 0.0550537
2 0.231995 0.29303 0.0413818 0.165894 0.0531616
2 0.212952 0.285828 0.0565186 0.177368 0.0280914
4 0.046936 0.463867 0.0856934 0.927734 0.0197144
4 0.936279 0.476074 0.0981445 0.911133 0.0174103
14 0.224182 0.293213 0.0262451 0.169434 0.0168152
2 0.056076 0.479492 0.105621 0.958984 0.0153885
2 0.225098 0.265381 0.03125 0.118164 0.0122299
13 0.223145 0.293274 0.0307617 0.167358 0.0116577
2 0.5625 0.388184 0.741211 0.567383 0.0114975
2 0.571411 0.303162 0.732178 0.291138 0.0076828
1 0.224182 0.293213 0.0262451 0.169434 0.00597
1 0.0224609 0.0553589 0.03125 0.100708 0.00552368
2 0.140259 0.286377 0.218994 0.240234 0.00405884
2 0.218994 0.253418 0.0366211 0.101562 0.00335503
2 0.246521 0.294922 0.06604 0.166992 0.00320625
4 0.0396576 0.359009 0.0647278 0.660889 0.00317955
4 0.911377 0.496582 0.126465 0.979492 0.00310326
2 0.47937 0.149414 0.859619 0.298828 0.00299263
2 0.262207 0.294678 0.144531 0.171387 0.00278664
4 0.0349121 0.460571 0.0698242 0.905029 0.00275612
2 0.403687 0.494629 0.78833 0.582031 0.00259399
13 0.23291 0.292969 0.0478516 0.170898 0.00257874
1 0.49231 0.49707 0.923584 0.587891 0.00255585
13 0.214417 0.286072 0.0438232 0.165161 0.00254822
2 0.360779 0.307129 0.33313 0.166992 0.00252151
4 0.958252 0.500488 0.0834961 0.931641 0.00248337
13 0.151794 0.294922 0.209106 0.172852 0.0024128
2 0.231873 0.268799 0.0308838 0.103027 0.0023365
1 0.985352 0.916016 0.0234375 0.126953 0.00226402
14 0.219727 0.289795 0.0439453 0.170898 0.00220299
13 0.491211 0.493652 0.842773 0.799805 0.00191784
2 0.316284 0.321777 0.308838 0.23291 0.00191307
1 0.978516 0.91748 0.0351562 0.101562 0.00185585
2 0.219238 0.291504 0.110352 0.170898 0.00181866
2 0.48584 0.227783 0.751953 0.34668 0.00177097
4 0.944092 0.300293 0.0883789 0.600586 0.00162792
13 0.310486 0.296631 0.215942 0.16748 0.00155449
4 0.48877 0.495605 0.828125 0.991211 0.00148773
4 0.072998 0.432861 0.145996 0.865723 0.00146008
2 0.0924377 0.278198 0.159851 0.386963 0.00145912
1 0.219482 0.287354 0.0429688 0.165527 0.00145817
13 0.229492 0.279297 0.0327148 0.138672 0.00139523
4 0.0419922 0.54541 0.0653076 0.674805 0.00135899
1 0.986328 0.940918 0.0234375 0.0732422 0.00135231
1 0.101074 0.962646 0.177979 0.0336914 0.00134182
1 0.977783 0.0600281 0.034668 0.101135 0.0013237
1 0.0302734 0.0431519 0.0283203 0.0733643 0.00130177
14 0.223145 0.290039 0.0258789 0.0957031 0.001297
2 0.0445709 0.378662 0.0798035 0.757324 0.00129318
14 0.23291 0.292969 0.0478516 0.170898 0.00127697
9 0.49231 0.49707 0.923584 0.587891 0.00114918
13 0.0227966 0.0954285 0.0354614 0.172913 0.00114346
2 0.0343018 0.428223 0.0686035 0.856445 0.00109577
9 0.222595 0.293945 0.0343018 0.165039 0.00106049
2 0.159485 0.339844 0.281616 0.523438 0.00104332
2 0.444336 0.323486 0.819336 0.39209 0.00102997
2 0.0397186 0.309509 0.0775452 0.470825 0.00102901
1 0.0264282 0.913574 0.0266113 0.12793 0.00100422
