2 0.539551 0.210388 0.242188 0.275513 0.85791
13 0.112305 0.168823 0.0454102 0.074707 0.547852
13 0.180664 0.3125 0.0415039 0.230957 0.340332
1 0.0351562 0.0449677 0.0408936 0.0885315 0.134277
13 0.113281 0.177246 0.0273438 0.0505371 0.123169
13 0.138397 0.314392 0.138733 0.266724 0.120361
13 0.172974 0.315735 0.0634766 0.258179 0.0740356
1 0.0230103 0.953369 0.0303955 0.081543 0.0645752
13 0.171875 0.220154 0.03125 0.0587158 0.0567017
13 0.116821 0.325989 0.188965 0.364624 0.0555115
13 0.121948 0.168091 0.0532227 0.0874023 0.0471191
2 0.419434 0.462524 0.0185547 0.0466309 0.039093
1 0.0265808 0.0595703 0.0460815 0.119141 0.0242004
1 0.979248 0.948242 0.0356445 0.09375 0.0223236
1 0.882568 0.0246124 0.184082 0.0247498 0.0207062
13 0.188843 0.335205 0.0446777 0.226074 0.0197144
13 0.545288 0.212646 0.221924 0.22998 0.0187683
4 0.0651093 0.500977 0.107819 0.927734 0.0165405
13 0.174805 0.350342 0.0488281 0.191895 0.0153046
1 0.985352 0.912842 0.0253906 0.115723 0.0139542
2 0.464478 0.212891 0.101318 0.265625 0.0116959
13 0.184082 0.28009 0.0583496 0.170288 0.0116806
9 0.54248 0.210449 0.225586 0.228516 0.0116806
14 0.545288 0.212646 0.221924 0.22998 0.0107422
1 0.979248 0.921387 0.0375977 0.129883 0.010437
2 0.113159 0.171143 0.0471191 0.0788574 0.01017
13 0.0651093 0.500977 0.107819 0.927734 0.00922394
1 0.545288 0.212646 0.221924 0.22998 0.00878143
1 0.0351562 0.0740356 0.0373535 0.148071 0.00862885
2 0.480347 0.210266 0.176025 0.269897 0.00855255
13 0.186523 0.362305 0.0332031 0.13623 0.00854492
1 0.180664 0.3125 0.0415039 0.230957 0.00841522
1 0.972656 0.0513916 0.0429688 0.102783 0.00823975
1 0.980469 0.964844 0.0390625 0.0683594 0.00811005
4 0.541504 0.212891 0.213867 0.233887 0.00691605
1 0.113159 0.171143 0.0471191 0.0788574 0.00595474
14 0.114136 0.169678 0.0507812 0.0791016 0.00593948
13 0.111084 0.200806 0.111328 0.130127 0.00569916
13 0.118896 0.181763 0.0432129 0.0778809 0.00558853
4 0.0483246 0.45874 0.0749817 0.787598 0.00537872
4 0.0511475 0.628418 0.0565186 0.611328 0.0052681
13 0.101807 0.348877 0.176758 0.555176 0.00521851
2 0.0713654 0.513794 0.103851 0.92749 0.00519562
2 0.113281 0.177246 0.0273438 0.0505371 0.00504684
13 0.17334 0.245544 0.0290527 0.125122 0.00498199
13 0.165527 0.320068 0.100342 0.23291 0.00474548
13 0.180176 0.294434 0.0383301 0.103027 0.00449371
2 0.543457 0.251953 0.266602 0.165039 0.00398254
13 0.103973 0.177734 0.0352173 0.0554199 0.00389481
19 0.54248 0.210449 0.225586 0.228516 0.00339317
2 0.55957 0.176178 0.180664 0.222839 0.0032692
1 0.97583 0.882812 0.0405273 0.199219 0.00322723
3 0.538086 0.209412 0.229492 0.229614 0.00306892
8 0.541016 0.209229 0.234375 0.257812 0.00302505
7 0.537109 0.207642 0.230469 0.224854 0.00300217
2 0.518188 0.52832 0.854248 0.880859 0.00299072
16 0.545288 0.212646 0.221924 0.22998 0.00291824
18 0.545288 0.212646 0.221924 0.22998 0.0029068
11 0.538086 0.209412 0.229492 0.229614 0.00287247
1 0.0259247 0.935791 0.028717 0.112793 0.00285149
13 0.174438 0.258972 0.0524902 0.168579 0.00274467
17 0.54248 0.210449 0.225586 0.228516 0.00258446
1 0.115234 0.175049 0.0317383 0.0529785 0.00246048
10 0.545288 0.212646 0.221924 0.22998 0.00245857
15 0.537109 0.207642 0.230469 0.224854 0.00242233
13 0.184082 0.333496 0.0302734 0.115723 0.00242043
12 0.537109 0.207642 0.230469 0.224854 0.0024147
13 0.164062 0.346436 0.0771484 0.17627 0.00238419
0 0.537109 0.207642 0.230469 0.224854 0.00235748
14 0.419434 0.462524 0.0185547 0.0466309 0.00235558
2 0.172852 0.220459 0.0266113 0.0644531 0.00234032
5 0.538086 0.209412 0.229492 0.229614 0.00232887
6 0.537109 0.207642 0.230469 0.224854 0.00232124
13 0.118408 0.371338 0.1521 0.167969 0.00231552
1 0.019928 0.0820007 0.039856 0.144104 0.00218964
13 0.959229 0.291138 0.050293 0.470459 0.00214577
13 0.419434 0.462524 0.0185547 0.0466309 0.0020752
1 0.982422 0.937744 0.0253906 0.0932617 0.00206566
1 0.984375 0.887451 0.0234375 0.187988 0.00205421
1 0.025177 0.91748 0.0368042 0.131836 0.00203896
2 0.257324 0.200073 0.430664 0.280518 0.00203133
2 0.477539 0.212646 0.27832 0.236328 0.00201416
2 0.116821 0.325989 0.188965 0.364624 0.00194454
1 0.026123 0.0957031 0.0430908 0.182617 0.00192642
13 0.175415 0.308838 0.0544434 0.140137 0.00189495
13 0.182861 0.32666 0.0419922 0.143555 0.00186825
13 0.0919495 0.28595 0.127625 0.426147 0.00179672
13 0.200195 0.333008 0.130371 0.211426 0.00179482
1 0.138397 0.314392 0.138733 0.266724 0.0017662
1 0.980225 0.836914 0.0297852 0.273438 0.00174141
13 0.871826 0.0273743 0.213379 0.0332642 0.00172806
13 0.114777 0.123901 0.0697632 0.15625 0.0017271
13 0.198425 0.347534 0.0982666 0.314697 0.00172615
2 0.610352 0.179779 0.179688 0.221985 0.00169277
13 0.945801 0.178223 0.0244141 0.0700684 0.00166798
13 0.188965 0.288391 0.0629883 0.299194 0.00164509
13 0.0267334 0.0640869 0.0460205 0.124512 0.00163174
13 0.0393677 0.27002 0.0559082 0.535156 0.00161934
10 0.112061 0.170654 0.0466309 0.083252 0.00161934
4 0.116821 0.325989 0.188965 0.364624 0.00156879
13 0.0366211 0.0509796 0.0408936 0.0909119 0.00156784
2 0.416992 0.46106 0.0307617 0.0495605 0.00155067
1 0.976562 0.0420685 0.0332031 0.072113 0.00154305
1 0.0208893 0.967285 0.0387878 0.0615234 0.00152111
11 0.112061 0.170654 0.0466309 0.083252 0.00151062
13 0.192627 0.363281 0.0344238 0.168945 0.00148678
4 0.0421753 0.300293 0.0568848 0.600586 0.00147247
14 0.172852 0.220459 0.0266113 0.0644531 0.00145531
4 0.180664 0.3125 0.0415039 0.230957 0.00139236
13 0.17981 0.373291 0.059082 0.407715 0.00137901
2 0.613281 0.210724 0.37793 0.244568 0.00136471
13 0.457642 0.0996094 0.0241699 0.057373 0.00134659
13 0.0902405 0.184814 0.0512085 0.104492 0.00134563
2 0.439331 0.217651 0.0998535 0.258545 0.00134277
12 0.112061 0.170654 0.0466309 0.083252 0.00132847
2 0.544922 0.276917 0.254883 0.304565 0.00131321
9 0.112061 0.170654 0.0466309 0.083252 0.00128746
13 0.172852 0.209595 0.0380859 0.067627 0.00127316
13 0.869629 0.14978 0.0175781 0.043457 0.00126743
5 0.113159 0.171143 0.0471191 0.0788574 0.00124454
6 0.112061 0.170654 0.0466309 0.083252 0.00121403
13 0.949219 0.187134 0.0253906 0.125244 0.00120831
4 0.956055 0.519043 0.0683594 0.833984 0.00114059
13 0.200195 0.340332 0.0512695 0.217285 0.00110912
14 0.113281 0.177246 0.0273438 0.0505371 0.00110531
2 0.426025 0.463257 0.0268555 0.045166 0.00108147
13 0.955322 0.231995 0.0385742 0.361206 0.00107002
18 0.112061 0.170654 0.0466309 0.083252 0.00105572
2 0.547363 0.288086 0.261719 0.102539 0.00104904
4 0.966064 0.736328 0.0561523 0.505859 0.00103855
