2 0.677734 0.0452271 0.230469 0.0418701 0.529297
13 0.145996 0.189331 0.0661621 0.131592 0.486572
13 0.468384 0.255371 0.0300293 0.0566406 0.443604
13 0.445923 0.343018 0.123779 0.216797 0.281494
4 0.762695 0.49707 0.107422 0.90625 0.246704
13 0.240051 0.776855 0.0599365 0.149414 0.0925903
1 0.012207 0.924805 0.0241699 0.0791016 0.0914917
13 0.677246 0.0495605 0.231445 0.0449219 0.0552979
2 0.619141 0.0396118 0.348633 0.0447998 0.0258484
1 0.0125122 0.902344 0.0217896 0.123047 0.0181732
13 0.681641 0.0597687 0.237305 0.0730896 0.0160522
13 0.458984 0.256104 0.0390625 0.0605469 0.0146179
2 0.66748 0.0390625 0.176758 0.0373535 0.0131378
2 0.681641 0.0597687 0.237305 0.0730896 0.0126495
2 0.468628 0.254639 0.0285645 0.0576172 0.0114136
4 0.79248 0.510254 0.130859 0.902344 0.0110626
13 0.228821 0.757324 0.0467529 0.112305 0.0102386
1 0.926514 0.955078 0.11377 0.0429688 0.00997925
14 0.468628 0.254639 0.0285645 0.0576172 0.00997162
2 0.666992 0.039978 0.255859 0.0684814 0.0088501
14 0.667969 0.0428467 0.260742 0.0443115 0.00732422
2 0.57019 0.039917 0.500244 0.0585938 0.00663376
14 0.146484 0.189453 0.0629883 0.125 0.00589371
13 0.0557861 0.416992 0.0438232 0.115234 0.00572586
13 0.671875 0.0383301 0.208984 0.041748 0.0056839
1 0.0158081 0.884277 0.0238037 0.150391 0.00563049
9 0.667969 0.0428467 0.260742 0.0443115 0.0055809
13 0.478027 0.351074 0.192383 0.193359 0.00555038
1 0.67334 0.0403595 0.228516 0.0433044 0.00546646
13 0.395752 0.37085 0.0292969 0.0532227 0.00541687
1 0.468628 0.254639 0.0285645 0.0576172 0.00519562
1 0.97583 0.934082 0.0229492 0.0644531 0.00489044
1 0.146973 0.190552 0.0634766 0.133057 0.00485992
4 0.448486 0.342041 0.125488 0.217285 0.00432205
13 0.447144 0.282227 0.0910645 0.157715 0.00430298
13 0.149292 0.177979 0.0419922 0.0981445 0.00411987
13 0.433472 0.30835 0.0959473 0.194824 0.00403976
13 0.461426 0.258789 0.0722656 0.0981445 0.00398254
13 0.516602 0.324646 0.246094 0.246216 0.00390053
1 0.771973 0.952393 0.253906 0.0366211 0.00379372
1 0.0947266 0.95166 0.170654 0.0214844 0.00375557
2 0.682129 0.0434723 0.109375 0.0334167 0.00343132
13 0.126831 0.184448 0.0905762 0.147217 0.00332832
13 0.248535 0.777832 0.0898438 0.167969 0.00282097
1 0.974365 0.915527 0.0219727 0.101562 0.00274277
4 0.146973 0.190552 0.0634766 0.133057 0.00269699
2 0.236877 0.774902 0.0609131 0.145508 0.00267029
4 0.0460815 0.542725 0.0675049 0.871582 0.00266647
1 0.0151367 0.9375 0.0235596 0.0664062 0.00264931
10 0.468628 0.254639 0.0285645 0.0576172 0.00260735
2 0.145508 0.187927 0.0632324 0.116333 0.00243378
13 0.39502 0.363281 0.0522461 0.0805664 0.00242615
13 0.263916 0.833496 0.027832 0.0478516 0.00238037
1 0.445923 0.343018 0.123779 0.216797 0.00231361
13 0.543457 0.592651 0.0566406 0.574463 0.0021553
2 0.611328 0.0570984 0.356445 0.0747681 0.00205421
13 0.229187 0.759277 0.0279541 0.113281 0.00197411
14 0.281006 0.69043 0.00976562 0.0214844 0.00196075
13 0.67041 0.171997 0.216797 0.291748 0.00186443
2 0.924316 0.614746 0.0361328 0.0400391 0.00175667
4 0.677734 0.0452271 0.230469 0.0418701 0.00173664
13 0.762695 0.49707 0.107422 0.90625 0.001688
13 0.562012 0.239258 0.344727 0.413086 0.00160217
14 0.445923 0.343018 0.123779 0.216797 0.00159454
1 0.0141602 0.95166 0.0268555 0.0732422 0.00155926
11 0.468628 0.254639 0.0285645 0.0576172 0.00154305
13 0.450928 0.257812 0.0405273 0.0703125 0.00152683
13 0.442627 0.257019 0.0678711 0.0767822 0.00152588
2 0.445923 0.343018 0.123779 0.216797 0.00150967
14 0.281006 0.689941 0.0151367 0.0253906 0.0014925
13 0.924316 0.614746 0.0361328 0.0400391 0.00147915
1 0.0146179 0.873047 0.0292358 0.191406 0.00147247
1 0.00898743 0.914551 0.0179749 0.0888672 0.00146294
4 0.0571747 0.487793 0.102203 0.904297 0.00143242
2 0.678711 0.0453491 0.248047 0.0906982 0.00141907
1 0.978271 0.94043 0.0219727 0.046875 0.00138092
6 0.677734 0.0452271 0.230469 0.0418701 0.00136852
1 0.0190277 0.047226 0.0273743 0.0942688 0.00136185
13 0.397461 0.343506 0.0419922 0.124512 0.0013504
13 0.612793 0.0403442 0.365234 0.0465088 0.00133133
13 0.0634766 0.397705 0.0196533 0.0742188 0.00131226
13 0.570312 0.578613 0.104492 0.75293 0.00129128
13 0.531738 0.585938 0.0419922 0.0966797 0.00128651
2 0.666016 0.0692139 0.27832 0.138428 0.00126934
4 0.570312 0.578613 0.104492 0.75293 0.00125694
13 0.0541992 0.411987 0.0498047 0.180908 0.00125027
8 0.677734 0.0452271 0.230469 0.0418701 0.00124645
4 0.755859 0.52356 0.188477 0.947021 0.00123787
7 0.468628 0.254639 0.0285645 0.0576172 0.00120735
9 0.468628 0.254639 0.0285645 0.0576172 0.001194
2 0.742188 0.0475616 0.261719 0.0347595 0.00116253
12 0.468628 0.254639 0.0285645 0.0576172 0.00115204
6 0.468628 0.254639 0.0285645 0.0576172 0.00112629
13 0.546875 0.51123 0.121094 0.733398 0.00109577
1 0.0184937 0.926758 0.03125 0.0644531 0.00108147
4 0.0455322 0.587891 0.0524902 0.635742 0.00106239
1 0.234375 0.774902 0.0532227 0.147461 0.00103951
2 0.0511475 0.443848 0.0587158 0.719727 0.00103474
17 0.468628 0.254639 0.0285645 0.0576172 0.0010252
13 0.492188 0.556519 0.164062 0.705322 0.00100803
13 0.530273 0.589844 0.046875 0.15918 0.00100231
