2 0.486816 0.726074 0.241211 0.196289 0.837402
13 0.62793 0.204529 0.0351562 0.138794 0.353027
13 0.631836 0.200012 0.0605469 0.140991 0.294434
1 0.0307007 0.946045 0.0366211 0.0825195 0.22937
13 0.128296 0.357178 0.052002 0.21582 0.194458
1 0.0332489 0.943604 0.0482483 0.108887 0.144775
13 0.484863 0.720215 0.229492 0.189453 0.126831
14 0.0332489 0.943604 0.0482483 0.108887 0.0927124
1 0.981201 0.945312 0.0258789 0.0761719 0.0927124
1 0.0302734 0.922852 0.0231934 0.0830078 0.0662231
1 0.978516 0.957031 0.0390625 0.078125 0.0588989
1 0.984375 0.930176 0.0214844 0.0791016 0.0365601
13 0.63623 0.204834 0.0302734 0.138672 0.0300751
14 0.261719 0.348145 0.0263672 0.019043 0.0290222
13 0.630859 0.20874 0.0244141 0.117188 0.0277557
1 0.0302582 0.9375 0.0271301 0.0683594 0.0276642
1 0.0331573 0.916992 0.0396423 0.154297 0.0193024
2 0.631836 0.20282 0.0380859 0.138306 0.0174561
13 0.13501 0.315674 0.0466309 0.131348 0.0169983
14 0.0302124 0.946289 0.0372314 0.078125 0.0149078
14 0.485352 0.720703 0.233398 0.201172 0.0136719
9 0.490356 0.727051 0.218506 0.168945 0.0127716
1 0.985352 0.914551 0.0253906 0.0830078 0.0104904
14 0.0678711 0.682129 0.0246582 0.0185547 0.00969696
2 0.42334 0.71875 0.352539 0.168945 0.00962067
2 0.495483 0.720703 0.147705 0.185547 0.00950623
13 0.618164 0.20166 0.0556641 0.127441 0.0080719
1 0.974365 0.969727 0.0336914 0.0527344 0.00798798
1 0.633301 0.199951 0.0556641 0.140137 0.00798035
2 0.529785 0.713379 0.173828 0.166992 0.00774765
14 0.632324 0.203674 0.0361328 0.136597 0.00769043
4 0.974365 0.206604 0.0415039 0.38269 0.00701904
1 0.490356 0.727051 0.218506 0.168945 0.00698853
1 0.0335693 0.963623 0.050415 0.0668945 0.00682068
1 0.980469 0.932373 0.0351562 0.0942383 0.00660324
1 0.982422 0.914062 0.0234375 0.117188 0.00658798
1 0.0375824 0.0660858 0.0395813 0.111237 0.00642776
1 0.633789 0.202881 0.03125 0.134277 0.00628662
1 0.972656 0.147034 0.03125 0.212769 0.00601196
13 0.133301 0.418152 0.0571289 0.446899 0.00585556
1 0.0327148 0.919922 0.0349121 0.0957031 0.00547028
4 0.489136 0.727539 0.211182 0.175781 0.00505829
13 0.132812 0.387817 0.0410156 0.199951 0.0045929
8 0.487793 0.720703 0.216797 0.18457 0.00370407
1 0.913086 0.0410309 0.144531 0.0231628 0.00362015
14 0.631348 0.19519 0.0546875 0.135986 0.00360107
13 0.134766 0.418091 0.0488281 0.288818 0.00359917
19 0.490356 0.727051 0.218506 0.168945 0.00342178
7 0.490356 0.727051 0.218506 0.168945 0.00335693
18 0.490356 0.727051 0.218506 0.168945 0.00333214
16 0.490356 0.727051 0.218506 0.168945 0.00330544
3 0.490601 0.730957 0.218018 0.170898 0.00316429
11 0.490601 0.730957 0.218018 0.170898 0.00315094
1 0.978516 0.916748 0.0332031 0.164551 0.00314522
2 0.335938 0.71582 0.522461 0.201172 0.00311852
1 0.983398 0.88623 0.0273438 0.141602 0.00298119
13 0.76416 0.168823 0.0224609 0.0727539 0.00296211
12 0.490356 0.727051 0.218506 0.168945 0.00285339
10 0.490356 0.727051 0.218506 0.168945 0.00276375
14 0.0331573 0.916992 0.0396423 0.154297 0.00273895
2 0.0332489 0.943604 0.0482483 0.108887 0.0026741
17 0.490356 0.727051 0.218506 0.168945 0.00265884
0 0.490356 0.727051 0.218506 0.168945 0.00265884
15 0.490356 0.727051 0.218506 0.168945 0.00263977
5 0.490601 0.730957 0.218018 0.170898 0.00262642
1 0.128296 0.357178 0.052002 0.21582 0.00259018
13 0.134125 0.363037 0.0950317 0.193359 0.00258636
6 0.490356 0.727051 0.218506 0.168945 0.00253868
4 0.962646 0.466431 0.0512695 0.906982 0.00244141
14 0.0335693 0.963623 0.050415 0.0668945 0.00228882
13 0.130249 0.350342 0.0429688 0.140625 0.00223923
1 0.970459 0.102509 0.0356445 0.146545 0.00210762
13 0.635254 0.218018 0.0439453 0.146484 0.00209808
1 0.0341797 0.868652 0.0294189 0.198242 0.00198746
2 0.0320435 0.903564 0.0458984 0.192871 0.00190353
1 0.0224457 0.919434 0.0212708 0.0683594 0.00189018
13 0.0896912 0.167358 0.0606079 0.0837402 0.00187302
4 0.628906 0.206299 0.0410156 0.138672 0.00180912
2 0.62207 0.202148 0.0400391 0.13916 0.00173378
2 0.0384521 0.635986 0.0496826 0.728027 0.00172997
1 0.970947 0.128479 0.0463867 0.199097 0.00168896
13 0.135254 0.321777 0.0373535 0.320312 0.00168324
13 0.125977 0.320068 0.0515137 0.377441 0.00165367
13 0.123535 0.318848 0.0705566 0.476562 0.00164604
1 0.0313721 0.0813293 0.032959 0.128845 0.00161362
13 0.0463715 0.293457 0.0793762 0.586914 0.00156975
4 0.0363922 0.38916 0.0485535 0.713867 0.00154781
1 0.0302734 0.900391 0.0334473 0.104492 0.00154686
14 0.978516 0.957031 0.0410156 0.0761719 0.00153828
4 0.974365 0.296265 0.0512695 0.557861 0.00150585
13 0.122559 0.16333 0.0244141 0.0705566 0.00150394
13 0.116943 0.359131 0.0957031 0.231934 0.00149727
1 0.0220947 0.945068 0.0402832 0.0766602 0.00149059
13 0.911621 0.103516 0.0214844 0.0483398 0.00146961
13 0.606934 0.193726 0.102539 0.126709 0.0014658
4 0.128296 0.357178 0.052002 0.21582 0.00146198
13 0.620605 0.175049 0.0664062 0.107422 0.00143719
1 0.986328 0.957275 0.0273438 0.0756836 0.00142574
1 0.0237732 0.91333 0.0420532 0.165527 0.00140572
13 0.780273 0.182495 0.0507812 0.0998535 0.00137901
13 0.0915527 0.400635 0.0700684 0.662598 0.00137615
14 0.0667114 0.677734 0.026001 0.0185547 0.0013752
4 0.0384521 0.635986 0.0496826 0.728027 0.00135326
14 0.0733643 0.681641 0.0279541 0.0205078 0.00133038
1 0.97168 0.946045 0.0429688 0.0922852 0.00132656
13 0.970703 0.167053 0.0332031 0.265503 0.00131416
14 0.912109 0.101685 0.0185547 0.0471191 0.00130939
4 0.0366211 0.73291 0.0435791 0.495117 0.00128746
2 0.455322 0.695801 0.245605 0.21582 0.00127983
1 0.0375977 0.0490723 0.0489502 0.0760498 0.00127602
13 0.0323486 0.95166 0.046875 0.0908203 0.0012722
13 0.138184 0.293213 0.0615234 0.503418 0.00125694
9 0.0332489 0.943604 0.0482483 0.108887 0.00125504
14 0.261475 0.3479 0.0322266 0.0268555 0.00122738
14 0.632812 0.204468 0.0283203 0.0969238 0.00121784
14 0.255127 0.349121 0.034668 0.0214844 0.00116825
4 0.951416 0.600342 0.0639648 0.791504 0.00116444
2 0.50293 0.756836 0.260742 0.121094 0.00115871
1 0.974854 0.178894 0.0385742 0.322876 0.00115013
1 0.0224609 0.93457 0.0236816 0.0595703 0.00115013
2 0.0302124 0.946289 0.0372314 0.078125 0.00113773
13 0.762207 0.160767 0.0166016 0.0437012 0.0010767
13 0.648438 0.203491 0.0566406 0.131104 0.00107193
13 0.767578 0.180298 0.0322266 0.0964355 0.00107002
2 0.0356445 0.466797 0.0518799 0.878906 0.00100613
13 0.139282 0.301514 0.0339355 0.112793 0.00100517
