2 0.466309 0.687988 0.148438 0.0908203 0.769531
13 0.441895 0.795898 0.0317383 0.146484 0.755859
13 0.487183 0.802246 0.111572 0.140625 0.661621
13 0.506836 0.858887 0.0751953 0.046875 0.58252
13 0.451538 0.793945 0.0461426 0.135742 0.386963
14 0.465088 0.686035 0.144043 0.0810547 0.216919
13 0.490234 0.858398 0.102539 0.0566406 0.186035
1 0.0282288 0.947998 0.031189 0.0805664 0.134644
2 0.492188 0.806641 0.117188 0.141602 0.120483
2 0.47229 0.720703 0.153076 0.174805 0.107666
13 0.442871 0.790039 0.0214844 0.117188 0.0946045
13 0.462646 0.69043 0.147949 0.09375 0.0656128
13 0.518555 0.858398 0.0703125 0.0380859 0.0531311
2 0.490234 0.858398 0.102539 0.0566406 0.053009
2 0.470093 0.764648 0.143799 0.192383 0.04599
13 0.459229 0.800781 0.0805664 0.161133 0.0446167
1 0.0308228 0.916992 0.0303955 0.132812 0.0356445
13 0.437012 0.801758 0.050293 0.140625 0.0352783
1 0.985352 0.915527 0.0253906 0.100586 0.0345459
13 0.49353 0.837402 0.112549 0.0732422 0.0288696
1 0.982178 0.931641 0.0336914 0.0859375 0.0250244
1 0.442871 0.793457 0.0244141 0.117188 0.0217896
13 0.47229 0.720703 0.153076 0.174805 0.018219
13 0.50647 0.814941 0.0974121 0.116211 0.0151367
2 0.465088 0.683594 0.157715 0.168945 0.0148697
2 0.470215 0.69043 0.0878906 0.0742188 0.0117874
14 0.480469 0.806641 0.118164 0.129883 0.0116119
13 0.518066 0.0583649 0.0488281 0.0778503 0.011322
2 0.730957 0.702148 0.0302734 0.0507812 0.0112076
2 0.518066 0.857422 0.0644531 0.0371094 0.010582
14 0.439209 0.799316 0.0322266 0.139648 0.00978088
1 0.479492 0.808105 0.116211 0.132812 0.00912476
9 0.465942 0.689941 0.143311 0.0830078 0.00882721
1 0.466797 0.6875 0.140625 0.0859375 0.00846863
13 0.508789 0.0706482 0.0410156 0.0769653 0.00832367
1 0.441895 0.796387 0.0332031 0.146484 0.00806427
1 0.506348 0.858398 0.0732422 0.0449219 0.00783539
2 0.492188 0.489258 0.787109 0.552734 0.00717926
13 0.470093 0.764648 0.143799 0.192383 0.00686646
13 0.443604 0.77002 0.0263672 0.106445 0.00660706
13 0.730957 0.702148 0.0302734 0.0507812 0.00623703
1 0.979248 0.836914 0.0297852 0.25 0.00612259
14 0.506836 0.858398 0.0742188 0.046875 0.00606918
2 0.441895 0.794922 0.0356445 0.140625 0.00590515
4 0.0410309 0.790283 0.0466003 0.394043 0.0057106
2 0.463379 0.73584 0.234375 0.224609 0.0055809
1 0.978516 0.085083 0.0371094 0.145264 0.00553131
2 0.464233 0.686523 0.255127 0.183594 0.00548935
13 0.44873 0.80127 0.0375977 0.0957031 0.00510025
1 0.0337372 0.868652 0.0384827 0.21582 0.00502777
14 0.449707 0.793945 0.0375977 0.138672 0.00494766
1 0.0288849 0.946777 0.0455017 0.0947266 0.00429535
14 0.442871 0.790039 0.0214844 0.117188 0.00428391
14 0.490234 0.858398 0.102539 0.0566406 0.00415421
2 0.508789 0.859863 0.0751953 0.0498047 0.0041008
1 0.978271 0.91626 0.0375977 0.112793 0.00407791
1 0.984375 0.88623 0.0273438 0.161133 0.00405884
8 0.46582 0.689941 0.139648 0.0859375 0.00404358
1 0.0208435 0.95752 0.0405884 0.0712891 0.00387192
13 0.436035 0.790527 0.0263672 0.116211 0.0038681
1 0.490234 0.858398 0.102539 0.0566406 0.00383186
1 0.451538 0.793945 0.0461426 0.135742 0.00378799
2 0.442871 0.793457 0.0244141 0.117188 0.00373268
2 0.459229 0.800781 0.0805664 0.161133 0.00340843
2 0.52832 0.47522 0.810547 0.869873 0.00316429
4 0.465332 0.801758 0.0839844 0.138672 0.00300217
1 0.975342 0.0644379 0.0336914 0.102814 0.00276756
2 0.473999 0.680664 0.339111 0.243164 0.00274086
14 0.518066 0.857422 0.0644531 0.0371094 0.00256538
4 0.487305 0.800781 0.121094 0.152344 0.00253296
13 0.508789 0.0676117 0.0722656 0.0879211 0.00246048
2 0.490601 0.836914 0.115479 0.111328 0.0024128
2 0.444336 0.533691 0.707031 0.367188 0.00233078
4 0.475952 0.70166 0.145752 0.112305 0.00227547
9 0.484375 0.810547 0.119141 0.126953 0.00224113
1 0.964844 0.122375 0.0371094 0.200562 0.00209999
6 0.46582 0.689941 0.139648 0.0859375 0.00205421
13 0.466309 0.810547 0.22168 0.196289 0.00200844
1 0.962891 0.17334 0.0390625 0.286621 0.00200081
13 0.193359 0.0740051 0.032959 0.102478 0.00197601
2 0.511719 0.348877 0.816406 0.538574 0.00195503
2 0.465454 0.809082 0.159912 0.176758 0.00192165
13 0.508301 0.859863 0.0869141 0.09375 0.00191212
10 0.46582 0.689941 0.139648 0.0859375 0.0018568
13 0.197021 0.062149 0.0241699 0.0778503 0.00183868
1 0.0289307 0.897949 0.0371094 0.192383 0.00183487
2 0.511719 0.8125 0.238281 0.191406 0.00180626
1 0.974609 0.812744 0.0332031 0.331543 0.00173759
4 0.442383 0.79541 0.0297852 0.145508 0.00168324
7 0.465942 0.689941 0.143311 0.0830078 0.00160313
15 0.467163 0.688965 0.147705 0.0830078 0.00152779
1 0.9729 0.879883 0.034668 0.185547 0.00151348
16 0.46582 0.689941 0.139648 0.0859375 0.0014925
10 0.442871 0.793457 0.0244141 0.117188 0.00145721
11 0.46582 0.689941 0.139648 0.0859375 0.0014534
19 0.46582 0.689941 0.139648 0.0859375 0.0014534
14 0.730469 0.70459 0.0273438 0.0449219 0.00143051
3 0.465942 0.689941 0.143311 0.0830078 0.00140381
12 0.466309 0.687988 0.148438 0.0908203 0.00137997
1 0.966309 0.96875 0.0458984 0.0527344 0.00137424
4 0.506348 0.858398 0.0732422 0.0449219 0.00131893
10 0.444336 0.801758 0.0385742 0.140625 0.001297
13 0.481567 0.834961 0.124756 0.103516 0.00129604
1 0.971436 0.954102 0.0317383 0.0898438 0.00129223
0 0.467163 0.688965 0.147705 0.0830078 0.00128174
14 0.0276489 0.94751 0.0330811 0.0717773 0.00128078
13 0.462524 0.692383 0.0866699 0.0742188 0.00126648
13 0.465088 0.683594 0.157715 0.168945 0.00125694
4 0.0463867 0.618652 0.0606689 0.628906 0.00125599
17 0.46582 0.689941 0.139648 0.0859375 0.00125313
8 0.487305 0.800781 0.121094 0.152344 0.00124931
5 0.467163 0.688965 0.147705 0.0830078 0.00122356
9 0.508301 0.859375 0.078125 0.046875 0.00120258
18 0.465942 0.689941 0.143311 0.0830078 0.00117302
1 0.973877 0.0523376 0.0463867 0.0969849 0.00116062
2 0.508789 0.0761108 0.0390625 0.0614014 0.00115681
4 0.451538 0.793945 0.0461426 0.135742 0.00108337
14 0.462891 0.686523 0.157227 0.12793 0.00107861
9 0.441895 0.793457 0.0307617 0.143555 0.00105953
1 0.525879 0.859375 0.0732422 0.0419922 0.00105381
8 0.442871 0.795898 0.0288086 0.131836 0.00104809
2 0.725586 0.0996094 0.521484 0.171143 0.00103855
13 0.0298309 0.899658 0.0281067 0.153809 0.00103474
