2 0.0810394 0.0859985 0.106476 0.0626221 0.753906
1 0.0263519 0.9375 0.023468 0.0703125 0.216675
13 0.0917969 0.0774536 0.123779 0.0782471 0.193237
14 0.0251007 0.950928 0.0342712 0.0864258 0.143066
1 0.0251007 0.950928 0.0342712 0.0864258 0.134155
2 0.0795593 0.0809937 0.127014 0.088501 0.118042
1 0.0793457 0.0814209 0.125 0.0742188 0.0628052
2 0.103516 0.078186 0.130859 0.0662842 0.0523376
1 0.979736 0.194885 0.0366211 0.286987 0.0436096
2 0.121552 0.0769958 0.200256 0.0745239 0.0400391
14 0.591309 0.64502 0.0380859 0.0263672 0.0393372
13 0.0801544 0.0859375 0.105072 0.0571289 0.0250702
2 0.0824585 0.085907 0.0726318 0.0547485 0.0230255
4 0.753906 0.518066 0.0898438 0.84375 0.0190887
14 0.0813293 0.0855713 0.108337 0.0612793 0.0131073
1 0.0283203 0.920166 0.0256348 0.10498 0.012764
2 0.0258179 0.949951 0.0386963 0.0922852 0.0103836
2 0.179199 0.0782471 0.31543 0.083252 0.00960541
9 0.0795288 0.0829773 0.105103 0.0664673 0.00847626
2 0.0776367 0.0802002 0.13916 0.1604 0.00750732
13 0.090332 0.0725403 0.137695 0.123474 0.00736618
2 0.976562 0.40918 0.046875 0.78418 0.0072403
2 0.21344 0.0624084 0.381714 0.0700073 0.00722122
1 0.0224609 0.925781 0.0272217 0.0859375 0.00582123
2 0.0957031 0.0774384 0.134766 0.118073 0.00571823
14 0.799805 0.975586 0.03125 0.015625 0.00482559
1 0.0280609 0.0612793 0.0246887 0.0803223 0.00473785
13 0.121552 0.0769958 0.200256 0.0745239 0.00456619
1 0.0293274 0.918945 0.0342407 0.144531 0.00440216
1 0.987305 0.944336 0.0175781 0.0703125 0.00392532
13 0.175781 0.0688019 0.297852 0.07724 0.00374222
2 0.106079 0.0724487 0.212158 0.144897 0.00354004
1 0.973633 0.229248 0.0429688 0.34082 0.0034256
8 0.0814056 0.0859985 0.113312 0.0648193 0.00338554
1 0.984375 0.913086 0.0273438 0.128906 0.00332642
1 0.0292969 0.888184 0.0262451 0.165039 0.00317764
13 0.09375 0.0775757 0.0891113 0.0635986 0.00290298
1 0.989746 0.953857 0.0205078 0.0610352 0.0027523
13 0.0222778 0.952148 0.032959 0.0839844 0.00258064
2 0.0915527 0.098114 0.183105 0.159729 0.00248909
4 0.981201 0.789062 0.0356445 0.414062 0.00242615
1 0.981201 0.789062 0.0356445 0.414062 0.00238037
4 0.0794525 0.0852661 0.108429 0.0584717 0.00233841
13 0.980225 0.105347 0.0297852 0.144287 0.00232506
6 0.0780182 0.0842896 0.10788 0.0648193 0.00227737
14 0.0263824 0.937012 0.0237732 0.0605469 0.00226212
2 0.105438 0.0803223 0.0835571 0.0581055 0.00219727
14 0.355469 0.736328 0.0424805 0.0478516 0.00195122
2 0.0266113 0.0652924 0.0264893 0.0959778 0.00176716
1 0.986328 0.955811 0.0175781 0.0454102 0.00171375
4 0.729492 0.544922 0.123047 0.871094 0.00170517
12 0.0780182 0.0842896 0.10788 0.0648193 0.00170135
16 0.0780182 0.0842896 0.10788 0.0648193 0.00166893
1 0.984375 0.933838 0.0214844 0.097168 0.00160503
1 0.984131 0.120819 0.0317383 0.131409 0.00158596
10 0.0780182 0.0842896 0.10788 0.0648193 0.00154972
7 0.0780182 0.0842896 0.10788 0.0648193 0.00154972
1 0.0308685 0.906494 0.0464172 0.185059 0.00154877
15 0.0780182 0.0842896 0.10788 0.0648193 0.00150204
1 0.976318 0.143341 0.0317383 0.183044 0.00145245
1 0.0214844 0.946289 0.0279541 0.0625 0.00143814
3 0.0780182 0.0842896 0.10788 0.0648193 0.00143337
0 0.0780182 0.0842896 0.10788 0.0648193 0.00139999
2 0.181091 0.0528564 0.27063 0.0706787 0.00139141
1 0.0336914 0.822266 0.0317383 0.308594 0.00138092
19 0.0780182 0.0842896 0.10788 0.0648193 0.00135708
18 0.0780182 0.0842896 0.10788 0.0648193 0.00135231
13 0.493164 0.943604 0.0380859 0.0678711 0.00131702
1 0.0371094 0.941162 0.0396729 0.0668945 0.00130367
2 0.0224762 0.937256 0.0248718 0.0649414 0.00127792
4 0.0236359 0.950928 0.0352478 0.0864258 0.0012455
17 0.0780182 0.0842896 0.10788 0.0648193 0.0012455
5 0.0780182 0.0842896 0.10788 0.0648193 0.00122547
2 0.110352 0.113525 0.220703 0.227051 0.00121784
11 0.0802155 0.0850525 0.102509 0.0615845 0.00119781
2 0.140381 0.0870361 0.280762 0.174072 0.00118923
9 0.0236359 0.950928 0.0352478 0.0864258 0.00118828
2 0.96582 0.474121 0.0566406 0.791992 0.00117779
13 0.477051 0.908203 0.0664062 0.134766 0.00114059
14 0.0795593 0.0809937 0.127014 0.088501 0.00105762
