13 0.439453 0.28009 0.121094 0.263062 0.831055
13 0.460571 0.265869 0.100342 0.224609 0.779785
13 0.489746 0.715332 0.0292969 0.114258 0.513672
13 0.752441 0.713379 0.0732422 0.258789 0.488037
13 0.716797 0.647461 0.0820312 0.12207 0.300293
1 0.981445 0.945068 0.0273438 0.0825195 0.201294
13 0.710938 0.0965271 0.107422 0.0388794 0.185425
13 0.713867 0.617188 0.0507812 0.0800781 0.183105
13 0.701172 0.63623 0.0703125 0.103516 0.169189
1 0.979736 0.94165 0.0385742 0.103027 0.157104
1 0.0356445 0.0598602 0.0469971 0.108063 0.14563
13 0.729004 0.694824 0.0830078 0.259766 0.110413
13 0.882324 0.771973 0.0263672 0.0537109 0.110107
1 0.970703 0.0500488 0.0410156 0.069458 0.0773926
1 0.984375 0.91748 0.0253906 0.129883 0.0634155
2 0.459473 0.268311 0.103516 0.234863 0.0612793
1 0.0247498 0.935303 0.0254517 0.074707 0.0505371
1 0.0280914 0.913574 0.0287781 0.125977 0.0479736
13 0.884766 0.770508 0.0380859 0.0693359 0.0420227
1 0.974854 0.953125 0.0307617 0.0761719 0.0369263
1 0.0264282 0.93457 0.0352783 0.0976562 0.0317078
13 0.754883 0.769043 0.0830078 0.387695 0.0272522
1 0.9646 0.0580292 0.0395508 0.0919495 0.0266113
13 0.469116 0.266785 0.154541 0.290649 0.022644
1 0.0223236 0.945801 0.0334778 0.0634766 0.0175629
1 0.979492 0.901855 0.0332031 0.155273 0.0134583
13 0.347656 0.795898 0.0664062 0.113281 0.0134506
13 0.730957 0.634766 0.100586 0.261719 0.0121307
13 0.447998 0.281921 0.0932617 0.142212 0.0120392
13 0.399414 0.288391 0.246094 0.322632 0.0114212
13 0.741211 0.721191 0.0439453 0.25 0.0113373
13 0.481812 0.712891 0.0314941 0.119141 0.0110245
1 0.981445 0.960205 0.0371094 0.0795898 0.0105972
13 0.882812 0.821289 0.0351562 0.168945 0.0103226
1 0.445312 0.282959 0.12207 0.262695 0.0101547
13 0.49707 0.714844 0.0341797 0.0888672 0.0100555
1 0.0283356 0.92334 0.0249939 0.0810547 0.00940704
13 0.880859 0.754395 0.0253906 0.0859375 0.00938416
13 0.475586 0.2854 0.246094 0.313477 0.00894928
13 0.0327301 0.900635 0.0297546 0.151855 0.00865936
14 0.459473 0.268311 0.103516 0.234863 0.00782013
13 0.48645 0.706543 0.0388184 0.157227 0.00737381
13 0.890625 0.779297 0.0332031 0.0673828 0.00686646
4 0.449219 0.265625 0.109375 0.274414 0.00665283
2 0.432495 0.284424 0.128174 0.267578 0.00658417
13 0.692871 0.651367 0.0986328 0.130859 0.00657654
1 0.96875 0.0921326 0.0449219 0.154602 0.00640488
13 0.736328 0.755371 0.0332031 0.236328 0.00632477
13 0.736816 0.71875 0.121094 0.301758 0.00627899
13 0.710449 0.0786133 0.113281 0.0703125 0.00587082
2 0.0614319 0.497925 0.0934448 0.951416 0.00559998
13 0.489746 0.741211 0.0341797 0.151367 0.00550079
13 0.716309 0.626465 0.0585938 0.126953 0.00547409
2 0.713867 0.617188 0.0507812 0.0800781 0.00520325
4 0.754395 0.706543 0.0751953 0.25293 0.00513077
13 0.896973 0.777832 0.0361328 0.0869141 0.00494385
1 0.975586 0.921143 0.0292969 0.116699 0.00471497
1 0.0323944 0.869873 0.0360413 0.223145 0.00461578
14 0.489258 0.714844 0.0263672 0.110352 0.0044632
13 0.885742 0.764648 0.03125 0.103516 0.0043335
1 0.745605 0.701172 0.0703125 0.25293 0.00413132
1 0.48877 0.716309 0.0273438 0.113281 0.00397873
4 0.0614319 0.497925 0.0934448 0.951416 0.00395966
14 0.713867 0.617188 0.0507812 0.0800781 0.00388718
1 0.963379 0.0414276 0.0556641 0.0675354 0.00379562
13 0.722168 0.602051 0.0888672 0.137695 0.00377083
13 0.751953 0.687988 0.0615234 0.141602 0.00375938
13 0.883301 0.713867 0.0253906 0.169922 0.00367928
1 0.978516 0.0552521 0.0351562 0.075531 0.00357437
2 0.710938 0.0965271 0.107422 0.0388794 0.0033474
13 0.394287 0.280762 0.146484 0.244629 0.0031929
13 0.452271 0.3396 0.105225 0.413574 0.00315857
2 0.752441 0.713379 0.0732422 0.258789 0.00314903
13 0.77832 0.701172 0.137695 0.335938 0.00314713
13 0.460693 0.231934 0.0756836 0.14502 0.00310326
13 0.878906 0.733887 0.0351562 0.176758 0.00301361
2 0.491211 0.716309 0.0244141 0.101562 0.00296402
13 0.981689 0.912354 0.0268555 0.151855 0.00296021
2 0.466309 0.266663 0.198242 0.251831 0.00288582
13 0.744141 0.773926 0.0507812 0.381836 0.00278282
13 0.711426 0.0964661 0.0732422 0.0314331 0.00276184
2 0.716797 0.647461 0.0820312 0.12207 0.00269318
13 0.71875 0.763184 0.111328 0.43457 0.00266075
1 0.0209351 0.913574 0.0314941 0.114258 0.00265121
13 0.297852 0.79834 0.150391 0.113281 0.00261879
14 0.753906 0.708008 0.0712891 0.243164 0.00255394
13 0.882812 0.710938 0.0537109 0.299805 0.00251007
13 0.711914 0.0968018 0.107422 0.0639648 0.00246429
13 0.476929 0.714844 0.0490723 0.0966797 0.00245476
13 0.495239 0.71582 0.057373 0.112305 0.00243759
13 0.884766 0.841309 0.0488281 0.249023 0.00243187
1 0.979492 0.079071 0.03125 0.118713 0.00239372
13 0.733398 0.526489 0.113281 0.573975 0.00236702
1 0.97168 0.948486 0.0410156 0.0952148 0.00234222
1 0.0282135 0.966797 0.0461121 0.0664062 0.00232124
13 0.232422 0.777832 0.0244141 0.131836 0.00231743
14 0.884766 0.772949 0.0253906 0.0605469 0.00231361
8 0.459473 0.268311 0.103516 0.234863 0.0022583
1 0.961914 0.959961 0.0605469 0.0644531 0.00222969
2 0.974854 0.95166 0.0307617 0.0732422 0.00218201
13 0.875977 0.725098 0.0380859 0.105469 0.00211143
1 0.493652 0.715332 0.0283203 0.09375 0.00209236
2 0.884766 0.772949 0.0253906 0.0605469 0.00208282
13 0.695312 0.672852 0.169922 0.213867 0.00205994
1 0.0344238 0.949951 0.0428467 0.0844727 0.00205231
1 0.978516 0.836914 0.0292969 0.28125 0.00201035
13 0.726562 0.764648 0.0742188 0.389648 0.00199699
1 0.710449 0.0958252 0.107422 0.0373535 0.00195694
13 0.495117 0.703125 0.0351562 0.134766 0.00192356
9 0.448364 0.267822 0.11499 0.280762 0.00192356
13 0.741211 0.633301 0.0751953 0.118164 0.00192261
5 0.441406 0.280029 0.12207 0.266602 0.00191879
7 0.441406 0.280029 0.12207 0.266602 0.00191879
13 0.349121 0.819824 0.0800781 0.177734 0.00189495
4 0.957275 0.717896 0.0600586 0.564209 0.00187206
18 0.441406 0.280029 0.12207 0.266602 0.00186729
13 0.744141 0.512695 0.078125 0.24707 0.00180912
1 0.713867 0.617188 0.0507812 0.0800781 0.00180626
1 0.968994 0.139496 0.0424805 0.197083 0.00180626
13 0.882324 0.671875 0.0283203 0.314453 0.00180244
3 0.441406 0.280029 0.12207 0.266602 0.00180244
13 0.882324 0.668945 0.0410156 0.417969 0.00176048
13 0.807129 0.754883 0.134766 0.282227 0.00175476
13 0.968506 0.0491943 0.0493164 0.0667725 0.00174999
4 0.489258 0.714844 0.0263672 0.110352 0.0017395
13 0.487427 0.187622 0.048584 0.0744629 0.00172615
13 0.692871 0.0927124 0.0849609 0.0335693 0.0017252
2 0.97168 0.0527496 0.0351562 0.0746765 0.00169754
12 0.441406 0.280029 0.12207 0.266602 0.00168705
1 0.716797 0.647461 0.0820312 0.12207 0.00168419
13 0.733887 0.571289 0.0683594 0.146484 0.00168419
1 0.0317383 0.101685 0.0385742 0.184326 0.00167847
2 0.399414 0.288391 0.246094 0.322632 0.00166798
13 0.884766 0.735352 0.0361328 0.129883 0.00164318
16 0.441406 0.280029 0.12207 0.266602 0.00164127
10 0.459473 0.268311 0.103516 0.234863 0.00162792
13 0.76123 0.136475 0.0224609 0.0314941 0.00157356
1 0.0224609 0.92041 0.0255127 0.0820312 0.00157356
13 0.737793 0.78418 0.0527344 0.263672 0.00155163
13 0.76123 0.722168 0.0742188 0.168945 0.00151062
13 0.884277 0.756348 0.0498047 0.133789 0.00149155
17 0.441406 0.280029 0.12207 0.266602 0.00148392
6 0.441406 0.280029 0.12207 0.266602 0.0014782
14 0.0238037 0.932129 0.0283203 0.0791016 0.00147629
14 0.431885 0.284607 0.132324 0.2677 0.00147057
14 0.710938 0.0965271 0.107422 0.0388794 0.00146008
13 0.904297 0.70459 0.0888672 0.387695 0.00143528
13 0.436523 0.27417 0.0791016 0.205566 0.00143242
13 0.507812 0.104126 0.0283203 0.0883789 0.0014286
19 0.446777 0.266602 0.120117 0.280762 0.00141621
13 0.910156 0.744141 0.0517578 0.265625 0.00139713
15 0.441406 0.280029 0.12207 0.266602 0.00139332
13 0.760254 0.679199 0.0605469 0.213867 0.0013895
11 0.441406 0.280029 0.12207 0.266602 0.00137234
13 0.710449 0.57959 0.0615234 0.132812 0.00137043
13 0.945557 0.682861 0.0639648 0.634277 0.00134087
13 0.882812 0.705078 0.0800781 0.375 0.00133038
13 0.72168 0.612305 0.0400391 0.0566406 0.00131321
1 0.0201416 0.951172 0.0402832 0.0898438 0.00131226
13 0.694824 0.119019 0.119141 0.0910645 0.001297
13 0.734863 0.615234 0.0605469 0.0917969 0.00129509
4 0.0436401 0.76123 0.0439453 0.415039 0.00128269
0 0.459473 0.268311 0.103516 0.234863 0.00127411
13 0.688477 0.0922852 0.121094 0.0454102 0.00127125
13 0.67627 0.161377 0.0195312 0.0334473 0.00125599
1 0.957275 0.0534363 0.0698242 0.0928345 0.00125408
13 0.850098 0.453003 0.0175781 0.0461426 0.00121593
14 0.716797 0.647461 0.0820312 0.12207 0.00119591
2 0.981689 0.912354 0.0268555 0.151855 0.00118732
4 0.701172 0.63623 0.0703125 0.103516 0.00118256
1 0.751953 0.762207 0.0712891 0.387695 0.0011797
1 0.022583 0.0681915 0.045166 0.123627 0.0011549
13 0.700684 0.612793 0.0703125 0.0751953 0.0011549
13 0.914551 0.729736 0.0732422 0.540527 0.00114536
13 0.897705 0.49707 0.145996 0.838867 0.00113392
2 0.0429688 0.465942 0.0565186 0.872803 0.00109291
13 0.695801 0.679688 0.100586 0.235352 0.00107288
13 0.415649 0.288574 0.153076 0.345215 0.00106144
13 0.674316 0.154419 0.0478516 0.0498047 0.00105
13 0.866699 0.753906 0.100586 0.37207 0.00104809
13 0.708008 0.601562 0.0566406 0.0703125 0.00104237
1 0.974854 0.0679474 0.050293 0.116791 0.00102997
13 0.880859 0.785645 0.0332031 0.106445 0.00102901
4 0.969971 0.733887 0.0327148 0.508789 0.00102234
13 0.712891 0.741211 0.175781 0.351562 0.00102043
13 0.902344 0.772461 0.0585938 0.363281 0.00102043
13 0.488281 0.150269 0.0332031 0.0739746 0.00101566
