2 0.681152 0.793457 0.274414 0.34668 0.847656
1 0.025177 0.957031 0.0376587 0.0703125 0.523438
13 0.682129 0.787109 0.260742 0.357422 0.196045
13 0.0881042 0.414795 0.103577 0.137207 0.169922
2 0.694336 0.710449 0.235352 0.203125 0.120117
2 0.483521 0.549316 0.820068 0.772461 0.072937
1 0.983643 0.950684 0.0327148 0.0869141 0.0427856
1 0.0270233 0.936768 0.0340881 0.124512 0.038269
1 0.986328 0.943359 0.0234375 0.0742188 0.0296783
13 0.0802612 0.410034 0.110229 0.215088 0.0282288
1 0.0273438 0.944824 0.027832 0.0751953 0.0264282
14 0.681641 0.788086 0.263672 0.359375 0.0202332
1 0.678223 0.785645 0.235352 0.298828 0.0188141
2 0.764893 0.803711 0.435059 0.335938 0.0159912
1 0.0327148 0.91626 0.0400391 0.149902 0.0155334
1 0.981689 0.874023 0.0307617 0.207031 0.0134964
1 0.982178 0.922852 0.0317383 0.138672 0.0122147
9 0.679688 0.78125 0.239258 0.291992 0.0109711
1 0.0235291 0.906494 0.0377808 0.179199 0.0108719
2 0.944824 0.530884 0.104492 0.920654 0.010643
1 0.022583 0.940918 0.0435791 0.0888672 0.010643
2 0.727051 0.75293 0.298828 0.296875 0.00878143
4 0.685059 0.795898 0.25 0.294922 0.00857544
2 0.086792 0.402832 0.110596 0.164062 0.00843048
13 0.100342 0.385986 0.117676 0.160156 0.00831604
13 0.0791321 0.492798 0.120544 0.754639 0.00776291
13 0.979248 0.800049 0.0336914 0.368652 0.00749207
13 0.976562 0.89209 0.0410156 0.194336 0.00716019
1 0.976562 0.18924 0.0390625 0.226013 0.00701141
2 0.9729 0.891846 0.0424805 0.202637 0.00621414
1 0.974609 0.948486 0.0351562 0.0932617 0.00563812
14 0.0257416 0.952881 0.0388489 0.0766602 0.0049324
13 0.621094 0.786621 0.158203 0.353516 0.00489426
13 0.969482 0.844238 0.0454102 0.293945 0.00463867
2 0.331055 0.886963 0.662109 0.222168 0.00458145
1 0.976318 0.814209 0.0336914 0.350098 0.00450897
4 0.0688019 0.497925 0.108734 0.865479 0.00431824
2 0.526978 0.404907 0.895264 0.561279 0.00394058
13 0.606445 0.79541 0.101562 0.330078 0.00391006
2 0.968994 0.742188 0.0483398 0.5 0.00381279
13 0.985352 0.89502 0.0292969 0.178711 0.00376511
4 0.0458832 0.390137 0.0715637 0.727539 0.00366211
4 0.964355 0.394409 0.0712891 0.644775 0.00352287
19 0.679688 0.78125 0.239258 0.291992 0.00320244
2 0.0740204 0.53125 0.106354 0.873047 0.00317574
4 0.974365 0.296448 0.0512695 0.494019 0.00310707
3 0.678223 0.785645 0.235352 0.298828 0.00310516
18 0.678223 0.785645 0.235352 0.298828 0.00296402
11 0.678223 0.785645 0.235352 0.298828 0.00291634
2 0.969482 0.844238 0.0454102 0.293945 0.0029068
8 0.678223 0.785645 0.235352 0.298828 0.00289536
13 0.618652 0.794678 0.265625 0.36377 0.00289345
7 0.679688 0.78125 0.239258 0.291992 0.00283813
4 0.449707 0.490845 0.791992 0.963623 0.00275612
1 0.985352 0.930664 0.0292969 0.0917969 0.0027504
13 0.944824 0.530884 0.104492 0.920654 0.00272179
16 0.679688 0.78125 0.239258 0.291992 0.00271988
13 0.968994 0.742188 0.0483398 0.5 0.00269318
0 0.678223 0.785645 0.235352 0.298828 0.0025959
13 0.0983887 0.332764 0.145996 0.185547 0.00253868
17 0.679688 0.78125 0.239258 0.291992 0.00252724
13 0.692383 0.711914 0.239258 0.203125 0.00251198
15 0.677734 0.782715 0.227539 0.295898 0.00248909
12 0.678223 0.785645 0.235352 0.298828 0.00248528
2 0.327881 0.922607 0.655762 0.131348 0.00247383
2 0.0240479 0.950439 0.0465088 0.0776367 0.00247192
10 0.678223 0.785645 0.235352 0.298828 0.00245857
13 0.977539 0.94043 0.0371094 0.113281 0.00243568
5 0.677734 0.782715 0.227539 0.295898 0.00238609
6 0.678223 0.785645 0.235352 0.298828 0.00232697
13 0.0458832 0.390137 0.0715637 0.727539 0.00231552
13 0.591309 0.859375 0.0898438 0.214844 0.00229263
2 0.984131 0.882324 0.0317383 0.198242 0.00216675
4 0.972656 0.704834 0.0488281 0.547363 0.00210381
4 0.944824 0.530884 0.104492 0.920654 0.00206947
1 0.986328 0.894287 0.0273438 0.164551 0.00200653
1 0.968994 0.742188 0.0483398 0.5 0.00196648
1 0.981445 0.151978 0.0332031 0.213135 0.00195122
4 0.0540009 0.683594 0.0714417 0.632812 0.00194168
1 0.969971 0.841797 0.050293 0.291016 0.00193501
13 0.59082 0.874512 0.0673828 0.167969 0.0017662
1 0.9729 0.891846 0.0424805 0.202637 0.00170994
13 0.0836182 0.34021 0.103516 0.434814 0.00166798
2 0.973877 0.935059 0.0385742 0.118164 0.00166321
13 0.963135 0.494629 0.0737305 0.904297 0.00154018
1 0.972656 0.936768 0.046875 0.120605 0.00149536
13 0.10144 0.330933 0.124268 0.301025 0.00148582
2 0.958496 0.397949 0.0830078 0.731445 0.00146008
13 0.0257416 0.952881 0.0388489 0.0766602 0.00144768
4 0.0844879 0.412109 0.112274 0.166992 0.00142479
4 0.0323029 0.793701 0.0469666 0.412598 0.00135612
1 0.0881958 0.410767 0.108521 0.133545 0.0013485
2 0.963379 0.881592 0.0693359 0.215332 0.00131226
2 0.623535 0.770996 0.250977 0.370117 0.00127506
1 0.0388184 0.0547791 0.0599365 0.0901489 0.00125027
13 0.985352 0.941162 0.0234375 0.0844727 0.00124931
2 0.95752 0.940186 0.0751953 0.104004 0.00121307
4 0.0371094 0.242798 0.0565186 0.465576 0.00118542
2 0.686523 0.773438 0.183594 0.318359 0.0011673
2 0.76416 0.881348 0.444336 0.208008 0.0011549
4 0.975586 0.486816 0.046875 0.742188 0.00114441
2 0.0224762 0.940186 0.0279236 0.074707 0.00113201
4 0.967773 0.589844 0.0585938 0.743164 0.00109959
13 0.585938 0.821289 0.0732422 0.316406 0.00103855
1 0.0371094 0.0805054 0.0379639 0.144165 0.0010376
2 0.699219 0.721191 0.147461 0.227539 0.00102329
1 0.0288544 0.0636139 0.0440979 0.117401 0.00100994
