13 0.710449 0.865723 0.209961 0.133789 0.749023
2 0.700195 0.872559 0.259766 0.12793 0.643066
2 0.731445 0.879883 0.171875 0.115234 0.434326
13 0.495605 0.665527 0.0273438 0.179688 0.247681
13 0.249512 0.218506 0.0766602 0.13916 0.226685
13 0.257507 0.264648 0.0787354 0.39209 0.0585327
13 0.664551 0.854492 0.300781 0.168945 0.0574646
2 0.678711 0.848633 0.279297 0.192383 0.0543518
13 0.496582 0.645996 0.0380859 0.138672 0.0541077
13 0.494629 0.696289 0.0371094 0.246094 0.0522461
13 0.259033 0.219727 0.0742188 0.206055 0.0490417
13 0.303711 0.520996 0.0302734 0.216797 0.0473938
13 0.294434 0.532349 0.0371094 0.233154 0.044342
13 0.249023 0.345032 0.074707 0.49646 0.0440674
13 0.304932 0.457397 0.0214844 0.0793457 0.0419312
1 0.026825 0.936523 0.0303345 0.0996094 0.041626
13 0.25708 0.202087 0.059082 0.103638 0.0318604
13 0.290771 0.537598 0.0488281 0.300781 0.0236359
13 0.491699 0.754395 0.0410156 0.337891 0.0236206
13 0.287598 0.594727 0.0249023 0.0859375 0.0197906
13 0.744629 0.882324 0.137695 0.114258 0.0197296
9 0.720703 0.882324 0.19043 0.114258 0.0156708
13 0.590332 0.695312 0.0527344 0.414062 0.0134201
1 0.0302582 0.913818 0.0212708 0.111816 0.0117035
13 0.494629 0.630371 0.0273438 0.128906 0.0116959
13 0.487793 0.65625 0.03125 0.145508 0.0116959
13 0.665039 0.760742 0.285156 0.341797 0.0114899
2 0.0267487 0.931885 0.0326843 0.10498 0.011116
13 0.248108 0.313843 0.0628662 0.315674 0.0107651
14 0.722656 0.879883 0.191406 0.116211 0.0105972
13 0.544922 0.709961 0.111328 0.373047 0.0101471
13 0.591797 0.664551 0.0332031 0.102539 0.0101471
13 0.236633 0.416992 0.103394 0.610352 0.00930023
14 0.0258789 0.937744 0.0291748 0.0952148 0.00919342
13 0.251953 0.183472 0.0908203 0.218506 0.0091095
13 0.598145 0.747559 0.105469 0.358398 0.00828552
13 0.589355 0.65918 0.0439453 0.175781 0.00775146
13 0.583008 0.624023 0.0449219 0.191406 0.0077095
1 0.680664 0.850098 0.267578 0.161133 0.00762558
13 0.26416 0.149048 0.0786133 0.198975 0.00762558
1 0.0283203 0.930908 0.0196533 0.0834961 0.00731659
9 0.692383 0.869629 0.28125 0.132812 0.00728607
1 0.984375 0.90918 0.0234375 0.0947266 0.0065918
4 0.20459 0.580566 0.0878906 0.669922 0.0064621
13 0.506836 0.70459 0.0478516 0.28125 0.00638199
13 0.494141 0.699707 0.0595703 0.324219 0.0063591
1 0.031311 0.918457 0.0335693 0.12793 0.0062561
13 0.233337 0.229309 0.0841064 0.146851 0.00617981
4 0.71875 0.881348 0.193359 0.114258 0.00528717
13 0.69043 0.858398 0.257812 0.259766 0.00511932
1 0.710449 0.871094 0.211914 0.134766 0.00490189
13 0.706055 0.891602 0.236328 0.101562 0.004673
13 0.2854 0.581543 0.043457 0.232422 0.0044632
13 0.512207 0.733887 0.0751953 0.424805 0.00444794
13 0.493164 0.660645 0.0195312 0.0966797 0.00444412
2 0.765137 0.880859 0.111328 0.120117 0.00421143
13 0.284912 0.583984 0.0297852 0.119141 0.00416565
13 0.20459 0.580566 0.0878906 0.669922 0.00410461
13 0.496582 0.631836 0.0205078 0.0966797 0.00401688
4 0.228027 0.474487 0.118652 0.830322 0.00399017
13 0.608887 0.82959 0.125977 0.125 0.00372505
13 0.305664 0.464355 0.0141602 0.0810547 0.00367928
1 0.0248718 0.909668 0.0326538 0.147461 0.00357819
13 0.279785 0.114014 0.0600586 0.147217 0.00355721
14 0.689941 0.866699 0.270508 0.144531 0.00341797
13 0.625977 0.833984 0.18457 0.15332 0.0033226
1 0.882568 0.0325928 0.20752 0.0322266 0.0031929
13 0.303711 0.535156 0.0454102 0.275391 0.00315094
1 0.969971 0.0614319 0.034668 0.101257 0.00314903
1 0.985352 0.925781 0.0175781 0.0810547 0.00313377
1 0.984375 0.941162 0.0253906 0.0883789 0.0031147
13 0.591797 0.696777 0.0390625 0.27832 0.00295639
8 0.708008 0.878906 0.228516 0.120117 0.00295448
13 0.280518 0.607422 0.0341797 0.0957031 0.00284958
4 0.693359 0.872559 0.273438 0.136719 0.00275803
13 0.558105 0.639648 0.0888672 0.330078 0.00268555
1 0.495605 0.665527 0.0273438 0.179688 0.00266457
1 0.981201 0.919434 0.0297852 0.125977 0.00242043
1 0.249695 0.219238 0.0718994 0.13916 0.00241661
13 0.250977 0.219238 0.0571289 0.0917969 0.00238037
13 0.684082 0.718262 0.152344 0.350586 0.0023632
13 0.563477 0.776367 0.157227 0.301758 0.00232315
1 0.127716 0.0276489 0.194763 0.0255127 0.00222206
13 0.439453 0.915527 0.043457 0.0712891 0.00220299
4 0.93457 0.499634 0.09375 0.932373 0.00218201
13 0.681641 0.714355 0.0703125 0.126953 0.00217056
13 0.588379 0.822266 0.0917969 0.0957031 0.00210953
1 0.0356445 0.0803528 0.0308838 0.140076 0.00209808
1 0.985352 0.941162 0.0195312 0.0629883 0.00200462
13 0.571289 0.575195 0.0380859 0.0996094 0.00197983
13 0.698242 0.79541 0.181641 0.266602 0.00197029
1 0.0322266 0.88916 0.0253906 0.165039 0.00196838
13 0.575195 0.708984 0.117188 0.398438 0.00196266
13 0.681641 0.700684 0.0546875 0.0810547 0.00193024
13 0.25 0.232666 0.0532227 0.155273 0.00192165
13 0.251404 0.465942 0.118286 0.800537 0.0018816
13 0.787109 0.871094 0.078125 0.134766 0.00187683
1 0.977539 0.056488 0.0332031 0.0838013 0.0018692
4 0.956055 0.475586 0.0644531 0.84375 0.00185966
13 0.737793 0.883057 0.256836 0.233887 0.0018301
13 0.274658 0.443359 0.0673828 0.571289 0.00180531
6 0.712891 0.879883 0.208984 0.114258 0.00180531
13 0.589355 0.638184 0.0322266 0.150391 0.00180531
13 0.706055 0.0787354 0.0234375 0.0478516 0.00179386
13 0.294434 0.501465 0.050293 0.202148 0.00178337
13 0.27417 0.533325 0.0908203 0.730225 0.00173378
13 0.50293 0.782959 0.0507812 0.38916 0.00172234
14 0.031311 0.918457 0.0335693 0.12793 0.00169945
5 0.720703 0.880371 0.186523 0.113281 0.00160789
4 0.491821 0.54541 0.0974121 0.907227 0.00157261
7 0.720703 0.880371 0.186523 0.113281 0.00154591
2 0.249512 0.218506 0.0766602 0.13916 0.00153255
13 0.266602 0.144287 0.0615234 0.123047 0.0015192
13 0.310547 0.505371 0.0366211 0.199219 0.0015173
10 0.722656 0.879883 0.191406 0.116211 0.00151157
4 0.0499878 0.547241 0.0643311 0.872314 0.00146866
14 0.249695 0.219238 0.0718994 0.13916 0.0014677
19 0.722656 0.879883 0.191406 0.116211 0.00144863
16 0.720215 0.882324 0.182617 0.114258 0.00143719
12 0.720703 0.880371 0.186523 0.113281 0.00143623
13 0.586914 0.783691 0.0703125 0.365234 0.00143147
15 0.722656 0.879883 0.191406 0.116211 0.00143147
13 0.708984 0.880371 0.107422 0.103516 0.00142479
3 0.722656 0.879883 0.191406 0.116211 0.00142097
1 0.986328 0.962891 0.0253906 0.0703125 0.00139141
13 0.491821 0.54541 0.0974121 0.907227 0.00138569
11 0.71875 0.880859 0.19043 0.118164 0.0013752
18 0.720703 0.880371 0.186523 0.113281 0.00135994
2 0.0335083 0.908936 0.0325928 0.152832 0.00134563
14 0.581055 0.341064 0.0146484 0.0136719 0.00133705
4 0.251953 0.380981 0.0986328 0.538818 0.00132275
2 0.0499878 0.547241 0.0643311 0.872314 0.00132084
13 0.494995 0.627441 0.0783691 0.448242 0.00130749
4 0.495605 0.665527 0.0273438 0.179688 0.00129604
17 0.720703 0.880371 0.186523 0.113281 0.00126743
1 0.976807 0.175232 0.0288086 0.309692 0.00126553
4 0.967285 0.736328 0.0439453 0.494141 0.00126457
1 0.292053 0.0284882 0.206909 0.0345764 0.00125599
13 0.537109 0.624023 0.0917969 0.472656 0.00123978
1 0.970703 0.113281 0.0332031 0.196045 0.00123692
1 0.478516 0.0340576 0.25293 0.0378418 0.00121212
13 0.644531 0.623535 0.226562 0.588867 0.00121021
14 0.495605 0.665527 0.0273438 0.179688 0.00119019
1 0.0348358 0.0454254 0.0288391 0.0697937 0.00118446
0 0.722656 0.879883 0.191406 0.116211 0.00118256
1 0.0386353 0.871338 0.0366211 0.214355 0.00117779
6 0.68457 0.861816 0.289062 0.155273 0.00117016
13 0.486816 0.702637 0.0322266 0.194336 0.00116634
1 0.685547 0.0333405 0.265625 0.0429382 0.00113297
1 0.0371246 0.141937 0.0341492 0.245422 0.00112438
5 0.689941 0.866699 0.270508 0.144531 0.00112343
13 0.30542 0.486328 0.0219727 0.150391 0.00112247
1 0.493164 0.717285 0.0322266 0.270508 0.00112057
19 0.689941 0.866699 0.270508 0.144531 0.00111485
1 0.97583 0.0866089 0.0405273 0.164429 0.00109863
7 0.689941 0.866699 0.270508 0.144531 0.0010891
3 0.689941 0.866699 0.270508 0.144531 0.0010767
13 0.662109 0.726074 0.110352 0.265625 0.00107574
10 0.689941 0.866699 0.270508 0.144531 0.0010643
4 0.248535 0.218933 0.0712891 0.147095 0.00105476
11 0.689941 0.866699 0.270508 0.144531 0.00104713
13 0.483398 0.664551 0.046875 0.169922 0.00104618
4 0.253113 0.2948 0.0738525 0.437744 0.00104141
13 0.490601 0.630371 0.0559082 0.147461 0.00103855
1 0.344604 0.0323334 0.258057 0.0444641 0.00103378
12 0.689941 0.866699 0.270508 0.144531 0.00102711
13 0.479492 0.762207 0.0546875 0.364258 0.00102139
13 0.67627 0.324951 0.0322266 0.0810547 0.00101185
17 0.689941 0.866699 0.270508 0.144531 0.00100803
