13 0.85791 0.419373 0.0654297 0.410278 0.682617
13 0.852051 0.547363 0.0732422 0.717773 0.181396
13 0.867188 0.417053 0.104492 0.437378 0.137329
1 0.984375 0.953125 0.0292969 0.0683594 0.0895386
13 0.840332 0.419128 0.115234 0.40979 0.0893555
13 0.858398 0.473145 0.0439453 0.432617 0.0685425
13 0.860352 0.601562 0.0546875 0.558594 0.0565796
13 0.838867 0.628296 0.106445 0.563721 0.0357361
4 0.0518799 0.486938 0.10376 0.969482 0.0281525
1 0.983643 0.945068 0.0327148 0.104004 0.0223389
13 0.866211 0.46875 0.0732422 0.569336 0.0184174
13 0.90625 0.325928 0.148438 0.626465 0.0147324
2 0.438477 0.489258 0.787109 0.978516 0.014183
13 0.853027 0.404175 0.0429688 0.334229 0.0122833
13 0.802246 0.774414 0.0595703 0.125 0.010498
2 0.0528412 0.48938 0.105255 0.976318 0.00880432
13 0.907471 0.477051 0.155762 0.581055 0.00816345
13 0.8125 0.605591 0.135742 0.597412 0.00804901
13 0.810547 0.432617 0.150391 0.498047 0.0071106
13 0.9375 0.473022 0.125 0.815674 0.00692749
13 0.855469 0.629028 0.0458984 0.404053 0.00642776
13 0.837891 0.334839 0.0859375 0.511963 0.00630188
13 0.8125 0.669434 0.100586 0.472656 0.00592804
13 0.872559 0.563477 0.116211 0.779297 0.00587082
13 0.81543 0.792969 0.0654297 0.15332 0.00550461
1 0.0307007 0.915527 0.0335693 0.147461 0.00534821
1 0.981201 0.911377 0.0356445 0.159668 0.00513458
1 0.85791 0.419373 0.0654297 0.410278 0.00424576
4 0.852051 0.547363 0.0732422 0.717773 0.00407028
13 0.844238 0.308105 0.0351562 0.231934 0.00392914
13 0.793457 0.546387 0.199219 0.735352 0.00377274
13 0.849121 0.373535 0.0566406 0.577148 0.0037384
13 0.865723 0.621582 0.0263672 0.160156 0.00371742
13 0.954346 0.363403 0.0913086 0.648193 0.00366592
13 0.75293 0.417114 0.275391 0.493896 0.00364876
13 0.830566 0.471558 0.105469 0.75415 0.00352859
2 0.853516 0.4245 0.0917969 0.434204 0.00325203
4 0.853516 0.4245 0.0917969 0.434204 0.0031662
2 0.848633 0.51709 0.0732422 0.612305 0.00297356
1 0.848633 0.51709 0.0732422 0.612305 0.00297356
1 0.0266418 0.945801 0.0250854 0.0908203 0.00289726
13 0.84668 0.277161 0.0253906 0.177124 0.0026989
13 0.88916 0.44281 0.103516 0.496216 0.00263214
13 0.852051 0.527832 0.0673828 0.46582 0.00256157
1 0.0272827 0.053421 0.0389404 0.0904236 0.00249863
1 0.984375 0.918213 0.0253906 0.124512 0.00244522
2 0.857422 0.448608 0.0507812 0.448486 0.00227165
13 0.86084 0.569336 0.0400391 0.375 0.00224686
4 0.943604 0.51062 0.112793 0.875244 0.00214195
14 0.85791 0.420593 0.0683594 0.40686 0.00214005
13 0.96582 0.290527 0.0605469 0.546875 0.00212479
4 0.851562 0.443542 0.0537109 0.451782 0.00209045
13 0.853027 0.301819 0.0322266 0.22644 0.00201607
13 0.853027 0.700562 0.0908203 0.598877 0.00200844
4 0.866211 0.476074 0.0566406 0.510742 0.00197411
13 0.842773 0.358459 0.0410156 0.284058 0.00196648
13 0.849365 0.415894 0.29541 0.517822 0.00184155
1 0.97876 0.959717 0.0366211 0.0649414 0.00181961
13 0.955811 0.579956 0.0825195 0.718994 0.00179482
13 0.862305 0.550293 0.197266 0.717773 0.00167274
13 0.799316 0.751953 0.0517578 0.109375 0.00166798
1 0.986328 0.9375 0.0234375 0.0800781 0.00165939
13 0.862305 0.647461 0.046875 0.271484 0.0016346
4 0.438477 0.489258 0.787109 0.978516 0.00161648
13 0.864258 0.609375 0.0380859 0.203125 0.0016098
13 0.977539 0.2948 0.0429688 0.465088 0.00160217
13 0.652832 0.835449 0.110352 0.236328 0.00158215
13 0.850098 0.303345 0.0380859 0.408936 0.00157833
2 0.545288 0.504028 0.651611 0.74585 0.00156116
13 0.856445 0.322266 0.101562 0.644531 0.00155067
13 0.805176 0.705078 0.0712891 0.253906 0.00147629
13 0.978516 0.232666 0.03125 0.338867 0.00143814
13 0.806152 0.770508 0.0712891 0.214844 0.00140572
1 0.973389 0.882324 0.0473633 0.202148 0.00136662
13 0.895752 0.417725 0.208496 0.532715 0.00134563
13 0.865723 0.475586 0.0478516 0.310547 0.00133228
13 0.920654 0.601562 0.125488 0.716797 0.00131416
13 0.853516 0.211365 0.0546875 0.414185 0.00130463
13 0.853027 0.212524 0.0390625 0.336182 0.0012989
13 0.705566 0.595215 0.359375 0.744141 0.00127888
2 0.030899 0.945801 0.0317078 0.0869141 0.00121498
13 0.66748 0.774902 0.0869141 0.106445 0.00109291
2 0.034668 0.915527 0.0413818 0.145508 0.00103569
13 0.936279 0.435608 0.117676 0.490112 0.00100327
