1 0.172852 0.217224 0.0986328 0.174927 0.809082
2 0.159668 0.22168 0.128906 0.187988 0.40625
9 0.159851 0.221191 0.123657 0.179199 0.283203
2 0.493164 0.523438 0.885742 0.947266 0.28125
1 0.0167847 0.934814 0.0335693 0.097168 0.244263
13 0.0922852 0.251221 0.0532227 0.15918 0.215454
14 0.163208 0.216553 0.115967 0.173828 0.208862
2 0.0865479 0.252441 0.0476074 0.152344 0.198853
1 0.0903625 0.240173 0.0475464 0.170044 0.130737
13 0.0966797 0.16748 0.0288086 0.0546875 0.0552979
4 0.939697 0.505493 0.081543 0.875732 0.052063
14 0.085083 0.254639 0.0478516 0.150879 0.0507812
1 0.0206757 0.91748 0.0384827 0.112305 0.0421448
1 0.967285 0.936768 0.0556641 0.122559 0.0362549
2 0.0966492 0.162476 0.0249634 0.0454102 0.0323181
1 0.97168 0.934082 0.03125 0.0947266 0.0228882
1 0.0176697 0.871826 0.0353394 0.217285 0.0226746
2 0.0927734 0.230469 0.0549316 0.21875 0.0181122
13 0.0922852 0.213135 0.0400391 0.156738 0.017746
1 0.0150452 0.88623 0.0272217 0.160156 0.0163116
13 0.169922 0.219421 0.104004 0.184204 0.0158234
2 0.110077 0.23584 0.0859985 0.199219 0.0154114
13 0.0952148 0.178711 0.0332031 0.0793457 0.0144196
2 0.0196533 0.93042 0.0393066 0.0922852 0.0138245
1 0.14917 0.220459 0.148438 0.195312 0.0118332
1 0.972656 0.913086 0.0351562 0.111328 0.0112228
1 0.0234375 0.827148 0.0439453 0.306641 0.0103149
2 0.136475 0.219482 0.272949 0.238281 0.00769424
14 0.096344 0.161377 0.0221558 0.0400391 0.00729752
2 0.959717 0.936035 0.059082 0.124023 0.00711441
8 0.159149 0.221191 0.132874 0.179199 0.00689316
4 0.174805 0.220947 0.108887 0.182129 0.0067749
14 0.967285 0.936768 0.0556641 0.122559 0.00618744
2 0.094696 0.16748 0.0296021 0.0644531 0.00579071
2 0.0889282 0.243225 0.0506592 0.0955811 0.0052681
14 0.169128 0.249573 0.104126 0.0999756 0.00507355
1 0.974365 0.167969 0.0356445 0.311035 0.0050621
1 0.0234375 0.944092 0.0435791 0.0805664 0.00495148
13 0.096344 0.161377 0.0221558 0.0400391 0.00468063
12 0.169189 0.218018 0.100586 0.18457 0.00419998
19 0.169189 0.218018 0.100586 0.18457 0.00419998
11 0.169189 0.218018 0.100586 0.18457 0.00407028
18 0.169189 0.218018 0.100586 0.18457 0.00407028
2 0.0168152 0.908203 0.0336304 0.107422 0.00406647
10 0.169189 0.218018 0.100586 0.18457 0.00403976
16 0.169189 0.218018 0.100586 0.18457 0.00403976
7 0.169189 0.218018 0.100586 0.18457 0.00400925
3 0.169189 0.218018 0.100586 0.18457 0.00388718
5 0.169189 0.218018 0.100586 0.18457 0.00382423
14 0.0175476 0.934082 0.0350952 0.0908203 0.00365448
0 0.169189 0.218018 0.100586 0.18457 0.00365067
14 0.183624 0.221863 0.182556 0.184204 0.00361443
9 0.169128 0.249573 0.104126 0.0999756 0.0035553
14 0.0927734 0.250488 0.0493164 0.117676 0.00354385
15 0.169189 0.218018 0.100586 0.18457 0.00351143
6 0.169189 0.218018 0.100586 0.18457 0.00344276
1 0.0258484 0.0469971 0.0309448 0.0939941 0.00336266
17 0.169189 0.218018 0.100586 0.18457 0.00329971
1 0.967773 0.793945 0.0351562 0.333984 0.00325394
2 0.0176697 0.871826 0.0353394 0.217285 0.00299072
1 0.0290222 0.932373 0.0580444 0.104004 0.00295067
2 0.461426 0.489136 0.922852 0.601807 0.00292587
2 0.966797 0.86499 0.0625 0.256348 0.00288391
2 0.480591 0.640747 0.9021 0.519287 0.002882
1 0.96875 0.950928 0.0410156 0.0844727 0.00281906
1 0.964355 0.886475 0.0517578 0.20166 0.00274849
1 0.171387 0.217163 0.0878906 0.113525 0.00261688
13 0.902832 0.848145 0.0136719 0.0507812 0.00256157
1 0.0308838 0.884766 0.0511475 0.189453 0.00252914
4 0.965088 0.939209 0.0463867 0.090332 0.00248528
2 0.169922 0.219727 0.0854492 0.112305 0.00240707
1 0.975586 0.872559 0.0292969 0.18457 0.00236893
1 0.164062 0.969727 0.319824 0.0390625 0.00230789
9 0.190491 0.216919 0.305542 0.254639 0.0022831
1 0.0379639 0.92041 0.0578613 0.108398 0.00203896
13 0.104492 0.226318 0.0856934 0.1875 0.00200462
1 0.489258 0.526245 0.898438 0.738525 0.00196457
9 0.493164 0.523438 0.885742 0.947266 0.00191307
2 0.939697 0.505493 0.081543 0.875732 0.00187683
1 0.967041 0.843262 0.0444336 0.241211 0.00184345
1 0.0270081 0.0259094 0.0303345 0.0518188 0.00178242
13 0.0160828 0.910156 0.0321655 0.144531 0.00173378
1 0.97583 0.123444 0.0307617 0.19989 0.00172043
13 0.0234375 0.862549 0.0396729 0.231934 0.00171566
2 0.967773 0.907715 0.0527344 0.174805 0.00163174
1 0.972412 0.905273 0.0473633 0.160156 0.00158882
2 0.902832 0.848145 0.0136719 0.0507812 0.00158405
4 0.975342 0.787109 0.0297852 0.353516 0.00156975
14 0.13913 0.232239 0.148499 0.18689 0.0015583
13 0.0196533 0.93042 0.0393066 0.0922852 0.00150871
9 0.0848389 0.254639 0.0480957 0.158691 0.00145435
4 0.939453 0.930176 0.0957031 0.110352 0.00145054
1 0.10791 0.237793 0.0827637 0.189941 0.00145054
2 0.0848083 0.216797 0.0425415 0.158203 0.00144863
1 0.0134277 0.888672 0.0231934 0.112305 0.0014286
1 0.0185394 0.750732 0.0344543 0.463379 0.00138283
2 0.195801 0.229797 0.28418 0.238647 0.0013752
13 0.493164 0.523438 0.885742 0.947266 0.00135899
1 0.973633 0.891602 0.0273438 0.123047 0.00128841
13 0.968506 0.931885 0.0395508 0.0893555 0.00128651
4 0.490234 0.484741 0.884766 0.780518 0.00126839
14 0.110077 0.23584 0.0859985 0.199219 0.00126648
14 0.97168 0.934326 0.0332031 0.100098 0.0012207
13 0.974365 0.847656 0.0297852 0.219727 0.00120544
1 0.16452 0.213745 0.237366 0.210205 0.00117588
13 0.949219 0.863037 0.0664062 0.23291 0.00117111
8 0.0903625 0.240173 0.0475464 0.170044 0.0011549
13 0.959717 0.936035 0.059082 0.124023 0.00115299
2 0.0237427 0.0721741 0.0323486 0.140808 0.00110245
4 0.95166 0.727051 0.0654297 0.473633 0.00108051
13 0.0889282 0.243225 0.0506592 0.0955811 0.00107193
2 0.483765 0.351074 0.856689 0.574219 0.00105762
1 0.0976562 0.167725 0.0251465 0.0593262 0.00105
1 0.977539 0.942627 0.03125 0.0756836 0.00104809
13 0.966309 0.864014 0.0556641 0.256348 0.00103283
