2 0.132843 0.462646 0.17572 0.0512695 0.589844
4 0.312256 0.506226 0.125488 0.911377 0.241821
4 0.452026 0.505615 0.117432 0.92627 0.126709
2 0.0960388 0.463867 0.105774 0.0380859 0.117615
4 0.804199 0.492676 0.137695 0.9375 0.09021
1 0.026947 0.94873 0.0248413 0.0908203 0.0361633
2 0.132324 0.446655 0.172363 0.0871582 0.0185699
14 0.132843 0.462646 0.17572 0.0512695 0.0125885
2 0.153137 0.470215 0.165405 0.0429688 0.0111923
1 0.0273438 0.923096 0.0245361 0.116699 0.00859833
1 0.0231323 0.952637 0.0286865 0.0673828 0.00843811
2 0.146484 0.778809 0.0212402 0.0419922 0.00785065
13 0.146606 0.78125 0.0202637 0.0449219 0.00754547
4 0.347656 0.532715 0.203125 0.907227 0.0069046
13 0.147461 0.779297 0.0275879 0.0556641 0.00653076
2 0.147461 0.779297 0.0275879 0.0556641 0.00574493
1 0.131378 0.464478 0.176697 0.0495605 0.00540924
2 0.120605 0.465576 0.0869141 0.0415039 0.00465775
13 0.131836 0.463135 0.169678 0.050293 0.00444412
9 0.131836 0.463135 0.169678 0.050293 0.00437927
1 0.0283051 0.939453 0.035675 0.0800781 0.00426865
2 0.0925598 0.463867 0.0731812 0.03125 0.00372314
2 0.128845 0.447021 0.182739 0.13916 0.00358963
1 0.0325317 0.917236 0.0325928 0.14209 0.00341225
14 0.0266418 0.947998 0.0261841 0.090332 0.00316238
4 0.408081 0.509521 0.239502 0.930176 0.00310707
2 0.132446 0.479004 0.194092 0.0556641 0.00309372
8 0.126953 0.464478 0.164307 0.0554199 0.00284004
1 0.0273285 0.95459 0.0232239 0.0517578 0.00281525
4 0.310303 0.373535 0.15918 0.633789 0.00251961
13 0.0950928 0.463501 0.092041 0.0349121 0.0024128
1 0.0221252 0.964844 0.0359497 0.0605469 0.00236893
4 0.955811 0.36792 0.0688477 0.718262 0.002285
4 0.283447 0.47998 0.176758 0.669922 0.00204086
4 0.321533 0.503052 0.129395 0.61499 0.00202942
4 0.132843 0.462646 0.17572 0.0512695 0.0019331
2 0.134216 0.415283 0.172974 0.13916 0.00184155
2 0.105927 0.469116 0.15094 0.0432129 0.00176048
2 0.159302 0.469727 0.104736 0.0380859 0.00165272
4 0.0506439 0.54187 0.0664368 0.674072 0.00148678
2 0.176514 0.472778 0.0981445 0.0280762 0.00143623
6 0.130402 0.465332 0.169373 0.0478516 0.0014143
13 0.132324 0.446655 0.172363 0.0871582 0.00119019
1 0.115265 0.0299072 0.201599 0.0350342 0.0010891
0 0.132324 0.462769 0.169189 0.0529785 0.00107002
16 0.131836 0.463135 0.169678 0.050293 0.00105858
7 0.131836 0.463135 0.169678 0.050293 0.00105381
4 0.968262 0.485962 0.0615234 0.953857 0.00103188
1 0.984375 0.909668 0.0253906 0.116211 0.00101185
