13 0.636719 0.197296 0.236328 0.214294 0.84082
2 0.651855 0.193848 0.235352 0.199219 0.605957
13 0.53418 0.271484 0.078125 0.136719 0.605469
1 0.983154 0.954834 0.0336914 0.0864258 0.170776
4 0.624023 0.607788 0.0947266 0.608643 0.102905
2 0.736328 0.186066 0.408203 0.188416 0.0879517
13 0.980469 0.0545654 0.0273438 0.0675049 0.054718
1 0.979492 0.055542 0.03125 0.0657959 0.0488892
13 0.65332 0.472168 0.191406 0.862305 0.0482788
1 0.0273438 0.919434 0.0245361 0.0869141 0.0481873
13 0.618164 0.59082 0.0810547 0.65625 0.0439758
1 0.978271 0.959961 0.0336914 0.0703125 0.0332642
13 0.446045 0.714844 0.03125 0.108398 0.030838
13 0.549316 0.141632 0.0488281 0.0980835 0.0289917
13 0.900879 0.342285 0.0214844 0.123047 0.0282593
13 0.533691 0.292969 0.0537109 0.157227 0.0282135
13 0.741699 0.436035 0.03125 0.139648 0.0272217
1 0.0280457 0.94043 0.0446167 0.117188 0.0254669
13 0.604492 0.482422 0.0585938 0.892578 0.0249023
13 0.540527 0.343018 0.0996094 0.29834 0.0232086
13 0.588379 0.499146 0.132812 0.726318 0.0222321
1 0.0371094 0.0598907 0.0440674 0.108002 0.0218201
1 0.0305023 0.91748 0.0339661 0.12207 0.020401
13 0.895996 0.341553 0.0380859 0.138184 0.0198059
1 0.988281 0.934082 0.0214844 0.0771484 0.0171204
13 0.980469 0.0890808 0.0292969 0.13385 0.0170135
13 0.539062 0.271973 0.0664062 0.0957031 0.0169373
13 0.556152 0.43457 0.147461 0.538086 0.0167694
13 0.680664 0.395752 0.171875 0.57959 0.0154953
13 0.45166 0.804199 0.0517578 0.295898 0.0154114
13 0.547363 0.217896 0.078125 0.247803 0.0146942
1 0.983154 0.063858 0.0336914 0.0903015 0.014389
4 0.661621 0.483887 0.181641 0.923828 0.0142136
4 0.604492 0.482422 0.0585938 0.892578 0.0141602
14 0.650391 0.194092 0.230469 0.193848 0.0140381
2 0.749512 0.135468 0.452148 0.199768 0.0138474
13 0.944336 0.36499 0.0859375 0.72998 0.0135574
13 0.594727 0.367615 0.0439453 0.30481 0.0127945
4 0.0634766 0.484863 0.101318 0.947266 0.0125809
13 0.597656 0.452637 0.0478516 0.463867 0.0124741
13 0.724609 0.396729 0.0722656 0.256348 0.0123138
2 0.53418 0.271484 0.078125 0.136719 0.0118256
1 0.637695 0.205139 0.211914 0.224487 0.0112991
2 0.982422 0.0547485 0.0332031 0.0643311 0.0111008
13 0.577148 0.215088 0.141602 0.228516 0.0110168
13 0.597168 0.498413 0.0615234 0.624268 0.0107498
1 0.0271301 0.936035 0.0335083 0.0869141 0.0103989
2 0.789062 0.11792 0.40625 0.0617676 0.0103531
2 0.659668 0.232849 0.21875 0.136841 0.0103455
13 0.604492 0.363037 0.0292969 0.222168 0.009758
2 0.767578 0.131348 0.371094 0.0397949 0.00967407
13 0.556152 0.172424 0.0556641 0.161011 0.0096283
4 0.945312 0.478516 0.0917969 0.887695 0.00952911
2 0.758789 0.16748 0.362305 0.120117 0.00952148
2 0.0615082 0.485352 0.0964661 0.956055 0.0092926
1 0.982178 0.92334 0.0356445 0.133789 0.00921631
13 0.748047 0.417725 0.0380859 0.158691 0.00921631
9 0.647461 0.196167 0.230469 0.187256 0.00909424
13 0.583984 0.395081 0.0791016 0.47644 0.00906372
13 0.577637 0.358643 0.0722656 0.304199 0.00874329
13 0.766357 0.160004 0.424316 0.20343 0.0083847
13 0.734375 0.403442 0.0498047 0.206787 0.00801849
13 0.60498 0.379822 0.0410156 0.428833 0.00794983
13 0.53125 0.310974 0.0830078 0.216919 0.00786591
1 0.987305 0.917969 0.0234375 0.119141 0.00764847
13 0.561523 0.141144 0.0761719 0.111755 0.00756836
13 0.585449 0.375 0.158203 0.519531 0.00744247
13 0.529297 0.423706 0.105469 0.468994 0.00682831
4 0.637695 0.205139 0.211914 0.224487 0.00658798
13 0.446533 0.737793 0.0336914 0.169922 0.00653458
1 0.0341797 0.108978 0.0411377 0.196594 0.00647354
13 0.716797 0.432739 0.0917969 0.64624 0.00621796
13 0.599121 0.358154 0.0683594 0.578613 0.0062027
1 0.0366211 0.182007 0.0447998 0.340088 0.00617981
13 0.530762 0.228516 0.0830078 0.210449 0.00598145
2 0.821777 0.108154 0.311523 0.0708008 0.00593567
14 0.537109 0.270813 0.0820312 0.141968 0.00503159
4 0.698242 0.472168 0.128906 0.878906 0.00491333
13 0.698242 0.472168 0.128906 0.878906 0.00489807
13 0.44458 0.709473 0.0200195 0.0888672 0.00476456
13 0.664062 0.198792 0.203125 0.159058 0.00458145
13 0.558594 0.256042 0.111328 0.272095 0.00455093
4 0.619141 0.512573 0.0966797 0.94751 0.00454712
13 0.733398 0.381287 0.183594 0.482544 0.00432205
2 0.658691 0.20752 0.123047 0.182617 0.0042305
13 0.452637 0.717773 0.0332031 0.124023 0.0042305
13 0.522949 0.485962 0.151367 0.670654 0.00420761
13 0.978516 0.133514 0.0332031 0.219788 0.00417328
1 0.986328 0.947998 0.0234375 0.0688477 0.00381279
2 0.742188 0.143433 0.357422 0.067627 0.00380898
1 0.0322113 0.867188 0.0334778 0.197266 0.00366592
13 0.566406 0.267334 0.177734 0.194336 0.00365639
13 0.770996 0.212646 0.438477 0.394531 0.00361252
1 0.0273438 0.888184 0.0291748 0.149414 0.0036068
13 0.900879 0.333008 0.0341797 0.104004 0.00357628
1 0.031311 0.905273 0.0429688 0.181641 0.00357437
13 0.737305 0.430786 0.0605469 0.359131 0.00356483
13 0.443604 0.776367 0.0429688 0.263672 0.00341988
1 0.0276031 0.963135 0.0475769 0.0737305 0.00332451
1 0.536133 0.270996 0.0742188 0.141602 0.00330162
13 0.898926 0.372559 0.0302734 0.17041 0.00327682
2 0.771973 0.0930176 0.432617 0.146729 0.00323105
0 0.63623 0.202026 0.207031 0.225342 0.0031414
5 0.63623 0.202026 0.207031 0.225342 0.00310326
16 0.63623 0.202026 0.207031 0.225342 0.00304604
10 0.63623 0.202026 0.207031 0.225342 0.00303268
13 0.615723 0.586426 0.0673828 0.439453 0.00293159
7 0.63623 0.202026 0.207031 0.225342 0.00292969
13 0.505859 0.270996 0.171875 0.208984 0.00289536
12 0.63623 0.202026 0.207031 0.225342 0.00289536
18 0.63623 0.202026 0.207031 0.225342 0.00288391
1 0.0343018 0.0703125 0.0599365 0.140625 0.00284767
13 0.611328 0.234863 0.197266 0.209961 0.00279045
8 0.63623 0.202026 0.207031 0.225342 0.00277519
3 0.637695 0.205139 0.211914 0.224487 0.00268745
13 0.541016 0.273438 0.0761719 0.208496 0.00265121
4 0.963623 0.389648 0.0727539 0.779297 0.00265121
13 0.601074 0.335938 0.0439453 0.233887 0.00263023
13 0.763184 0.090271 0.396484 0.135376 0.00261688
11 0.637695 0.205139 0.211914 0.224487 0.00260735
13 0.742676 0.460083 0.0263672 0.111084 0.00258446
13 0.588379 0.324158 0.0576172 0.245239 0.00257492
4 0.60498 0.58728 0.0859375 0.677002 0.00257301
13 0.976318 0.203979 0.0395508 0.385986 0.00256538
1 0.986328 0.0538177 0.0253906 0.0542297 0.0025425
6 0.63623 0.202026 0.207031 0.225342 0.00245094
13 0.725586 0.456055 0.243164 0.852539 0.00238609
19 0.63623 0.202026 0.207031 0.225342 0.00238419
13 0.900879 0.316162 0.0273438 0.0795898 0.00237083
15 0.63623 0.202026 0.207031 0.225342 0.00235748
13 0.740723 0.438477 0.0244141 0.0966797 0.00235367
1 0.974854 0.952393 0.0424805 0.0952148 0.00234222
13 0.739258 0.457275 0.0791016 0.574707 0.00231743
4 0.534668 0.273193 0.0751953 0.141602 0.00231171
13 0.0352783 0.883057 0.0418701 0.185059 0.00225258
13 0.538574 0.12207 0.0341797 0.0734863 0.00224686
13 0.620117 0.535522 0.138672 0.854736 0.00213623
13 0.901367 0.344727 0.0498047 0.211426 0.00212669
13 0.90625 0.336426 0.046875 0.133789 0.00211906
17 0.63623 0.202026 0.207031 0.225342 0.00211525
2 0.67334 0.158966 0.393555 0.210876 0.00206566
13 0.616211 0.321716 0.133789 0.48938 0.00203705
4 0.0485687 0.755371 0.0576477 0.420898 0.00197983
1 0.0351715 0.827148 0.040741 0.258789 0.00195026
13 0.155518 0.252014 0.0556641 0.12439 0.00194836
13 0.730469 0.20874 0.373047 0.276855 0.0018692
1 0.976562 0.884521 0.046875 0.203613 0.00174427
1 0.975586 0.0462646 0.0429688 0.0599365 0.00170994
2 0.95752 0.38855 0.0849609 0.726807 0.00167847
13 0.929443 0.504272 0.121582 0.917236 0.00163651
1 0.981445 0.833984 0.03125 0.285156 0.00162411
4 0.615723 0.586426 0.0673828 0.439453 0.00160789
13 0.605469 0.363831 0.0800781 0.3573 0.00159931
1 0.0224609 0.904785 0.0300293 0.125 0.00157833
13 0.985352 0.0708466 0.0234375 0.0863342 0.00157261
14 0.982666 0.956055 0.034668 0.078125 0.00156593
2 0.577148 0.215088 0.141602 0.228516 0.00154495
2 0.792969 0.154053 0.337891 0.0810547 0.00154114
1 0.980469 0.0890808 0.0292969 0.13385 0.00153637
2 0.155518 0.252014 0.0556641 0.12439 0.0014801
1 0.0423584 0.86377 0.0501709 0.243164 0.00147057
13 0.603516 0.273254 0.204102 0.345093 0.00146484
2 0.814941 0.130127 0.245117 0.0302734 0.00144482
13 0.708984 0.390137 0.115234 0.374023 0.001441
13 0.621582 0.384277 0.0849609 0.541992 0.00142574
13 0.749512 0.441406 0.0537109 0.182617 0.00139523
1 0.962158 0.960449 0.0620117 0.0732422 0.00139236
13 0.737793 0.421997 0.0771484 0.236084 0.00137234
2 0.94043 0.505981 0.0957031 0.92749 0.00135517
2 0.739258 0.18335 0.410156 0.312988 0.00135422
13 0.466309 0.808105 0.109375 0.303711 0.00134373
13 0.967529 0.23114 0.0454102 0.38147 0.00133514
4 0.936279 0.332153 0.074707 0.587646 0.00132179
4 0.589844 0.512817 0.137695 0.906006 0.00130081
13 0.886719 0.334717 0.0664062 0.132324 0.00127411
13 0.986328 0.0538177 0.0253906 0.0542297 0.00123596
13 0.862549 0.374878 0.231934 0.521729 0.00120831
9 0.539062 0.27417 0.0712891 0.137695 0.00120068
2 0.977295 0.958984 0.0336914 0.0722656 0.00119781
13 0.507324 0.269043 0.140625 0.141113 0.00119591
8 0.537109 0.270813 0.0820312 0.141968 0.00119305
1 0.956787 0.94873 0.0805664 0.0927734 0.00118065
13 0.972656 0.110504 0.03125 0.170105 0.00117207
4 0.716797 0.432739 0.0917969 0.64624 0.00113869
18 0.537109 0.270813 0.0820312 0.141968 0.00111294
13 0.739258 0.34491 0.0576172 0.31604 0.0011034
2 0.781738 0.128784 0.200195 0.0241699 0.00110245
7 0.537109 0.270813 0.0820312 0.141968 0.00109482
4 0.725586 0.456055 0.243164 0.852539 0.00108719
13 0.514526 0.493652 0.243408 0.695312 0.00107193
5 0.537109 0.270813 0.0820312 0.141968 0.00107002
3 0.536621 0.275391 0.0791016 0.147949 0.00104237
13 0.449707 0.701172 0.0244141 0.0751953 0.00104141
13 0.969482 0.174744 0.0375977 0.284302 0.00103664
4 0.680664 0.395752 0.171875 0.57959 0.00102615
12 0.536621 0.275391 0.0791016 0.147949 0.00100994
4 0.664062 0.198792 0.203125 0.159058 0.00100231
