2 0.551758 0.710449 0.386719 0.139648 0.855957
14 0.3479 0.680664 0.0209961 0.0361328 0.65918
1 0.0246887 0.953125 0.0396118 0.078125 0.488525
13 0.851562 0.928711 0.0322266 0.0722656 0.0565491
1 0.0302734 0.942139 0.0390625 0.0688477 0.0436401
14 0.341797 0.677734 0.0229492 0.0332031 0.0418091
2 0.554199 0.708008 0.21875 0.148438 0.0395508
1 0.986328 0.927246 0.0195312 0.0771484 0.0236816
14 0.353271 0.680176 0.0219727 0.0361328 0.0222626
1 0.985352 0.915527 0.0253906 0.0908203 0.0214844
2 0.611816 0.705078 0.245117 0.138672 0.0135193
2 0.77124 0.182556 0.422363 0.331177 0.0132065
1 0.98584 0.934326 0.0283203 0.0844727 0.0121536
14 0.556641 0.700684 0.375 0.163086 0.0112
9 0.551758 0.710449 0.386719 0.139648 0.00959015
1 0.934326 0.0237427 0.131348 0.0454102 0.00944519
13 0.560547 0.701172 0.381836 0.157227 0.00852966
1 0.0283203 0.918213 0.0354004 0.120605 0.00658798
1 0.0250854 0.907715 0.0377197 0.178711 0.00576782
2 0.524048 0.743164 0.348389 0.0820312 0.0056839
14 0.34668 0.678711 0.0263672 0.0498047 0.00566101
4 0.523438 0.707031 0.4375 0.146484 0.00529099
1 0.851562 0.928711 0.0322266 0.0722656 0.00522995
13 0.979492 0.788574 0.0292969 0.338867 0.00482178
2 0.48645 0.697754 0.503662 0.178711 0.00389481
14 0.356201 0.678711 0.0302734 0.0439453 0.00350189
1 0.956055 0.0493164 0.0839844 0.0539551 0.00342751
1 0.979736 0.830078 0.0268555 0.256836 0.00328636
13 0.982422 0.914551 0.0214844 0.0908203 0.00325394
1 0.94043 0.0344086 0.119141 0.0505676 0.00316429
1 0.0269165 0.9646 0.0537109 0.0571289 0.00310707
1 0.976562 0.073822 0.0332031 0.0950317 0.00293732
1 0.0385742 0.953857 0.0539551 0.0688477 0.00265312
1 0.0258179 0.929199 0.0377197 0.078125 0.00260353
1 0.982422 0.104279 0.03125 0.142517 0.00247955
1 0.0351562 0.047226 0.041626 0.0815735 0.00247574
8 0.556763 0.702637 0.382568 0.149414 0.00244713
13 0.855957 0.908203 0.0322266 0.109375 0.00229645
4 0.979492 0.788574 0.0292969 0.338867 0.00214577
1 0.556763 0.702637 0.382568 0.149414 0.00203705
6 0.556641 0.700195 0.381836 0.157227 0.00200272
1 0.975342 0.0530396 0.0454102 0.0548096 0.00199509
13 0.979492 0.869629 0.0253906 0.185547 0.00187778
1 0.979248 0.938232 0.0356445 0.0844727 0.00176716
2 0.0249023 0.952148 0.041626 0.0761719 0.00169468
14 0.468872 0.244629 0.0544434 0.043457 0.00166416
2 0.0224609 0.941406 0.03125 0.0683594 0.00164604
2 0.347412 0.680664 0.0209961 0.0361328 0.00156689
13 0.913818 0.936768 0.146973 0.0991211 0.00152874
1 0.979736 0.14859 0.0268555 0.17157 0.0015192
1 0.979736 0.757812 0.0307617 0.369141 0.00150871
16 0.549805 0.709473 0.369141 0.131836 0.00148964
13 0.0246887 0.953125 0.0396118 0.078125 0.00145817
2 0.600098 0.723145 0.362305 0.208984 0.00145149
1 0.978516 0.171814 0.0292969 0.265747 0.00142288
19 0.560547 0.701172 0.381836 0.157227 0.00141525
13 0.982422 0.104279 0.03125 0.142517 0.00140858
14 0.0249023 0.952148 0.041626 0.0761719 0.00140095
5 0.560547 0.701172 0.381836 0.157227 0.00139332
1 0.347656 0.680664 0.0214844 0.0351562 0.00138855
13 0.88623 0.928223 0.0751953 0.0800781 0.00135612
11 0.561035 0.702148 0.369141 0.150391 0.00134945
4 0.978516 0.713379 0.0410156 0.480469 0.00133991
10 0.560547 0.701172 0.381836 0.157227 0.00131893
1 0.0541992 0.065094 0.0782471 0.0968628 0.00130558
18 0.549805 0.709473 0.369141 0.131836 0.00130558
7 0.549805 0.709473 0.369141 0.131836 0.0012989
13 0.764404 0.182251 0.416504 0.336182 0.00128746
15 0.560547 0.701172 0.381836 0.157227 0.00127888
2 0.541138 0.525391 0.669678 0.638672 0.0012455
9 0.347656 0.680664 0.0214844 0.0351562 0.00123501
1 0.0280762 0.864746 0.038208 0.270508 0.00122833
10 0.347656 0.680664 0.0214844 0.0351562 0.00121593
2 0.522461 0.669434 0.479492 0.271484 0.00121117
4 0.0418701 0.80127 0.0411377 0.395508 0.00120068
17 0.560547 0.701172 0.381836 0.157227 0.00118256
12 0.560547 0.701172 0.381836 0.157227 0.00118256
13 0.84668 0.92041 0.0478516 0.0878906 0.00117493
3 0.560547 0.701172 0.381836 0.157227 0.00116825
13 0.983398 0.886719 0.0234375 0.146484 0.00115967
16 0.347412 0.680664 0.0209961 0.0361328 0.0011425
0 0.556641 0.700195 0.381836 0.157227 0.00113392
19 0.347656 0.680664 0.0214844 0.0351562 0.00113392
15 0.3479 0.680664 0.0209961 0.0361328 0.00112247
8 0.3479 0.680664 0.0209961 0.0361328 0.00111389
6 0.3479 0.680664 0.0209961 0.0361328 0.00105858
5 0.347412 0.680664 0.0209961 0.0361328 0.00103283
13 0.980469 0.925293 0.0332031 0.0791016 0.00101471
