2 0.679688 0.589844 0.0585938 0.123047 0.597656
1 0.980469 0.943604 0.0371094 0.106934 0.265381
13 0.680664 0.586914 0.0605469 0.125 0.127563
1 0.0261078 0.953857 0.0398254 0.0805664 0.0629883
2 0.705078 0.586914 0.121094 0.129883 0.0623169
1 0.978516 0.914062 0.0351562 0.167969 0.0585632
14 0.678223 0.590332 0.0576172 0.125 0.0427856
1 0.0287323 0.93457 0.0343323 0.0996094 0.0388184
13 0.980225 0.865234 0.027832 0.210938 0.0307007
13 0.985352 0.902344 0.0273438 0.138672 0.0297089
2 0.673828 0.583984 0.0917969 0.125 0.0219116
1 0.0323639 0.916016 0.0353699 0.142578 0.0189514
2 0.617676 0.583496 0.249023 0.116211 0.0185547
2 0.673828 0.572754 0.046875 0.105469 0.014534
1 0.982422 0.939697 0.0234375 0.0834961 0.0125275
1 0.9729 0.0682678 0.0385742 0.110535 0.012352
13 0.97168 0.0966797 0.0410156 0.143311 0.0121765
13 0.979492 0.803223 0.03125 0.333008 0.0117874
1 0.986328 0.914795 0.0273438 0.121582 0.0115433
1 0.0324707 0.046936 0.0406494 0.0936279 0.0101471
2 0.695312 0.587402 0.0673828 0.120117 0.0100479
2 0.50354 0.92749 0.914795 0.129395 0.00966644
4 0.94458 0.480469 0.0854492 0.87207 0.0088501
1 0.0278015 0.903076 0.024353 0.146973 0.00859833
1 0.974609 0.918213 0.0371094 0.118652 0.00840759
1 0.679199 0.586914 0.0585938 0.128906 0.00804138
2 0.736816 0.588379 0.178711 0.144531 0.00756454
1 0.977783 0.864502 0.0366211 0.259277 0.00722885
1 0.971924 0.936279 0.0463867 0.102051 0.00612259
2 0.536499 0.60498 0.653564 0.208984 0.00608826
1 0.0273438 0.934082 0.0263672 0.0732422 0.00594711
13 0.982422 0.925537 0.0253906 0.111816 0.00543594
13 0.753906 0.847656 0.0214844 0.0507812 0.00540543
2 0.436401 0.510742 0.525635 0.691406 0.00540543
2 0.578613 0.595703 0.332031 0.167969 0.00494766
2 0.502319 0.884277 0.885986 0.198242 0.00475311
2 0.492554 0.393433 0.823486 0.771729 0.00467682
1 0.0319214 0.902344 0.0511475 0.1875 0.0045166
2 0.753418 0.847168 0.0234375 0.0498047 0.00419998
4 0.967773 0.735596 0.0546875 0.509277 0.00394058
13 0.705078 0.586914 0.121094 0.129883 0.00389862
1 0.0381012 0.0784912 0.0395203 0.150146 0.00378609
1 0.979492 0.961182 0.0410156 0.0776367 0.00342941
14 0.0287323 0.93457 0.0343323 0.0996094 0.00334358
4 0.0442657 0.757812 0.0516052 0.449219 0.00329399
13 0.977783 0.905518 0.0366211 0.16748 0.00326729
2 0.501465 0.795166 0.861328 0.403809 0.00326157
9 0.683594 0.589844 0.0625 0.126953 0.00316238
13 0.985352 0.902832 0.0175781 0.0947266 0.00308037
2 0.683594 0.621582 0.0654297 0.0654297 0.00303841
2 0.424316 0.624878 0.701172 0.611572 0.00302696
1 0.0395355 0.184082 0.0432434 0.347168 0.00297737
4 0.0670471 0.49585 0.0997925 0.965332 0.00281715
2 0.78125 0.588867 0.303711 0.179688 0.00270653
14 0.753418 0.847168 0.0234375 0.0498047 0.00265503
1 0.969482 0.0543671 0.0493164 0.077301 0.00265312
8 0.678223 0.590332 0.0576172 0.125 0.00263214
1 0.97876 0.798096 0.0327148 0.364746 0.00261116
13 0.968506 0.845703 0.0375977 0.279297 0.0024929
2 0.639648 0.584961 0.214844 0.168945 0.00243378
2 0.977783 0.864502 0.0366211 0.259277 0.00221062
14 0.0268555 0.952393 0.0495605 0.081543 0.00219917
2 0.503296 0.578491 0.75708 0.428955 0.0021801
2 0.518433 0.6875 0.87915 0.431641 0.00211143
13 0.696289 0.583984 0.0654297 0.114258 0.0020256
1 0.0410767 0.865723 0.0465088 0.24707 0.00192928
2 0.689941 0.594727 0.225586 0.163086 0.0018301
1 0.980713 0.95166 0.0307617 0.0712891 0.0018301
13 0.97876 0.865723 0.0424805 0.264648 0.0017767
1 0.0244141 0.947998 0.0330811 0.0571289 0.00170231
13 0.674316 0.584473 0.103516 0.126953 0.00162792
1 0.97168 0.900391 0.0507812 0.195312 0.00161648
1 0.9729 0.0537109 0.0541992 0.107422 0.00159645
1 0.972412 0.948486 0.0356445 0.0834961 0.00158024
1 0.964111 0.0742188 0.0385742 0.126953 0.00157738
4 0.979492 0.803223 0.03125 0.333008 0.00156879
2 0.949219 0.511108 0.0976562 0.938721 0.00147629
10 0.683594 0.589844 0.0654297 0.12793 0.00145721
19 0.683594 0.589844 0.0654297 0.12793 0.00141907
16 0.683594 0.589844 0.0654297 0.12793 0.00141907
4 0.678223 0.588867 0.0615234 0.123047 0.00139427
13 0.736816 0.588379 0.178711 0.144531 0.00137615
11 0.678223 0.590332 0.0576172 0.125 0.00130558
6 0.677734 0.589844 0.0595703 0.123047 0.00128651
12 0.679199 0.586914 0.0585938 0.128906 0.00128651
1 0.0400391 0.0578308 0.050293 0.0982056 0.00127697
14 0.980469 0.943604 0.0371094 0.106934 0.00127697
1 0.979736 0.0827942 0.0366211 0.134216 0.0012455
2 0.67334 0.558594 0.229492 0.199219 0.00122929
13 0.963623 0.108734 0.0356445 0.119446 0.00121975
7 0.68457 0.589355 0.0664062 0.12793 0.00117779
5 0.678223 0.590332 0.0576172 0.125 0.00116634
13 0.980469 0.943604 0.0371094 0.106934 0.00111103
3 0.678223 0.590332 0.0576172 0.125 0.00110435
4 0.122589 0.543457 0.102966 0.798828 0.00107098
18 0.68457 0.589355 0.0664062 0.12793 0.00105953
13 0.983398 0.887207 0.0234375 0.0947266 0.00102806
2 0.670288 0.948242 0.606689 0.103516 0.00100327
