13 0.499023 0.754883 0.199219 0.384766 0.860352
2 0.493286 0.759766 0.21167 0.410156 0.543945
1 0.0270081 0.946777 0.038269 0.0751953 0.366211
1 0.982666 0.945557 0.034668 0.101074 0.182617
1 0.984131 0.0542908 0.0317383 0.0911255 0.148071
1 0.027359 0.939697 0.0279236 0.0639648 0.0755005
1 0.0262909 0.91748 0.0365295 0.12207 0.0614014
1 0.980469 0.916016 0.0351562 0.15625 0.0306702
1 0.986328 0.939941 0.0195312 0.0654297 0.0261993
1 0.496094 0.762695 0.182617 0.394531 0.0258331
1 0.986328 0.913574 0.0273438 0.114258 0.0181885
1 0.0405273 0.14328 0.0408936 0.216858 0.0138092
2 0.318237 0.546387 0.531494 0.741211 0.0114136
1 0.976318 0.886719 0.0375977 0.1875 0.0111465
14 0.496094 0.763672 0.188477 0.376953 0.0108337
1 0.975586 0.93335 0.0371094 0.105957 0.00971985
1 0.0296021 0.893555 0.0389404 0.175781 0.00969696
14 0.0270844 0.942627 0.0332336 0.0874023 0.00969696
1 0.967529 0.168213 0.0493164 0.260254 0.00952148
9 0.496094 0.762695 0.182617 0.394531 0.00944519
4 0.0747986 0.497681 0.102844 0.951904 0.0091095
4 0.955078 0.308716 0.0703125 0.572021 0.00798035
4 0.496094 0.762695 0.182617 0.394531 0.00754547
2 0.521118 0.462158 0.756592 0.924316 0.00690079
13 0.983398 0.887939 0.03125 0.169434 0.00622177
1 0.024231 0.963623 0.043457 0.0727539 0.00594711
4 0.956787 0.454712 0.0805664 0.778076 0.00516129
13 0.967529 0.168213 0.0493164 0.260254 0.00458527
2 0.521973 0.381226 0.810547 0.561768 0.00456238
13 0.966064 0.126465 0.0405273 0.216309 0.00432205
3 0.496094 0.763672 0.188477 0.376953 0.00359154
19 0.496094 0.762695 0.182617 0.394531 0.00345802
10 0.496094 0.762695 0.182617 0.394531 0.00345802
1 0.980469 0.0709686 0.0390625 0.108551 0.00339699
18 0.496094 0.763672 0.188477 0.376953 0.00337601
11 0.496094 0.763672 0.188477 0.376953 0.00333595
16 0.496094 0.762695 0.182617 0.394531 0.00328827
5 0.496094 0.762695 0.182617 0.394531 0.00322533
7 0.496094 0.763672 0.188477 0.376953 0.0032196
0 0.496094 0.763672 0.188477 0.376953 0.00320816
8 0.496094 0.763672 0.188477 0.376953 0.00312042
6 0.496094 0.762695 0.182617 0.394531 0.0031147
1 0.983398 0.951904 0.0273438 0.0649414 0.00304031
12 0.496094 0.763672 0.188477 0.376953 0.00302696
2 0.0224762 0.938721 0.0253601 0.065918 0.00300217
2 0.315308 0.732178 0.570557 0.475098 0.00298309
2 0.0795898 0.509033 0.0952148 0.946777 0.00296402
1 0.0424805 0.866455 0.0513916 0.231934 0.00290108
17 0.496094 0.762695 0.182617 0.394531 0.00289345
1 0.966064 0.126465 0.0405273 0.216309 0.00284958
15 0.496094 0.763672 0.188477 0.376953 0.00283241
1 0.0224457 0.924805 0.025177 0.0859375 0.0028019
2 0.706543 0.73584 0.49707 0.417969 0.00271988
1 0.97168 0.0972595 0.046875 0.162415 0.00256729
1 0.970459 0.0793762 0.0356445 0.12738 0.00249672
2 0.942383 0.494995 0.0976562 0.920166 0.00245094
13 0.942383 0.494995 0.0976562 0.920166 0.00238609
4 0.970703 0.735596 0.0546875 0.481934 0.00221443
1 0.975586 0.955811 0.0390625 0.074707 0.00220108
1 0.976318 0.970703 0.0356445 0.0507812 0.00216866
13 0.975342 0.910889 0.0356445 0.150879 0.00213051
2 0.441284 0.741211 0.338135 0.455078 0.00208092
2 0.0263367 0.946045 0.0390015 0.0727539 0.00200844
4 0.933594 0.493652 0.107422 0.916992 0.00195694
13 0.445801 0.757324 0.264648 0.421875 0.00194931
1 0.0341187 0.824707 0.0454102 0.311523 0.00192928
1 0.0375977 0.942383 0.0450439 0.0722656 0.00185776
2 0.221741 0.899902 0.0281982 0.0429688 0.00181484
13 0.537598 0.71875 0.12793 0.3125 0.00179672
13 0.433838 0.908691 0.0795898 0.115234 0.00174809
13 0.027359 0.939697 0.0279236 0.0639648 0.00170135
13 0.221497 0.899414 0.0262451 0.0429688 0.00166893
1 0.976318 0.814941 0.0415039 0.338867 0.00156879
1 0.972656 0.0555725 0.0429688 0.0870972 0.00142765
13 0.0296021 0.893555 0.0389404 0.175781 0.00139618
1 0.0450439 0.915283 0.0463867 0.13623 0.0013485
13 0.982666 0.945557 0.034668 0.101074 0.00134754
4 0.0514069 0.68457 0.0724792 0.595703 0.00134754
1 0.986328 0.0336914 0.0273438 0.0672607 0.00132656
2 0.563477 0.751953 0.269531 0.385742 0.00131893
13 0.0270081 0.946777 0.038269 0.0751953 0.00128651
4 0.979492 0.801514 0.0371094 0.354004 0.00128174
2 0.732178 0.959717 0.527832 0.0786133 0.00127125
1 0.0405273 0.208069 0.0505371 0.372925 0.00123501
4 0.026413 0.941895 0.0360413 0.0908203 0.0011816
13 0.463745 0.841797 0.142822 0.229492 0.00116062
2 0.519531 0.199097 0.868164 0.373779 0.00115681
13 0.952148 0.35376 0.0742188 0.644043 0.00112438
14 0.982666 0.945557 0.034668 0.101074 0.00111389
4 0.0369263 0.79248 0.0484619 0.381836 0.00106907
1 0.0245972 0.97998 0.0450439 0.0400391 0.00106621
4 0.968262 0.177246 0.0615234 0.322266 0.00106144
2 0.0285645 0.907227 0.0401611 0.154297 0.00101948
13 0.973389 0.852051 0.0415039 0.268555 0.00101852
