14 0.717285 0.716309 0.0449219 0.0458984 0.851562
13 0.910156 0.53125 0.0507812 0.107422 0.129395
2 0.715332 0.713379 0.0419922 0.046875 0.11322
14 0.0206299 0.955566 0.0310059 0.0751953 0.0467529
13 0.900879 0.537598 0.0419922 0.125 0.0315247
14 0.740234 0.315918 0.0722656 0.0219727 0.0194244
1 0.0206299 0.951904 0.0305176 0.0844727 0.0153885
14 0.710938 0.710449 0.0410156 0.0458984 0.0077858
13 0.900879 0.550781 0.0332031 0.0839844 0.00743484
14 0.731934 0.314941 0.0507812 0.0180664 0.00731659
2 0.0192413 0.959961 0.0290222 0.0644531 0.00654221
1 0.717285 0.716309 0.0429688 0.0439453 0.00640106
13 0.714844 0.714844 0.0410156 0.046875 0.004879
1 0.0189514 0.90918 0.0288696 0.173828 0.00470352
2 0.0194092 0.947754 0.0352783 0.0947266 0.0042572
1 0.893555 0.0267334 0.167969 0.0249023 0.00339699
14 0.455078 0.663574 0.0239258 0.0585938 0.00320816
14 0.460693 0.746094 0.019043 0.0146484 0.00307655
2 0.455078 0.662109 0.0229492 0.0556641 0.00287056
4 0.71582 0.716797 0.0439453 0.0449219 0.00283051
13 0.454834 0.665527 0.0205078 0.0566406 0.0027771
9 0.714844 0.714355 0.0439453 0.0498047 0.00244522
1 0.908203 0.535156 0.0478516 0.113281 0.00226402
2 0.0487366 0.500122 0.0973511 0.9646 0.00216484
1 0.138672 0.0308533 0.250977 0.0448608 0.00214958
14 0.0191345 0.9375 0.0327759 0.119141 0.00204659
4 0.0410156 0.498291 0.0820312 0.956543 0.00203896
8 0.715332 0.714355 0.0449219 0.0507812 0.00200653
2 0.026474 0.950928 0.0339661 0.0844727 0.00161362
6 0.714844 0.714355 0.0429688 0.0488281 0.00140953
14 0.910156 0.530273 0.0527344 0.103516 0.00139904
12 0.714844 0.714355 0.0429688 0.0488281 0.00134468
0 0.716797 0.71582 0.0439453 0.046875 0.00131321
14 0.713379 0.70166 0.0410156 0.0361328 0.00127125
19 0.71582 0.714844 0.0419922 0.0478516 0.00125027
10 0.714844 0.714355 0.0429688 0.0488281 0.00123405
2 0.908203 0.535156 0.0478516 0.113281 0.00122356
5 0.716309 0.717285 0.0439453 0.0449219 0.00114727
14 0.729004 0.709473 0.0498047 0.0498047 0.00113869
7 0.71582 0.714844 0.0439453 0.0488281 0.00113773
1 0.987305 0.939941 0.0214844 0.0791016 0.00113392
15 0.716797 0.71582 0.0439453 0.046875 0.00109291
1 0.0195007 0.0837708 0.0249634 0.140564 0.00109005
16 0.71582 0.714844 0.0439453 0.0488281 0.00106525
11 0.717285 0.716309 0.0449219 0.0449219 0.00106144
1 0.0244141 0.953857 0.0219727 0.0493164 0.00105858
3 0.716797 0.71582 0.0439453 0.046875 0.00105476
17 0.714844 0.714355 0.0429688 0.0488281 0.00104713
