13 0.0726318 0.492065 0.0273438 0.267822 0.157227
13 0.845215 0.922607 0.150391 0.0981445 0.134766
1 0.984375 0.957031 0.0273438 0.0761719 0.0166473
4 0.830566 0.918945 0.130859 0.123047 0.0149612
1 0.836426 0.0353394 0.240234 0.0412598 0.0129166
13 0.0706177 0.53125 0.0406494 0.337891 0.0122833
1 0.868652 0.96582 0.223633 0.0429688 0.0102158
13 0.851562 0.859375 0.150391 0.222656 0.00954437
13 0.0612793 0.575073 0.0583496 0.465088 0.00844574
1 0.0255737 0.94751 0.019043 0.0913086 0.00811768
4 0.815918 0.834473 0.0791016 0.245117 0.00782776
13 0.0634155 0.498047 0.0578613 0.996094 0.00649643
13 0.0811462 0.48877 0.0349731 0.28418 0.00648117
4 0.0634155 0.498047 0.0578613 0.996094 0.0062294
2 0.845215 0.922607 0.152344 0.0922852 0.00560379
4 0.0450592 0.727051 0.0451355 0.428711 0.00523376
4 0.416504 0.532227 0.0727539 0.782227 0.0046196
1 0.0273285 0.957275 0.0190735 0.0463867 0.00434875
2 0.17395 0.246338 0.0314941 0.0532227 0.00416565
4 0.0495605 0.648926 0.0541992 0.601562 0.00377464
1 0.0293579 0.917236 0.0246582 0.138184 0.00356483
13 0.0668945 0.493286 0.0349121 0.212646 0.00346756
1 0.883789 0.0336304 0.207031 0.0371094 0.00322151
13 0.416504 0.532227 0.0727539 0.782227 0.003088
1 0.838379 0.976562 0.165039 0.0292969 0.00292206
4 0.837402 0.856445 0.114258 0.223633 0.00287819
13 0.881592 0.930176 0.197754 0.104492 0.00285721
14 0.984375 0.962646 0.0273438 0.0610352 0.00272751
13 0.870605 0.90332 0.198242 0.126953 0.00267982
1 0.976562 0.936035 0.0253906 0.106445 0.00263405
13 0.865723 0.951172 0.204102 0.0722656 0.0024147
1 0.887695 0.976318 0.193359 0.0297852 0.00239944
1 0.822754 0.967773 0.142578 0.046875 0.00217056
1 0.977539 0.95459 0.0253906 0.0634766 0.00216103
1 0.0233917 0.952881 0.0248718 0.0668945 0.00209045
13 0.175415 0.247803 0.0314941 0.0522461 0.00205994
2 0.0460205 0.434082 0.0611572 0.868164 0.00200844
13 0.0495605 0.648926 0.0541992 0.601562 0.00199318
1 0.0722656 0.496582 0.0289307 0.28418 0.00195312
1 0.975586 0.915771 0.0351562 0.121582 0.00191212
13 0.833008 0.925781 0.0869141 0.0791016 0.00187016
1 0.205994 0.0288696 0.192505 0.0211182 0.00173855
2 0.0343018 0.318237 0.0441895 0.60376 0.00163841
1 0.0260315 0.967041 0.0171509 0.0483398 0.0016346
4 0.0662231 0.636353 0.0643311 0.610107 0.00159168
13 0.84668 0.942383 0.136719 0.0742188 0.00157166
1 0.100433 0.973633 0.148254 0.0214844 0.00156975
13 0.0749512 0.500977 0.0617676 0.282227 0.00150108
1 0.0214844 0.956543 0.0206299 0.0478516 0.00149632
4 0.845703 0.895752 0.152344 0.153809 0.00145149
1 0.842773 0.921875 0.144531 0.0878906 0.00144958
13 0.590332 0.138397 0.305664 0.202209 0.00143909
1 0.984375 0.953125 0.0195312 0.0585938 0.00143623
13 0.820312 0.86377 0.0957031 0.208984 0.00139904
1 0.103516 0.966309 0.163574 0.0322266 0.00136852
4 0.96167 0.487305 0.0629883 0.974609 0.00133133
1 0.0283356 0.960205 0.032196 0.0522461 0.00125217
4 0.256836 0.485229 0.108887 0.908447 0.00120544
1 0.0208282 0.937744 0.0301208 0.0913086 0.00116825
1 0.023056 0.96875 0.0274963 0.0488281 0.00110912
4 0.0595245 0.492065 0.0935974 0.949463 0.00103569
14 0.0248413 0.955811 0.0172119 0.0668945 0.00102043
4 0.974365 0.420654 0.0493164 0.841309 0.00100422
