2 0.380249 0.131531 0.207275 0.18811 0.864258
13 0.250488 0.198975 0.0322266 0.102539 0.594727
1 0.980469 0.949219 0.0390625 0.0957031 0.329102
1 0.980469 0.947266 0.0273438 0.0820312 0.165283
1 0.961426 0.0587158 0.0576172 0.0783691 0.079895
1 0.0307007 0.0692444 0.0477295 0.1203 0.0544739
2 0.249268 0.197388 0.0341797 0.115479 0.0497437
4 0.063797 0.494629 0.109955 0.956055 0.0457764
14 0.0265198 0.958984 0.0372925 0.0742188 0.0453796
1 0.250977 0.198975 0.0288086 0.105957 0.0444336
1 0.0243225 0.957031 0.0409546 0.0820312 0.0437622
1 0.981445 0.916504 0.0292969 0.137695 0.0435181
2 0.50647 0.49353 0.846436 0.942627 0.0319519
1 0.979492 0.913086 0.0410156 0.169922 0.0263519
14 0.250977 0.200867 0.0273438 0.105591 0.0249176
13 0.260742 0.196838 0.0498047 0.114136 0.0240326
4 0.0522614 0.765625 0.0566101 0.429688 0.0207977
13 0.379028 0.131226 0.203857 0.180908 0.0195618
1 0.973389 0.952637 0.0336914 0.0830078 0.0138474
2 0.063797 0.494629 0.109955 0.956055 0.0121155
14 0.379883 0.126953 0.230469 0.181396 0.0109634
13 0.0336914 0.125549 0.0358887 0.228394 0.0102005
9 0.380249 0.131531 0.207275 0.18811 0.00972748
13 0.0303345 0.0673065 0.0480957 0.115143 0.00951385
1 0.98584 0.952148 0.0283203 0.0800781 0.00894165
1 0.027359 0.945557 0.0279236 0.0834961 0.00847626
1 0.976807 0.863525 0.0327148 0.247559 0.00836945
1 0.971436 0.944336 0.0473633 0.0996094 0.00730896
1 0.385742 0.135498 0.206055 0.157471 0.00717163
2 0.501099 0.451782 0.935303 0.481201 0.00666428
1 0.969727 0.0792847 0.0410156 0.116333 0.00634003
1 0.974609 0.920654 0.03125 0.127441 0.00624466
1 0.0307007 0.915771 0.0401611 0.146973 0.00561142
1 0.969971 0.896484 0.0366211 0.195312 0.00513458
4 0.385742 0.135498 0.206055 0.157471 0.00487137
2 0.263672 0.200745 0.0517578 0.10144 0.00400162
2 0.615845 0.132538 0.653076 0.214905 0.00394821
1 0.0312653 0.106445 0.0380554 0.189697 0.00380135
8 0.38147 0.126556 0.205811 0.172668 0.00343895
13 0.0240479 0.0945129 0.0385742 0.188904 0.00328064
13 0.0341797 0.199524 0.0401611 0.384155 0.00312805
13 0.244873 0.187988 0.0419922 0.126465 0.00290108
2 0.247559 0.19397 0.0795898 0.108154 0.00283241
1 0.96582 0.854004 0.0390625 0.268555 0.00275993
19 0.385742 0.135498 0.206055 0.157471 0.00274277
18 0.385742 0.135498 0.206055 0.157471 0.00273323
1 0.973633 0.821533 0.0429688 0.345215 0.00270081
7 0.385742 0.135498 0.206055 0.157471 0.00268936
3 0.385742 0.135498 0.206055 0.157471 0.0026474
16 0.385742 0.135498 0.206055 0.157471 0.00263977
11 0.385742 0.135498 0.206055 0.157471 0.00258827
1 0.0314331 0.144562 0.045166 0.239685 0.0024128
2 0.482422 0.128204 0.442383 0.18988 0.00240898
2 0.375366 0.181641 0.221924 0.145508 0.00234413
0 0.385742 0.135498 0.206055 0.157471 0.00226593
1 0.957764 0.043335 0.0649414 0.0720215 0.00225258
12 0.385742 0.135498 0.206055 0.157471 0.00224876
15 0.385742 0.135498 0.206055 0.157471 0.00219727
1 0.954102 0.0664825 0.0820312 0.107025 0.00218391
17 0.385742 0.135498 0.206055 0.157471 0.00214767
10 0.385742 0.135498 0.206055 0.157471 0.00211525
6 0.385742 0.135498 0.206055 0.157471 0.00208092
13 0.256836 0.208008 0.034668 0.115234 0.00207329
5 0.385742 0.135498 0.206055 0.157471 0.00203323
10 0.250977 0.200867 0.0273438 0.105591 0.00197601
1 0.984863 0.929199 0.0302734 0.104492 0.00193882
1 0.977539 0.963867 0.0292969 0.0722656 0.00191498
14 0.980225 0.948975 0.0317383 0.0786133 0.00185299
13 0.250244 0.197998 0.0805664 0.105957 0.00183582
4 0.0538177 0.61377 0.0683899 0.599609 0.00179863
1 0.0209656 0.0821228 0.0419312 0.14386 0.00179672
1 0.0302582 0.92041 0.030304 0.106445 0.00159645
4 0.937256 0.512817 0.0766602 0.849365 0.00158596
2 0.435913 0.13623 0.214111 0.179199 0.00156593
1 0.946289 0.0534821 0.0859375 0.0727234 0.00155544
4 0.250488 0.199036 0.0297852 0.10144 0.00150871
1 0.0428467 0.0563812 0.0605469 0.0942688 0.00148678
13 0.962891 0.0601349 0.0566406 0.0787048 0.0014782
2 0.382324 0.12442 0.104004 0.132019 0.00144386
4 0.961182 0.741211 0.0620117 0.513672 0.00144196
13 0.981445 0.899902 0.03125 0.170898 0.00143337
11 0.250977 0.198975 0.0288086 0.105957 0.0013895
7 0.250977 0.198975 0.0288086 0.105957 0.00138378
1 0.0326385 0.89624 0.052887 0.197754 0.00137901
4 0.0606842 0.703613 0.0597839 0.521484 0.00136375
2 0.363647 0.498413 0.655518 0.784424 0.00135231
4 0.955078 0.615112 0.0605469 0.66626 0.0013485
13 0.980469 0.949219 0.0390625 0.0957031 0.00132275
13 0.233643 0.195557 0.0566406 0.10498 0.00129986
1 0.0341797 0.199524 0.0401611 0.384155 0.00129223
2 0.979492 0.913818 0.0371094 0.17041 0.00128555
2 0.974854 0.951172 0.0327148 0.0800781 0.00127983
2 0.0243225 0.955811 0.0422974 0.0805664 0.00121689
1 0.983398 0.916504 0.0253906 0.0927734 0.00120354
9 0.250977 0.198975 0.0288086 0.105957 0.00119305
6 0.250977 0.198975 0.0288086 0.105957 0.00118923
4 0.0370483 0.787598 0.0447998 0.368164 0.00118542
4 0.491333 0.492676 0.814209 0.985352 0.00115204
1 0.975586 0.112549 0.0371094 0.16748 0.00114918
12 0.250977 0.198975 0.0288086 0.105957 0.00112534
18 0.250977 0.198975 0.0288086 0.105957 0.00108242
5 0.250977 0.198975 0.0288086 0.105957 0.00107479
4 0.968994 0.788086 0.0405273 0.398438 0.00105667
13 0.0380859 0.898193 0.0438232 0.172363 0.00104904
8 0.250488 0.200195 0.0322266 0.103027 0.00103664
13 0.0598907 0.49939 0.103363 0.958252 0.00103092
14 0.979248 0.946289 0.0415039 0.101562 0.00101662
15 0.251465 0.197998 0.0322266 0.10791 0.00100327
3 0.250977 0.198975 0.0288086 0.105957 0.00100136
