2 0.397217 0.230469 0.23584 0.125488 0.738281
13 0.404175 0.218994 0.218994 0.141113 0.730957
2 0.410645 0.19635 0.253906 0.189331 0.691895
13 0.525391 0.100708 0.0527344 0.147461 0.576172
13 0.748047 0.706055 0.0371094 0.0722656 0.472656
2 0.421387 0.0661163 0.0498047 0.0809021 0.329102
1 0.985352 0.962158 0.0292969 0.0698242 0.252197
13 0.524414 0.117065 0.0400391 0.106201 0.251465
13 0.416992 0.0689392 0.0507812 0.079895 0.245239
1 0.0263672 0.936279 0.0319824 0.119629 0.224976
1 0.965088 0.0518188 0.050293 0.103638 0.156372
1 0.974609 0.062561 0.0449219 0.109985 0.155273
1 0.986328 0.951172 0.0214844 0.078125 0.118408
13 0.415527 0.185425 0.255859 0.206787 0.076355
13 0.427246 0.0692444 0.0424805 0.0870972 0.0578918
14 0.416504 0.0661011 0.0532227 0.0853271 0.0448914
13 0.506226 0.105194 0.0900879 0.153381 0.0349731
2 0.42334 0.0728912 0.0805664 0.0959167 0.0337524
2 0.311951 0.166809 0.481567 0.27771 0.0336609
4 0.0452881 0.762695 0.0423584 0.458984 0.032196
1 0.0431519 0.864502 0.0477295 0.241699 0.0266876
13 0.518066 0.128937 0.0371094 0.112732 0.0265808
1 0.0385742 0.056015 0.0454102 0.106232 0.0261688
13 0.514648 0.105469 0.0605469 0.104736 0.0245361
1 0.879883 0.0249939 0.170898 0.0264282 0.023941
1 0.416992 0.065155 0.0566406 0.0855103 0.0232391
1 0.976562 0.960205 0.03125 0.0717773 0.0217285
1 0.983643 0.944824 0.0307617 0.106445 0.0166016
1 0.0263672 0.887695 0.0283203 0.210938 0.01651
13 0.82959 0.830322 0.0410156 0.284668 0.0158691
13 0.835449 0.79834 0.0341797 0.242188 0.014473
13 0.394287 0.93457 0.0493164 0.0683594 0.0139389
2 0.455566 0.0716705 0.145508 0.102264 0.0138474
4 0.92041 0.473511 0.0966797 0.842041 0.013504
4 0.943604 0.499146 0.0776367 0.937256 0.0131912
2 0.0500031 0.433105 0.0733337 0.866211 0.0129242
14 0.75293 0.708496 0.0332031 0.0859375 0.012619
13 0.485352 0.128601 0.135742 0.200806 0.0117264
2 0.750977 0.709473 0.0332031 0.0712891 0.0113068
2 0.229919 0.946777 0.389771 0.0888672 0.0107956
13 0.431152 0.070694 0.0688477 0.0932312 0.0104599
4 0.050705 0.463623 0.0716858 0.872559 0.0100632
13 0.483398 0.0715027 0.140625 0.0889282 0.00990295
1 0.0271301 0.914307 0.0415649 0.151855 0.00984192
13 0.44043 0.144806 0.236328 0.238708 0.00921631
13 0.842285 0.816406 0.0263672 0.239258 0.00910187
1 0.751953 0.706543 0.0341797 0.0615234 0.00842285
14 0.399536 0.218933 0.213623 0.147095 0.00836182
13 0.455566 0.0716705 0.145508 0.102264 0.00806427
1 0.525879 0.099762 0.0537109 0.146667 0.00738144
9 0.39978 0.218689 0.218018 0.143677 0.0072403
1 0.0276337 0.964844 0.0309143 0.0625 0.00715256
1 0.984375 0.916504 0.0273438 0.12793 0.00697327
2 0.520996 0.0979004 0.0664062 0.140137 0.00694656
2 0.7052 0.0852661 0.5896 0.105591 0.00683594
1 0.980469 0.0789337 0.0332031 0.123383 0.00651169
13 0.0452881 0.762695 0.0423584 0.458984 0.00649643
2 0.401855 0.214844 0.147461 0.166504 0.00637817
13 0.527832 0.0887451 0.0507812 0.0959473 0.00624084
13 0.414551 0.0512695 0.0493164 0.0588379 0.0059967
13 0.403809 0.0682068 0.0620117 0.071106 0.00524521
13 0.817871 0.835449 0.0664062 0.295898 0.00520325
13 0.403564 0.23291 0.268066 0.207031 0.00502777
13 0.842285 0.785156 0.0224609 0.163086 0.00499725
13 0.508789 0.136841 0.0488281 0.108154 0.00492096
2 0.407715 0.0646362 0.0488281 0.0643311 0.00477982
1 0.0273438 0.956055 0.0418701 0.0878906 0.00463486
1 0.404175 0.218994 0.218994 0.141113 0.00449753
13 0.0505371 0.785156 0.032959 0.106445 0.0044136
4 0.97876 0.733643 0.0405273 0.509277 0.00432968
4 0.398804 0.218018 0.220947 0.144043 0.00428772
1 0.97583 0.919189 0.0405273 0.149902 0.00409698
2 0.259277 0.119751 0.464844 0.209229 0.00407028
2 0.44043 0.144806 0.236328 0.238708 0.00401306
2 0.356201 0.221619 0.241699 0.158325 0.00396729
1 0.412598 0.189026 0.250977 0.219604 0.00385284
13 0.974609 0.062561 0.0449219 0.109985 0.00379944
13 0.0466919 0.847168 0.0445557 0.268555 0.00375366
2 0.0390472 0.279785 0.058136 0.535156 0.00364685
14 0.525391 0.0999451 0.0546875 0.143372 0.00364494
13 0.28418 0.788086 0.0776367 0.0429688 0.0036335
13 0.0327148 0.862793 0.0345459 0.264648 0.00353813
13 0.520508 0.129608 0.112305 0.145569 0.00352859
4 0.96582 0.719238 0.0429688 0.55957 0.003479
4 0.525879 0.099762 0.0537109 0.146667 0.00342178
13 0.84375 0.818359 0.0410156 0.263672 0.00341415
2 0.984863 0.957031 0.0302734 0.0761719 0.00326347
1 0.75 0.705078 0.0439453 0.0800781 0.00323105
13 0.395752 0.941162 0.0317383 0.0668945 0.00320053
1 0.526367 0.119751 0.0390625 0.107422 0.00318909
1 0.0327148 0.862793 0.0345459 0.264648 0.00313187
1 0.968506 0.103088 0.0415039 0.206177 0.00312233
8 0.394775 0.227722 0.226074 0.13147 0.00303459
4 0.412598 0.189026 0.250977 0.219604 0.00303078
13 0.75293 0.717285 0.0478516 0.09375 0.00300026
13 0.496582 0.0921631 0.146484 0.137939 0.00274467
13 0.841309 0.833984 0.0644531 0.308594 0.00269127
4 0.0386963 0.845947 0.0402832 0.29834 0.00266457
14 0.984863 0.961182 0.0302734 0.0678711 0.00266075
2 0.974609 0.062561 0.0449219 0.109985 0.00258255
1 0.97876 0.10434 0.0424805 0.179504 0.00258255
13 0.733887 0.706055 0.0605469 0.0800781 0.00248718
2 0.520508 0.119995 0.046875 0.112793 0.00237846
13 0.0532837 0.773438 0.0246582 0.0654297 0.0023613
13 0.759277 0.707031 0.0390625 0.0634766 0.00234795
13 0.493164 0.0852661 0.0976562 0.110229 0.00233841
1 0.0498657 0.828613 0.0391846 0.264648 0.00233459
13 0.571289 0.763672 0.0419922 0.0634766 0.00232315
2 0.0505371 0.785156 0.032959 0.106445 0.00230026
13 0.893066 0.961426 0.180664 0.0654297 0.00212288
6 0.394775 0.227722 0.226074 0.13147 0.00209618
2 0.483398 0.0715027 0.140625 0.0889282 0.0020752
13 0.52002 0.144653 0.0498047 0.133789 0.00206757
1 0.0263672 0.907715 0.02771 0.112305 0.00205994
8 0.410156 0.193726 0.249023 0.195557 0.00204277
10 0.750488 0.708984 0.0371094 0.0820312 0.00204086
13 0.426514 0.0646057 0.0292969 0.0753784 0.00197601
4 0.979492 0.817383 0.03125 0.332031 0.00196838
4 0.0480347 0.674561 0.0562744 0.650879 0.00196648
13 0.434814 0.119507 0.180176 0.182617 0.00195026
2 0.394287 0.93457 0.0493164 0.0683594 0.00189781
1 0.0351562 0.0887756 0.0410156 0.158386 0.00187111
13 0.525879 0.0679626 0.0566406 0.0852661 0.00186348
1 0.857178 0.021759 0.246582 0.0276489 0.00182915
1 0.0375977 0.936523 0.0487061 0.107422 0.00182152
13 0.414307 0.0494385 0.0356445 0.0391846 0.00181103
13 0.489258 0.114014 0.206055 0.228027 0.00180626
2 0.459961 0.952881 0.647461 0.0942383 0.00179768
14 0.746582 0.709473 0.0322266 0.0595703 0.00176716
9 0.416992 0.0689392 0.0507812 0.079895 0.00173759
2 0.0551147 0.845947 0.0510254 0.274902 0.00173187
2 0.976562 0.95874 0.03125 0.0708008 0.00171185
2 0.0592651 0.493042 0.11853 0.963135 0.00170994
1 0.990234 0.960449 0.0195312 0.0654297 0.00169086
1 0.0429688 0.0384521 0.0603027 0.0683594 0.0016489
13 0.836914 0.768555 0.0429688 0.393555 0.00162888
13 0.842773 0.959229 0.259766 0.0698242 0.00160694
13 0.981445 0.0939026 0.0351562 0.167175 0.00160503
6 0.412598 0.195557 0.256836 0.192383 0.00156689
1 0.981201 0.904541 0.027832 0.183105 0.00152874
2 0.0357056 0.191406 0.0543213 0.351562 0.00152016
13 0.441162 0.0839844 0.0874023 0.0993652 0.0015173
5 0.403687 0.215454 0.219971 0.156494 0.00150871
19 0.39917 0.230957 0.231934 0.126953 0.00150394
1 0.992188 0.94751 0.015625 0.0639648 0.00150299
13 0.227051 0.947266 0.384766 0.078125 0.00148201
13 0.809082 0.841309 0.108398 0.27832 0.00147915
13 0.375732 0.939209 0.0795898 0.074707 0.00146961
13 0.984863 0.961182 0.0302734 0.0678711 0.00146484
2 0.28418 0.788086 0.0761719 0.046875 0.00146484
7 0.405273 0.210327 0.211914 0.151123 0.0014534
4 0.95752 0.438721 0.0654297 0.813965 0.00145054
13 0.502441 0.141632 0.0625 0.142517 0.00144768
2 0.0532837 0.773438 0.0246582 0.0654297 0.00144482
15 0.39917 0.230957 0.231934 0.126953 0.00142956
13 0.364746 0.203369 0.24707 0.18457 0.0014286
13 0.843262 0.785156 0.0361328 0.171875 0.00142479
1 0.0351562 0.12796 0.0344238 0.245544 0.00141239
3 0.405273 0.210327 0.211914 0.151123 0.00138664
10 0.39917 0.230957 0.231934 0.126953 0.0013752
13 0.0380859 0.808838 0.0374756 0.35498 0.00135326
11 0.750488 0.708984 0.0371094 0.0820312 0.00134182
12 0.403687 0.215454 0.219971 0.156494 0.00133801
13 0.7052 0.0852661 0.5896 0.105591 0.0013361
11 0.39917 0.230957 0.231934 0.126953 0.00132751
16 0.399414 0.217773 0.224609 0.146484 0.00132275
13 0.473145 0.16217 0.175781 0.308472 0.00132084
2 0.248962 0.0569305 0.467896 0.0836487 0.00132084
17 0.39917 0.230957 0.231934 0.126953 0.00130177
18 0.405273 0.210327 0.211914 0.151123 0.00125313
19 0.407715 0.195801 0.251953 0.198242 0.00123596
9 0.750977 0.709473 0.0332031 0.0712891 0.00123501
4 0.555176 0.699097 0.0849609 0.57251 0.0012331
8 0.416992 0.0681915 0.0507812 0.0830994 0.00123024
13 0.459961 0.952881 0.647461 0.0942383 0.00122261
13 0.435059 0.0705566 0.0380859 0.0761719 0.00122166
13 0.819336 0.966064 0.18457 0.0639648 0.0012188
4 0.307739 0.164703 0.466553 0.226257 0.00120354
13 0.881104 0.0260773 0.183105 0.0315857 0.00120163
4 0.748047 0.706055 0.0371094 0.0722656 0.00119495
1 0.973633 0.1474 0.0410156 0.271606 0.00116825
13 0.53418 0.0606079 0.0410156 0.0649414 0.00116348
12 0.416992 0.065155 0.0566406 0.0855103 0.00114822
9 0.412598 0.189026 0.250977 0.219604 0.00114441
4 0.950195 0.669678 0.0703125 0.660645 0.00114346
0 0.394775 0.227722 0.226074 0.13147 0.00114155
14 0.524414 0.117065 0.0400391 0.106201 0.00114059
13 0.425293 0.0555267 0.0585938 0.0781555 0.00113869
12 0.750488 0.708984 0.0371094 0.0820312 0.00113487
4 0.524414 0.117065 0.0400391 0.106201 0.00110531
10 0.407715 0.195801 0.251953 0.198242 0.0011034
15 0.407715 0.195801 0.251953 0.198242 0.00109959
1 0.0343475 0.14447 0.0521545 0.268677 0.00108242
2 0.965088 0.0518188 0.050293 0.103638 0.0010767
13 0.84375 0.784668 0.0166016 0.114258 0.00107098
6 0.750488 0.708984 0.0371094 0.0820312 0.00107098
1 0.951416 0.0510406 0.0834961 0.0939636 0.00107002
11 0.407715 0.195801 0.251953 0.198242 0.00106525
14 0.412598 0.189026 0.250977 0.219604 0.00106335
2 0.4198 0.0900574 0.10376 0.159729 0.00105953
13 0.564453 0.775391 0.0517578 0.0742188 0.00104237
13 0.0574341 0.748047 0.0327148 0.117188 0.0010376
17 0.407715 0.195801 0.251953 0.198242 0.00103664
2 0.452637 0.233154 0.322266 0.177734 0.00103188
4 0.416992 0.065155 0.0566406 0.0855103 0.00102997
8 0.749512 0.708496 0.0429688 0.0791016 0.00101852
13 0.72168 0.71582 0.0849609 0.0917969 0.00101566
13 0.973633 0.1474 0.0410156 0.271606 0.00101471
6 0.416992 0.065155 0.0566406 0.0855103 0.00101376
1 0.427246 0.0765381 0.0517578 0.0893555 0.00100994
13 0.403809 0.224854 0.10498 0.131348 0.00100708
