2 0.842773 0.74707 0.12793 0.305664 0.751465
13 0.845703 0.751953 0.125977 0.307617 0.470215
1 0.985352 0.956543 0.0292969 0.0771484 0.302979
13 0.592773 0.834961 0.0214844 0.0898438 0.102478
1 0.0250244 0.958008 0.0324707 0.0742188 0.0997314
1 0.0249939 0.943604 0.0401001 0.101074 0.0541382
4 0.069519 0.48999 0.114624 0.965332 0.0418396
1 0.983398 0.924072 0.03125 0.134277 0.0352173
2 0.5 0.5 0.775391 1 0.0280151
13 0.956055 0.870117 0.0253906 0.0830078 0.0276031
1 0.843262 0.751465 0.126953 0.294922 0.0243683
2 0.814941 0.75293 0.251953 0.300781 0.0175018
14 0.844238 0.75 0.123047 0.291016 0.0150146
1 0.0285645 0.918457 0.0394287 0.137695 0.0144196
13 0.97168 0.910645 0.0292969 0.125977 0.0124664
13 0.598633 0.789551 0.0332031 0.141602 0.0105438
1 0.978516 0.951172 0.0332031 0.0878906 0.010231
1 0.974365 0.9021 0.0356445 0.137207 0.00964355
13 0.978271 0.909912 0.027832 0.146973 0.00854492
1 0.991699 0.94873 0.0166016 0.0634766 0.00762558
1 0.0369873 0.0515442 0.0599365 0.0995483 0.0075531
1 0.987305 0.939209 0.0234375 0.0883789 0.00705719
13 0.855225 0.744141 0.250488 0.293945 0.00698471
1 0.979248 0.0826416 0.0356445 0.125488 0.00691986
13 0.508789 0.607422 0.0380859 0.124023 0.00664902
1 0.972412 0.936035 0.027832 0.110352 0.00633621
13 0.962646 0.877441 0.0219727 0.0878906 0.00571442
4 0.842285 0.748047 0.126953 0.302734 0.00543976
13 0.5 0.552246 0.0361328 0.151367 0.00514603
1 0.0366211 0.0456696 0.0415039 0.0758972 0.00484085
13 0.595215 0.819336 0.0253906 0.104492 0.00473404
13 0.985352 0.94873 0.0253906 0.0751953 0.0047226
13 0.608398 0.764648 0.0322266 0.0908203 0.00422668
9 0.84375 0.746582 0.125 0.320312 0.00419998
13 0.601562 0.82666 0.0253906 0.0986328 0.0038166
2 0.879883 0.755859 0.240234 0.285156 0.00379562
13 0.966553 0.893555 0.0317383 0.133789 0.00348473
1 0.990234 0.959473 0.0195312 0.0654297 0.00345802
13 0.957275 0.876953 0.0385742 0.0996094 0.00337029
13 0.914307 0.477539 0.147949 0.841797 0.00325203
1 0.0317993 0.89917 0.0533447 0.184082 0.00288773
13 0.959961 0.822754 0.03125 0.195312 0.002882
1 0.0224762 0.943359 0.030365 0.0800781 0.00272179
2 0.954346 0.878418 0.0307617 0.0712891 0.00271797
4 0.951172 0.483398 0.09375 0.896484 0.00269508
8 0.843262 0.748047 0.131836 0.310547 0.00265121
1 0.0359039 0.830322 0.0487976 0.308105 0.0026226
13 0.972412 0.874023 0.0258789 0.186523 0.00261688
2 0.510742 0.315918 0.862305 0.631836 0.00260353
13 0.964355 0.423462 0.0654297 0.694092 0.00253296
2 0.986328 0.95459 0.0253906 0.0615234 0.0024662
13 0.982422 0.956299 0.0351562 0.0795898 0.00243187
4 0.962646 0.389038 0.0668945 0.624268 0.0024128
13 0.962891 0.783691 0.0429688 0.28125 0.00239372
2 0.591309 0.833008 0.0283203 0.0761719 0.00226974
14 0.987793 0.949951 0.0244141 0.0649414 0.00219345
1 0.973633 0.181641 0.0488281 0.324219 0.00216103
1 0.592773 0.834961 0.0175781 0.0898438 0.0021553
13 0.954102 0.484009 0.0917969 0.852295 0.0021019
14 0.0245209 0.956299 0.0368958 0.0737305 0.00208855
13 0.97583 0.830078 0.034668 0.306641 0.00195312
1 0.98291 0.969238 0.0341797 0.0615234 0.00186443
5 0.843262 0.748047 0.131836 0.310547 0.00181675
2 0.592773 0.834961 0.0175781 0.0898438 0.00178528
13 0.0328827 0.893066 0.046051 0.19043 0.00177288
19 0.843262 0.748047 0.131836 0.310547 0.00166702
10 0.843262 0.748047 0.131836 0.310547 0.00166702
3 0.843262 0.748047 0.131836 0.310547 0.00165558
7 0.843262 0.748047 0.131836 0.310547 0.00162888
2 0.961182 0.38562 0.0776367 0.726807 0.00161743
13 0.964844 0.868164 0.0390625 0.116211 0.00160789
18 0.850098 0.74707 0.133789 0.317383 0.0015955
12 0.843262 0.748047 0.131836 0.310547 0.00153637
16 0.850098 0.74707 0.133789 0.317383 0.00150394
15 0.843262 0.748047 0.131836 0.310547 0.00150013
17 0.843262 0.748047 0.131836 0.310547 0.00149536
1 0.0474243 0.86499 0.0632324 0.250488 0.00147343
2 0.739258 0.756348 0.376953 0.360352 0.0014534
11 0.843262 0.748047 0.131836 0.310547 0.00144958
6 0.850098 0.74707 0.133789 0.317383 0.00140285
1 0.0375977 0.0773621 0.0411377 0.144592 0.00135994
1 0.0410156 0.955078 0.0579834 0.0664062 0.00132751
2 0.960693 0.873047 0.0297852 0.0761719 0.00132275
0 0.843262 0.748047 0.131836 0.310547 0.00131989
13 0.608398 0.77002 0.0410156 0.120117 0.00127983
13 0.985352 0.911377 0.0292969 0.140137 0.00127602
1 0.972412 0.874023 0.0258789 0.186523 0.00125122
1 0.978516 0.932129 0.0429688 0.0966797 0.00123978
13 0.863281 0.476929 0.273438 0.854736 0.00121021
2 0.933105 0.749023 0.133789 0.328125 0.00119305
1 0.0401611 0.0709229 0.071167 0.141846 0.00119114
13 0.606445 0.822266 0.0341797 0.120117 0.00114536
4 0.0475006 0.328247 0.0800476 0.644287 0.00111485
4 0.0402832 0.24353 0.05896 0.454346 0.00108814
13 0.952393 0.847656 0.0385742 0.143555 0.00108051
13 0.50293 0.603516 0.0429688 0.185547 0.00107956
2 0.079422 0.494995 0.101166 0.976807 0.00105381
13 0.748047 0.638184 0.0566406 0.0878906 0.00104809
2 0.33728 0.463623 0.606689 0.874512 0.00104046
13 0.0353546 0.133636 0.0323181 0.187317 0.00102806
1 0.0204468 0.914062 0.0318604 0.130859 0.00101376
13 0.601074 0.770508 0.0419922 0.0996094 0.00100613
