2 0.592773 0.142456 0.119141 0.0749512 0.794922
1 0.983154 0.953857 0.0336914 0.0883789 0.285889
1 0.0292969 0.938477 0.0269775 0.0839844 0.222534
13 0.219177 0.195984 0.0601807 0.116821 0.219971
1 0.0275879 0.9375 0.0422363 0.117188 0.153687
14 0.588379 0.141113 0.116211 0.076416 0.0690918
1 0.0272827 0.949707 0.0357666 0.0830078 0.0498352
1 0.977783 0.0564575 0.034668 0.0809326 0.0398865
1 0.0302887 0.917236 0.0287781 0.132324 0.0328369
14 0.982666 0.955078 0.034668 0.0800781 0.0309906
1 0.980713 0.922852 0.0366211 0.146484 0.0295563
13 0.212402 0.170624 0.0830078 0.187073 0.0275269
2 0.590332 0.133789 0.146484 0.121826 0.0250092
1 0.978516 0.960205 0.0332031 0.0717773 0.02211
1 0.0296936 0.89209 0.0376587 0.188477 0.0217743
1 0.988281 0.945068 0.0234375 0.0493164 0.0196075
1 0.0224609 0.939697 0.0322266 0.0737305 0.0150681
13 0.589844 0.143799 0.112305 0.065918 0.0139542
4 0.0404053 0.772705 0.0463867 0.45459 0.0136566
9 0.587402 0.141602 0.116211 0.0830078 0.0128708
4 0.980713 0.756836 0.0385742 0.395508 0.0118027
4 0.950928 0.499512 0.0766602 0.97168 0.0107727
2 0.589844 0.14563 0.0722656 0.0605469 0.0103989
1 0.976318 0.043457 0.0415039 0.0543213 0.0099411
13 0.226074 0.150055 0.0869141 0.19696 0.00913239
1 0.0380859 0.143921 0.0412598 0.246826 0.00910187
1 0.0224457 0.923584 0.0295715 0.117676 0.00758362
1 0.0280457 0.961914 0.046936 0.0761719 0.00678635
1 0.97583 0.952148 0.0444336 0.0957031 0.00598145
1 0.976318 0.883301 0.043457 0.208008 0.00549698
1 0.980225 0.0847473 0.0356445 0.134216 0.00543594
1 0.0369873 0.868408 0.041748 0.239746 0.00505829
2 0.608398 0.128754 0.217773 0.150208 0.00496674
13 0.212646 0.210571 0.0439453 0.0944824 0.00475311
1 0.0405273 0.102539 0.0487061 0.170654 0.00474167
1 0.0371094 0.941406 0.0447998 0.0839844 0.00467682
1 0.0395508 0.208557 0.0477295 0.397339 0.00434875
1 0.589844 0.143921 0.117188 0.0783691 0.00429153
8 0.59375 0.143921 0.125 0.0769043 0.00413513
1 0.975586 0.149628 0.0351562 0.246155 0.00400543
4 0.589355 0.142334 0.121094 0.0668945 0.00323486
2 0.561523 0.145264 0.276367 0.185059 0.00317764
4 0.978271 0.674072 0.043457 0.612793 0.00317192
1 0.219177 0.195984 0.0601807 0.116821 0.00307465
1 0.987305 0.931641 0.0234375 0.0742188 0.00296974
13 0.563965 0.628418 0.0458984 0.0751953 0.00283051
1 0.975586 0.934326 0.0351562 0.11377 0.00270844
4 0.0429688 0.667358 0.0490723 0.598877 0.00269127
2 0.679688 0.143799 0.373047 0.0957031 0.00244522
6 0.587402 0.141602 0.116211 0.0830078 0.00242233
4 0.973633 0.297485 0.0507812 0.506592 0.00240707
1 0.984375 0.95166 0.0253906 0.0517578 0.00216293
1 0.975342 0.972412 0.0415039 0.043457 0.0020771
1 0.035141 0.80835 0.0354309 0.348145 0.00204468
14 0.0292969 0.938477 0.0319824 0.0761719 0.00202751
1 0.0400391 0.0718536 0.0437012 0.110687 0.00194263
12 0.587402 0.141602 0.116211 0.0830078 0.00194168
16 0.587402 0.141602 0.116211 0.0830078 0.00194168
2 0.574707 0.120117 0.356445 0.240234 0.00189114
4 0.0711823 0.500732 0.096405 0.947754 0.00186729
7 0.587402 0.141602 0.116211 0.0830078 0.00180912
1 0.984375 0.891846 0.03125 0.175293 0.00179482
13 0.233948 0.18927 0.071167 0.134155 0.00179195
14 0.416504 0.677734 0.0634766 0.109375 0.00178909
15 0.587402 0.141602 0.116211 0.0830078 0.0017395
10 0.591309 0.142822 0.114258 0.0688477 0.0017395
13 0.0296936 0.89209 0.0376587 0.188477 0.00171757
1 0.986328 0.915771 0.0214844 0.117676 0.00170803
19 0.591309 0.142822 0.114258 0.0688477 0.0016861
3 0.587402 0.141602 0.116211 0.0830078 0.00166035
0 0.589844 0.143921 0.117188 0.0783691 0.00164032
4 0.966553 0.509888 0.0629883 0.898193 0.00154781
1 0.972656 0.0667725 0.0351562 0.116699 0.00153732
11 0.591309 0.142822 0.114258 0.0688477 0.00148869
18 0.587402 0.141602 0.116211 0.0830078 0.00147724
4 0.96582 0.737793 0.0507812 0.485352 0.00146675
4 0.219177 0.195984 0.0601807 0.116821 0.00141907
2 0.739502 0.141113 0.497559 0.238281 0.00139141
5 0.588379 0.141479 0.115234 0.0725098 0.0013895
17 0.587402 0.141602 0.116211 0.0830078 0.00137711
2 0.981934 0.954102 0.0361328 0.0878906 0.00135517
13 0.981934 0.954102 0.0361328 0.0878906 0.00135517
13 0.592773 0.138794 0.125977 0.102295 0.0013113
1 0.98584 0.921387 0.0283203 0.131836 0.00130272
13 0.97876 0.0707092 0.034668 0.10614 0.00126171
14 0.0271301 0.937744 0.0455933 0.11084 0.00125504
2 0.219238 0.199219 0.0644531 0.115234 0.00124073
13 0.212402 0.17218 0.0698242 0.109741 0.00122643
2 0.722168 0.116058 0.470703 0.135071 0.00121689
1 0.992676 0.943359 0.0146484 0.0488281 0.00119495
2 0.59668 0.163452 0.234375 0.108643 0.00119114
13 0.0283203 0.908203 0.0263672 0.150391 0.00114441
4 0.975586 0.206116 0.0429688 0.379761 0.0011301
13 0.234863 0.147888 0.142578 0.206177 0.00110626
1 0.0395355 0.956787 0.0527649 0.0649414 0.00103092
13 0.985352 0.897217 0.0253906 0.146973 0.00101566
1 0.969971 0.0450287 0.0463867 0.0722961 0.00100517
