13 0.0982666 0.232422 0.032959 0.236328 0.470703
1 0.986328 0.945557 0.0234375 0.065918 0.421143
1 0.984375 0.948975 0.0292969 0.0883789 0.280029
1 0.976562 0.951172 0.0292969 0.0820312 0.100769
13 0.0957336 0.265137 0.0424194 0.31543 0.057251
13 0.107544 0.244202 0.0437012 0.217651 0.0466614
13 0.0986328 0.288574 0.0288086 0.206055 0.0372009
13 0.0996094 0.303406 0.0305176 0.354126 0.0337219
2 0.636719 0.0737305 0.142578 0.0224609 0.0331726
13 0.0969238 0.31543 0.0209961 0.137207 0.02948
13 0.100098 0.164551 0.0246582 0.134766 0.026474
1 0.976562 0.92041 0.0292969 0.125977 0.0228577
1 0.0302734 0.914307 0.0217285 0.118652 0.0225677
1 0.984375 0.916992 0.0253906 0.119141 0.0199585
13 0.0412598 0.235352 0.0550537 0.430176 0.0195923
1 0.981445 0.0541534 0.03125 0.0796814 0.0191498
1 0.0982666 0.232422 0.032959 0.236328 0.0185852
13 0.0922852 0.254333 0.0739746 0.342896 0.0184784
1 0.974854 0.938965 0.0405273 0.0908203 0.0162354
13 0.102997 0.205811 0.0254517 0.213867 0.0154953
13 0.0965576 0.236328 0.0234375 0.143555 0.0145874
1 0.0272064 0.939453 0.0210266 0.101562 0.0139313
4 0.967285 0.682495 0.0537109 0.580322 0.013298
4 0.77832 0.797363 0.0644531 0.333008 0.0127029
1 0.0312347 0.897461 0.0283508 0.141602 0.0125809
13 0.100586 0.153076 0.0178223 0.102051 0.0124664
4 0.966309 0.788086 0.0478516 0.408203 0.0112839
13 0.0959473 0.15271 0.0195312 0.113037 0.0101013
13 0.0571442 0.245178 0.0756531 0.365112 0.00999451
1 0.981689 0.913574 0.0366211 0.157227 0.0098877
1 0.0350952 0.873047 0.0333252 0.207031 0.00911713
14 0.645508 0.0731812 0.124023 0.0238037 0.00839233
13 0.0336914 0.0996094 0.0317383 0.131348 0.00826263
4 0.0388794 0.213196 0.0511475 0.398804 0.00784302
13 0.981201 0.906006 0.0297852 0.152832 0.00728989
1 0.974609 0.0512085 0.0507812 0.0667725 0.00718689
14 0.986328 0.944092 0.0253906 0.0649414 0.00688171
13 0.0921021 0.196655 0.036499 0.267334 0.00657654
13 0.345947 0.600586 0.0429688 0.0703125 0.00650406
13 0.0995178 0.343018 0.0209351 0.172363 0.00634384
13 0.0927734 0.307129 0.034668 0.181641 0.00613785
13 0.0581055 0.118652 0.0544434 0.0471191 0.00612259
1 0.0292969 0.0677643 0.0325928 0.119843 0.00561523
1 0.0302734 0.931152 0.0339355 0.0830078 0.00529099
13 0.0947571 0.148315 0.0292358 0.0930176 0.00515366
13 0.127319 0.233887 0.0881348 0.240723 0.00509644
13 0.103058 0.340454 0.0512085 0.455811 0.00508499
2 0.100616 0.252686 0.0375366 0.300293 0.00504684
1 0.991211 0.944824 0.0175781 0.0634766 0.00504684
1 0.983398 0.956299 0.0234375 0.065918 0.00490952
13 0.112793 0.270691 0.0380859 0.323853 0.00423813
13 0.0839539 0.137451 0.0291138 0.074707 0.00411224
1 0.983154 0.0803528 0.0297852 0.125427 0.00387001
13 0.101044 0.176331 0.0366821 0.190308 0.00380325
14 0.65918 0.0725708 0.0771484 0.0258789 0.00376129
13 0.0913086 0.176086 0.0290527 0.178101 0.00371361
13 0.0777893 0.229492 0.0568237 0.290527 0.00366402
1 0.980469 0.931641 0.0273438 0.0917969 0.00362206
14 0.54541 0.503906 0.0234375 0.0507812 0.00345802
14 0.0982666 0.232849 0.0327148 0.230591 0.00321007
4 0.971924 0.904541 0.0444336 0.179199 0.00314903
1 0.923584 0.0388184 0.148926 0.0384521 0.00314331
4 0.786621 0.599487 0.101562 0.689697 0.0031414
13 0.0371246 0.0735779 0.0292664 0.127258 0.00309753
1 0.0302734 0.938477 0.0223389 0.0742188 0.00293732
13 0.0551758 0.142456 0.0617676 0.10376 0.00293732
13 0.0965881 0.318115 0.0150757 0.0966797 0.00281906
1 0.97168 0.906738 0.0332031 0.172852 0.00275803
4 0.783691 0.731934 0.0908203 0.444336 0.0026989
1 0.966553 0.956299 0.0454102 0.0756836 0.00255966
1 0.0214844 0.9375 0.0273438 0.0839844 0.00252724
2 0.0644531 0.237488 0.0878906 0.387329 0.00251389
13 0.106079 0.250244 0.0341797 0.144531 0.00241089
14 0.648926 0.0745239 0.0703125 0.0198975 0.00230598
2 0.985352 0.943848 0.0214844 0.0654297 0.00225639
1 0.0371094 0.0691681 0.0352783 0.112396 0.00217819
4 0.978516 0.857422 0.0351562 0.271484 0.00212288
1 0.0280304 0.928711 0.0313416 0.130859 0.00207138
2 0.975586 0.949707 0.0292969 0.0791016 0.00198364
13 0.100708 0.214722 0.0266113 0.140381 0.00197792
4 0.959961 0.563599 0.0585938 0.861084 0.0019083
13 0.0717926 0.211426 0.0883484 0.34375 0.00190544
4 0.958008 0.697266 0.046875 0.491211 0.00187492
1 0.985352 0.92041 0.0175781 0.0869141 0.00174332
1 0.976562 0.852539 0.0292969 0.15918 0.00174236
13 0.036377 0.128662 0.0328369 0.133057 0.00170994
13 0.094635 0.192932 0.0206909 0.141479 0.00169086
13 0.105469 0.316162 0.027832 0.147949 0.00168419
4 0.0971375 0.255676 0.0342407 0.303101 0.00162792
14 0.976318 0.945068 0.0297852 0.0883789 0.00161934
4 0.969482 0.845703 0.0356445 0.300781 0.00157833
13 0.985352 0.943848 0.0214844 0.0654297 0.00156021
4 0.0367432 0.762207 0.0374756 0.475586 0.00154018
13 0.0339355 0.096283 0.0286865 0.0823364 0.00151825
13 0.03508 0.193726 0.0294495 0.16333 0.00151539
13 0.0368042 0.179138 0.0406494 0.356567 0.00149441
13 0.0984802 0.374878 0.0230103 0.349854 0.00149345
14 0.984375 0.94458 0.03125 0.0952148 0.00146484
4 0.973389 0.735352 0.0336914 0.391602 0.0014534
4 0.986328 0.944092 0.0253906 0.0649414 0.00142097
1 0.02948 0.0475922 0.0402832 0.0925598 0.00140762
13 0.0840149 0.127319 0.043396 0.0539551 0.00133801
1 0.0966492 0.265686 0.0444946 0.302612 0.00133324
13 0.339355 0.612793 0.0415039 0.0927734 0.00133228
13 0.0643311 0.235535 0.0622559 0.22229 0.00130844
13 0.0424805 0.136597 0.0397949 0.170166 0.00126553
1 0.972656 0.965576 0.0371094 0.0688477 0.00125122
1 0.0335083 0.0675201 0.0598145 0.120087 0.00122833
13 0.089386 0.148895 0.0380249 0.113342 0.00122261
13 0.358154 0.585938 0.0292969 0.0361328 0.0012188
13 0.634277 0.0725708 0.138672 0.0227051 0.00120449
2 0.0940857 0.234802 0.0369263 0.230591 0.00119591
13 0.0858765 0.290161 0.0518799 0.447021 0.00116253
13 0.620117 0.0664062 0.181641 0.0375977 0.0011549
4 0.617188 0.497437 0.119141 0.843018 0.00114727
2 0.983887 0.948486 0.0322266 0.0834961 0.00113678
4 0.942139 0.51355 0.074707 0.931885 0.00113201
1 0.984375 0.969971 0.0253906 0.0366211 0.001091
10 0.986328 0.944092 0.0253906 0.0649414 0.00107384
13 0.985352 0.94873 0.0292969 0.0927734 0.00106335
7 0.986328 0.944092 0.0253906 0.0649414 0.00106144
13 0.974365 0.884033 0.0375977 0.20459 0.00106049
1 0.966309 0.937988 0.0537109 0.110352 0.00102997
6 0.986328 0.944092 0.0253906 0.0649414 0.00100899
