2 0.427368 0.782715 0.213623 0.276367 0.786133
13 0.389648 0.879883 0.0600586 0.129883 0.749512
13 0.395264 0.855957 0.0410156 0.0927734 0.549316
2 0.425781 0.742188 0.202148 0.164062 0.450195
13 0.428101 0.794434 0.19165 0.280273 0.270996
2 0.374512 0.770508 0.103516 0.0986328 0.245117
1 0.0221558 0.94751 0.0333252 0.0639648 0.111389
13 0.926758 0.37207 0.0703125 0.0546875 0.105774
2 0.401489 0.770996 0.166748 0.150391 0.0818481
2 0.391602 0.875977 0.0737305 0.144531 0.0492859
2 0.410156 0.874023 0.114258 0.126953 0.0457764
2 0.474976 0.792969 0.10376 0.245117 0.0452576
1 0.979248 0.937012 0.0336914 0.114258 0.043335
2 0.473633 0.856445 0.0927734 0.120117 0.0352478
2 0.392334 0.850586 0.0517578 0.0888672 0.0328064
1 0.390137 0.877441 0.0581055 0.118164 0.0307617
2 0.497559 0.47229 0.885742 0.850342 0.0270996
13 0.392578 0.865723 0.0957031 0.158203 0.0241547
13 0.424438 0.74707 0.201904 0.171875 0.0210419
1 0.0291901 0.915527 0.0361023 0.12207 0.0189056
1 0.0244751 0.929688 0.0380859 0.0878906 0.0174561
4 0.0565948 0.491577 0.100433 0.942627 0.0145645
14 0.389648 0.876465 0.0576172 0.129883 0.0145187
13 0.404297 0.850098 0.0668945 0.0791016 0.0142212
14 0.395996 0.85498 0.0405273 0.0917969 0.0131226
1 0.984375 0.914551 0.0292969 0.116211 0.0120392
1 0.395996 0.85498 0.0405273 0.0917969 0.0111694
1 0.980469 0.0651855 0.0371094 0.0961914 0.010582
1 0.427979 0.79541 0.192871 0.268555 0.0103455
4 0.423584 0.79834 0.19873 0.287109 0.0101929
1 0.979492 0.916016 0.0410156 0.152344 0.0101929
2 0.0565948 0.491577 0.100433 0.942627 0.00991058
13 0.931152 0.352539 0.0751953 0.0913086 0.00922394
13 0.377197 0.895996 0.0766602 0.147461 0.00904846
4 0.941895 0.501587 0.100586 0.875732 0.00875854
2 0.392944 0.817871 0.155518 0.274414 0.00799561
1 0.983398 0.941406 0.0273438 0.078125 0.00763321
9 0.430664 0.784668 0.199219 0.239258 0.00742722
13 0.374512 0.770508 0.103516 0.0986328 0.00728607
13 0.410156 0.874023 0.114258 0.126953 0.00708389
2 0.359619 0.759277 0.196777 0.165039 0.007061
14 0.430664 0.784668 0.199219 0.239258 0.007061
13 0.503906 0.211914 0.0449219 0.0634766 0.00705338
4 0.0330811 0.758301 0.0501709 0.44043 0.0069809
13 0.938232 0.362305 0.0942383 0.211426 0.00682449
2 0.366943 0.885254 0.106934 0.149414 0.00662994
2 0.390625 0.873535 0.0527344 0.116211 0.00659561
2 0.392578 0.869629 0.133789 0.195312 0.00652313
13 0.561523 0.557617 0.448242 0.786133 0.00651932
2 0.320557 0.513672 0.550293 0.863281 0.00618744
13 0.925293 0.320312 0.0947266 0.152344 0.00531387
2 0.356812 0.826904 0.272705 0.285645 0.00522995
13 0.476196 0.855469 0.0876465 0.124023 0.00522232
13 0.400146 0.864258 0.0566406 0.123047 0.0051651
1 0.978516 0.868164 0.0371094 0.238281 0.00505447
13 0.474609 0.786133 0.110352 0.277344 0.0050087
9 0.421387 0.740234 0.21875 0.15918 0.0045166
13 0.982666 0.88623 0.0327148 0.172852 0.00419617
13 0.979736 0.827881 0.0327148 0.285645 0.00378799
13 0.937012 0.438354 0.110352 0.69165 0.0036602
2 0.0262299 0.946289 0.0334778 0.0683594 0.00344086
13 0.694458 0.560303 0.513428 0.879395 0.0034008
13 0.942383 0.301575 0.101562 0.396851 0.00330734
13 0.0239868 0.904541 0.0360107 0.145996 0.00307083
14 0.022995 0.942139 0.0307922 0.0708008 0.00301361
13 0.0355225 0.903564 0.0422363 0.144043 0.00289726
19 0.430664 0.784668 0.199219 0.239258 0.00289345
3 0.430664 0.784668 0.199219 0.239258 0.00286102
1 0.972656 0.167664 0.0410156 0.233032 0.0027504
1 0.0261078 0.946533 0.0469055 0.0834961 0.00268173
11 0.430664 0.784668 0.199219 0.239258 0.00266647
1 0.425781 0.742188 0.202148 0.164062 0.00263786
18 0.430664 0.784668 0.199219 0.239258 0.00262451
1 0.02005 0.913574 0.0336304 0.114258 0.00260353
13 0.401489 0.770996 0.166748 0.150391 0.00256538
4 0.388672 0.879883 0.059082 0.131836 0.00255585
7 0.429443 0.78125 0.192871 0.231445 0.00252342
14 0.374512 0.770508 0.103516 0.0986328 0.00251198
8 0.430664 0.784668 0.199219 0.239258 0.00249672
16 0.430664 0.784668 0.199219 0.239258 0.00247574
1 0.980469 0.962158 0.0390625 0.0756836 0.00241089
13 0.0304565 0.86084 0.0428467 0.231445 0.00239944
14 0.473633 0.856445 0.0927734 0.120117 0.00233269
13 0.446533 0.921875 0.0273438 0.0742188 0.00230217
1 0.976807 0.821289 0.0444336 0.316406 0.00229454
15 0.430664 0.784668 0.199219 0.239258 0.00229073
17 0.430664 0.784668 0.199219 0.239258 0.00225639
5 0.430664 0.784668 0.199219 0.239258 0.00222015
12 0.430664 0.784668 0.199219 0.239258 0.0022049
10 0.430664 0.784668 0.199219 0.239258 0.00218582
6 0.430664 0.784668 0.199219 0.239258 0.00213623
0 0.429443 0.78125 0.192871 0.231445 0.00209427
4 0.979736 0.772949 0.0405273 0.428711 0.00199699
1 0.973633 0.0547028 0.0488281 0.0717468 0.00195026
2 0.0239563 0.904541 0.0391235 0.147949 0.0019331
13 0.539551 0.599121 0.0830078 0.15332 0.00185394
9 0.374512 0.770508 0.103516 0.0986328 0.00185108
4 0.0379028 0.615601 0.0563965 0.596924 0.00179768
2 0.941895 0.501587 0.100586 0.875732 0.00179005
13 0.972656 0.144379 0.0390625 0.246887 0.00176525
1 0.0380249 0.886475 0.0466309 0.193848 0.00176334
13 0.0262299 0.946289 0.0334778 0.0683594 0.0017395
1 0.977539 0.102692 0.0351562 0.162781 0.00173283
13 0.392944 0.817871 0.155518 0.274414 0.00164223
1 0.984375 0.915039 0.0234375 0.0869141 0.00158215
4 0.957031 0.451172 0.0859375 0.871094 0.0015316
2 0.462402 0.75293 0.15918 0.204102 0.00144386
2 0.689331 0.565674 0.513916 0.817871 0.00143433
13 0.0358276 0.81958 0.0461426 0.304199 0.00143051
6 0.390625 0.873535 0.0527344 0.116211 0.00141716
12 0.390625 0.873535 0.0527344 0.116211 0.00139999
2 0.982666 0.88623 0.0327148 0.172852 0.00138378
1 0.374512 0.770508 0.103516 0.0986328 0.00137806
10 0.393066 0.871582 0.0546875 0.113281 0.00136852
12 0.395996 0.85498 0.0405273 0.0917969 0.00134659
13 0.343262 0.885742 0.164062 0.162109 0.00133801
14 0.927246 0.369385 0.0703125 0.0581055 0.00133419
2 0.926758 0.371826 0.0654297 0.0546875 0.00131989
2 0.430664 0.876709 0.279297 0.197754 0.00131607
10 0.395996 0.85498 0.0405273 0.0917969 0.00131607
9 0.389648 0.876953 0.059082 0.132812 0.00130939
18 0.390625 0.873535 0.0527344 0.116211 0.00130081
1 0.0214996 0.9375 0.0249939 0.0576172 0.00128078
11 0.395996 0.85498 0.0405273 0.0917969 0.00127506
13 0.392578 0.869629 0.133789 0.195312 0.00126076
2 0.421509 0.85498 0.197998 0.192383 0.00123405
8 0.42041 0.736328 0.220703 0.155273 0.00122833
4 0.425781 0.742188 0.202148 0.164062 0.00121593
2 0.362915 0.772949 0.344482 0.24707 0.00119686
11 0.390625 0.873535 0.0527344 0.116211 0.00117493
2 0.226257 0.894287 0.434204 0.182129 0.00113583
1 0.0445557 0.915283 0.0548096 0.128418 0.00113583
2 0.657227 0.818359 0.56543 0.28418 0.00112343
9 0.395508 0.855469 0.0444336 0.0917969 0.00107288
6 0.395996 0.85498 0.0405273 0.0917969 0.00105762
1 0.0254059 0.944336 0.0270691 0.046875 0.0010376
2 0.238953 0.606567 0.436157 0.531006 0.00103378
8 0.389648 0.876465 0.0576172 0.129883 0.00102615
2 0.0214996 0.9375 0.0249939 0.0576172 0.00101566
7 0.393066 0.871582 0.0546875 0.113281 0.00101471
