2 0.543457 0.71875 0.447266 0.327148 0.804199
1 0.975342 0.0638123 0.043457 0.0940552 0.331299
13 0.506958 0.462036 0.257568 0.907959 0.134277
1 0.0207062 0.951904 0.0352478 0.0727539 0.100159
1 0.0376129 0.053772 0.0456238 0.0860596 0.0855713
2 0.417969 0.731934 0.688477 0.325195 0.0639038
2 0.0559082 0.491699 0.10083 0.944336 0.049408
2 0.366821 0.502441 0.678467 0.892578 0.0335693
4 0.053421 0.487671 0.103363 0.940674 0.0326233
13 0.549438 0.518555 0.206787 0.748047 0.0249634
13 0.469727 0.472656 0.428711 0.945312 0.0213776
13 0.547852 0.724609 0.40625 0.260742 0.0210266
2 0.506958 0.462036 0.257568 0.907959 0.0201569
1 0.972412 0.0510864 0.0551758 0.0987549 0.0194092
1 0.026001 0.915039 0.0316162 0.128906 0.0170593
2 0.549805 0.707031 0.258789 0.311523 0.0145493
14 0.548828 0.723145 0.419922 0.261719 0.0102615
13 0.60791 0.486938 0.209961 0.756592 0.00977325
13 0.541016 0.418579 0.078125 0.793701 0.0096283
4 0.535156 0.710449 0.414062 0.263672 0.00911713
1 0.534668 0.716309 0.420898 0.262695 0.00839233
13 0.599121 0.421021 0.0683594 0.74585 0.00839233
13 0.537598 0.492676 0.388672 0.761719 0.00802612
13 0.606445 0.516479 0.324219 0.668213 0.00783539
13 0.791504 0.642578 0.0205078 0.0986328 0.00736618
2 0.388062 0.627319 0.684814 0.479736 0.00733948
9 0.547852 0.724609 0.40625 0.260742 0.00733948
1 0.974365 0.146851 0.043457 0.239014 0.0064621
2 0.520996 0.485352 0.50293 0.970703 0.0060997
13 0.74707 0.506714 0.418945 0.814697 0.00599289
2 0.742432 0.479004 0.462402 0.763672 0.00598526
13 0.436646 0.499146 0.669678 0.757568 0.00590515
13 0.779297 0.455078 0.129883 0.765625 0.00577545
1 0.0246277 0.963623 0.0386353 0.0727539 0.00574112
13 0.532227 0.494629 0.300781 0.579102 0.00522232
4 0.952393 0.476074 0.081543 0.871094 0.00520706
13 0.519043 0.386841 0.0888672 0.706787 0.00508881
1 0.972656 0.103241 0.0371094 0.172424 0.00508118
2 0.616211 0.486328 0.328125 0.738281 0.00481033
1 0.980469 0.0942078 0.0390625 0.144592 0.00478745
1 0.0274048 0.884766 0.0404053 0.183594 0.00444794
2 0.974609 0.0624695 0.0449219 0.0859985 0.00421524
1 0.974365 0.0440521 0.0415039 0.0632629 0.00408936
1 0.0288544 0.94043 0.0331116 0.09375 0.00399017
13 0.785156 0.578125 0.0244141 0.229492 0.0039444
13 0.790527 0.482544 0.0751953 0.720459 0.00391769
1 0.985352 0.922852 0.0273438 0.0908203 0.00387955
1 0.019577 0.934082 0.0360413 0.0849609 0.00365067
13 0.974609 0.0624695 0.0449219 0.0859985 0.00336456
1 0.967285 0.0744019 0.0478516 0.101196 0.00313568
13 0.532837 0.390869 0.170654 0.730957 0.00312996
1 0.966553 0.0509033 0.0532227 0.0681152 0.00304604
2 0.554565 0.617188 0.427979 0.451172 0.00294876
13 0.609863 0.435059 0.0273438 0.065918 0.00289345
2 0.491699 0.766113 0.341797 0.242188 0.00284767
13 0.608887 0.390137 0.154297 0.632812 0.00266457
13 0.78125 0.533691 0.0214844 0.147461 0.00263786
2 0.0256805 0.94458 0.0360413 0.0932617 0.00260544
13 0.109863 0.913086 0.0437012 0.0634766 0.00253296
8 0.547852 0.724609 0.40625 0.260742 0.00251579
19 0.547852 0.724609 0.40625 0.260742 0.00250626
18 0.547852 0.724609 0.40625 0.260742 0.00244904
16 0.547852 0.724609 0.40625 0.260742 0.00242043
7 0.547852 0.724609 0.40625 0.260742 0.00242043
13 0.554565 0.617188 0.427979 0.451172 0.00233269
13 0.783203 0.505371 0.0214844 0.161133 0.00221443
11 0.546875 0.730957 0.421875 0.265625 0.00216675
17 0.547852 0.724609 0.40625 0.260742 0.0021534
15 0.547852 0.724609 0.40625 0.260742 0.00210381
3 0.546875 0.730957 0.421875 0.265625 0.00203514
0 0.547852 0.724609 0.40625 0.260742 0.00197601
10 0.547852 0.724609 0.40625 0.260742 0.00197601
12 0.547852 0.724609 0.40625 0.260742 0.00196266
5 0.546875 0.730957 0.421875 0.265625 0.00194359
13 0.787109 0.60791 0.0332031 0.15918 0.00194359
4 0.74707 0.506714 0.418945 0.814697 0.00191689
2 0.957275 0.404175 0.0854492 0.750244 0.001894
6 0.547852 0.724609 0.40625 0.260742 0.00181484
1 0.0253906 0.947266 0.0321045 0.0566406 0.00161076
13 0.788574 0.649414 0.0185547 0.078125 0.00157356
4 0.506958 0.462036 0.257568 0.907959 0.00156307
4 0.519043 0.386841 0.0888672 0.706787 0.00153351
13 0.617188 0.385498 0.0712891 0.685059 0.0015192
13 0.785645 0.540039 0.0371094 0.53125 0.00148582
13 0.606445 0.435791 0.0332031 0.14209 0.00146198
2 0.644409 0.738281 0.5354 0.280273 0.00145054
2 0.332031 0.762207 0.618164 0.446289 0.00143909
1 0.0358276 0.916748 0.0444336 0.127441 0.00139236
2 0.439575 0.505249 0.622803 0.618408 0.00134945
13 0.0394287 0.864258 0.0515137 0.228516 0.00133705
1 0.968506 0.219666 0.0473633 0.374146 0.00132656
13 0.969727 0.61853 0.0546875 0.651611 0.00131416
4 0.97168 0.25354 0.0546875 0.500732 0.00130749
4 0.610352 0.387939 0.0683594 0.650879 0.00130653
2 0.606445 0.765625 0.0371094 0.0517578 0.00129509
4 0.582031 0.508301 0.352539 0.758789 0.00128555
13 0.053421 0.487671 0.103363 0.940674 0.00127125
2 0.0374756 0.459961 0.0749512 0.889648 0.00125122
1 0.506958 0.462036 0.257568 0.907959 0.00121975
13 0.975586 0.146667 0.046875 0.251587 0.00120449
13 0.606445 0.765625 0.0371094 0.0517578 0.00119877
2 0.0211792 0.904053 0.0380859 0.156738 0.00116825
13 0.786133 0.472168 0.03125 0.168945 0.00116825
4 0.389893 0.46875 0.672363 0.884766 0.0010767
2 0.618652 0.699219 0.338867 0.254883 0.00105858
4 0.963867 0.366943 0.0722656 0.665527 0.00104141
14 0.0222321 0.948242 0.037323 0.0683594 0.00104046
1 0.0264282 0.828613 0.0408936 0.293945 0.00103283
13 0.496094 0.51416 0.173828 0.691406 0.00102901
4 0.781738 0.484375 0.0898438 0.728516 0.00102329
