13 0.46875 0.512695 0.0302734 0.0966797 0.447998
13 0.810547 0.127655 0.0527344 0.187073 0.378418
13 0.454834 0.515747 0.0600586 0.102295 0.337402
1 0.0299835 0.924805 0.0430603 0.107422 0.287842
1 0.974609 0.0694885 0.0371094 0.0934448 0.266113
4 0.954102 0.495117 0.0878906 0.990234 0.190918
1 0.983398 0.930908 0.03125 0.0913086 0.157104
2 0.468628 0.514282 0.0314941 0.0964355 0.0758057
13 0.44397 0.509766 0.095459 0.123047 0.0682373
13 0.467285 0.522095 0.0429688 0.109131 0.0546265
1 0.985352 0.917236 0.0214844 0.124512 0.030777
1 0.0375977 0.063446 0.0491943 0.102112 0.0304871
1 0.031311 0.86377 0.0410156 0.231445 0.0287628
14 0.465088 0.516479 0.0444336 0.104736 0.026886
1 0.0319824 0.90332 0.0366211 0.167969 0.0253906
1 0.970703 0.0580444 0.0410156 0.0653076 0.0250244
13 0.821289 0.128967 0.0869141 0.193237 0.0245514
2 0.0291138 0.92627 0.0440674 0.112305 0.0238037
2 0.463989 0.521362 0.0515137 0.109619 0.0224457
2 0.0317841 0.862061 0.0428772 0.23291 0.0212097
14 0.468872 0.51416 0.0290527 0.09375 0.0198822
4 0.970703 0.68811 0.0527344 0.506592 0.0184021
4 0.960693 0.299805 0.0688477 0.508789 0.0144882
2 0.0559082 0.497192 0.0913086 0.941162 0.0144501
13 0.418701 0.512573 0.0776367 0.124268 0.0119858
2 0.44397 0.509766 0.095459 0.123047 0.0109863
1 0.0270996 0.971436 0.0513916 0.0336914 0.0101166
1 0.979492 0.0946045 0.0351562 0.141113 0.00978088
13 0.805176 0.0930176 0.046875 0.12085 0.00923157
1 0.810547 0.127655 0.0527344 0.187073 0.00881195
1 0.978516 0.921875 0.0410156 0.117188 0.00738525
2 0.0379486 0.797852 0.0498352 0.369141 0.00576782
4 0.0559082 0.497192 0.0913086 0.941162 0.00569153
1 0.468872 0.51416 0.0290527 0.09375 0.00566101
14 0.0298462 0.925049 0.0440674 0.106934 0.0050087
13 0.451904 0.0760345 0.0512695 0.100616 0.00492477
13 0.763672 0.132446 0.134766 0.164307 0.0046196
13 0.853027 0.120026 0.158203 0.186218 0.00409317
4 0.979736 0.727051 0.034668 0.394531 0.00395966
4 0.931641 0.477539 0.101562 0.892578 0.00390625
1 0.465088 0.516479 0.0444336 0.104736 0.00351334
1 0.985352 0.885742 0.0253906 0.154297 0.00349808
13 0.811523 0.141815 0.0585938 0.116272 0.00345612
14 0.44397 0.509766 0.095459 0.123047 0.00299454
2 0.0319824 0.90332 0.0366211 0.167969 0.00290871
13 0.79541 0.139893 0.09375 0.173828 0.00289345
13 0.0291138 0.92627 0.0440674 0.112305 0.0028286
1 0.0372314 0.799072 0.0498047 0.384277 0.00281143
1 0.0221252 0.913086 0.0441284 0.110352 0.00277328
1 0.0282593 0.955322 0.0446777 0.0600586 0.00257874
4 0.962891 0.591187 0.0644531 0.698486 0.00257301
1 0.97876 0.887695 0.0366211 0.171875 0.0025692
1 0.959717 0.0548096 0.0649414 0.0662842 0.00250244
1 0.02771 0.0805664 0.039917 0.134277 0.0023365
13 0.477905 0.511841 0.0402832 0.101318 0.00210762
13 0.986328 0.902344 0.0214844 0.136719 0.00208473
13 0.614746 0.182251 0.0644531 0.111084 0.00207901
13 0.429688 0.496704 0.0751953 0.123779 0.00204468
13 0.810059 0.122192 0.0458984 0.114258 0.00201416
4 0.80957 0.128204 0.0605469 0.180115 0.00200272
1 0.962646 0.069519 0.0493164 0.0921631 0.00195503
13 0.417236 0.503418 0.0458984 0.12207 0.00189114
4 0.951416 0.632812 0.0639648 0.583984 0.00182438
1 0.026886 0.979492 0.053772 0.03125 0.00177765
13 0.97583 0.0673065 0.0405273 0.0860901 0.00175095
2 0.97583 0.0673065 0.0405273 0.0860901 0.00169182
13 0.797363 0.102783 0.0458984 0.161865 0.00166321
2 0.810059 0.126923 0.0556641 0.179749 0.00161362
4 0.979248 0.817383 0.0375977 0.365234 0.00152302
14 0.811035 0.125885 0.0576172 0.179871 0.00148582
1 0.969971 0.0921326 0.0424805 0.149719 0.0014019
13 0.031311 0.86377 0.0410156 0.231445 0.00138569
13 0.979492 0.906006 0.0351562 0.13916 0.00135231
1 0.980469 0.863281 0.0273438 0.242188 0.00131226
2 0.821289 0.128967 0.0869141 0.193237 0.0013113
2 0.0431519 0.864258 0.0496826 0.216797 0.001297
4 0.0300598 0.924805 0.0430298 0.109375 0.00128269
2 0.0513458 0.626953 0.0701599 0.712891 0.00125885
4 0.975586 0.788086 0.0371094 0.251953 0.00124741
4 0.468384 0.512573 0.032959 0.0979004 0.00123119
13 0.411621 0.486328 0.0429688 0.107422 0.00120258
13 0.725098 0.160553 0.219727 0.148132 0.0011692
9 0.0300598 0.924805 0.0430298 0.109375 0.00116444
4 0.458496 0.515137 0.0576172 0.103516 0.00115776
9 0.46936 0.514648 0.032959 0.0957031 0.00113678
13 0.438965 0.0758362 0.0336914 0.0880737 0.00112152
4 0.950928 0.372925 0.0805664 0.599854 0.00107479
13 0.983398 0.93042 0.0332031 0.0864258 0.00106907
14 0.97583 0.0673065 0.0405273 0.0860901 0.00104332
