2 0.487305 0.22583 0.322266 0.219727 0.739746
13 0.607422 0.262695 0.0556641 0.145996 0.679688
13 0.790527 0.179871 0.0292969 0.100708 0.678711
2 0.481323 0.145508 0.310791 0.0766602 0.612305
2 0.476074 0.170898 0.322266 0.0986328 0.204102
2 0.605957 0.258545 0.0751953 0.179199 0.14624
2 0.486816 0.121704 0.298828 0.114746 0.131592
1 0.98291 0.956299 0.0341797 0.0854492 0.11145
1 0.978516 0.0606232 0.0332031 0.0664978 0.106689
13 0.299072 0.74707 0.0400391 0.146484 0.0985107
13 0.774414 0.331787 0.0234375 0.097168 0.0864868
4 0.0716858 0.470215 0.105164 0.94043 0.0844727
13 0.60791 0.256104 0.0791016 0.181152 0.0759888
13 0.786133 0.258789 0.0439453 0.260254 0.0545654
2 0.855957 0.38208 0.0253906 0.0561523 0.0400085
13 0.59668 0.269775 0.0869141 0.133301 0.0388184
13 0.489624 0.232666 0.290283 0.210938 0.0283508
1 0.0283356 0.925293 0.0310974 0.114258 0.0275879
1 0.0292053 0.942627 0.0397339 0.10498 0.0239563
13 0.855957 0.38208 0.0253906 0.0561523 0.0217285
2 0.483887 0.153931 0.219727 0.0708008 0.0211945
13 0.604004 0.237061 0.0537109 0.108398 0.0205688
13 0.306641 0.748047 0.0375977 0.12793 0.0167389
2 0.583008 0.265381 0.121094 0.175781 0.0167236
1 0.982422 0.0790558 0.0351562 0.108734 0.0159149
2 0.359131 0.240173 0.560059 0.199341 0.0155563
13 0.466064 0.769043 0.103027 0.0976562 0.0153198
2 0.980469 0.063385 0.0371094 0.072937 0.0152817
4 0.935303 0.494995 0.0961914 0.922119 0.0147705
13 0.306885 0.734863 0.0263672 0.110352 0.0133972
1 0.791016 0.179321 0.0234375 0.0969238 0.0119705
13 0.980225 0.068512 0.0317383 0.076355 0.0112915
1 0.0354004 0.917969 0.0490723 0.148438 0.0108566
13 0.801758 0.175842 0.0380859 0.0897217 0.0107117
13 0.457153 0.831055 0.0905762 0.25 0.01017
13 0.78418 0.177856 0.0292969 0.0881348 0.0098114
2 0.53125 0.152222 0.229492 0.0805664 0.0092926
2 0.445801 0.266357 0.381836 0.209473 0.00925446
1 0.605957 0.26001 0.0566406 0.163574 0.00925446
13 0.0318604 0.896973 0.0496826 0.192383 0.00921631
9 0.488281 0.228271 0.311523 0.217285 0.00883484
1 0.979736 0.921875 0.0366211 0.146484 0.00881195
13 0.448364 0.770996 0.0632324 0.0996094 0.00849915
14 0.488281 0.229431 0.295898 0.213013 0.00823975
14 0.606445 0.258301 0.0566406 0.153809 0.00816345
1 0.0375977 0.0661011 0.0446777 0.116577 0.00785065
2 0.606934 0.261963 0.0556641 0.141113 0.0078125
2 0.377075 0.200562 0.482178 0.135498 0.00682449
1 0.973633 0.951416 0.0371094 0.097168 0.00654602
13 0.777832 0.344238 0.0371094 0.118164 0.0065155
14 0.788086 0.177246 0.0283203 0.0952148 0.00587845
9 0.48291 0.138428 0.30957 0.083252 0.0057869
14 0.855957 0.38208 0.0253906 0.0561523 0.00553894
4 0.485962 0.240234 0.276123 0.208984 0.00539398
4 0.0493164 0.729004 0.0534668 0.472656 0.00536346
13 0.480469 0.16394 0.318359 0.0993652 0.00512695
2 0.791016 0.179321 0.0234375 0.0969238 0.00508499
1 0.980713 0.146545 0.0366211 0.196167 0.00497055
13 0.788574 0.174072 0.0488281 0.104004 0.00493622
1 0.984375 0.943604 0.0253906 0.081543 0.0049324
13 0.774902 0.372559 0.0322266 0.174316 0.00484467
1 0.0270691 0.901611 0.043396 0.181152 0.00450134
2 0.439453 0.253235 0.485352 0.287476 0.00448608
13 0.785645 0.255859 0.0712891 0.277344 0.00444794
1 0.489136 0.230225 0.304932 0.217285 0.00440216
1 0.981445 0.937012 0.0273438 0.120117 0.00419998
13 0.793945 0.187134 0.0644531 0.132568 0.00400543
13 0.788574 0.162109 0.0302734 0.0734863 0.00390244
13 0.54834 0.250488 0.171875 0.174316 0.0037899
2 0.556152 0.258301 0.21582 0.215332 0.00377083
9 0.480469 0.16394 0.318359 0.0993652 0.00350571
1 0.979248 0.96875 0.0395508 0.0625 0.00346565
13 0.586426 0.252258 0.100586 0.189819 0.00344276
14 0.48291 0.138428 0.30957 0.083252 0.00314903
4 0.606445 0.26416 0.0634766 0.155762 0.00310898
13 0.48291 0.138428 0.30957 0.083252 0.00306511
1 0.481934 0.145874 0.307617 0.0725098 0.0030098
13 0.0341797 0.865723 0.0362549 0.235352 0.00292397
1 0.985352 0.0703125 0.0253906 0.0734863 0.00288582
13 0.86377 0.277771 0.233398 0.369263 0.00268936
13 0.466431 0.802246 0.119873 0.171875 0.00268364
13 0.787109 0.206482 0.104492 0.231567 0.00261116
2 0.528442 0.246094 0.222412 0.132324 0.00259209
1 0.785645 0.259766 0.0439453 0.263184 0.00254059
1 0.980713 0.976562 0.0327148 0.0449219 0.00252151
13 0.453247 0.78125 0.0769043 0.142578 0.0024662
13 0.794922 0.294373 0.0722656 0.201294 0.00240707
13 0.802246 0.173889 0.0556641 0.103394 0.0023365
2 0.48877 0.172424 0.313477 0.181519 0.00231934
1 0.0341797 0.865723 0.0362549 0.235352 0.0023098
1 0.972656 0.905518 0.0390625 0.188965 0.002285
8 0.489136 0.230225 0.304932 0.217285 0.00226402
4 0.0704193 0.676392 0.098175 0.584717 0.00222969
4 0.101807 0.437988 0.172607 0.875977 0.00215912
2 0.485718 0.208374 0.216064 0.181396 0.00210381
19 0.483032 0.235352 0.289795 0.19043 0.00198746
13 0.861328 0.384277 0.0214844 0.0473633 0.00196457
18 0.483032 0.235352 0.289795 0.19043 0.00196457
4 0.482422 0.147217 0.30957 0.0742188 0.00196075
14 0.480469 0.16394 0.318359 0.0993652 0.00195694
10 0.791016 0.179321 0.0234375 0.0969238 0.00195217
16 0.483032 0.235352 0.289795 0.19043 0.00190449
13 0.473633 0.845703 0.148438 0.246094 0.00188923
7 0.483032 0.235352 0.289795 0.19043 0.00185299
11 0.483032 0.235352 0.289795 0.19043 0.00184631
2 0.431641 0.142578 0.307617 0.0556641 0.00182056
13 0.83252 0.334961 0.117188 0.151367 0.00179482
8 0.481323 0.145508 0.310791 0.0766602 0.00175476
3 0.483032 0.235352 0.289795 0.19043 0.00175476
17 0.483032 0.235352 0.289795 0.19043 0.0017004
1 0.0395508 0.933594 0.0489502 0.09375 0.00166893
13 0.83252 0.286194 0.140625 0.304565 0.00165367
13 0.807617 0.14563 0.0625 0.116943 0.00164604
4 0.0545197 0.610718 0.0625916 0.618408 0.00164509
13 0.979248 0.0898285 0.0317383 0.122833 0.00164413
15 0.483032 0.235352 0.289795 0.19043 0.00164318
6 0.487305 0.227295 0.314453 0.221191 0.00159836
12 0.485962 0.240234 0.276123 0.208984 0.00158405
2 0.336792 0.261414 0.636963 0.477173 0.00158119
0 0.485962 0.240234 0.276123 0.208984 0.00157166
13 0.468018 0.822266 0.509277 0.224609 0.00154972
13 0.0399323 0.868408 0.0597839 0.214355 0.001544
10 0.483032 0.235352 0.289795 0.19043 0.00151348
1 0.972656 0.0551758 0.0507812 0.0565186 0.00149727
5 0.483032 0.235352 0.289795 0.19043 0.00149632
4 0.468628 0.84082 0.105713 0.249023 0.0014677
6 0.481323 0.145508 0.310791 0.0766602 0.00146103
1 0.980225 0.859375 0.0297852 0.257812 0.00142765
1 0.971436 0.969727 0.043457 0.0527344 0.00142002
2 0.0761566 0.490234 0.111115 0.957031 0.00140381
13 0.972656 0.112183 0.0332031 0.167236 0.00139236
1 0.982422 0.80127 0.0292969 0.34668 0.00136852
1 0.969727 0.943359 0.0546875 0.103516 0.00132847
2 0.559082 0.270508 0.164062 0.131348 0.00131512
13 0.798828 0.201538 0.0449219 0.143799 0.00126839
1 0.0218506 0.952148 0.0437012 0.0957031 0.0012579
1 0.0366211 0.824951 0.0450439 0.30127 0.00125694
1 0.0474854 0.866699 0.0675049 0.231445 0.00124931
13 0.811523 0.264832 0.0849609 0.289673 0.00123787
13 0.439331 0.790039 0.123291 0.173828 0.00121975
1 0.298828 0.745605 0.0336914 0.140625 0.00121212
2 0.424683 0.1427 0.195557 0.0395508 0.00119305
2 0.470825 0.0890503 0.306396 0.147583 0.00119209
13 0.773438 0.402344 0.0478516 0.299805 0.00119019
13 0.505859 0.755859 0.0390625 0.0585938 0.00118446
6 0.791016 0.179321 0.0234375 0.0969238 0.00110245
1 0.773438 0.331543 0.0185547 0.0913086 0.00109482
14 0.299316 0.745605 0.0317383 0.141602 0.00109291
1 0.0366211 0.184998 0.0413818 0.342896 0.00108051
9 0.790527 0.179871 0.0292969 0.100708 0.0010767
13 0.777832 0.242676 0.0527344 0.196777 0.00107288
9 0.605469 0.258545 0.0585938 0.154297 0.00107193
13 0.595215 0.224121 0.0722656 0.214355 0.00106907
13 0.482788 0.110718 0.315674 0.145508 0.00105381
1 0.790039 0.174744 0.0380859 0.0899658 0.00104904
4 0.484863 0.195068 0.3125 0.15625 0.00104427
1 0.984863 0.0567627 0.0302734 0.0557861 0.00103474
4 0.789551 0.177307 0.0244141 0.0936279 0.00103283
2 0.467773 0.270203 0.261719 0.282837 0.00102901
13 0.869141 0.349243 0.214844 0.602295 0.00102711
1 0.855957 0.38208 0.0253906 0.0561523 0.00102425
2 0.338501 0.220215 0.569092 0.316406 0.00102139
13 0.853027 0.336426 0.0908203 0.132812 0.00101757
13 0.980469 0.138977 0.0332031 0.216187 0.00101662
1 0.970459 0.849609 0.043457 0.296875 0.00100231
