2 0.445557 0.881836 0.17627 0.0751953 0.868164
1 0.984375 0.952881 0.03125 0.0864258 0.212036
1 0.0239258 0.953369 0.0373535 0.0834961 0.209839
1 0.982422 0.92334 0.0332031 0.143555 0.0628662
13 0.652832 0.918945 0.0302734 0.0371094 0.0618591
14 0.441772 0.878418 0.175049 0.0664062 0.052002
1 0.0253296 0.918945 0.0367432 0.130859 0.0493164
1 0.98584 0.932129 0.0283203 0.108398 0.0455322
2 0.444824 0.869629 0.19043 0.129883 0.0255737
2 0.44458 0.880371 0.106934 0.0546875 0.0157623
13 0.445557 0.882324 0.164551 0.0693359 0.0156708
1 0.976318 0.951416 0.0356445 0.0874023 0.0142899
2 0.653809 0.917969 0.0351562 0.0380859 0.0131607
9 0.445679 0.880859 0.167236 0.0644531 0.0122299
1 0.981445 0.0653076 0.0351562 0.0751953 0.0083847
1 0.0314331 0.939453 0.0449219 0.105469 0.00830841
13 0.982666 0.904297 0.0288086 0.173828 0.00785828
2 0.52063 0.529297 0.87085 0.695312 0.007164
4 0.942383 0.525879 0.0957031 0.944336 0.00667572
1 0.976318 0.885742 0.043457 0.21875 0.00650024
2 0.44873 0.883789 0.0703125 0.0507812 0.00638962
1 0.0210571 0.931396 0.0332031 0.0942383 0.00580978
1 0.446655 0.879395 0.175049 0.0722656 0.00563049
4 0.0648499 0.495483 0.0958862 0.958252 0.00560379
1 0.129211 0.0299072 0.213257 0.0256348 0.00550461
1 0.973877 0.947266 0.050293 0.105469 0.00478363
13 0.657715 0.925293 0.0556641 0.0595703 0.00459671
1 0.0356445 0.0558472 0.0375977 0.0880127 0.00458908
2 0.454712 0.853516 0.260498 0.185547 0.00434113
1 0.0362701 0.0517731 0.0585632 0.0927429 0.0041008
8 0.441528 0.879883 0.18335 0.0761719 0.0039711
2 0.598633 0.896973 0.37793 0.105469 0.00388527
2 0.429199 0.891113 0.267578 0.172852 0.00368881
1 0.0311279 0.901367 0.0367432 0.144531 0.00366211
4 0.44519 0.880859 0.168213 0.0654297 0.00352097
1 0.0246887 0.869629 0.0377808 0.241211 0.00324821
1 0.0263824 0.948242 0.0256042 0.0722656 0.00284767
4 0.976807 0.26825 0.0444336 0.440063 0.0026722
2 0.982666 0.904297 0.0288086 0.173828 0.00263023
2 0.415771 0.884766 0.106934 0.0625 0.00258446
13 0.657227 0.925293 0.0361328 0.0498047 0.00258064
1 0.973633 0.0563354 0.0488281 0.0649414 0.0025692
2 0.405396 0.877441 0.197021 0.0683594 0.0025425
2 0.726562 0.479004 0.515625 0.732422 0.00245476
4 0.964355 0.479004 0.0693359 0.921875 0.00235748
2 0.571411 0.88623 0.235107 0.0722656 0.00234413
13 0.980225 0.0905457 0.027832 0.123596 0.00225258
1 0.980713 0.833984 0.0307617 0.304688 0.00222588
6 0.44519 0.880859 0.168213 0.0654297 0.00219917
1 0.0341797 0.0812073 0.0327148 0.146667 0.00209045
2 0.982666 0.0669708 0.0307617 0.0747986 0.00209045
1 0.979736 0.132172 0.0288086 0.197083 0.0020771
2 0.0664368 0.509277 0.0892944 0.954102 0.00201607
1 0.65332 0.918457 0.03125 0.0361328 0.00188637
1 0.0330811 0.822266 0.0430908 0.326172 0.00171757
7 0.44519 0.880859 0.16626 0.0644531 0.00171375
1 0.0253906 0.965332 0.0360107 0.0498047 0.00170994
13 0.601562 0.891602 0.139648 0.0830078 0.00166893
13 0.977539 0.0675812 0.0371094 0.0762634 0.00164413
12 0.445435 0.882812 0.167725 0.0703125 0.00163937
4 0.978516 0.770508 0.0429688 0.439453 0.00162697
16 0.445435 0.882812 0.167725 0.0703125 0.00160122
3 0.445679 0.880859 0.167236 0.0644531 0.00156403
13 0.980713 0.870361 0.034668 0.239746 0.00155258
1 0.976562 0.969482 0.0332031 0.0532227 0.0015173
13 0.673828 0.940918 0.271484 0.0732422 0.00151539
1 0.983398 0.969971 0.0273438 0.0463867 0.00151062
10 0.446167 0.882324 0.162354 0.0683594 0.00150585
15 0.445435 0.882812 0.167725 0.0703125 0.00146961
14 0.652344 0.91748 0.0332031 0.0371094 0.00146866
0 0.442139 0.878418 0.166504 0.0634766 0.00146675
13 0.985352 0.938965 0.0253906 0.106445 0.0014658
19 0.44519 0.880859 0.168213 0.0654297 0.00144863
1 0.980225 0.0905457 0.027832 0.123596 0.00140953
14 0.44458 0.880371 0.106934 0.0546875 0.00136471
11 0.44519 0.880859 0.16626 0.0644531 0.00136185
5 0.442017 0.878906 0.168701 0.0654297 0.00134945
14 0.0246735 0.941895 0.0331726 0.106445 0.00134563
18 0.445435 0.882812 0.167725 0.0703125 0.00130749
2 0.464355 0.856689 0.348633 0.23584 0.0012989
2 0.958008 0.473145 0.0722656 0.879883 0.00120831
17 0.445435 0.882812 0.167725 0.0703125 0.00119972
4 0.0403442 0.762695 0.052124 0.433594 0.00119305
2 0.673828 0.940918 0.271484 0.0732422 0.0011797
1 0.976562 0.174347 0.03125 0.233826 0.00115967
1 0.989746 0.945801 0.0205078 0.0908203 0.00110149
1 0.0372314 0.182678 0.0427246 0.316284 0.00108814
2 0.505371 0.100464 0.936523 0.129883 0.00108624
2 0.985352 0.938965 0.0253906 0.106445 0.00106049
1 0.0214844 0.935547 0.0239258 0.0683594 0.00104713
1 0.984863 0.901855 0.0302734 0.172852 0.00104713
2 0.983887 0.953125 0.0322266 0.0839844 0.00103092
1 0.0194397 0.899414 0.0291138 0.140625 0.00101376
13 0.444824 0.869629 0.19043 0.129883 0.00100327
