2 0.603027 0.149536 0.241211 0.0776367 0.787598
1 0.98291 0.954346 0.0341797 0.0874023 0.298584
1 0.0395508 0.0565643 0.0471191 0.101227 0.078125
1 0.987305 0.943848 0.0234375 0.0595703 0.0686646
1 0.977295 0.138916 0.0356445 0.208008 0.0374756
13 0.405518 0.418457 0.0405273 0.074707 0.0350342
14 0.598633 0.15271 0.230469 0.0839844 0.0331421
2 0.607422 0.135986 0.264648 0.140381 0.0317993
2 0.591797 0.170288 0.261719 0.109619 0.0302887
1 0.976562 0.0585938 0.0371094 0.0631104 0.0286102
13 0.974609 0.141235 0.0390625 0.189697 0.0284729
1 0.0242004 0.917969 0.0316772 0.115234 0.0269928
2 0.390015 0.171631 0.680908 0.292969 0.024292
2 0.599121 0.161377 0.181641 0.0910645 0.0226746
1 0.0452881 0.0582428 0.072998 0.1091 0.0209198
1 0.979492 0.923096 0.0351562 0.145996 0.0203857
2 0.977295 0.0575562 0.0336914 0.0623779 0.0203094
4 0.0531311 0.472656 0.0880737 0.945312 0.0198059
4 0.38501 0.508789 0.125 0.9375 0.0197906
1 0.974609 0.9646 0.03125 0.0668945 0.0168457
2 0.591797 0.14624 0.147461 0.0742188 0.0158691
9 0.604492 0.150269 0.243164 0.0827637 0.0150833
13 0.977539 0.0563202 0.0371094 0.0597229 0.0119019
13 0.604492 0.1521 0.233398 0.0803223 0.0101242
1 0.985352 0.913086 0.0253906 0.115234 0.00976562
1 0.983398 0.951904 0.0253906 0.0649414 0.00950623
1 0.977783 0.196533 0.0405273 0.322266 0.0089798
2 0.386963 0.14032 0.629395 0.179321 0.00682449
2 0.59375 0.100739 0.255859 0.167175 0.00652695
13 0.979492 0.111206 0.0351562 0.171631 0.00628281
1 0.0246582 0.941406 0.0350342 0.101562 0.00611115
1 0.0632324 0.056366 0.0925293 0.0986938 0.00588989
13 0.388672 0.45813 0.148926 0.904053 0.0058403
1 0.598633 0.153687 0.222656 0.0812988 0.00535965
1 0.0230713 0.883301 0.0373535 0.170898 0.0052948
13 0.981201 0.237854 0.0375977 0.405151 0.00447845
1 0.985352 0.932373 0.0292969 0.0766602 0.00363731
13 0.979492 0.166321 0.0332031 0.28064 0.00362778
2 0.59668 0.174072 0.283203 0.179688 0.00348854
2 0.592651 0.124664 0.328369 0.236511 0.00347328
2 0.623047 0.133911 0.233398 0.0588379 0.00331688
1 0.977783 0.865967 0.0385742 0.258301 0.00314903
2 0.595703 0.161499 0.104492 0.0661621 0.00309372
1 0.0224457 0.831055 0.0400696 0.277344 0.00309181
1 0.97583 0.941895 0.0307617 0.104492 0.00300407
1 0.972412 0.958008 0.043457 0.0839844 0.00295258
4 0.603516 0.146484 0.241211 0.0888672 0.00292397
4 0.34375 0.49707 0.242188 0.960938 0.00281715
1 0.981689 0.0828705 0.0366211 0.123566 0.00264168
8 0.599121 0.155151 0.222656 0.0878906 0.00233269
2 0.602051 0.128296 0.244141 0.0856934 0.0022831
6 0.604492 0.149658 0.245117 0.0810547 0.00219727
2 0.584961 0.147583 0.0859375 0.0529785 0.00217819
4 0.441895 0.47168 0.387695 0.922852 0.00209045
13 0.80127 0.818359 0.0214844 0.0615234 0.00199318
1 0.969727 0.94043 0.0488281 0.0957031 0.00195503
2 0.507812 0.15686 0.489258 0.116699 0.0019474
1 0.982422 0.974609 0.0332031 0.0410156 0.00192642
2 0.371582 0.0978088 0.682617 0.160828 0.0018568
2 0.405029 0.41626 0.0419922 0.0810547 0.00172329
2 0.441895 0.47168 0.387695 0.922852 0.00165462
13 0.980469 0.197327 0.0351562 0.164917 0.0015955
14 0.980225 0.954346 0.0356445 0.0874023 0.00152493
1 0.972412 0.818604 0.0415039 0.337402 0.00149059
13 0.399902 0.406982 0.0463867 0.0952148 0.00147057
2 0.981445 0.956299 0.0371094 0.0795898 0.00146866
13 0.983398 0.238525 0.0332031 0.220215 0.00145531
13 0.402832 0.438232 0.11377 0.387207 0.00145245
12 0.599121 0.155151 0.222656 0.0878906 0.00141144
1 0.0346832 0.0816956 0.0397644 0.141785 0.00139809
16 0.599121 0.155151 0.222656 0.0878906 0.00136757
11 0.605957 0.150757 0.235352 0.0810547 0.00135517
1 0.97168 0.901367 0.0410156 0.179688 0.00134754
2 0.38501 0.508789 0.125 0.9375 0.00134754
0 0.604492 0.149658 0.245117 0.0810547 0.00134563
13 0.98291 0.954346 0.0341797 0.0874023 0.00133896
15 0.599121 0.155151 0.222656 0.0878906 0.00130081
2 0.343872 0.499146 0.382568 0.952881 0.00130081
13 0.975586 0.142578 0.0332031 0.115723 0.00129414
10 0.599121 0.155151 0.222656 0.0878906 0.00127029
7 0.599121 0.155151 0.222656 0.0878906 0.00126553
1 0.980713 0.804688 0.0288086 0.34375 0.00125504
2 0.583984 0.249268 0.358398 0.232422 0.0012207
13 0.0227966 0.901123 0.0327759 0.141113 0.001194
1 0.977295 0.292542 0.0415039 0.480347 0.00117493
3 0.599121 0.155151 0.222656 0.0878906 0.00116539
4 0.928711 0.513672 0.0996094 0.889648 0.00111103
13 0.609375 0.162659 0.259766 0.13269 0.00110531
1 0.984863 0.967773 0.0302734 0.0644531 0.00110149
18 0.599121 0.155151 0.222656 0.0878906 0.00109482
5 0.598633 0.153687 0.222656 0.0812988 0.00107765
19 0.599121 0.155151 0.222656 0.0878906 0.00106144
17 0.599121 0.155151 0.222656 0.0878906 0.0010376
