2 0.504395 0.106567 0.328125 0.0993652 0.854004
1 0.976318 0.94873 0.0395508 0.0966797 0.156982
1 0.0375977 0.0604095 0.0515137 0.117462 0.0842285
2 0.501953 0.115601 0.222656 0.100098 0.0371704
4 0.0438995 0.726074 0.0503845 0.479492 0.033905
2 0.504395 0.132324 0.303711 0.120605 0.0319214
2 0.508301 0.0991211 0.341797 0.159912 0.0277863
1 0.976807 0.911133 0.0385742 0.171875 0.0276184
2 0.566406 0.118042 0.217773 0.0847168 0.0267334
1 0.0245056 0.957031 0.0289917 0.0625 0.0249939
14 0.504395 0.106567 0.328125 0.0993652 0.0168762
9 0.504395 0.109375 0.331055 0.0966797 0.0166473
1 0.0272217 0.930176 0.0236816 0.112305 0.00798035
1 0.982422 0.932129 0.0273438 0.0986328 0.00714874
4 0.0487061 0.608398 0.0578613 0.641602 0.00704193
4 0.939697 0.44104 0.0913086 0.848389 0.00681305
13 0.505371 0.108124 0.328125 0.100159 0.00538254
4 0.0426025 0.248047 0.0637207 0.496094 0.00518417
1 0.979492 0.870605 0.0292969 0.209961 0.00516129
1 0.978516 0.922607 0.0410156 0.10791 0.00450134
4 0.060379 0.491455 0.0953064 0.958496 0.00422668
1 0.505249 0.106598 0.331299 0.0983276 0.0039444
1 0.0230255 0.965576 0.0379333 0.0473633 0.00379562
1 0.973633 0.95752 0.0332031 0.0654297 0.00336075
4 0.497925 0.12085 0.328369 0.101318 0.00330734
1 0.0336761 0.103546 0.0412903 0.187439 0.00325966
1 0.983398 0.912109 0.0214844 0.130859 0.00317383
1 0.973633 0.0437469 0.0390625 0.0711975 0.00313568
1 0.0320892 0.909912 0.0265198 0.133301 0.00284576
1 0.975342 0.873779 0.0454102 0.246582 0.00279236
2 0.641602 0.495117 0.24707 0.944336 0.00267029
4 0.641602 0.495117 0.24707 0.944336 0.00251389
1 0.974609 0.964844 0.046875 0.0683594 0.00239754
8 0.504395 0.109375 0.331055 0.0966797 0.00237656
2 0.588379 0.116455 0.445312 0.110352 0.00222969
6 0.504395 0.109375 0.331055 0.0966797 0.00198746
2 0.482544 0.529541 0.894287 0.940918 0.00188351
2 0.496582 0.0661621 0.330078 0.132324 0.00186062
1 0.966553 0.0400391 0.059082 0.0797119 0.00179291
4 0.662598 0.512085 0.119141 0.917236 0.00166893
1 0.0206146 0.943848 0.0293274 0.0712891 0.00157452
1 0.969727 0.888672 0.0429688 0.173828 0.00151825
1 0.0395508 0.135437 0.052124 0.266235 0.00151443
11 0.507812 0.118042 0.339844 0.0981445 0.00142193
12 0.504395 0.109375 0.331055 0.0966797 0.00142097
4 0.0445557 0.394775 0.0643311 0.740723 0.00135517
16 0.504395 0.109375 0.331055 0.0966797 0.00133038
1 0.970459 0.819336 0.043457 0.337891 0.0013237
15 0.504395 0.109375 0.331055 0.0966797 0.00129414
1 0.043457 0.0431366 0.0673828 0.0846252 0.00128841
10 0.504395 0.109375 0.331055 0.0966797 0.00123501
7 0.504395 0.109375 0.331055 0.0966797 0.00122547
2 0.526367 0.108887 0.106445 0.0683594 0.00118256
0 0.504395 0.109375 0.331055 0.0966797 0.00116444
1 0.980713 0.955078 0.0288086 0.0664062 0.00115585
2 0.523926 0.152557 0.356445 0.177307 0.00114346
2 0.946777 0.416992 0.0888672 0.771484 0.00113869
3 0.504395 0.109375 0.331055 0.0966797 0.00112438
1 0.977539 0.0634003 0.0371094 0.104401 0.00110817
18 0.504395 0.109375 0.331055 0.0966797 0.00110722
9 0.508301 0.0991211 0.341797 0.159912 0.00109577
17 0.504395 0.109375 0.331055 0.0966797 0.00105667
2 0.488281 0.184937 0.328125 0.174561 0.00104904
5 0.504395 0.109375 0.331055 0.0966797 0.00102425
1 0.971436 0.86084 0.0297852 0.196289 0.00102043
19 0.507812 0.118042 0.339844 0.0981445 0.00101757
