2 0.430908 0.105835 0.333496 0.11792 0.794922
14 0.279053 0.515625 0.0273438 0.03125 0.569824
1 0.973633 0.942871 0.0273438 0.0712891 0.424316
1 0.977783 0.938477 0.0385742 0.0859375 0.297119
1 0.0148926 0.949463 0.0297852 0.0854492 0.250488
13 0.434082 0.105591 0.322266 0.136963 0.218872
14 0.273926 0.515137 0.0332031 0.0390625 0.165771
2 0.371094 0.127686 0.280273 0.0615234 0.112793
2 0.791992 0.0317383 0.338867 0.0341797 0.0870361
13 0.5 0.221985 0.0361328 0.0863037 0.0758667
1 0.973633 0.920654 0.0253906 0.117676 0.0646973
2 0.440308 0.103638 0.213135 0.134521 0.059021
1 0.9646 0.0716248 0.0454102 0.130188 0.0526733
13 0.388916 0.0678711 0.0249023 0.0605469 0.0504456
1 0.0153809 0.916748 0.0302124 0.133301 0.0479736
2 0.432373 0.103485 0.387207 0.180725 0.030777
1 0.972656 0.92627 0.03125 0.0800781 0.0285492
1 0.977783 0.905029 0.034668 0.148926 0.0240021
13 0.392822 0.0684204 0.046875 0.0699463 0.0219421
13 0.0553589 0.44873 0.0454102 0.179688 0.0159607
1 0.963623 0.115143 0.0473633 0.211609 0.0145874
2 0.763916 0.0401611 0.413574 0.0454102 0.0123596
9 0.430176 0.100922 0.374023 0.128723 0.0116196
13 0.0436554 0.61438 0.0638123 0.656006 0.011528
1 0.769531 0.0345612 0.386719 0.037323 0.0115128
1 0.143555 0.0349121 0.210938 0.03479 0.0113907
13 0.428711 0.102173 0.197266 0.124268 0.0113373
2 0.841797 0.0324097 0.222656 0.0290527 0.011116
2 0.848145 0.0281067 0.245117 0.0444946 0.0104828
2 0.835449 0.038269 0.241211 0.0465088 0.00974274
13 0.0159302 0.898926 0.0301514 0.155273 0.00874329
1 0.980225 0.961914 0.0395508 0.0742188 0.00795746
1 0.014679 0.865479 0.0293579 0.239746 0.00760269
2 0.340332 0.114746 0.498047 0.0993652 0.00714493
1 0.96582 0.931885 0.0546875 0.0874023 0.00691986
2 0.787598 0.0550385 0.331055 0.0847473 0.00660706
4 0.0334625 0.674438 0.0517273 0.537842 0.00596619
1 0.970459 0.91333 0.043457 0.120605 0.00593948
1 0.957031 0.0469818 0.0722656 0.0683899 0.00571823
2 0.491699 0.103027 0.245117 0.150879 0.00569153
2 0.790527 0.0779877 0.362305 0.107452 0.00544739
1 0.9729 0.88501 0.0366211 0.192871 0.00529861
13 0.0504761 0.462402 0.050293 0.378906 0.00523376
13 0.529785 0.09375 0.169922 0.126465 0.0051918
13 0.770508 0.036377 0.375977 0.0343018 0.00517654
4 0.430908 0.105835 0.333496 0.11792 0.00482941
1 0.971924 0.0617065 0.0444336 0.0994873 0.00463486
2 0.392822 0.0684204 0.046875 0.0699463 0.0045929
1 0.966309 0.852539 0.0361328 0.242188 0.00444412
14 0.292969 0.0404053 0.0239258 0.0144043 0.0044136
1 0.421875 0.0973816 0.363281 0.124573 0.00434113
2 0.397583 0.137939 0.231201 0.0541992 0.00432205
14 0.427246 0.103149 0.365234 0.121826 0.00415802
13 0.0179138 0.858887 0.0319214 0.254883 0.00404358
14 0.285889 0.514648 0.0317383 0.0371094 0.00390244
4 0.0436554 0.61438 0.0638123 0.656006 0.00376511
1 0.0123749 0.908691 0.0247498 0.0908203 0.00374794
13 0.0194092 0.862793 0.0319824 0.155273 0.00364876
13 0.0581055 0.458374 0.0301514 0.153564 0.00352478
2 0.0334625 0.674438 0.0517273 0.537842 0.00342369
13 0.414062 0.0963745 0.388672 0.192749 0.00320625
4 0.959717 0.789795 0.0395508 0.365723 0.00297737
13 0.0516357 0.509277 0.0419922 0.241211 0.00283432
13 0.0524292 0.491211 0.0955811 0.871094 0.00275421
4 0.0524292 0.491211 0.0955811 0.871094 0.00266838
1 0.97168 0.954102 0.0351562 0.0742188 0.00261307
13 0.76709 0.0538483 0.344727 0.0629578 0.00259972
14 0.974609 0.938477 0.0273438 0.0761719 0.00250626
13 0.570312 0.0584106 0.0917969 0.055542 0.00249863
8 0.430664 0.101074 0.366211 0.133301 0.00247765
1 0.983154 0.920654 0.0336914 0.11377 0.00245285
1 0.0171204 0.864258 0.0300903 0.143555 0.00240135
14 0.280029 0.51709 0.0336914 0.0595703 0.00239944
2 0.384766 0.0670776 0.0336914 0.0592041 0.00238419
4 0.926025 0.497192 0.103027 0.943115 0.00238228
1 0.964844 0.785156 0.0371094 0.367188 0.00232124
4 0.682617 0.778809 0.0859375 0.375977 0.00231552
2 0.419922 0.143555 0.3125 0.0751953 0.00226784
6 0.426147 0.103973 0.327393 0.125061 0.00224113
1 0.0126648 0.929199 0.0253296 0.0732422 0.0022316
2 0.585449 0.0509033 0.0761719 0.0397949 0.00222206
4 0.457397 0.739502 0.114502 0.468262 0.00215149
13 0.0439453 0.43457 0.053833 0.194336 0.00212288
1 0.0172119 0.9646 0.0344238 0.0708008 0.00211143
13 0.0454102 0.437866 0.0375977 0.294189 0.0020237
1 0.979492 0.951904 0.03125 0.0610352 0.00202179
4 0.939209 0.454346 0.0610352 0.815918 0.00201416
14 0.502441 0.222961 0.0322266 0.0906982 0.00196648
14 0.277832 0.506836 0.03125 0.0371094 0.00195312
1 0.852051 0.0336304 0.201172 0.0252686 0.00188637
1 0.963135 0.167053 0.0541992 0.310425 0.00186348
1 0.0218048 0.06604 0.0398865 0.109131 0.00186253
1 0.9646 0.894531 0.0532227 0.152344 0.00184727
2 0.330322 0.09021 0.543457 0.131836 0.00183964
4 0.969482 0.79126 0.0356445 0.366699 0.00182247
13 0.023407 0.821289 0.0353394 0.244141 0.00179768
1 0.97168 0.0876465 0.0390625 0.158691 0.0017004
2 0.5 0.221985 0.0361328 0.0863037 0.00168991
1 0.979492 0.915527 0.0292969 0.0878906 0.00168324
5 0.435791 0.105621 0.315918 0.139343 0.00156975
4 0.937744 0.688477 0.0698242 0.545898 0.00154209
2 0.579102 0.0559082 0.103516 0.0491943 0.00153255
2 0.973633 0.941895 0.0292969 0.0673828 0.00151634
19 0.435791 0.105621 0.315918 0.139343 0.00151539
13 0.585449 0.0509033 0.0761719 0.0397949 0.00147438
14 0.38916 0.0649414 0.0263672 0.0571289 0.00145531
7 0.435791 0.105621 0.315918 0.139343 0.001441
2 0.840332 0.0325928 0.145508 0.0356445 0.00142097
11 0.435791 0.105621 0.315918 0.139343 0.00140762
13 0.505371 0.0993652 0.24707 0.147461 0.00140667
18 0.435791 0.105621 0.315918 0.139343 0.00140285
10 0.435791 0.105621 0.315918 0.139343 0.00139618
13 0.973877 0.941895 0.0268555 0.0751953 0.00137901
13 0.0244141 0.433105 0.0407715 0.198242 0.00136662
13 0.836914 0.03302 0.244141 0.0408936 0.00134373
16 0.435791 0.105621 0.315918 0.139343 0.00129223
2 0.279297 0.515625 0.0273438 0.0292969 0.00128365
13 0.0479126 0.55957 0.041748 0.501953 0.00128269
3 0.435791 0.105621 0.315918 0.139343 0.00128174
14 0.0148926 0.949463 0.0297852 0.0854492 0.00127411
13 0.556641 0.0749512 0.12793 0.0874023 0.00126266
17 0.435791 0.105621 0.315918 0.139343 0.00125694
15 0.424805 0.101807 0.370117 0.139404 0.00124168
12 0.435791 0.105621 0.315918 0.139343 0.0012331
9 0.791992 0.0317383 0.338867 0.0341797 0.00122356
1 0.0172424 0.085144 0.0344849 0.13855 0.00121307
14 0.26709 0.51123 0.0356445 0.0429688 0.00120068
13 0.0148773 0.945068 0.0297546 0.0961914 0.001194
2 0.977539 0.938477 0.0410156 0.0839844 0.00117779
1 0.0356293 0.297119 0.0493469 0.521973 0.00116253
2 0.163696 0.0349731 0.283447 0.0388184 0.00115681
1 0.0312653 0.053009 0.0624695 0.0829468 0.00115395
1 0.751465 0.0298767 0.298828 0.0324097 0.00115204
2 0.887207 0.0325928 0.162109 0.0307617 0.00115108
1 0.502441 0.222961 0.0322266 0.0906982 0.0011301
0 0.434082 0.105591 0.322266 0.136963 0.00112438
13 0.383789 0.0617676 0.0385742 0.0620117 0.00112152
2 0.429932 0.123688 0.228027 0.0856323 0.00110531
2 0.0147095 0.90332 0.0294189 0.173828 0.00106335
1 0.898193 0.0307922 0.162598 0.0374146 0.00105572
1 0.279297 0.515625 0.0273438 0.0292969 0.00102425
1 0.0834656 0.0263519 0.163635 0.0315247 0.00102234
4 0.440308 0.103638 0.213135 0.134521 0.00102234
9 0.43457 0.106567 0.214844 0.118164 0.00102043
9 0.279541 0.515625 0.0283203 0.03125 0.00101757
4 0.682617 0.883789 0.0927734 0.165039 0.00101662
2 0.915527 0.123901 0.0683594 0.0292969 0.00101185
13 0.977539 0.938477 0.0410156 0.0839844 0.00100899
