2 0.654785 0.307312 0.3125 0.338501 0.818848
1 0.983398 0.964355 0.0332031 0.0693359 0.401123
1 0.0214386 0.951904 0.0364685 0.0825195 0.130615
1 0.979736 0.973633 0.0288086 0.0527344 0.0499268
1 0.0283356 0.936279 0.0341492 0.0864258 0.0444336
2 0.438354 0.507935 0.769775 0.781006 0.0338745
4 0.0621338 0.487671 0.103516 0.942627 0.0324097
13 0.665527 0.309814 0.291992 0.285156 0.0190582
1 0.0269775 0.916992 0.0367432 0.136719 0.0158386
2 0.731445 0.278625 0.448242 0.37439 0.0155792
2 0.433472 0.315918 0.742432 0.384766 0.0153961
1 0.973389 0.967529 0.0356445 0.0610352 0.0126648
13 0.450684 0.789551 0.0380859 0.0683594 0.0116653
1 0.978516 0.0657959 0.0390625 0.0749512 0.0112076
4 0.646484 0.307556 0.301758 0.279419 0.0106888
1 0.648926 0.303772 0.289062 0.270386 0.00932312
9 0.665527 0.309814 0.291992 0.285156 0.00914764
14 0.665527 0.309814 0.291992 0.285156 0.00897217
1 0.980713 0.922852 0.034668 0.148438 0.00854492
13 0.431641 0.266113 0.642578 0.419922 0.00653839
13 0.031723 0.866943 0.0378723 0.230957 0.0057869
14 0.982666 0.964355 0.034668 0.0673828 0.00524139
13 0.0273438 0.908447 0.0327148 0.153809 0.00523758
1 0.978271 0.0952148 0.0336914 0.130127 0.00515366
2 0.0593567 0.48938 0.0990601 0.943115 0.00495529
2 0.975342 0.967529 0.0336914 0.0610352 0.00494385
2 0.582031 0.330505 0.421875 0.282349 0.00464249
4 0.056015 0.602539 0.0613098 0.649414 0.00384712
1 0.976562 0.856445 0.0390625 0.28125 0.00360489
1 0.977539 0.173157 0.0332031 0.281616 0.00354958
2 0.510498 0.932129 0.936035 0.135742 0.00332642
19 0.665527 0.309814 0.291992 0.285156 0.00310516
1 0.0224609 0.922119 0.0307617 0.101074 0.00291634
18 0.665527 0.309814 0.291992 0.285156 0.00288582
16 0.665527 0.309814 0.291992 0.285156 0.00286102
3 0.665527 0.309814 0.291992 0.285156 0.00286102
2 0.734863 0.31604 0.31543 0.313232 0.00283813
11 0.665527 0.309814 0.291992 0.285156 0.00279617
7 0.665527 0.309814 0.291992 0.285156 0.00278664
8 0.665527 0.309814 0.291992 0.285156 0.00277328
2 0.585815 0.355591 0.398682 0.462646 0.00257683
1 0.0232849 0.895752 0.0391235 0.192871 0.00244141
15 0.665527 0.309814 0.291992 0.285156 0.00242233
17 0.665527 0.309814 0.291992 0.285156 0.0024128
1 0.0353546 0.870361 0.0472107 0.206543 0.00240707
12 0.665527 0.309814 0.291992 0.285156 0.00239372
10 0.665527 0.309814 0.291992 0.285156 0.00238419
4 0.96582 0.484863 0.0683594 0.914062 0.00237465
0 0.665527 0.309814 0.291992 0.285156 0.00234795
6 0.665527 0.309814 0.291992 0.285156 0.00233841
4 0.0473022 0.722656 0.0528564 0.515625 0.00224304
1 0.973389 0.913086 0.0336914 0.152344 0.00221062
5 0.665527 0.309814 0.291992 0.285156 0.00217056
2 0.982666 0.964355 0.034668 0.0673828 0.0021286
2 0.568848 0.46936 0.730469 0.643311 0.00169277
1 0.0380707 0.085144 0.0366516 0.151001 0.00166988
2 0.450684 0.787598 0.0371094 0.0673828 0.00149536
1 0.982422 0.94873 0.0234375 0.0791016 0.00142384
1 0.984863 0.939697 0.0302734 0.11084 0.00137997
1 0.98584 0.975342 0.0283203 0.0493164 0.00133991
2 0.507202 0.881592 0.81958 0.205566 0.00129414
2 0.660156 0.307373 0.183594 0.314453 0.00126362
13 0.982666 0.964355 0.034668 0.0673828 0.00124073
13 0.470215 0.167114 0.0332031 0.0795898 0.00121975
2 0.630859 0.465576 0.40332 0.771973 0.0011692
13 0.428162 0.196716 0.48645 0.340942 0.00115204
2 0.507446 0.796387 0.80542 0.407227 0.00114059
1 0.97583 0.942139 0.0327148 0.109863 0.00105476
