13 0.508789 0.343018 0.0791016 0.144043 0.757812
13 0.491699 0.217041 0.124023 0.37207 0.446777
13 0.49353 0.303223 0.109619 0.206055 0.236816
13 0.833008 0.697266 0.03125 0.0634766 0.184448
1 0.984375 0.944092 0.0292969 0.0805664 0.182983
2 0.509644 0.34375 0.0852051 0.139648 0.125977
1 0.980713 0.943115 0.0366211 0.109863 0.0731812
13 0.508179 0.664551 0.101807 0.129883 0.0724487
13 0.442627 0.156097 0.0351562 0.176086 0.0491028
13 0.827637 0.689453 0.0351562 0.0771484 0.0370483
13 0.800293 0.596313 0.0791016 0.52417 0.0320435
13 0.451294 0.197998 0.0544434 0.364258 0.0304871
1 0.986328 0.916992 0.0253906 0.115234 0.0288086
13 0.838379 0.706055 0.0332031 0.0722656 0.0258636
13 0.462769 0.226318 0.0881348 0.374023 0.0218048
14 0.508789 0.341797 0.0791016 0.134766 0.0151062
1 0.0336914 0.0625 0.0424805 0.100098 0.0120316
1 0.0214233 0.94165 0.0247803 0.065918 0.0109253
13 0.804688 0.493652 0.0810547 0.833008 0.01091
4 0.799805 0.456055 0.0839844 0.816406 0.0108337
1 0.975586 0.945312 0.0292969 0.0859375 0.00999451
1 0.982422 0.913086 0.0351562 0.160156 0.00981903
1 0.981934 0.961182 0.0361328 0.0717773 0.00954437
13 0.821289 0.764648 0.0439453 0.320312 0.0093689
13 0.825684 0.698242 0.0234375 0.0673828 0.0087204
1 0.508667 0.343994 0.083252 0.139648 0.00858307
13 0.82373 0.691895 0.0380859 0.126953 0.00817871
13 0.445312 0.104034 0.0283203 0.177673 0.00797272
13 0.800293 0.59668 0.0673828 0.345703 0.00791931
13 0.514648 0.333496 0.0683594 0.0952148 0.00763702
13 0.442627 0.192871 0.0429688 0.309082 0.00748062
13 0.522461 0.219727 0.203125 0.42041 0.00717926
4 0.966553 0.63562 0.0415039 0.551025 0.00704193
13 0.520508 0.300781 0.0908203 0.212891 0.00699997
13 0.829102 0.706543 0.03125 0.0869141 0.00621796
13 0.981445 0.90625 0.0351562 0.150391 0.00617981
1 0.493042 0.217224 0.121338 0.370239 0.0060997
13 0.474731 0.205078 0.123779 0.257324 0.00597
4 0.96875 0.725342 0.0527344 0.490723 0.00588608
13 0.498047 0.338379 0.162109 0.185059 0.00582504
13 0.46936 0.220398 0.190186 0.405884 0.00568771
13 0.439697 0.119385 0.03125 0.17749 0.00534439
13 0.826172 0.663574 0.0361328 0.151367 0.00525665
1 0.0203552 0.952393 0.0328979 0.0600586 0.00521088
1 0.103485 0.0244446 0.166565 0.0264282 0.00516891
1 0.0265503 0.923096 0.0408936 0.0932617 0.00511169
4 0.802734 0.660156 0.0742188 0.580078 0.00505829
1 0.0283203 0.946289 0.0257568 0.0722656 0.00484848
13 0.44165 0.151123 0.03125 0.09375 0.00484085
13 0.487671 0.675781 0.151611 0.173828 0.00482178
2 0.833496 0.697266 0.0263672 0.0683594 0.00479889
13 0.865723 0.182983 0.015625 0.0500488 0.00465012
2 0.0499115 0.421875 0.0759583 0.84375 0.00456238
13 0.521484 0.245544 0.112305 0.344849 0.00455856
13 0.818359 0.727539 0.0537109 0.494141 0.0041275
13 0.818359 0.697266 0.0273438 0.0576172 0.00379753
1 0.875488 0.0231171 0.22168 0.0239563 0.00364113
1 0.0241089 0.916504 0.0251465 0.116211 0.00359726
1 0.975342 0.923096 0.0336914 0.11084 0.00352287
4 0.509766 0.342285 0.0820312 0.141602 0.00331879
4 0.491577 0.216736 0.126221 0.405396 0.00322533
13 0.448242 0.150177 0.0410156 0.128357 0.00305748
13 0.508423 0.264404 0.115967 0.242676 0.00305367
13 0.538696 0.335693 0.156006 0.188477 0.00303268
13 0.809082 0.63916 0.0556641 0.232422 0.00302124
14 0.832031 0.695801 0.0292969 0.0703125 0.00300217
2 0.493042 0.217224 0.121338 0.370239 0.00297546
13 0.489136 0.335938 0.092041 0.155273 0.00284195
4 0.964111 0.590332 0.0581055 0.726562 0.00280952
9 0.509766 0.342773 0.0830078 0.138672 0.00279808
13 0.671875 0.179688 0.0195312 0.0585938 0.00273323
13 0.509277 0.705078 0.0908203 0.208984 0.00250435
4 0.775391 0.477173 0.109375 0.922607 0.00250053
13 0.468872 0.715332 0.109131 0.103516 0.002491
8 0.509766 0.342285 0.0820312 0.141602 0.00238419
13 0.873047 0.175415 0.0234375 0.0415039 0.0023365
13 0.512085 0.215942 0.105713 0.202881 0.00217056
1 0.0269012 0.0814514 0.0394592 0.139343 0.00216866
13 0.985352 0.935791 0.0273438 0.0834961 0.00215149
4 0.947021 0.520386 0.0649414 0.914307 0.0021019
13 0.846191 0.706055 0.0332031 0.078125 0.00207138
1 0.0207825 0.969727 0.0346069 0.0546875 0.00206757
4 0.983154 0.94165 0.0297852 0.0893555 0.00201988
14 0.981689 0.949951 0.0366211 0.0864258 0.0019989
1 0.910645 0.0252075 0.137695 0.0209961 0.00196457
7 0.508423 0.34375 0.0876465 0.136719 0.00188351
1 0.976807 0.0610504 0.0307617 0.100555 0.00187206
14 0.491699 0.217041 0.124023 0.37207 0.00187206
18 0.508423 0.34375 0.0876465 0.136719 0.00184727
5 0.509766 0.342285 0.0820312 0.141602 0.00180244
1 0.833496 0.697266 0.0263672 0.0683594 0.00173283
13 0.534668 0.235596 0.104492 0.228516 0.00167179
2 0.504395 0.351074 0.163086 0.174805 0.00165176
13 0.448242 0.162506 0.0556641 0.1828 0.001647
10 0.509766 0.342285 0.0820312 0.141602 0.00160885
3 0.509766 0.342285 0.0820312 0.141602 0.00160885
1 0.49353 0.303223 0.109619 0.206055 0.00159168
12 0.509766 0.342285 0.0820312 0.141602 0.00159073
13 0.986328 0.905029 0.0234375 0.133301 0.0015831
4 0.972656 0.900635 0.046875 0.165527 0.00157833
1 0.979736 0.0810852 0.0327148 0.122986 0.00156021
13 0.474609 0.280701 0.111328 0.245239 0.00155735
2 0.49353 0.303223 0.109619 0.206055 0.0015316
17 0.509766 0.342285 0.0820312 0.141602 0.00151157
13 0.46521 0.729004 0.190674 0.28125 0.00150299
2 0.0352173 0.287842 0.0574951 0.558105 0.00150108
13 0.788086 0.426392 0.0869141 0.811279 0.00149918
13 0.787109 0.662476 0.106445 0.612549 0.00148296
15 0.509766 0.342285 0.0820312 0.141602 0.00148201
13 0.536621 0.244385 0.0556641 0.131836 0.00146484
16 0.508423 0.34375 0.0876465 0.136719 0.00146103
19 0.509766 0.342285 0.0820312 0.141602 0.00144863
2 0.508789 0.344727 0.0703125 0.0957031 0.00144577
1 0.974854 0.884521 0.0424805 0.189941 0.00143051
4 0.982178 0.909668 0.0317383 0.147461 0.00142002
13 0.560547 0.594238 0.0507812 0.0849609 0.00139236
11 0.509766 0.342285 0.0820312 0.141602 0.00137711
6 0.508423 0.34375 0.0876465 0.136719 0.00137424
13 0.535645 0.216553 0.0761719 0.164551 0.00137043
13 0.962891 0.731934 0.046875 0.483398 0.00136471
14 0.985352 0.935547 0.0253906 0.0800781 0.00134659
13 0.443359 0.0494843 0.0224609 0.0628967 0.00134373
13 0.820801 0.700195 0.0410156 0.0683594 0.00133038
0 0.509766 0.342285 0.0820312 0.141602 0.00131893
1 0.734375 0.0269623 0.246094 0.0294495 0.00130272
1 0.968018 0.0454254 0.050293 0.0663757 0.00127602
13 0.820312 0.621582 0.0664062 0.364258 0.00123501
13 0.677734 0.177368 0.0214844 0.0595703 0.00122738
1 0.0283203 0.925781 0.0236816 0.0878906 0.00122547
4 0.974609 0.728027 0.0371094 0.411133 0.00121117
13 0.818848 0.555664 0.0888672 0.638672 0.00117874
7 0.491699 0.217041 0.124023 0.37207 0.00114632
13 0.844727 0.726074 0.0341797 0.0869141 0.00110245
13 0.865723 0.185425 0.0253906 0.0517578 0.00107574
2 0.826172 0.696289 0.0302734 0.0644531 0.00106907
1 0.975586 0.966064 0.0332031 0.0561523 0.00106621
13 0.561035 0.118774 0.0185547 0.0349121 0.00104427
5 0.491699 0.217041 0.124023 0.37207 0.00102806
1 0.662109 0.0313263 0.171875 0.0275574 0.00102425
18 0.491699 0.217041 0.124023 0.37207 0.00102043
13 0.674805 0.190369 0.0195312 0.0592041 0.00101757
1 0.990234 0.933594 0.0195312 0.0898438 0.00101662
1 0.0740509 0.913574 0.0940857 0.100586 0.00100803
13 0.981445 0.948242 0.0351562 0.0957031 0.00100613
