2 0.388916 0.839355 0.112305 0.0791016 0.733398
4 0.738281 0.55603 0.189453 0.778564 0.716797
13 0.166992 0.796875 0.046875 0.149414 0.526367
13 0.391357 0.836914 0.125 0.078125 0.40625
1 0.015564 0.952637 0.0297241 0.0791016 0.378418
4 0.757324 0.63855 0.141602 0.586182 0.378418
13 0.165283 0.763672 0.043457 0.0673828 0.173218
4 0.492554 0.632202 0.213135 0.548096 0.161743
1 0.974609 0.935303 0.0273438 0.100098 0.144165
1 0.03125 0.0459442 0.0379639 0.0724182 0.108032
13 0.175903 0.808105 0.0466309 0.148438 0.0638428
1 0.0141296 0.917969 0.026123 0.136719 0.0519104
4 0.492676 0.627075 0.142578 0.480225 0.0379333
14 0.391846 0.84082 0.111328 0.0732422 0.0374451
13 0.169922 0.835938 0.0737305 0.225586 0.037262
1 0.977295 0.919922 0.0356445 0.123047 0.0232697
2 0.866211 0.0232086 0.19043 0.0282898 0.0224915
4 0.058197 0.493896 0.0994263 0.95752 0.0214691
2 0.392578 0.833008 0.129395 0.125 0.0176086
13 0.941406 0.123138 0.0273438 0.0603638 0.0124588
2 0.398193 0.841309 0.0742188 0.0673828 0.0122681
13 0.16748 0.76416 0.0537109 0.09375 0.0122681
1 0.973633 0.950195 0.03125 0.0644531 0.0122375
13 0.169922 0.80127 0.0375977 0.0947266 0.0118484
1 0.0270844 0.0554657 0.0439758 0.103668 0.0115814
1 0.019516 0.939453 0.0300598 0.0976562 0.0111389
2 0.357666 0.838867 0.20752 0.0839844 0.0105743
13 0.736816 0.554199 0.185547 0.774414 0.0100861
1 0.019104 0.964111 0.0292969 0.0600586 0.00914764
9 0.391846 0.84082 0.111328 0.0732422 0.00870514
4 0.420288 0.663208 0.339111 0.534912 0.00850677
1 0.878906 0.0224457 0.185547 0.0262756 0.00744629
1 0.390869 0.84082 0.111328 0.0712891 0.00667191
4 0.466309 0.71582 0.214844 0.402344 0.00666046
13 0.16748 0.777832 0.0380859 0.106445 0.00595093
1 0.0190582 0.0841064 0.0285339 0.156982 0.005867
1 0.960205 0.0527954 0.0424805 0.0963135 0.00551224
1 0.977295 0.883789 0.0258789 0.207031 0.00524139
4 0.535156 0.622559 0.219727 0.639648 0.00500488
1 0.0322266 0.0739746 0.041626 0.131836 0.00498962
1 0.748047 0.547485 0.193359 0.793701 0.00477219
1 0.167236 0.799316 0.0456543 0.152344 0.00468826
13 0.094574 0.963623 0.141907 0.0532227 0.0045929
2 0.377319 0.823242 0.215088 0.151367 0.00435638
8 0.392334 0.84082 0.107422 0.0722656 0.00430679
2 0.441406 0.664062 0.301758 0.490234 0.00427628
13 0.212524 0.820801 0.0256348 0.0996094 0.00403595
4 0.960449 0.476074 0.0576172 0.780273 0.00380707
13 0.391846 0.835449 0.130371 0.143555 0.00367165
14 0.169067 0.802734 0.0529785 0.149414 0.00351906
2 0.885254 0.0291138 0.19043 0.0432129 0.00342751
1 0.0189056 0.89917 0.0298157 0.180176 0.00331688
2 0.415527 0.839844 0.142578 0.0878906 0.00330734
1 0.0158997 0.867188 0.0297241 0.257812 0.00325584
13 0.172852 0.78418 0.0751953 0.130859 0.00312233
4 0.712891 0.414551 0.162109 0.823242 0.00304794
2 0.165771 0.763672 0.0388184 0.0712891 0.00304604
2 0.387695 0.794922 0.133301 0.168945 0.00297928
2 0.0579987 0.492798 0.0976257 0.951904 0.00290489
1 0.0835266 0.967285 0.140564 0.0400391 0.00289154
13 0.164062 0.880615 0.0778809 0.23877 0.00273132
4 0.745605 0.553223 0.179688 0.456055 0.00270081
1 0.955322 0.0454865 0.0600586 0.0696716 0.00265503
2 0.0302734 0.0469971 0.0397949 0.0738525 0.00261879
1 0.165527 0.771973 0.0427246 0.100586 0.00249672
1 0.0375977 0.0397186 0.0583496 0.0582581 0.00231934
2 0.735352 0.557739 0.207031 0.77124 0.00230408
2 0.171265 0.798828 0.0476074 0.161133 0.00216103
2 0.30304 0.848145 0.328491 0.0957031 0.00215912
1 0.01651 0.916504 0.0327759 0.0917969 0.00211716
4 0.166992 0.796875 0.046875 0.149414 0.00202751
6 0.392334 0.84082 0.107422 0.0722656 0.00201797
1 0.0224609 0.0390015 0.0383301 0.0697021 0.00200272
13 0.168579 0.905762 0.0690918 0.145508 0.00199127
2 0.9646 0.0548248 0.0493164 0.106659 0.00195503
1 0.979492 0.956543 0.03125 0.0576172 0.00195122
2 0.414429 0.728027 0.216064 0.368164 0.0019455
2 0.946777 0.116455 0.0400391 0.110107 0.00188828
4 0.388916 0.839355 0.112305 0.0791016 0.00187492
13 0.0950012 0.94873 0.15033 0.0849609 0.00182629
14 0.735352 0.557739 0.207031 0.77124 0.001791
4 0.792969 0.598633 0.166016 0.668945 0.00173759
13 0.158691 0.753418 0.0368652 0.0625 0.00163746
14 0.165771 0.763672 0.0388184 0.0712891 0.00162411
13 0.946777 0.116455 0.0400391 0.110107 0.00158405
2 0.498535 0.650269 0.141602 0.500244 0.00156116
10 0.392334 0.84082 0.107422 0.0722656 0.00154781
9 0.866211 0.0232086 0.19043 0.0282898 0.00146866
19 0.391602 0.84082 0.108887 0.0742188 0.00146675
15 0.390869 0.840332 0.113281 0.0732422 0.00146008
11 0.392334 0.84082 0.107422 0.0722656 0.00146008
4 0.0446167 0.486328 0.0540771 0.748047 0.00144863
1 0.977783 0.839111 0.0327148 0.278809 0.00144577
1 0.107056 0.963623 0.200928 0.0415039 0.00144577
7 0.391846 0.84082 0.111328 0.0732422 0.0014286
16 0.392334 0.84082 0.107422 0.0722656 0.00142574
3 0.392334 0.84082 0.107422 0.0722656 0.00140953
9 0.735352 0.557739 0.207031 0.77124 0.00140667
1 0.0322266 0.91626 0.0565186 0.157715 0.00140667
13 0.353271 0.838379 0.207031 0.0869141 0.00134659
13 0.868164 0.0259552 0.199219 0.0332947 0.00133991
1 0.0274506 0.949951 0.0537415 0.0883789 0.00132561
18 0.735352 0.557739 0.207031 0.77124 0.00131226
5 0.735352 0.557739 0.207031 0.77124 0.00131226
13 0.188354 0.813477 0.0576172 0.142578 0.00130653
1 0.0840149 0.950684 0.159119 0.0810547 0.00130653
13 0.0173035 0.954102 0.0346069 0.0742188 0.0012989
0 0.735352 0.557739 0.207031 0.77124 0.00128174
2 0.382935 0.850586 0.2771 0.198242 0.00127888
1 0.96875 0.940674 0.03125 0.0756836 0.00127602
2 0.955811 0.0407715 0.0512695 0.0673828 0.00127602
13 0.177551 0.963135 0.0911865 0.0385742 0.00126743
2 0.94751 0.0513306 0.0698242 0.069458 0.00126171
12 0.387451 0.840332 0.118652 0.078125 0.00125408
6 0.735352 0.557739 0.207031 0.77124 0.00124264
15 0.735352 0.557739 0.207031 0.77124 0.0012331
3 0.735352 0.557739 0.207031 0.77124 0.0012331
12 0.735352 0.557739 0.207031 0.77124 0.00122356
2 0.015564 0.952637 0.0297241 0.0791016 0.00122261
14 0.015564 0.952637 0.0297241 0.0791016 0.00121784
7 0.735352 0.557739 0.207031 0.77124 0.00121403
1 0.757324 0.63855 0.141602 0.586182 0.00120831
16 0.735352 0.557739 0.207031 0.77124 0.00120449
4 0.497925 0.470215 0.164307 0.849609 0.00119591
8 0.735352 0.557739 0.207031 0.77124 0.00119019
2 0.46814 0.71582 0.207275 0.363281 0.00118732
10 0.735352 0.557739 0.207031 0.77124 0.00118637
11 0.735352 0.557739 0.207031 0.77124 0.00118637
5 0.392334 0.84082 0.107422 0.0722656 0.00117874
17 0.735352 0.557739 0.207031 0.77124 0.00117207
13 0.389893 0.84375 0.0737305 0.0683594 0.0011692
19 0.735352 0.557739 0.207031 0.77124 0.00116253
1 0.0212097 0.11911 0.03302 0.200745 0.00114059
0 0.391846 0.84082 0.111328 0.0732422 0.00113964
18 0.391846 0.84082 0.111328 0.0732422 0.00113487
17 0.392334 0.84082 0.107422 0.0722656 0.00113297
4 0.0243835 0.760986 0.0424194 0.478027 0.00110626
2 0.94043 0.122192 0.0244141 0.0603027 0.00109482
1 0.163818 0.855713 0.074707 0.26123 0.00106049
1 0.968018 0.0354004 0.0483398 0.0708008 0.0010128
14 0.166504 0.773438 0.0476074 0.103516 0.00100231
