2 0.573242 0.249207 0.160156 0.101685 0.841797
1 0.979248 0.955322 0.0415039 0.0854492 0.287842
1 0.0302734 0.93457 0.0279541 0.0654297 0.222534
14 0.575195 0.250244 0.149414 0.0932617 0.101196
1 0.0266418 0.928467 0.0401001 0.109863 0.065979
2 0.726562 0.138794 0.0351562 0.0317383 0.0491028
1 0.979492 0.94165 0.03125 0.114746 0.0318604
1 0.0330048 0.0578003 0.0419006 0.113647 0.0304108
1 0.976562 0.924561 0.0410156 0.150879 0.0249329
2 0.580078 0.24585 0.15918 0.158691 0.0234222
2 0.569824 0.250244 0.110352 0.0883789 0.0222778
13 0.577148 0.248047 0.145508 0.0966797 0.0201874
1 0.0321503 0.869629 0.0406799 0.213867 0.0195465
13 0.727051 0.140259 0.0351562 0.032959 0.0184937
4 0.938232 0.513794 0.0766602 0.849365 0.0150909
4 0.0654449 0.48877 0.101532 0.956055 0.0148315
1 0.970703 0.963135 0.0429688 0.0639648 0.0143967
1 0.0283203 0.904297 0.0467529 0.144531 0.0140762
1 0.983398 0.915039 0.0292969 0.130859 0.0134048
1 0.0375977 0.0882568 0.0412598 0.165283 0.0115204
1 0.0283203 0.910156 0.02771 0.119141 0.0111771
1 0.0380859 0.176697 0.0465088 0.331177 0.0111618
4 0.0477295 0.749268 0.0511475 0.468262 0.00899506
1 0.57373 0.248047 0.164062 0.0952148 0.0089798
9 0.574219 0.247803 0.15625 0.0878906 0.00885773
1 0.0224457 0.9375 0.030304 0.0625 0.00730896
14 0.977783 0.956055 0.0444336 0.0820312 0.00641632
13 0.977295 0.908691 0.0395508 0.178711 0.00600815
2 0.557617 0.237061 0.264648 0.183105 0.00582504
2 0.489136 0.479004 0.832275 0.84375 0.00551987
13 0.0321503 0.869629 0.0406799 0.213867 0.00524139
13 0.976562 0.859863 0.0429688 0.266602 0.00448608
1 0.970947 0.944824 0.0463867 0.102539 0.00413895
8 0.574219 0.251038 0.143555 0.0985107 0.00382996
2 0.571777 0.21814 0.345703 0.239502 0.00378418
13 0.0280457 0.907227 0.0374146 0.140625 0.00343895
1 0.976562 0.859863 0.0429688 0.266602 0.00337791
4 0.0531769 0.605103 0.0589294 0.651123 0.00337219
2 0.611328 0.242249 0.09375 0.0931396 0.00332069
2 0.731445 0.143188 0.0371094 0.029541 0.00297928
4 0.579102 0.246582 0.15332 0.09375 0.00293922
1 0.979248 0.886719 0.0356445 0.1875 0.00271606
1 0.02948 0.948975 0.0322266 0.059082 0.00242233
2 0.574219 0.249268 0.0722656 0.0761719 0.00237656
1 0.0366211 0.782227 0.0386963 0.366211 0.00226212
1 0.96875 0.899902 0.0429688 0.200195 0.00223923
14 0.727539 0.139282 0.0341797 0.0322266 0.00218201
14 0.0292969 0.936035 0.0310059 0.0576172 0.00217819
1 0.0400391 0.256104 0.0526123 0.487793 0.00216103
2 0.844238 0.0914001 0.311523 0.141418 0.00208664
6 0.574219 0.251038 0.143555 0.0985107 0.00207138
1 0.727051 0.140259 0.0351562 0.032959 0.00202751
10 0.577148 0.248047 0.145508 0.0966797 0.00185871
2 0.592896 0.263489 0.259521 0.171265 0.00163651
12 0.57373 0.249268 0.149414 0.10498 0.00156498
11 0.574219 0.251038 0.143555 0.0985107 0.00154686
16 0.57373 0.249268 0.149414 0.10498 0.00154114
19 0.577148 0.248047 0.145508 0.0966797 0.00148869
3 0.574219 0.251038 0.143555 0.0985107 0.00147629
7 0.57373 0.249268 0.149414 0.10498 0.00145912
15 0.579102 0.246582 0.15332 0.09375 0.00145721
2 0.381226 0.174866 0.673096 0.286011 0.00145626
2 0.0292969 0.936035 0.0310059 0.0576172 0.00144196
2 0.546387 0.273682 0.357422 0.244141 0.00143909
13 0.977539 0.954102 0.0410156 0.0898438 0.00141716
1 0.0440674 0.0546722 0.0559082 0.0979309 0.00139332
2 0.725098 0.139526 0.0722656 0.0456543 0.00138283
0 0.579102 0.246582 0.15332 0.09375 0.00136948
4 0.973877 0.785889 0.0463867 0.398926 0.00136948
2 0.705078 0.282288 0.495117 0.371948 0.00132275
1 0.984375 0.929688 0.0253906 0.0839844 0.00131512
13 0.577148 0.242432 0.166992 0.15625 0.00130558
2 0.726562 0.137329 0.0351562 0.0603027 0.00130272
2 0.977539 0.954102 0.0410156 0.0898438 0.00124741
18 0.57373 0.249268 0.149414 0.10498 0.00121975
5 0.575195 0.248779 0.154297 0.0883789 0.00121784
13 0.844238 0.0914001 0.311523 0.141418 0.00121403
17 0.574219 0.251038 0.143555 0.0985107 0.00119591
4 0.963867 0.760254 0.0527344 0.430664 0.00119114
4 0.963379 0.621704 0.0654297 0.707764 0.00117779
1 0.0366211 0.931396 0.0405273 0.0786133 0.00113773
13 0.038208 0.825684 0.0447998 0.303711 0.00111103
14 0.577148 0.242432 0.166992 0.15625 0.00111008
13 0.726074 0.129761 0.0429688 0.052002 0.00109386
2 0.513062 0.402344 0.700439 0.574219 0.0010519
1 0.967773 0.975342 0.0488281 0.0493164 0.00100136
