2 0.660156 0.279968 0.273438 0.151978 0.842773
1 0.0296631 0.94751 0.0460205 0.0932617 0.273682
1 0.981201 0.953613 0.0375977 0.0830078 0.203125
1 0.0283203 0.928223 0.0358887 0.116211 0.0825195
2 0.494141 0.532837 0.887695 0.873779 0.058136
1 0.987305 0.947266 0.0253906 0.0546875 0.0534973
13 0.648438 0.284424 0.263672 0.138672 0.0343628
1 0.0276794 0.905518 0.0409546 0.181152 0.0237427
14 0.660156 0.281067 0.257812 0.140991 0.0172882
4 0.0734253 0.473633 0.0909424 0.947266 0.0168762
1 0.980713 0.924316 0.0366211 0.133789 0.0162964
1 0.983398 0.0621338 0.0253906 0.0688477 0.0158081
9 0.650391 0.282166 0.277344 0.143677 0.0133209
13 0.981445 0.0886078 0.0292969 0.122345 0.0109634
2 0.43335 0.26709 0.758301 0.227051 0.00799561
4 0.958008 0.480957 0.0800781 0.910156 0.00794983
2 0.59668 0.290771 0.352539 0.135254 0.00711441
1 0.972412 0.95459 0.0415039 0.0732422 0.00701141
1 0.987305 0.937012 0.0195312 0.0751953 0.00631332
1 0.984863 0.0834656 0.0302734 0.116272 0.0060997
2 0.45166 0.548462 0.90332 0.545654 0.00513077
1 0.648438 0.285706 0.274414 0.146362 0.00501633
1 0.985352 0.916016 0.0214844 0.113281 0.00498581
13 0.977539 0.137848 0.0351562 0.211121 0.00473404
13 0.983398 0.0621338 0.0253906 0.0688477 0.00432205
4 0.646484 0.283447 0.270508 0.140625 0.00371742
8 0.660156 0.281067 0.257812 0.140991 0.00338554
1 0.981201 0.0715332 0.0356445 0.079834 0.00299072
1 0.984375 0.957031 0.0253906 0.0605469 0.00291443
1 0.034668 0.149445 0.038208 0.227966 0.00286484
1 0.0375824 0.0800781 0.0337219 0.142334 0.00283432
1 0.970703 0.948242 0.0566406 0.0898438 0.00265694
2 0.50293 0.291016 0.591797 0.165527 0.00259209
4 0.961182 0.619507 0.0678711 0.686768 0.00258064
6 0.650391 0.282166 0.277344 0.143677 0.00251007
1 0.979248 0.0547943 0.0395508 0.0539856 0.0021801
13 0.981201 0.0715332 0.0356445 0.079834 0.00214577
13 0.975586 0.20459 0.0429688 0.354004 0.00205612
2 0.433838 0.184265 0.771973 0.328735 0.00203514
1 0.986328 0.0561371 0.0234375 0.0505676 0.0019989
1 0.0273132 0.966797 0.0516968 0.0664062 0.00196838
1 0.0423431 0.0508881 0.0527649 0.0805969 0.00193119
1 0.0366211 0.213013 0.0477295 0.401123 0.00192642
1 0.992188 0.945801 0.015625 0.0537109 0.00187016
1 0.980469 0.83252 0.03125 0.290039 0.00186348
2 0.663086 0.281738 0.105469 0.115234 0.00178719
1 0.984863 0.942383 0.0302734 0.0878906 0.00178432
2 0.65918 0.284912 0.148438 0.155273 0.00175953
13 0.0820923 0.249512 0.019043 0.0576172 0.00172424
2 0.626465 0.321838 0.363281 0.270386 0.00171566
1 0.0336914 0.867676 0.0445557 0.237305 0.00170994
11 0.650391 0.282166 0.277344 0.143677 0.00166035
2 0.986328 0.950684 0.0214844 0.0498047 0.00165272
16 0.649414 0.283447 0.273438 0.13916 0.00165081
19 0.648438 0.285706 0.274414 0.146362 0.0016489
10 0.660156 0.281067 0.257812 0.140991 0.001647
7 0.65918 0.279297 0.261719 0.137207 0.00161648
2 0.725098 0.266846 0.368164 0.208496 0.00159931
15 0.649414 0.281921 0.267578 0.148071 0.00158024
13 0.980469 0.901611 0.0351562 0.16748 0.0015316
1 0.97168 0.918701 0.046875 0.13916 0.00151157
2 0.724121 0.282227 0.259766 0.161621 0.00149345
5 0.648438 0.285706 0.274414 0.146362 0.00149059
1 0.0303345 0.0674438 0.0402832 0.115845 0.00148869
2 0.594116 0.369263 0.571533 0.472412 0.00148773
1 0.977539 0.880371 0.0390625 0.217773 0.00146484
13 0.968018 0.160706 0.034668 0.231323 0.00146389
2 0.983398 0.0621338 0.0253906 0.0688477 0.00146294
0 0.657715 0.279053 0.269531 0.138184 0.00145149
3 0.65918 0.279297 0.261719 0.137207 0.00141621
2 0.980225 0.954834 0.0395508 0.074707 0.00137901
17 0.651367 0.282959 0.263672 0.146484 0.00136852
12 0.649414 0.281921 0.267578 0.148071 0.00136757
18 0.648438 0.285706 0.274414 0.146362 0.00134659
4 0.96582 0.726318 0.0566406 0.543457 0.00124931
1 0.977539 0.137848 0.0351562 0.211121 0.00113678
1 0.046936 0.94043 0.0753174 0.0996094 0.00112247
13 0.980225 0.954834 0.0395508 0.074707 0.00103092
13 0.967285 0.234863 0.0439453 0.385254 0.00102901
4 0.0995789 0.428223 0.147034 0.856445 0.00101948
2 0.511841 0.939697 0.898193 0.120605 0.00101948
13 0.0296631 0.94751 0.0460205 0.0932617 0.00101757
