2 0.466919 0.304199 0.126709 0.128906 0.771484
1 0.0254059 0.945801 0.0293884 0.0830078 0.274414
4 0.0552521 0.472656 0.0989685 0.945312 0.22876
4 0.0526123 0.666382 0.0561523 0.559814 0.0882568
13 0.46875 0.304688 0.118164 0.123535 0.079834
1 0.0224609 0.9375 0.0418701 0.0996094 0.052948
14 0.469238 0.299316 0.116211 0.126953 0.0464172
1 0.0251465 0.917969 0.0317383 0.142578 0.0314941
13 0.965332 0.848145 0.0439453 0.232422 0.029068
1 0.0341644 0.0667114 0.0605774 0.112183 0.024292
1 0.97168 0.0512848 0.046875 0.087616 0.0230103
13 0.956543 0.731934 0.0537109 0.451172 0.0175629
4 0.95166 0.694824 0.0595703 0.516602 0.016861
13 0.0397797 0.266724 0.0534973 0.4646 0.0137482
2 0.461304 0.316406 0.208252 0.146484 0.0134811
13 0.0346222 0.868408 0.0520935 0.228027 0.0123367
13 0.342041 0.770508 0.0483398 0.0869141 0.0116501
4 0.0556641 0.486694 0.0704346 0.774658 0.0114517
1 0.967285 0.0701447 0.0478516 0.117523 0.0107651
4 0.933594 0.497559 0.107422 0.898438 0.0100479
1 0.962158 0.183716 0.0541992 0.297119 0.00982666
1 0.463867 0.307617 0.132812 0.131836 0.00959778
4 0.0353546 0.234863 0.0550232 0.42041 0.00894928
1 0.984131 0.951416 0.0317383 0.0834961 0.00883484
13 0.0210419 0.906738 0.0333557 0.163086 0.00856781
1 0.027832 0.902832 0.0441895 0.172852 0.00821686
9 0.467651 0.304199 0.122314 0.126953 0.00767517
2 0.506714 0.301514 0.215088 0.127441 0.0075531
13 0.970459 0.811035 0.043457 0.319336 0.00735474
13 0.0327148 0.177124 0.0472412 0.327881 0.00731277
1 0.0346222 0.868408 0.0520935 0.228027 0.00726318
13 0.972412 0.882324 0.043457 0.198242 0.00726318
4 0.962891 0.73584 0.0488281 0.448242 0.00720978
1 0.963623 0.129059 0.0473633 0.224304 0.00644302
13 0.0293121 0.91626 0.033905 0.14209 0.00637817
4 0.0444336 0.297729 0.0523682 0.482666 0.00608444
2 0.0578766 0.492554 0.109833 0.952393 0.00505066
13 0.0371094 0.778076 0.043335 0.400879 0.00498581
1 0.970947 0.907227 0.034668 0.103516 0.00488663
1 0.965332 0.848145 0.0439453 0.232422 0.00457764
13 0.0448761 0.843018 0.0540466 0.29248 0.00442886
2 0.639771 0.300781 0.540771 0.165039 0.00440216
1 0.0283203 0.958984 0.0255127 0.0605469 0.00428391
13 0.956543 0.827637 0.0478516 0.253906 0.00408936
1 0.0471344 0.0569916 0.0878601 0.101837 0.0039978
8 0.465088 0.300049 0.115723 0.121582 0.00396729
13 0.0284119 0.899658 0.0523071 0.17334 0.00391006
13 0.933594 0.497559 0.107422 0.898438 0.00388145
2 0.405762 0.314453 0.307617 0.177246 0.00387001
13 0.0263824 0.944824 0.0299988 0.0810547 0.00383186
1 0.0395355 0.946289 0.0508118 0.0742188 0.00365448
2 0.481934 0.294922 0.341797 0.224121 0.00348854
1 0.979492 0.921143 0.0351562 0.118652 0.00339317
2 0.481323 0.521484 0.85376 0.788086 0.00299835
14 0.0273438 0.947266 0.0291748 0.0703125 0.00299263
2 0.431885 0.45752 0.680176 0.462891 0.00286484
4 0.466675 0.303467 0.127197 0.125 0.00277519
13 0.79541 0.510742 0.0458984 0.0830078 0.00257874
1 0.0219879 0.872559 0.0402527 0.227539 0.00253296
4 0.0499268 0.725098 0.0429688 0.432617 0.00244331
13 0.96582 0.899414 0.0292969 0.12793 0.00243187
13 0.0245667 0.112915 0.0392456 0.185547 0.00235367
2 0.0263824 0.944824 0.0299988 0.0810547 0.00233269
13 0.946289 0.674438 0.0605469 0.572998 0.00230026
2 0.681641 0.26178 0.566406 0.25769 0.00225258
1 0.0194244 0.89917 0.0324402 0.158691 0.00219536
2 0.320801 0.3125 0.556641 0.253906 0.00216293
2 0.467285 0.163757 0.724609 0.324829 0.00211334
4 0.343018 0.840332 0.0600586 0.238281 0.00202942
13 0.0421753 0.21167 0.0332031 0.220703 0.00201988
1 0.0345459 0.116425 0.0545654 0.197815 0.00200272
2 0.472168 0.293213 0.0898438 0.109375 0.00199509
2 0.382324 0.233459 0.435547 0.273315 0.00193691
19 0.468506 0.305176 0.125488 0.129883 0.00189304
10 0.469238 0.299316 0.116211 0.126953 0.00184059
13 0.490723 0.307129 0.181641 0.139648 0.00182915
13 0.962891 0.783691 0.0351562 0.350586 0.0018158
1 0.0271912 0.0935364 0.0424194 0.139099 0.00180149
5 0.468506 0.305176 0.125488 0.129883 0.0017786
15 0.468506 0.305176 0.125488 0.129883 0.0017786
6 0.465088 0.300049 0.115723 0.121582 0.00174427
7 0.468506 0.305176 0.125488 0.129883 0.00171757
2 0.524902 0.345825 0.463867 0.282959 0.00170422
12 0.468506 0.305176 0.125488 0.129883 0.00170422
1 0.976318 0.0782471 0.0395508 0.134277 0.00169373
3 0.468506 0.305176 0.125488 0.129883 0.00168419
2 0.293579 0.214111 0.516357 0.317871 0.00167942
11 0.468506 0.305176 0.125488 0.129883 0.00163937
1 0.969482 0.868164 0.0336914 0.178711 0.00161266
18 0.468506 0.305176 0.125488 0.129883 0.00156403
13 0.957031 0.878174 0.0625 0.216309 0.00155354
4 0.0938721 0.465698 0.1604 0.871338 0.00154114
17 0.468506 0.305176 0.125488 0.129883 0.00154018
1 0.983398 0.937988 0.0214844 0.0507812 0.00151062
16 0.465088 0.300049 0.115723 0.121582 0.00150394
0 0.468506 0.305176 0.125488 0.129883 0.00143623
1 0.979492 0.0442505 0.0390625 0.088501 0.00142002
13 0.669434 0.725098 0.0175781 0.0664062 0.00141811
2 0.375671 0.290771 0.421509 0.17334 0.0013895
13 0.055191 0.51709 0.0988464 0.930664 0.00132561
13 0.979492 0.921143 0.0351562 0.118652 0.00119781
1 0.960205 0.0514069 0.0639648 0.0758972 0.00116062
13 0.343018 0.840332 0.0600586 0.238281 0.00114536
1 0.960693 0.26709 0.0571289 0.501953 0.00113869
13 0.982666 0.939453 0.0327148 0.0957031 0.00113773
1 0.976318 0.896973 0.0317383 0.142578 0.0011301
1 0.0302734 0.0595093 0.041626 0.0848389 0.00110245
4 0.94165 0.63623 0.0620117 0.658203 0.001091
4 0.0391846 0.439453 0.0783691 0.878906 0.00108433
13 0.0557709 0.513794 0.0671692 0.732178 0.00103855
