2 0.482544 0.836914 0.425537 0.177734 0.752441
2 0.454712 0.803711 0.387451 0.268555 0.431396
2 0.482056 0.871094 0.46167 0.101562 0.37085
1 0.984131 0.94873 0.0317383 0.100586 0.330811
1 0.0298157 0.955078 0.0376587 0.0664062 0.319824
2 0.400269 0.870117 0.261963 0.111328 0.262939
1 0.0283203 0.944336 0.0286865 0.0722656 0.254883
13 0.606445 0.740723 0.046875 0.0908203 0.188354
2 0.489746 0.782227 0.331055 0.192383 0.184692
13 0.556641 0.757324 0.163086 0.150391 0.14563
1 0.0269165 0.940918 0.0424805 0.0966797 0.12915
14 0.400269 0.870117 0.261963 0.111328 0.126587
9 0.482056 0.871094 0.46167 0.101562 0.0887451
2 0.556641 0.757324 0.163086 0.150391 0.083374
1 0.96875 0.0551453 0.0488281 0.101624 0.0748901
1 0.980225 0.959717 0.0258789 0.0766602 0.0696411
1 0.981201 0.922607 0.0317383 0.152832 0.0678711
13 0.60498 0.734863 0.0654297 0.116211 0.0617981
13 0.496704 0.807617 0.432373 0.195312 0.0493469
9 0.484863 0.841797 0.43457 0.151367 0.0435791
1 0.977539 0.0524902 0.0429688 0.0883789 0.0404663
13 0.241211 0.153564 0.0336914 0.0947266 0.0384216
2 0.445679 0.812988 0.325439 0.168945 0.0383301
13 0.576172 0.750488 0.107422 0.134766 0.0372009
14 0.47168 0.868652 0.408203 0.124023 0.0339966
13 0.600098 0.761719 0.0742188 0.143555 0.0331726
13 0.621094 0.680664 0.0683594 0.182617 0.0296326
13 0.561523 0.780762 0.22168 0.165039 0.0285187
1 0.981445 0.973877 0.0273438 0.050293 0.0269012
2 0.591309 0.863281 0.234375 0.0273438 0.021759
1 0.985352 0.937744 0.0234375 0.0854492 0.0214996
2 0.482422 0.896973 0.458008 0.0957031 0.0214539
1 0.975342 0.932861 0.0297852 0.118652 0.0200348
2 0.503418 0.879395 0.425781 0.0625 0.0163727
1 0.975586 0.88501 0.0371094 0.214355 0.0158844
4 0.0438843 0.766113 0.0513916 0.463867 0.015007
13 0.620117 0.779297 0.114258 0.186523 0.0147781
1 0.0302734 0.927246 0.0297852 0.102539 0.0145798
13 0.619141 0.787598 0.177734 0.189453 0.0110321
1 0.0332031 0.916992 0.0378418 0.140625 0.0110016
1 0.0352173 0.869873 0.0463867 0.225098 0.0109253
4 0.0493164 0.394775 0.0665283 0.668457 0.0106735
13 0.375 0.109253 0.0966797 0.0385742 0.0103378
14 0.481934 0.831543 0.439453 0.189453 0.0100784
13 0.229736 0.24707 0.0322266 0.120605 0.0093689
4 0.0464478 0.251465 0.0596924 0.50293 0.00894928
13 0.0400391 0.808594 0.039917 0.337891 0.00869751
13 0.23584 0.231445 0.0332031 0.156738 0.0085907
1 0.0371094 0.0530701 0.046875 0.0999146 0.00854492
9 0.400269 0.870117 0.261963 0.111328 0.00797272
13 0.609863 0.717773 0.0673828 0.197266 0.00787354
1 0.0366211 0.944336 0.0362549 0.0722656 0.00756836
13 0.597656 0.86377 0.207031 0.0244141 0.00746918
1 0.0292969 0.902344 0.0505371 0.175781 0.00730896
1 0.978516 0.979492 0.0273438 0.0351562 0.00675201
13 0.0478516 0.8479 0.0489502 0.290527 0.00670242
13 0.590942 0.804688 0.355225 0.177734 0.00643158
13 0.625488 0.672852 0.0957031 0.232422 0.0062294
13 0.52832 0.133301 0.0400391 0.0571289 0.00618744
2 0.409058 0.856934 0.32251 0.15332 0.00592422
1 0.477051 0.829102 0.386719 0.186523 0.00585556
2 0.371216 0.697266 0.622803 0.441406 0.00582123
1 0.978516 0.834717 0.0332031 0.305176 0.00582123
13 0.246582 0.138916 0.0283203 0.0585938 0.0056076
13 0.472656 0.867188 0.408203 0.133789 0.0051651
14 0.606445 0.740234 0.0410156 0.0947266 0.0050354
2 0.227051 0.248718 0.0258789 0.115356 0.00503159
13 0.851074 0.830078 0.0371094 0.0800781 0.00499344
1 0.973633 0.0749207 0.0390625 0.131409 0.00495148
4 0.489136 0.812012 0.418213 0.213867 0.00465393
1 0.970459 0.110077 0.0395508 0.211975 0.00420761
9 0.482422 0.896973 0.458008 0.0957031 0.0041008
1 0.606934 0.738281 0.0527344 0.119141 0.00397491
4 0.081543 0.47168 0.0803223 0.896484 0.00391769
2 0.606445 0.740234 0.0410156 0.0947266 0.00380325
1 0.0214844 0.950439 0.0349121 0.0620117 0.00375748
2 0.61084 0.672852 0.106445 0.207031 0.00368881
2 0.460205 0.801758 0.215332 0.259766 0.00363159
2 0.434204 0.891113 0.281982 0.0634766 0.0036068
13 0.618164 0.76123 0.046875 0.15625 0.0035305
1 0.973633 0.0430298 0.0527344 0.0860596 0.0035305
1 0.0260925 0.964355 0.0485229 0.0556641 0.00349808
4 0.477539 0.858887 0.430664 0.133789 0.00341225
13 0.486206 0.778809 0.336182 0.182617 0.0033493
2 0.463867 0.736328 0.445312 0.416992 0.00326729
14 0.0293121 0.943359 0.0310974 0.0703125 0.00318336
2 0.384033 0.79248 0.561035 0.34375 0.00304413
2 0.563477 0.86377 0.353516 0.0517578 0.00304031
4 0.0611877 0.675049 0.0748901 0.649902 0.00302505
13 0.0352173 0.869873 0.0463867 0.225098 0.00299835
9 0.456055 0.802734 0.381836 0.257812 0.00299072
14 0.556641 0.757324 0.163086 0.150391 0.00286293
1 0.984375 0.89209 0.03125 0.176758 0.00282478
2 0.561523 0.780762 0.22168 0.165039 0.00279617
2 0.647949 0.865234 0.125977 0.0273438 0.00275993
13 0.847656 0.791016 0.0302734 0.132812 0.00275421
4 0.96875 0.700562 0.0546875 0.575439 0.00265312
1 0.0356445 0.0834961 0.0424805 0.148926 0.0026474
13 0.618652 0.736328 0.109375 0.136719 0.00260735
13 0.0438843 0.766113 0.0513916 0.463867 0.00259972
1 0.482056 0.871094 0.46167 0.101562 0.00258446
2 0.58252 0.864258 0.272461 0.0400391 0.00257492
13 0.970459 0.110077 0.0395508 0.211975 0.00242996
2 0.645386 0.0753784 0.646729 0.109985 0.0022831
4 0.969727 0.483887 0.0605469 0.867188 0.0022316
2 0.606445 0.737793 0.0585938 0.115234 0.00222778
4 0.950195 0.510254 0.0761719 0.836914 0.00220108
13 0.0294189 0.905518 0.041748 0.175293 0.00218201
4 0.0616455 0.436768 0.081543 0.873535 0.00214767
1 0.0224609 0.925293 0.0311279 0.114258 0.00212288
4 0.0480347 0.61853 0.0604248 0.616455 0.00209045
14 0.983154 0.947754 0.0317383 0.0791016 0.00205994
8 0.484009 0.835938 0.432373 0.177734 0.00204086
2 0.0293121 0.943359 0.0310974 0.0703125 0.00200272
1 0.970703 0.942383 0.046875 0.103516 0.00199127
1 0.0301208 0.0663757 0.0333862 0.131409 0.0019722
13 0.407227 0.870605 0.269531 0.113281 0.00191116
2 0.590942 0.804688 0.355225 0.177734 0.00186729
6 0.481934 0.831543 0.439453 0.189453 0.00186443
2 0.570435 0.873047 0.23999 0.0429688 0.0018425
13 0.0283203 0.941895 0.0318604 0.0693359 0.00182533
19 0.477051 0.829102 0.386719 0.186523 0.00170422
13 0.240723 0.181274 0.0424805 0.159912 0.00170422
13 0.844238 0.772461 0.0283203 0.0976562 0.00169373
16 0.477051 0.829102 0.386719 0.186523 0.00167179
2 0.0289917 0.953125 0.0423584 0.0664062 0.0016613
2 0.389343 0.754883 0.474243 0.243164 0.00162792
13 0.35376 0.119507 0.0498047 0.017334 0.00160599
13 0.659668 0.79248 0.0996094 0.172852 0.00159645
1 0.977783 0.89502 0.0307617 0.136719 0.0015707
18 0.477539 0.813477 0.383789 0.175781 0.00153637
7 0.477539 0.813477 0.383789 0.175781 0.0015192
6 0.482056 0.871094 0.46167 0.101562 0.00148773
17 0.477051 0.829102 0.386719 0.186523 0.00147629
1 0.972412 0.170593 0.0415039 0.312134 0.00146484
3 0.478027 0.817871 0.381836 0.178711 0.00145149
11 0.478027 0.817871 0.381836 0.178711 0.00145149
13 0.48584 0.831055 0.324219 0.185547 0.00143433
15 0.477051 0.829102 0.386719 0.186523 0.00143147
13 0.615234 0.726074 0.0449219 0.0917969 0.00140572
13 0.982422 0.948486 0.0273438 0.0913086 0.0014019
1 0.03125 0.88501 0.0291748 0.188965 0.00139713
14 0.0289917 0.953125 0.0423584 0.0664062 0.00138474
14 0.606445 0.737793 0.0585938 0.115234 0.0013752
1 0.972412 0.776855 0.0375977 0.407227 0.00137329
8 0.482056 0.871094 0.46167 0.101562 0.00133896
5 0.478027 0.817871 0.381836 0.178711 0.00130177
12 0.489746 0.813477 0.378906 0.194336 0.00129414
2 0.983154 0.950439 0.0336914 0.0893555 0.00128841
0 0.477539 0.813477 0.383789 0.175781 0.00128555
2 0.380737 0.584473 0.539307 0.569336 0.00126266
13 0.972412 0.170593 0.0415039 0.312134 0.00124645
7 0.482056 0.871094 0.46167 0.101562 0.00122929
1 0.0400391 0.808594 0.039917 0.337891 0.0012188
13 0.647949 0.865234 0.125977 0.0273438 0.00121307
13 0.0578156 0.729126 0.0640564 0.537842 0.00120068
1 0.986816 0.973633 0.0263672 0.0527344 0.00119686
13 0.976562 0.144775 0.0351562 0.219727 0.00119114
13 0.0293121 0.906006 0.0271912 0.154785 0.00117397
10 0.477539 0.813477 0.383789 0.175781 0.00116158
5 0.472656 0.867188 0.408203 0.133789 0.00115299
19 0.472656 0.867188 0.408203 0.133789 0.00113869
2 0.615723 0.613281 0.118164 0.373047 0.00113773
14 0.489746 0.782227 0.331055 0.192383 0.00113583
17 0.472656 0.867188 0.408203 0.133789 0.00112152
13 0.0298157 0.955078 0.0376587 0.0664062 0.00108337
13 0.587891 0.854004 0.228516 0.0458984 0.00108147
4 0.581055 0.78418 0.236328 0.185547 0.0010767
10 0.472656 0.867188 0.408203 0.133789 0.00106525
4 0.39917 0.869629 0.26709 0.115234 0.0010643
15 0.472656 0.867188 0.408203 0.133789 0.00106144
2 0.231384 0.234314 0.0274658 0.0963135 0.00105858
13 0.0623169 0.823975 0.0522461 0.291504 0.00105286
11 0.472656 0.867188 0.408203 0.133789 0.00104618
8 0.400269 0.870117 0.261963 0.111328 0.00102711
13 0.387451 0.103149 0.117676 0.045166 0.00101852
10 0.606445 0.740234 0.0410156 0.0947266 0.00101566
