2 0.312256 0.427002 0.128418 0.260254 0.824707
1 0.978516 0.933838 0.0410156 0.10498 0.583008
13 0.312744 0.425781 0.112305 0.240234 0.154175
1 0.982178 0.92041 0.0297852 0.116211 0.126221
1 0.978516 0.886963 0.0351562 0.177246 0.0839844
1 0.023407 0.92749 0.0253296 0.0922852 0.0683594
1 0.0229797 0.906738 0.02948 0.137695 0.0473938
1 0.0246887 0.0635681 0.0410767 0.098938 0.0420837
2 0.310486 0.423828 0.206177 0.222656 0.0380859
14 0.312744 0.425781 0.112305 0.240234 0.0258789
2 0.36084 0.422363 0.265625 0.257812 0.0146332
1 0.0341797 0.0700836 0.041626 0.105682 0.0118561
1 0.319824 0.427124 0.134766 0.260986 0.0111694
1 0.0227509 0.873047 0.0348206 0.201172 0.0105591
13 0.437988 0.211426 0.0986328 0.0898438 0.0071106
9 0.315918 0.425903 0.128418 0.244873 0.00691986
13 0.282959 0.43103 0.188965 0.272705 0.00678253
1 0.9729 0.0710297 0.0385742 0.0942688 0.00641251
1 0.979492 0.819824 0.0332031 0.327148 0.00602341
1 0.0336914 0.886719 0.0422363 0.173828 0.00468445
4 0.3125 0.426514 0.124512 0.260254 0.00416565
2 0.314941 0.421387 0.104004 0.140625 0.00406265
1 0.972656 0.909912 0.0429688 0.146973 0.00382233
2 0.495239 0.587769 0.820068 0.824463 0.00336266
1 0.970703 0.947266 0.0449219 0.0800781 0.00332451
1 0.0219116 0.943115 0.032959 0.074707 0.0032177
1 0.978271 0.96167 0.043457 0.074707 0.00309563
8 0.30957 0.426025 0.131348 0.268066 0.00300026
2 0.244629 0.423096 0.295898 0.27002 0.0029583
1 0.980469 0.952637 0.0351562 0.0615234 0.002882
1 0.984375 0.887695 0.0253906 0.152344 0.00284767
2 0.601685 0.414307 0.671631 0.696777 0.00284576
1 0.984863 0.945312 0.0302734 0.078125 0.00280762
1 0.0296936 0.832031 0.0391235 0.285156 0.00277901
13 0.239746 0.421631 0.29834 0.277832 0.00255966
14 0.979736 0.934326 0.0385742 0.0883789 0.002491
1 0.0228271 0.0856018 0.0345459 0.130066 0.00247192
13 0.979736 0.870117 0.0327148 0.197266 0.00242233
5 0.30957 0.426025 0.131348 0.268066 0.00178814
10 0.30957 0.426025 0.131348 0.268066 0.00178146
2 0.0242767 0.065979 0.0386047 0.0948486 0.0017767
19 0.3125 0.426636 0.131348 0.265869 0.00176716
4 0.980469 0.935547 0.0371094 0.09375 0.00176144
1 0.0279388 0.916016 0.0337219 0.0927734 0.00172424
2 0.323975 0.389893 0.11084 0.190918 0.00167751
18 0.30957 0.426025 0.131348 0.268066 0.00162315
7 0.30957 0.426025 0.131348 0.268066 0.0015974
1 0.9729 0.791016 0.0366211 0.380859 0.00158596
1 0.972656 0.0950623 0.03125 0.139465 0.00157547
3 0.309814 0.425781 0.125488 0.257812 0.00153542
11 0.30957 0.426025 0.131348 0.268066 0.00152397
15 0.309814 0.425781 0.125488 0.257812 0.00152206
13 0.314941 0.421387 0.104004 0.140625 0.00149441
17 0.309814 0.425781 0.125488 0.257812 0.00148201
6 0.312256 0.427124 0.119629 0.247314 0.00146675
12 0.30957 0.426025 0.131348 0.268066 0.0014658
13 0.36084 0.422363 0.265625 0.257812 0.00145626
1 0.180786 0.0354614 0.289307 0.0402832 0.00144672
2 0.978271 0.933105 0.043457 0.0966797 0.00142765
16 0.3125 0.426636 0.131348 0.265869 0.00140858
13 0.979492 0.916504 0.0371094 0.145508 0.00140858
13 0.978271 0.936279 0.0356445 0.090332 0.00139809
0 0.30957 0.426025 0.131348 0.268066 0.00134563
2 0.495605 0.150238 0.892578 0.204895 0.00132179
13 0.434814 0.185242 0.0756836 0.123169 0.00127697
2 0.0227509 0.873047 0.0348206 0.201172 0.00123215
13 0.43335 0.178955 0.153809 0.125488 0.00121593
1 0.975342 0.939697 0.0493164 0.0991211 0.00121498
13 0.0227509 0.873047 0.0348206 0.201172 0.00114441
1 0.976807 0.14624 0.0307617 0.209473 0.00112534
1 0.970703 0.850586 0.0449219 0.257812 0.0011034
4 0.97876 0.745117 0.0424805 0.46875 0.0010128
