13 0.694336 0.814941 0.0673828 0.268555 0.84668
13 0.82959 0.0845795 0.0527344 0.115997 0.236816
1 0.980713 0.94458 0.0366211 0.10498 0.144287
1 0.978516 0.0610809 0.0390625 0.0873108 0.0955811
13 0.518555 0.850098 0.0380859 0.0927734 0.0895996
13 0.705078 0.816406 0.111328 0.275391 0.0855713
4 0.946533 0.498779 0.0913086 0.975098 0.078064
13 0.375244 0.276428 0.0332031 0.116577 0.0686646
13 0.568359 0.731934 0.0927734 0.454102 0.0656128
13 0.460938 0.791504 0.132812 0.179688 0.0621643
4 0.0684814 0.482422 0.0952148 0.947266 0.059082
13 0.694824 0.822266 0.0595703 0.142578 0.0583496
4 0.0426025 0.750732 0.0457764 0.437988 0.0486145
13 0.577148 0.708984 0.0732422 0.335938 0.0337219
1 0.978516 0.913086 0.0351562 0.166016 0.0305023
2 0.701172 0.806641 0.078125 0.276367 0.0288391
13 0.623535 0.770996 0.137695 0.311523 0.0233002
13 0.699219 0.78418 0.0507812 0.239258 0.0232086
1 0.0351562 0.048172 0.0368652 0.0865173 0.0228882
13 0.707031 0.71582 0.03125 0.0830078 0.0216522
13 0.487427 0.802246 0.0895996 0.177734 0.0214691
13 0.594727 0.753418 0.111328 0.373047 0.0211639
1 0.0321655 0.953125 0.0512695 0.0859375 0.0172272
13 0.943848 0.503052 0.0966797 0.943115 0.0168152
13 0.576172 0.639038 0.0839844 0.557861 0.0156555
13 0.463745 0.744141 0.144775 0.251953 0.0150146
13 0.514648 0.839355 0.0419922 0.130859 0.0149612
13 0.635742 0.820801 0.212891 0.258789 0.0141296
1 0.985352 0.929443 0.0273438 0.0961914 0.013916
13 0.703125 0.728027 0.0283203 0.12207 0.0113068
13 0.503418 0.806641 0.0546875 0.185547 0.0112839
13 0.57019 0.801758 0.238525 0.259766 0.0104828
13 0.583008 0.543457 0.0556641 0.532227 0.00940704
13 0.492065 0.774414 0.114502 0.262695 0.00866699
13 0.59375 0.512207 0.125 0.889648 0.0085907
13 0.564453 0.804688 0.0478516 0.15332 0.00823212
13 0.980225 0.867432 0.0258789 0.210449 0.00786591
1 0.693848 0.816895 0.0683594 0.270508 0.00756073
13 0.658203 0.808594 0.135742 0.272461 0.00684738
2 0.943848 0.503052 0.0966797 0.943115 0.00681305
4 0.0479584 0.668823 0.0537415 0.568604 0.00602341
1 0.980469 0.835449 0.0273438 0.264648 0.00593948
13 0.522461 0.701172 0.201172 0.472656 0.00567245
4 0.702148 0.805664 0.0800781 0.273438 0.00563812
1 0.980713 0.96167 0.0385742 0.074707 0.00562668
1 0.977295 0.867188 0.0395508 0.25 0.00525665
14 0.695801 0.810547 0.0595703 0.253906 0.00515747
1 0.0356293 0.077301 0.0368958 0.148621 0.00501633
1 0.973877 0.960205 0.034668 0.0639648 0.00501633
13 0.567383 0.763672 0.0546875 0.308594 0.00497818
1 0.977539 0.921875 0.0410156 0.109375 0.00477219
13 0.498047 0.806641 0.155273 0.228516 0.00458527
13 0.581543 0.641602 0.0556641 0.314453 0.00434875
13 0.587891 0.63916 0.0322266 0.189453 0.00418854
13 0.372559 0.329163 0.0419922 0.243042 0.00417709
13 0.685547 0.807617 0.193359 0.326172 0.00403214
2 0.82666 0.0823059 0.0458984 0.11615 0.00393677
1 0.97168 0.939209 0.0488281 0.104004 0.00369835
13 0.218018 0.390625 0.0322266 0.135742 0.00369835
1 0.0298615 0.936279 0.0372009 0.090332 0.00352859
13 0.70166 0.63623 0.0820312 0.619141 0.00349236
13 0.734375 0.810547 0.171875 0.299805 0.00348854
13 0.709961 0.752441 0.0419922 0.174805 0.00347328
13 0.594727 0.576172 0.0214844 0.0722656 0.00346184
13 0.584473 0.694824 0.0947266 0.226562 0.00342369
1 0.032959 0.916748 0.0390625 0.121582 0.00331497
4 0.0386963 0.812988 0.0386963 0.321289 0.00310516
13 0.520142 0.785156 0.107178 0.283203 0.003088
2 0.06987 0.496338 0.0931702 0.956543 0.00299835
13 0.21875 0.391357 0.321289 0.744629 0.00296783
13 0.529297 0.822266 0.0546875 0.158203 0.00294304
1 0.977539 0.0899963 0.0351562 0.14032 0.00288582
13 0.55957 0.79834 0.119141 0.268555 0.00284195
13 0.833496 0.105316 0.0654297 0.164856 0.00276375
13 0.556152 0.777344 0.0410156 0.168945 0.00262642
1 0.042984 0.0390625 0.0585632 0.0683594 0.00255585
14 0.829102 0.0842743 0.0537109 0.113434 0.00252151
1 0.828613 0.0832825 0.0546875 0.121521 0.00247765
13 0.844238 0.0841064 0.0810547 0.127441 0.00240135
4 0.917236 0.5 0.147949 1 0.00237656
2 0.977295 0.867432 0.0356445 0.253418 0.00231743
1 0.985352 0.916016 0.0214844 0.0878906 0.00229645
1 0.0298004 0.0616455 0.0392761 0.123291 0.00224113
1 0.976318 0.0689697 0.0473633 0.125244 0.00223732
13 0.53418 0.845215 0.0380859 0.126953 0.00217819
2 0.828125 0.807617 0.3125 0.308594 0.00211143
1 0.981445 0.905273 0.0234375 0.148438 0.00209045
13 0.761719 0.823486 0.267578 0.351074 0.00206566
13 0.494019 0.82959 0.076416 0.12207 0.00204468
13 0.705078 0.648804 0.0527344 0.450439 0.00201988
13 0.703613 0.725586 0.0205078 0.0917969 0.00198364
13 0.557617 0.79834 0.0546875 0.25 0.00198174
1 0.917969 0.0478516 0.164062 0.0581055 0.00197983
13 0.0687866 0.482422 0.100952 0.956055 0.00197029
13 0.980225 0.796875 0.0297852 0.339844 0.00191784
13 0.670898 0.816162 0.292969 0.367676 0.00191689
13 0.480469 0.702148 0.146484 0.349609 0.00191116
13 0.693848 0.732422 0.0527344 0.129883 0.00190353
1 0.977783 0.792969 0.034668 0.365234 0.00189972
13 0.696289 0.716309 0.0400391 0.0898438 0.00189495
14 0.694824 0.822266 0.0595703 0.142578 0.00180817
13 0.563477 0.803711 0.0361328 0.107422 0.00180054
13 0.984375 0.899902 0.0214844 0.155273 0.00176239
13 0.0358276 0.211182 0.0444336 0.422363 0.00174618
13 0.566406 0.729004 0.078125 0.229492 0.00171757
13 0.951416 0.963623 0.0776367 0.0610352 0.00167847
1 0.0356293 0.182617 0.0405579 0.34375 0.001647
13 0.543945 0.738037 0.120117 0.496582 0.00164032
13 0.697754 0.776367 0.046875 0.145508 0.00163174
13 0.374023 0.283691 0.0239258 0.0952148 0.00160313
13 0.566895 0.836426 0.0576172 0.166992 0.00157166
4 0.0478363 0.514648 0.0578918 0.8125 0.00154209
1 0.970459 0.89917 0.0493164 0.184082 0.00154018
13 0.967285 0.782959 0.0419922 0.396973 0.00154018
13 0.558594 0.790039 0.0322266 0.0800781 0.00150681
13 0.701172 0.733398 0.09375 0.375977 0.00149441
2 0.461548 0.785156 0.143311 0.188477 0.00149345
1 0.0373688 0.793457 0.0434265 0.399414 0.00147152
19 0.693359 0.805664 0.0664062 0.269531 0.00146008
13 0.720703 0.66687 0.0947266 0.506104 0.00145626
13 0.592285 0.606934 0.0195312 0.15332 0.00140095
1 0.518555 0.852051 0.0322266 0.0927734 0.00138283
1 0.981689 0.952881 0.0268555 0.0805664 0.00135326
13 0.728027 0.55542 0.146484 0.854004 0.00133705
2 0.694824 0.822266 0.0595703 0.142578 0.00133324
13 0.523438 0.870117 0.0410156 0.157227 0.00132942
13 0.70459 0.652344 0.0380859 0.233398 0.00132561
11 0.693359 0.805664 0.0664062 0.269531 0.00130463
2 0.981445 0.905273 0.0234375 0.148438 0.00128841
4 0.82959 0.0845795 0.0527344 0.115997 0.00127983
9 0.694336 0.82373 0.0722656 0.238281 0.00125122
10 0.693359 0.805664 0.0664062 0.269531 0.00124931
13 0.37207 0.338989 0.0566406 0.351318 0.00123024
7 0.693359 0.805664 0.0664062 0.269531 0.00117397
8 0.702148 0.805664 0.0800781 0.273438 0.00117111
3 0.693359 0.805664 0.0664062 0.269531 0.00115967
13 0.824219 0.802246 0.322266 0.308594 0.00115967
13 0.977539 0.0600128 0.0410156 0.080658 0.00114918
6 0.693359 0.805664 0.0664062 0.269531 0.00114632
2 0.741455 0.511719 0.483887 0.87793 0.00114155
5 0.693359 0.805664 0.0664062 0.269531 0.00113392
13 0.969727 0.898438 0.0332031 0.177734 0.00112057
13 0.820801 0.0668488 0.0380859 0.0957947 0.00110435
13 0.710449 0.658203 0.0566406 0.185547 0.00110245
13 0.591797 0.606445 0.0351562 0.238281 0.00109863
2 0.518555 0.852051 0.0322266 0.0927734 0.0010891
1 0.0335083 0.0475464 0.0585938 0.0950928 0.0010767
18 0.693359 0.805664 0.0664062 0.269531 0.00107288
0 0.693359 0.805664 0.0664062 0.269531 0.00106907
16 0.693359 0.805664 0.0664062 0.269531 0.00106907
1 0.694824 0.822266 0.0595703 0.142578 0.0010519
13 0.347656 0.370605 0.102051 0.25 0.00103664
13 0.584473 0.455688 0.166992 0.46167 0.00103378
2 0.601562 0.477539 0.138672 0.918945 0.00100422
