2 0.302734 0.279236 0.0415039 0.225708 0.304688
14 0.306641 0.277344 0.0415039 0.227051 0.188843
2 0.252014 0.27832 0.150269 0.231934 0.166016
1 0.980469 0.955811 0.0292969 0.059082 0.156982
2 0.199707 0.280518 0.260742 0.237793 0.111145
2 0.287109 0.276855 0.0668945 0.225098 0.0916138
1 0.305176 0.277588 0.043457 0.224609 0.0608215
1 0.981201 0.915039 0.0297852 0.130859 0.0357971
2 0.365234 0.2771 0.181152 0.224121 0.0269623
2 0.333984 0.275879 0.0996094 0.229492 0.0253601
13 0.307129 0.280029 0.0424805 0.230469 0.0203552
1 0.979492 0.956543 0.0410156 0.0751953 0.0164032
2 0.483398 0.500732 0.833008 0.998535 0.0124741
14 0.295898 0.2771 0.0410156 0.232422 0.00649643
2 0.632812 0.219482 0.624023 0.313965 0.00475693
14 0.301514 0.279846 0.0361328 0.144409 0.00471115
2 0.301025 0.262878 0.0415039 0.143188 0.00460052
1 0.97876 0.867432 0.0327148 0.224121 0.00413895
4 0.0535278 0.503052 0.107056 0.917725 0.00413513
4 0.946289 0.474121 0.0839844 0.883789 0.00383377
13 0.286377 0.277588 0.0698242 0.227539 0.00354958
13 0.820801 0.415527 0.0322266 0.203125 0.00331306
13 0.252014 0.27832 0.150269 0.231934 0.00310516
13 0.0138702 0.51416 0.0277405 0.835938 0.00302696
2 0.481445 0.540894 0.945312 0.625244 0.00300789
1 0.972656 0.921387 0.0449219 0.135742 0.00292587
2 0.300598 0.276428 0.236694 0.223511 0.00281334
2 0.0562897 0.509277 0.106903 0.904297 0.00280952
1 0.287109 0.276855 0.0668945 0.225098 0.00265503
2 0.476196 0.138672 0.766357 0.277344 0.00262451
2 0.478882 0.0949402 0.852783 0.163147 0.00256729
2 0.184021 0.319092 0.3302 0.346191 0.00255203
2 0.433594 0.287415 0.397461 0.255249 0.00253487
13 0.0205078 0.290161 0.0391846 0.472412 0.00227165
13 0.196594 0.280701 0.24646 0.188599 0.00226402
1 0.98584 0.93042 0.0283203 0.0981445 0.00205612
13 0.820801 0.40918 0.0224609 0.154297 0.0020237
2 0.184509 0.22168 0.297974 0.286133 0.00194359
9 0.305176 0.277588 0.043457 0.224609 0.00177956
2 0.614258 0.393555 0.62793 0.571289 0.00171661
14 0.294434 0.277832 0.0683594 0.232422 0.00166225
13 0.333984 0.275879 0.0996094 0.229492 0.00164509
2 0.446533 0.274353 0.622559 0.241333 0.00158501
13 0.0250244 0.515625 0.0500488 0.862305 0.0015316
4 0.917236 0.497437 0.118652 0.940674 0.00138664
1 0.0262146 0.361328 0.0524292 0.652344 0.00129795
1 0.252014 0.27832 0.150269 0.231934 0.00129032
4 0.196594 0.280701 0.24646 0.188599 0.0012579
13 0.295898 0.2771 0.0410156 0.232422 0.00118542
8 0.301514 0.270996 0.0439453 0.22168 0.00117683
13 0.0175171 0.404053 0.0350342 0.775879 0.00113201
2 0.980225 0.955078 0.0297852 0.0566406 0.00111961
4 0.304932 0.272461 0.043457 0.224121 0.0011158
2 0.0771484 0.424438 0.153564 0.717529 0.00108719
14 0.252014 0.27832 0.150269 0.231934 0.00102997
14 0.980225 0.955078 0.0297852 0.0566406 0.00102806
1 0.969727 0.882324 0.0488281 0.202148 0.00100517
