2 0.609375 0.236511 0.046875 0.265259 0.723633
13 0.606934 0.233398 0.0537109 0.268066 0.675293
1 0.982666 0.966064 0.034668 0.065918 0.30835
1 0.0259705 0.95752 0.0321655 0.0791016 0.252441
2 0.621094 0.231689 0.0820312 0.269043 0.175781
2 0.600586 0.233154 0.0878906 0.277832 0.103638
13 0.856445 0.800781 0.0214844 0.0644531 0.102783
2 0.974609 0.965088 0.0371094 0.065918 0.0582886
1 0.0263367 0.938232 0.0365601 0.121582 0.0449829
2 0.644043 0.233948 0.146484 0.284058 0.0352478
2 0.768066 0.222168 0.34375 0.273438 0.0261993
1 0.972412 0.965088 0.0356445 0.065918 0.0250092
13 0.862305 0.795898 0.0234375 0.0654297 0.0224762
13 0.59668 0.230957 0.103516 0.276855 0.0190887
1 0.608398 0.233887 0.0527344 0.263184 0.0159454
1 0.981201 0.946533 0.0336914 0.106934 0.0154419
14 0.606934 0.23291 0.0556641 0.263184 0.0145416
2 0.0621033 0.495361 0.0969849 0.962402 0.0128098
2 0.489258 0.480469 0.868164 0.818359 0.0117416
4 0.0441284 0.753174 0.0423584 0.438965 0.0108337
13 0.605469 0.222168 0.0439453 0.144043 0.00911713
2 0.5625 0.234924 0.150391 0.270386 0.00902557
13 0.623047 0.241211 0.0761719 0.273926 0.00881958
2 0.685547 0.246826 0.234375 0.253906 0.00878906
4 0.0621033 0.495361 0.0969849 0.962402 0.00760651
13 0.808105 0.779785 0.0605469 0.046875 0.00643921
1 0.0311279 0.916748 0.0366211 0.156738 0.00590897
1 0.978271 0.174805 0.027832 0.25293 0.00566101
1 0.0243073 0.970703 0.0385437 0.0546875 0.0056076
1 0.979492 0.9104 0.0371094 0.179199 0.00553513
1 0.980225 0.115692 0.0258789 0.155823 0.00511932
1 0.983398 0.952148 0.0253906 0.0703125 0.00501633
1 0.978516 0.0684814 0.0273438 0.0874023 0.00455093
14 0.981934 0.962158 0.0361328 0.0698242 0.0038929
14 0.855957 0.800781 0.0175781 0.0683594 0.00387383
2 0.614258 0.234131 0.0537109 0.142578 0.00348854
13 0.658203 0.236816 0.169922 0.259766 0.00344276
2 0.855957 0.800781 0.0175781 0.0683594 0.00291061
13 0.610352 0.174835 0.0439453 0.178162 0.002882
4 0.0490723 0.640747 0.0480957 0.611084 0.0028286
4 0.608887 0.231873 0.0537109 0.258911 0.0026722
2 0.619141 0.230469 0.275391 0.269043 0.00265312
13 0.5625 0.234924 0.150391 0.270386 0.00263786
1 0.977539 0.0501709 0.03125 0.0483398 0.00245094
2 0.351685 0.205078 0.58374 0.325195 0.00237465
2 0.946533 0.517822 0.0913086 0.91748 0.00234413
2 0.769287 0.213501 0.412598 0.39624 0.00229454
9 0.610352 0.235413 0.0585938 0.26355 0.00210762
1 0.855957 0.800781 0.0175781 0.0683594 0.00205803
1 0.977539 0.979736 0.0371094 0.0385742 0.00200653
2 0.557617 0.245361 0.274414 0.290039 0.00192165
2 0.981934 0.96582 0.0361328 0.0625 0.00190353
13 0.976807 0.965088 0.0385742 0.065918 0.00187492
1 0.804199 0.0132446 0.125 0.0264893 0.00177765
4 0.947266 0.53125 0.0898438 0.935547 0.00169373
1 0.0292969 0.939941 0.0288086 0.0888672 0.00168324
13 0.768066 0.222168 0.34375 0.273438 0.00165367
1 0.739258 0.0137177 0.0498047 0.0274353 0.00164604
1 0.652832 0.0128784 0.143555 0.0239868 0.00164032
4 0.966797 0.510254 0.0625 0.880859 0.00163078
2 0.0255432 0.950195 0.0431519 0.0839844 0.00151348
8 0.609375 0.234375 0.0566406 0.255859 0.00140762
1 0.969482 0.779053 0.0415039 0.441895 0.00139523
13 0.822266 0.785645 0.0576172 0.0488281 0.00137901
1 0.979736 0.230286 0.0327148 0.357788 0.00137901
13 0.856445 0.793457 0.0292969 0.0693359 0.00121021
13 0.614258 0.148315 0.0351562 0.112305 0.00119972
1 0.979248 0.859863 0.0297852 0.262695 0.00115395
14 0.0262756 0.949707 0.0359497 0.0888672 0.00114441
13 0.972656 0.900879 0.0371094 0.198242 0.00113773
1 0.0356445 0.0817871 0.0334473 0.145996 0.00111961
13 0.034729 0.866699 0.0439453 0.229492 0.00107479
2 0.599609 0.248291 0.0498047 0.210938 0.0010643
2 0.972656 0.900879 0.0371094 0.198242 0.00101757
