2 0.584961 0.258301 0.106445 0.265137 0.77832
1 0.980957 0.953857 0.0380859 0.0883789 0.424561
13 0.586914 0.258301 0.110352 0.272461 0.1521
2 0.495239 0.529541 0.882568 0.909668 0.148193
2 0.340698 0.241516 0.584229 0.319702 0.0776978
2 0.609863 0.253967 0.174805 0.234253 0.046051
1 0.976807 0.922119 0.0405273 0.151855 0.0412903
1 0.985352 0.949463 0.0253906 0.0581055 0.0336914
2 0.542969 0.256592 0.205078 0.273926 0.0332642
1 0.0265503 0.931885 0.0366211 0.126465 0.0326233
4 0.0630493 0.484375 0.101685 0.947266 0.0297546
14 0.581055 0.256348 0.113281 0.261719 0.0242462
2 0.494751 0.560547 0.949951 0.519531 0.0240021
14 0.980469 0.956055 0.0390625 0.0800781 0.0231476
4 0.0535278 0.603516 0.0644531 0.647461 0.0203094
1 0.0266113 0.930908 0.0263672 0.0952148 0.018631
1 0.0240784 0.953125 0.0304565 0.0859375 0.0132751
2 0.0608673 0.48645 0.0982361 0.952881 0.0121994
1 0.980469 0.0654907 0.0371094 0.0924072 0.0100937
13 0.539551 0.155396 0.0234375 0.0681152 0.0100403
2 0.628418 0.26178 0.272461 0.267456 0.00822449
4 0.046875 0.748047 0.0565186 0.438477 0.00811768
1 0.0356598 0.915527 0.0409851 0.139648 0.00737762
1 0.0240479 0.967529 0.0408936 0.0649414 0.00645447
2 0.579102 0.245605 0.100586 0.143066 0.00581741
1 0.583496 0.250183 0.106445 0.259399 0.00497437
9 0.585938 0.258057 0.110352 0.270508 0.00492859
2 0.347534 0.367065 0.636963 0.617432 0.00453568
2 0.749512 0.216492 0.44043 0.335571 0.00417709
4 0.969727 0.73291 0.0566406 0.489258 0.00403595
1 0.97876 0.861572 0.0385742 0.265137 0.00391006
13 0.543945 0.185059 0.0429688 0.137695 0.0038662
1 0.975342 0.052002 0.0395508 0.0675049 0.00382614
2 0.441528 0.258789 0.39624 0.21582 0.00359344
1 0.972656 0.941406 0.0449219 0.105469 0.00345993
13 0.57373 0.253723 0.171875 0.234741 0.00310898
1 0.0355225 0.871338 0.0424805 0.218262 0.00310707
2 0.489136 0.43103 0.662354 0.772705 0.00309944
4 0.58252 0.253601 0.115234 0.268188 0.00302505
2 0.569824 0.228516 0.0908203 0.221191 0.0029583
1 0.980469 0.955566 0.0292969 0.0615234 0.00285721
13 0.976562 0.904297 0.0390625 0.169922 0.00275612
1 0.0262299 0.0827026 0.0296936 0.141479 0.00274086
1 0.986328 0.935303 0.0214844 0.0786133 0.00271034
2 0.489258 0.255066 0.328125 0.303345 0.00267601
8 0.586426 0.257019 0.115234 0.286743 0.00265503
2 0.714844 0.258789 0.335938 0.235352 0.00264359
1 0.971436 0.882568 0.0415039 0.23291 0.00244522
1 0.972412 0.0573273 0.0473633 0.0994568 0.00238228
1 0.983643 0.913818 0.0307617 0.117676 0.00233459
13 0.0283203 0.908691 0.0275879 0.143555 0.0023098
13 0.538574 0.170776 0.0322266 0.102295 0.00230408
4 0.966553 0.513794 0.0668945 0.898193 0.00229645
13 0.0318604 0.896729 0.0395508 0.177246 0.00210762
2 0.979492 0.953369 0.0390625 0.0893555 0.00198174
1 0.974609 0.960205 0.0371094 0.0737305 0.00189877
2 0.712891 0.110352 0.455078 0.173828 0.00186157
19 0.586426 0.257019 0.115234 0.286743 0.00182629
5 0.586426 0.257019 0.115234 0.286743 0.00178337
10 0.586426 0.257019 0.115234 0.286743 0.0017767
13 0.979492 0.953369 0.0390625 0.0893555 0.00172997
2 0.552734 0.212952 0.0605469 0.202026 0.001688
13 0.535156 0.249023 0.183594 0.27002 0.00166988
13 0.579102 0.245605 0.100586 0.143066 0.00165939
3 0.586426 0.257019 0.115234 0.286743 0.00158596
15 0.586426 0.257019 0.115234 0.286743 0.00155067
7 0.586426 0.257019 0.115234 0.286743 0.00153828
18 0.586426 0.257019 0.115234 0.286743 0.00150871
1 0.976562 0.0902405 0.0332031 0.135925 0.00148869
1 0.0302582 0.888428 0.0307922 0.17627 0.00148582
16 0.586426 0.257019 0.115234 0.286743 0.00148487
12 0.586426 0.257019 0.115234 0.286743 0.00145626
17 0.586426 0.257019 0.115234 0.286743 0.00143909
11 0.588379 0.256897 0.116211 0.282104 0.00143147
2 0.978516 0.908203 0.0410156 0.177734 0.00141525
6 0.586426 0.257019 0.115234 0.286743 0.00141144
13 0.97876 0.861572 0.0385742 0.265137 0.00139999
13 0.980469 0.0654907 0.0371094 0.0924072 0.00138378
2 0.954346 0.594238 0.0795898 0.764648 0.00134468
0 0.586426 0.257019 0.115234 0.286743 0.00130558
13 0.545898 0.164795 0.0332031 0.0939941 0.00126266
1 0.0336914 0.0699921 0.0389404 0.11734 0.00125599
13 0.51062 0.525024 0.851807 0.897217 0.00125504
13 0.0440674 0.866699 0.0500488 0.237305 0.00124073
4 0.045166 0.434692 0.0760498 0.775146 0.00123215
13 0.552734 0.212952 0.0605469 0.202026 0.00121498
13 0.966553 0.112671 0.0336914 0.174561 0.00120831
1 0.0216217 0.916016 0.032196 0.123047 0.001194
4 0.960938 0.665894 0.0664062 0.66626 0.00119019
13 0.978516 0.0973816 0.0371094 0.138733 0.0011797
2 0.540039 0.157349 0.0244141 0.0788574 0.00116062
13 0.971436 0.882568 0.0415039 0.23291 0.00106907
14 0.0257568 0.931396 0.0263672 0.0864258 0.00105381
13 0.569824 0.228516 0.0908203 0.221191 0.00103855
1 0.51062 0.525024 0.851807 0.897217 0.00101852
1 0.979248 0.904053 0.0297852 0.156738 0.00101471
