13 0.548828 0.862793 0.0810547 0.145508 0.804688
2 0.55957 0.744629 0.179688 0.147461 0.794434
13 0.371094 0.884766 0.0751953 0.0507812 0.739746
2 0.552734 0.859863 0.105469 0.183594 0.359131
13 0.563477 0.742676 0.151367 0.140625 0.244629
14 0.0306091 0.95874 0.0531616 0.0766602 0.208008
1 0.0288696 0.958252 0.052002 0.0776367 0.0740967
14 0.0288696 0.94873 0.0380859 0.0986328 0.0738525
4 0.0605469 0.497314 0.106689 0.95459 0.0728149
2 0.374512 0.890137 0.0854492 0.0605469 0.0589905
2 0.495117 0.468018 0.875977 0.79541 0.0464783
13 0.554199 0.859375 0.111328 0.188477 0.0425415
1 0.974365 0.159424 0.0395508 0.272949 0.0379639
2 0.493164 0.560425 0.901367 0.445557 0.0295563
1 0.55127 0.865234 0.0771484 0.141602 0.029541
1 0.97583 0.0616302 0.0366211 0.0898743 0.0214081
1 0.976318 0.918457 0.0356445 0.133789 0.0182648
13 0.385254 0.884277 0.0908203 0.0625 0.0179749
14 0.369873 0.883301 0.081543 0.0546875 0.0176544
2 0.0658569 0.503784 0.100952 0.963135 0.0158997
1 0.552734 0.859863 0.105469 0.183594 0.0150909
1 0.371094 0.884766 0.0751953 0.0507812 0.0134659
2 0.574707 0.799805 0.162109 0.257812 0.0125809
9 0.558472 0.744629 0.181885 0.139648 0.0119858
2 0.5625 0.847656 0.183594 0.192383 0.0118713
2 0.0303345 0.958984 0.0480957 0.0800781 0.0111847
2 0.53125 0.772461 0.280273 0.220703 0.0110474
13 0.370605 0.881348 0.0913086 0.0986328 0.0110397
1 0.97876 0.0838318 0.0385742 0.138489 0.0106125
2 0.55127 0.865234 0.0751953 0.142578 0.0104752
2 0.438354 0.597534 0.62915 0.617432 0.0101013
13 0.447266 0.691406 0.0478516 0.123047 0.0100403
1 0.0293579 0.934814 0.0335693 0.122559 0.00995636
14 0.554199 0.859375 0.111328 0.188477 0.00956726
13 0.524902 0.759277 0.214844 0.182617 0.00952911
14 0.55957 0.744629 0.179688 0.147461 0.00937653
13 0.549316 0.855469 0.0693359 0.0966797 0.00894928
13 0.0345612 0.9021 0.0370789 0.14502 0.00894928
13 0.555176 0.88916 0.0898438 0.119141 0.00803375
4 0.0476074 0.664917 0.0606689 0.564697 0.00716782
14 0.55127 0.865234 0.0751953 0.142578 0.00689316
2 0.585449 0.736816 0.110352 0.133789 0.00671768
1 0.558105 0.746094 0.18457 0.147461 0.00650406
13 0.564941 0.871094 0.179688 0.185547 0.00567627
2 0.563965 0.728027 0.292969 0.222656 0.00550461
1 0.979492 0.95166 0.0390625 0.0888672 0.00535965
13 0.469116 0.771973 0.35083 0.238281 0.00428391
4 0.549805 0.86084 0.0859375 0.163086 0.00398254
1 0.0341949 0.916016 0.0475769 0.15625 0.00346756
4 0.048584 0.307251 0.0610352 0.489014 0.00340462
13 0.548828 0.821289 0.152344 0.259766 0.00338554
2 0.530273 0.875977 0.175781 0.182617 0.00316429
13 0.032959 0.896484 0.0444336 0.205078 0.00310326
13 0.346191 0.882812 0.151367 0.0605469 0.002985
8 0.562988 0.742188 0.164062 0.145508 0.00297737
4 0.970215 0.452881 0.0595703 0.866699 0.00292206
2 0.0341339 0.890625 0.0552673 0.210938 0.00284576
13 0.509399 0.873047 0.203857 0.137695 0.00277138
1 0.974365 0.228821 0.043457 0.385132 0.00274277
9 0.554199 0.859375 0.111328 0.188477 0.00269318
14 0.0314331 0.918701 0.0360107 0.137207 0.00264359
2 0.495728 0.461426 0.871826 0.336914 0.00247192
1 0.97168 0.887207 0.0332031 0.194336 0.00236702
4 0.558105 0.746094 0.18457 0.147461 0.00232315
10 0.55127 0.865234 0.0771484 0.141602 0.00226593
1 0.979736 0.14679 0.034668 0.207397 0.00215721
8 0.554688 0.867676 0.0839844 0.15332 0.00214386
1 0.968262 0.0567322 0.0556641 0.09552 0.00213242
4 0.0469818 0.515015 0.0735168 0.774658 0.00204086
13 0.0303345 0.958984 0.0480957 0.0800781 0.00203705
4 0.368408 0.884766 0.081543 0.0527344 0.00202942
2 0.369873 0.780762 0.629395 0.291992 0.00200462
13 0.441406 0.666504 0.0454102 0.112305 0.00196648
2 0.478516 0.746582 0.364258 0.193359 0.00194931
1 0.0283203 0.918457 0.0258789 0.0966797 0.00192451
13 0.538086 0.838867 0.0976562 0.164062 0.00190735
13 0.576294 0.76123 0.218506 0.158203 0.00188541
1 0.96875 0.112183 0.0371094 0.192383 0.00182629
13 0.449097 0.710449 0.076416 0.133789 0.00182533
9 0.554199 0.870117 0.0839844 0.145508 0.0017786
1 0.0346832 0.946777 0.0502625 0.106445 0.00177288
4 0.926514 0.49939 0.117676 0.930908 0.00172901
19 0.55957 0.744629 0.179688 0.147461 0.00172329
5 0.554688 0.867676 0.0839844 0.15332 0.00169659
2 0.522949 0.729004 0.245117 0.158203 0.00169563
5 0.55957 0.744629 0.179688 0.147461 0.00166988
10 0.55957 0.744629 0.179688 0.147461 0.00164413
6 0.369873 0.883301 0.081543 0.0546875 0.00163555
6 0.556641 0.744141 0.186523 0.141602 0.00161934
13 0.379883 0.82373 0.391602 0.211914 0.00161552
18 0.554688 0.867676 0.0839844 0.15332 0.00160599
4 0.036377 0.472168 0.0727539 0.944336 0.00158691
7 0.554688 0.867676 0.0839844 0.15332 0.00158215
15 0.55957 0.744629 0.179688 0.147461 0.00158119
1 0.977295 0.865234 0.0336914 0.236328 0.00158119
6 0.55127 0.865234 0.0751953 0.142578 0.00157833
13 0.0385742 0.855957 0.0385742 0.210938 0.00156689
13 0.563965 0.728027 0.292969 0.222656 0.00156021
7 0.55957 0.744629 0.179688 0.147461 0.0015564
3 0.55957 0.744629 0.179688 0.147461 0.00153923
3 0.554688 0.867676 0.0839844 0.15332 0.00151062
11 0.55957 0.744629 0.179688 0.147461 0.00150871
12 0.554688 0.867676 0.0839844 0.15332 0.00150394
12 0.55957 0.744629 0.179688 0.147461 0.00150299
11 0.55127 0.865234 0.0771484 0.141602 0.00147629
1 0.0223389 0.946045 0.0411377 0.104004 0.0014677
16 0.558105 0.746094 0.18457 0.147461 0.00143909
17 0.55127 0.865234 0.0771484 0.141602 0.00143719
17 0.55957 0.744629 0.179688 0.147461 0.00143433
2 0.0420532 0.95874 0.0562744 0.0708008 0.00142288
18 0.558105 0.746094 0.18457 0.147461 0.00141621
9 0.371094 0.885254 0.0825195 0.0517578 0.00140572
16 0.554688 0.867676 0.0839844 0.15332 0.00139618
19 0.554199 0.859375 0.111328 0.188477 0.0013895
15 0.554688 0.867676 0.0839844 0.15332 0.00137424
10 0.554199 0.859375 0.111328 0.188477 0.00137329
1 0.876953 0.041748 0.212891 0.0466309 0.00135231
0 0.55957 0.744629 0.179688 0.147461 0.00134754
8 0.368652 0.884766 0.0834961 0.0537109 0.00133991
19 0.554199 0.870117 0.0839844 0.145508 0.00129318
17 0.554199 0.859375 0.111328 0.188477 0.00127506
2 0.567383 0.73877 0.0869141 0.109375 0.00126171
0 0.554688 0.867676 0.0839844 0.15332 0.00125217
19 0.369873 0.883301 0.081543 0.0546875 0.0012455
10 0.368652 0.884766 0.0834961 0.0537109 0.00123978
13 0.572754 0.831055 0.304688 0.292969 0.00123215
6 0.557617 0.856934 0.114258 0.164062 0.00121689
2 0.323608 0.498535 0.579346 0.935547 0.00117207
3 0.371094 0.885254 0.0756836 0.0527344 0.0011673
13 0.447754 0.679688 0.0380859 0.0917969 0.00115395
13 0.369873 0.780762 0.629395 0.291992 0.00113583
13 0.407227 0.878906 0.199219 0.0634766 0.00113201
2 0.566406 0.61731 0.452148 0.443115 0.00113106
11 0.557617 0.856934 0.114258 0.164062 0.00112057
16 0.368652 0.884766 0.0834961 0.0537109 0.00111961
13 0.469238 0.847656 0.286133 0.152344 0.00111294
11 0.368652 0.884766 0.0834961 0.0537109 0.00109768
13 0.0310364 0.932373 0.0359497 0.123535 0.00109482
13 0.439941 0.674316 0.178711 0.227539 0.00108719
7 0.368652 0.884766 0.0834961 0.0537109 0.00106049
18 0.368652 0.884766 0.0834961 0.0537109 0.00104809
5 0.368652 0.884766 0.0834961 0.0537109 0.00103569
13 0.0456543 0.900635 0.052002 0.140137 0.00103283
12 0.368652 0.884766 0.0834961 0.0537109 0.00102806
2 0.0368652 0.83252 0.0559082 0.321289 0.00102329
