2 0.495117 0.201416 0.150391 0.271484 0.789551
1 0.977295 0.949463 0.0395508 0.0952148 0.272949
1 0.0366211 0.0594482 0.0487061 0.110352 0.0761719
13 0.495972 0.202637 0.13208 0.251465 0.039917
2 0.718506 0.179871 0.52002 0.317017 0.0325623
1 0.979248 0.917236 0.0336914 0.149902 0.0279999
13 0.387451 0.139282 0.0195312 0.0773926 0.0190125
2 0.537598 0.200592 0.268555 0.241882 0.0185089
1 0.977783 0.861816 0.034668 0.25293 0.0166626
14 0.495605 0.202209 0.135742 0.239136 0.0153656
2 0.310303 0.200348 0.468262 0.222839 0.0120239
2 0.390137 0.138184 0.0209961 0.0922852 0.0110931
1 0.496094 0.204956 0.142578 0.27124 0.00801086
4 0.060791 0.488403 0.0979004 0.947021 0.00775528
9 0.49646 0.202942 0.13501 0.252319 0.00520706
4 0.648926 0.500488 0.114258 0.922852 0.00473404
2 0.385986 0.139526 0.0195312 0.0725098 0.00471115
2 0.442383 0.195404 0.212891 0.245911 0.00459671
1 0.0257263 0.934814 0.0321655 0.101074 0.00369072
1 0.976562 0.965576 0.046875 0.0688477 0.00366211
2 0.408325 0.229492 0.368896 0.290039 0.00362587
4 0.496216 0.200073 0.138428 0.253174 0.00341225
1 0.984375 0.955322 0.03125 0.081543 0.00321007
1 0.034668 0.10434 0.0452881 0.180969 0.00305939
8 0.495117 0.201172 0.133789 0.240723 0.00292778
2 0.060791 0.488403 0.0979004 0.947021 0.00274086
2 0.494263 0.190735 0.107178 0.140015 0.00250435
2 0.388672 0.147217 0.0327148 0.0922852 0.00232124
1 0.980225 0.930176 0.0317383 0.0888672 0.00204849
13 0.468628 0.207581 0.213135 0.231323 0.00189018
1 0.969727 0.956787 0.0332031 0.0805664 0.0018816
2 0.490234 0.15921 0.125977 0.18988 0.00180817
1 0.984375 0.927979 0.03125 0.124512 0.00179958
1 0.0274048 0.912354 0.0366211 0.130371 0.00177193
19 0.494629 0.204285 0.141602 0.278931 0.0017643
2 0.640625 0.192719 0.443359 0.235168 0.00171185
13 0.385742 0.138916 0.0292969 0.0869141 0.00170708
6 0.495117 0.202209 0.138672 0.246948 0.00166893
2 0.38208 0.138794 0.0361328 0.0861816 0.00165272
4 0.0402222 0.239319 0.0559082 0.457886 0.00164604
10 0.495117 0.202209 0.147461 0.253784 0.00163269
2 0.310791 0.223083 0.583496 0.339966 0.00161648
5 0.495117 0.202209 0.147461 0.253784 0.00158787
1 0.976318 0.830811 0.0454102 0.338379 0.00155735
7 0.495117 0.202209 0.147461 0.253784 0.00151634
1 0.971436 0.899658 0.0297852 0.181152 0.00151634
15 0.495117 0.202209 0.147461 0.253784 0.00150967
1 0.0345459 0.868652 0.0397949 0.213867 0.00146961
11 0.495117 0.202209 0.147461 0.253784 0.00146866
12 0.495117 0.202209 0.147461 0.253784 0.00145721
3 0.495117 0.202209 0.147461 0.253784 0.00144672
1 0.0225677 0.939697 0.0278625 0.0698242 0.00143814
18 0.495117 0.202209 0.147461 0.253784 0.0014019
16 0.494629 0.204285 0.141602 0.278931 0.00137424
17 0.495117 0.202209 0.147461 0.253784 0.00135422
0 0.495117 0.202209 0.147461 0.253784 0.00128651
1 0.971924 0.936035 0.034668 0.106445 0.00127792
1 0.970459 0.902588 0.0532227 0.192871 0.00126934
13 0.0362701 0.216064 0.052948 0.432129 0.00125408
13 0.648926 0.500488 0.114258 0.922852 0.00124073
2 0.97876 0.902344 0.0327148 0.1875 0.00114822
1 0.967773 0.969727 0.0429688 0.0488281 0.00110626
14 0.977295 0.949463 0.0395508 0.0952148 0.00110531
1 0.973877 0.0628357 0.034668 0.0877075 0.00108433
13 0.978516 0.948242 0.0410156 0.0957031 0.0010643
1 0.0454102 0.0459747 0.071167 0.0879822 0.00102615
13 0.979736 0.88501 0.0385742 0.210449 0.00101376
