2 0.44165 0.580078 0.309082 0.166992 0.854492
1 0.980713 0.950928 0.0307617 0.0844727 0.41626
13 0.158081 0.824219 0.0324707 0.131836 0.18811
1 0.0326996 0.948975 0.0278625 0.074707 0.17395
1 0.978516 0.947998 0.0429688 0.102051 0.132202
1 0.0323486 0.931641 0.0374756 0.128906 0.0761108
13 0.166016 0.827148 0.0358887 0.125 0.0739136
2 0.434692 0.586914 0.220459 0.138672 0.0698242
2 0.484375 0.609375 0.413086 0.203125 0.059082
1 0.979492 0.908203 0.0390625 0.177734 0.0490723
13 0.158203 0.779297 0.0441895 0.222656 0.039032
1 0.0302734 0.927979 0.0253906 0.10498 0.0326233
1 0.973633 0.0478973 0.046875 0.0836487 0.0310516
13 0.0382233 0.820068 0.0392761 0.342285 0.0307465
4 0.0447388 0.299561 0.0596924 0.512207 0.0299225
1 0.0380859 0.945068 0.0435791 0.074707 0.0210724
13 0.0447388 0.299561 0.0596924 0.512207 0.0200806
1 0.0302734 0.936768 0.0356445 0.0795898 0.0179291
13 0.160156 0.84668 0.0249023 0.123047 0.0171661
1 0.970459 0.88501 0.0473633 0.218262 0.0171509
4 0.970215 0.506348 0.0595703 0.856445 0.0167389
13 0.155273 0.750488 0.0598145 0.250977 0.0160828
1 0.0316772 0.902344 0.0303955 0.171875 0.0159149
13 0.442993 0.588867 0.299561 0.162109 0.0157471
1 0.984375 0.937744 0.0253906 0.0795898 0.0157013
1 0.976562 0.924805 0.0332031 0.115234 0.0153961
13 0.152466 0.81543 0.045166 0.165039 0.0146561
2 0.636108 0.936035 0.675049 0.0986328 0.0140228
2 0.576538 0.428467 0.733643 0.533691 0.0114288
14 0.442993 0.588867 0.299561 0.162109 0.0105438
13 0.150635 0.838379 0.0349121 0.113281 0.01017
1 0.96582 0.943848 0.0507812 0.0888672 0.00964355
9 0.439453 0.587402 0.305664 0.145508 0.00933838
1 0.447754 0.598633 0.328125 0.173828 0.00692749
1 0.0339966 0.852295 0.039917 0.260254 0.0063324
2 0.429688 0.613281 0.355469 0.15918 0.00532532
4 0.930664 0.950684 0.126953 0.0791016 0.00519943
2 0.627808 0.559326 0.636963 0.834473 0.00506592
4 0.0382233 0.820068 0.0392761 0.342285 0.00499344
14 0.97998 0.94751 0.0400391 0.097168 0.00499344
13 0.347656 0.921875 0.0292969 0.0380859 0.00494003
14 0.0324707 0.932373 0.0375977 0.129395 0.00489426
2 0.977783 0.862793 0.0424805 0.262695 0.00444794
13 0.0322876 0.903564 0.0367432 0.183105 0.00395584
1 0.945801 0.948486 0.0966797 0.0776367 0.0039444
13 0.0514984 0.838379 0.0659485 0.220703 0.00392151
1 0.158569 0.828125 0.0275879 0.12207 0.0037632
1 0.972412 0.956543 0.043457 0.0771484 0.00370026
13 0.178711 0.825684 0.0559082 0.107422 0.00356483
13 0.977539 0.902832 0.0371094 0.170898 0.00354576
13 0.128418 0.776855 0.10083 0.280273 0.00353241
1 0.980225 0.814209 0.0336914 0.324707 0.00349808
1 0.0231171 0.933594 0.0392151 0.113281 0.00346184
2 0.347656 0.921875 0.0341797 0.0361328 0.00324249
13 0.0396118 0.187317 0.0350342 0.270874 0.00321579
2 0.532349 0.637207 0.531006 0.270508 0.00308037
8 0.442383 0.586914 0.304688 0.15918 0.00307083
1 0.261719 0.0550537 0.516602 0.0585938 0.00306892
4 0.958496 0.478271 0.0712891 0.956543 0.00304413
13 0.121094 0.824707 0.105469 0.170898 0.00302696
4 0.438477 0.586914 0.303711 0.143555 0.00299835
2 0.631348 0.899902 0.678711 0.141602 0.00294685
4 0.969971 0.727661 0.0561523 0.519287 0.00289917
2 0.651001 0.953125 0.641357 0.09375 0.0027771
4 0.979492 0.85791 0.0332031 0.254883 0.00277138
13 0.14502 0.74707 0.0888672 0.287109 0.0026989
2 0.979248 0.946289 0.0395508 0.101562 0.00267601
1 0.968506 0.0333862 0.0532227 0.0598145 0.0026741
1 0.158203 0.0479736 0.250488 0.0522461 0.00260735
13 0.0485382 0.796143 0.058197 0.364746 0.00260353
1 0.0264282 0.966553 0.0415039 0.0668945 0.00260162
1 0.0224609 0.939697 0.0341797 0.0737305 0.00248718
4 0.979492 0.949707 0.0371094 0.0830078 0.00243568
14 0.0322266 0.943359 0.0339355 0.0722656 0.00229645
13 0.97876 0.942139 0.0424805 0.115723 0.00221825
6 0.442383 0.586914 0.304688 0.15918 0.00213051
13 0.0308228 0.939941 0.0410156 0.112305 0.00212288
1 0.035141 0.796875 0.0471497 0.342773 0.00212097
2 0.532837 0.557617 0.561279 0.34668 0.00210762
2 0.0574951 0.49939 0.10083 0.911377 0.00204277
2 0.975342 0.0433655 0.0473633 0.086731 0.00201035
2 0.606323 0.602905 0.640869 0.495361 0.00197029
2 0.157349 0.830078 0.0280762 0.123047 0.00195217
13 0.0374146 0.707031 0.0379639 0.585938 0.00192356
2 0.0295105 0.906738 0.0353394 0.165039 0.0018692
1 0.97876 0.873047 0.0327148 0.195312 0.00180817
13 0.0381012 0.741699 0.0290222 0.396484 0.00178528
14 0.158203 0.827148 0.0263672 0.12793 0.0017271
13 0.0322266 0.943359 0.0339355 0.0722656 0.0017271
13 0.0317383 0.918945 0.0286865 0.130859 0.00170422
4 0.980469 0.789795 0.0390625 0.375488 0.00151825
13 0.0356445 0.866455 0.0405273 0.226074 0.00150967
2 0.460815 0.562012 0.375244 0.248047 0.00150871
13 0.958252 0.498535 0.0678711 0.97168 0.00148582
2 0.452026 0.42981 0.717041 0.400146 0.00148201
13 0.981689 0.948486 0.0307617 0.0834961 0.0014782
19 0.443848 0.586914 0.313477 0.165039 0.00147057
7 0.443726 0.585449 0.303955 0.154297 0.00146961
1 0.968262 0.811035 0.0537109 0.360352 0.00146008
13 0.0370636 0.236328 0.0391541 0.397949 0.00143528
2 0.970215 0.506348 0.0595703 0.856445 0.00141048
5 0.442993 0.588867 0.299561 0.162109 0.00140762
2 0.97168 0.896484 0.0488281 0.1875 0.00139904
3 0.443726 0.585449 0.303955 0.154297 0.00139713
1 0.0380859 0.960449 0.0358887 0.0732422 0.00138378
13 0.984375 0.118866 0.0292969 0.139221 0.00138092
13 0.970459 0.88501 0.0473633 0.218262 0.00137329
10 0.443848 0.586914 0.313477 0.165039 0.00137043
15 0.443848 0.586914 0.313477 0.165039 0.00137043
1 0.926514 0.0495605 0.143066 0.0739746 0.00136185
13 0.146973 0.84082 0.0500488 0.136719 0.00136185
13 0.186035 0.953857 0.307129 0.0610352 0.00134373
0 0.438354 0.586914 0.308838 0.150391 0.00134182
1 0.895996 0.0546265 0.208008 0.05896 0.00129223
16 0.440918 0.588867 0.297852 0.151367 0.00127697
13 0.168457 0.820801 0.0856934 0.168945 0.00125122
1 0.979492 0.0636139 0.0390625 0.0883484 0.00123978
2 0.0312042 0.939697 0.0396423 0.11084 0.00123501
12 0.442993 0.588867 0.299561 0.162109 0.0012331
11 0.443848 0.586914 0.313477 0.165039 0.00122929
18 0.447754 0.598633 0.328125 0.173828 0.0012188
17 0.442993 0.588867 0.299561 0.162109 0.00118542
1 0.0457764 0.824219 0.0500488 0.289062 0.00117302
1 0.983887 0.939209 0.0322266 0.11377 0.00114822
1 0.984131 0.916748 0.0317383 0.121582 0.00110912
13 0.0453491 0.885254 0.0559082 0.206055 0.00107956
2 0.973877 0.298096 0.0522461 0.596191 0.00107765
13 0.484375 0.609375 0.413086 0.203125 0.00105
2 0.975342 0.773438 0.043457 0.417969 0.00105
2 0.0339966 0.852295 0.039917 0.260254 0.00104713
1 0.0235901 0.912842 0.0310669 0.117676 0.00104332
13 0.171387 0.799805 0.0510254 0.183594 0.00103951
14 0.982422 0.945557 0.03125 0.0737305 0.0010376
4 0.0405884 0.224976 0.0549316 0.449951 0.00103092
2 0.0322266 0.943359 0.0339355 0.0722656 0.00101471
13 0.0491943 0.836426 0.0450439 0.180664 0.0010128
13 0.35083 0.913086 0.0366211 0.0595703 0.00100899
