2 0.375488 0.1521 0.234375 0.111084 0.879395
13 0.79834 0.251709 0.0703125 0.220215 0.776367
1 0.980713 0.953857 0.0385742 0.0864258 0.49585
1 0.0283203 0.942383 0.0357666 0.101562 0.354492
1 0.981445 0.953857 0.0292969 0.0610352 0.294434
1 0.97168 0.961426 0.0390625 0.0732422 0.141235
13 0.796875 0.228516 0.0507812 0.185059 0.119873
13 0.798828 0.255127 0.0644531 0.144043 0.0825195
2 0.343262 0.137695 0.188477 0.112061 0.0510254
2 0.467285 0.141968 0.0566406 0.0778809 0.0396423
1 0.980469 0.92334 0.0332031 0.139648 0.036438
13 0.790039 0.201111 0.0498047 0.121216 0.0360413
13 0.192383 0.297607 0.0393066 0.112305 0.0348511
4 0.0433197 0.216309 0.0515442 0.420898 0.0313721
1 0.0336914 0.0581512 0.0361328 0.0914612 0.0310211
13 0.478027 0.139771 0.0380859 0.0725098 0.0298462
1 0.0319824 0.917725 0.0377197 0.14502 0.0268555
1 0.981689 0.0592499 0.0288086 0.0724182 0.0250092
13 0.779297 0.223145 0.108398 0.214844 0.0223846
4 0.0459595 0.727539 0.041748 0.448242 0.020813
13 0.467285 0.141968 0.0566406 0.0778809 0.0206909
13 0.485352 0.136963 0.0273438 0.074707 0.0198059
13 0.0495758 0.261963 0.0451355 0.437012 0.0195465
13 0.37146 0.154663 0.235596 0.12085 0.0187988
1 0.0224609 0.92334 0.036499 0.129883 0.01828
2 0.374023 0.133423 0.321289 0.203369 0.0176239
13 0.187988 0.276123 0.0429688 0.13916 0.0166779
2 0.793457 0.244812 0.0976562 0.254517 0.0152588
1 0.986328 0.940186 0.0214844 0.0649414 0.0147629
9 0.377563 0.150146 0.250732 0.112793 0.0139694
14 0.375977 0.150513 0.24707 0.113281 0.0134277
1 0.796875 0.250244 0.0654297 0.222656 0.013382
2 0.0689697 0.226379 0.0424805 0.0335693 0.0116653
2 0.320068 0.154419 0.151855 0.118652 0.0112686
2 0.44458 0.143311 0.102051 0.0805664 0.0111237
1 0.369141 0.155518 0.242188 0.122803 0.0105362
1 0.978516 0.885742 0.0332031 0.195312 0.00988007
13 0.767578 0.246155 0.201172 0.282104 0.00874329
13 0.824707 0.246399 0.209961 0.303101 0.00854492
13 0.181641 0.257812 0.0449219 0.128906 0.00843048
4 0.976807 0.245239 0.0444336 0.466553 0.00842285
4 0.0510864 0.288513 0.0455322 0.495239 0.00801086
13 0.0689697 0.226379 0.0424805 0.0335693 0.00786591
2 0.425659 0.175049 0.124268 0.0629883 0.00777817
1 0.0236816 0.963867 0.0435791 0.0722656 0.00777435
1 0.86084 0.0494385 0.237305 0.0317383 0.00692368
1 0.978271 0.0546875 0.0415039 0.0588379 0.00631332
13 0.0385742 0.133423 0.0357666 0.236084 0.00623703
13 0.788086 0.285095 0.0996094 0.199341 0.00585556
13 0.035141 0.072937 0.0332336 0.126587 0.00566101
13 0.794922 0.188538 0.119141 0.3573 0.00557327
4 0.977539 0.173706 0.0390625 0.29126 0.00536728
13 0.770508 0.17511 0.0849609 0.113159 0.00531387
13 0.806641 0.213013 0.0644531 0.294189 0.00515747
2 0.354797 0.175354 0.310913 0.193237 0.00499344
1 0.791016 0.245361 0.102539 0.249512 0.00495529
13 0.189331 0.30835 0.0324707 0.0805664 0.00492477
1 0.974365 0.940674 0.0375977 0.0952148 0.00484085
13 0.0509033 0.166321 0.0362549 0.200562 0.00479507
13 0.79541 0.300842 0.0810547 0.299683 0.00468063
2 0.483887 0.137695 0.0292969 0.0710449 0.0046463
14 0.79834 0.251465 0.0722656 0.210449 0.00461197
13 0.76123 0.133423 0.0927734 0.0881348 0.00460052
2 0.424316 0.149292 0.169922 0.0856934 0.00450134
1 0.985352 0.919189 0.0234375 0.11084 0.00445938
2 0.406494 0.132568 0.29541 0.0961914 0.00440979
1 0.969482 0.188354 0.0375977 0.241943 0.00439835
13 0.772461 0.10376 0.109375 0.11084 0.00424194
1 0.0338898 0.870117 0.0413513 0.21875 0.00419617
13 0.791016 0.18689 0.0371094 0.116943 0.00408173
1 0.96167 0.953125 0.0610352 0.0820312 0.0039711
13 0.979736 0.155212 0.0327148 0.252075 0.0038147
2 0.378418 0.15332 0.104492 0.098877 0.00378036
2 0.79834 0.244141 0.0595703 0.209961 0.00374413
13 0.44458 0.143311 0.102051 0.0805664 0.00369263
14 0.791016 0.245361 0.102539 0.249512 0.00362015
4 0.796875 0.250244 0.0654297 0.222656 0.00357437
1 0.0263672 0.887207 0.0279541 0.204102 0.00356102
2 0.473511 0.140381 0.0314941 0.0695801 0.00349236
13 0.980225 0.0997314 0.0297852 0.154541 0.00340271
4 0.793457 0.244812 0.0976562 0.254517 0.0034008
13 0.0596313 0.177368 0.0484619 0.141357 0.00333405
13 0.779785 0.237549 0.0644531 0.225098 0.00330925
8 0.37146 0.154663 0.235596 0.12085 0.00329399
13 0.0429688 0.205688 0.0439453 0.38501 0.00328445
13 0.789062 0.190613 0.0712891 0.151001 0.0032444
13 0.761719 0.158325 0.0742188 0.0810547 0.0032444
14 0.982422 0.952637 0.0332031 0.0595703 0.00312233
14 0.979736 0.95459 0.0405273 0.0791016 0.00308418
1 0.983154 0.0834351 0.0317383 0.124878 0.00290298
4 0.0371094 0.766357 0.0496826 0.439941 0.00283241
13 0.052124 0.229004 0.0356445 0.301758 0.00264931
1 0.796875 0.239075 0.0556641 0.143921 0.00259781
13 0.343262 0.137695 0.188477 0.112061 0.0025959
14 0.97168 0.95874 0.0410156 0.0708008 0.00250816
13 0.0494385 0.16214 0.0537109 0.249451 0.00250053
1 0.0322266 0.0758667 0.0438232 0.134399 0.00247574
13 0.874512 0.607422 0.0166016 0.0498047 0.00246239
2 0.972656 0.961426 0.0410156 0.0693359 0.00243187
4 0.368164 0.139862 0.25 0.106995 0.00238419
1 0.97168 0.906006 0.046875 0.187988 0.00237465
13 0.800781 0.276367 0.0830078 0.14502 0.00235939
13 0.755859 0.139038 0.0693359 0.0705566 0.00235558
1 0.979736 0.826172 0.0288086 0.300781 0.00222397
14 0.0240479 0.939453 0.0460205 0.109375 0.00218773
1 0.932129 0.962158 0.135742 0.0698242 0.00217247
1 0.880859 0.981445 0.21875 0.0273438 0.0021553
1 0.815918 0.979736 0.368164 0.0405273 0.00210571
6 0.378418 0.150391 0.25293 0.115967 0.00209618
2 0.86084 0.0494385 0.237305 0.0317383 0.00201607
1 0.856689 0.974609 0.286621 0.046875 0.00196838
2 0.979736 0.95459 0.0405273 0.0791016 0.00191402
2 0.0760498 0.221863 0.046875 0.0367432 0.00190544
13 0.801758 0.197571 0.0498047 0.138062 0.00184631
13 0.969482 0.188354 0.0375977 0.241943 0.00183773
14 0.959961 0.275146 0.0136719 0.0175781 0.00181293
13 0.17334 0.280029 0.0683594 0.132324 0.00176811
1 0.986816 0.0554199 0.0263672 0.0592041 0.00175571
13 0.772461 0.174316 0.0996094 0.259766 0.00175476
2 0.349121 0.138092 0.122559 0.0997925 0.00173855
4 0.405762 0.792236 0.0654297 0.364746 0.00170898
2 0.19397 0.30835 0.0368652 0.0898438 0.00168037
13 0.980713 0.953857 0.0385742 0.0864258 0.00165558
1 0.192383 0.297607 0.0393066 0.112305 0.00164032
19 0.370605 0.150635 0.241211 0.125 0.00164032
15 0.370605 0.150635 0.241211 0.125 0.00160217
12 0.365845 0.157043 0.247803 0.129272 0.00157833
7 0.791016 0.245361 0.102539 0.249512 0.00157547
2 0.0240479 0.939453 0.0460205 0.109375 0.00157166
18 0.791016 0.245361 0.102539 0.249512 0.00156879
7 0.365845 0.157043 0.247803 0.129272 0.00156593
16 0.365845 0.157043 0.247803 0.129272 0.00156593
5 0.791016 0.245361 0.102539 0.249512 0.00154495
8 0.791016 0.245361 0.102539 0.249512 0.00152683
13 0.0629883 0.226013 0.0301514 0.0279541 0.00150204
5 0.369629 0.15271 0.25 0.124512 0.0014925
2 0.0596924 0.214355 0.0386963 0.0771484 0.00145149
13 0.48291 0.128906 0.0341797 0.101074 0.00144958
10 0.365845 0.157043 0.247803 0.129272 0.00143719
4 0.97876 0.959473 0.0405273 0.0732422 0.0014286
14 0.469116 0.140869 0.0568848 0.0800781 0.0014267
0 0.365845 0.157043 0.247803 0.129272 0.00141525
11 0.376465 0.152588 0.239258 0.112061 0.00141144
1 0.984863 0.941162 0.0302734 0.090332 0.00141048
2 0.982422 0.952637 0.0332031 0.0595703 0.00140762
4 0.0376587 0.820557 0.038208 0.349121 0.00140476
1 0.967773 0.972168 0.046875 0.0556641 0.00139809
1 0.0299225 0.91748 0.0380554 0.0917969 0.00139713
13 0.0670776 0.221924 0.0306396 0.03125 0.00139618
13 0.801758 0.20697 0.0722656 0.171021 0.00139523
14 0.485352 0.136963 0.0273438 0.074707 0.0013876
3 0.791016 0.245361 0.102539 0.249512 0.00138474
4 0.0322266 0.865723 0.0444336 0.256836 0.00137901
19 0.800781 0.24469 0.0742188 0.224487 0.0013752
13 0.057373 0.191284 0.036377 0.19165 0.00137138
16 0.791016 0.245361 0.102539 0.249512 0.00136948
1 0.986328 0.0712738 0.0234375 0.0801086 0.00134373
12 0.791016 0.245361 0.102539 0.249512 0.00133228
3 0.365845 0.157043 0.247803 0.129272 0.0012989
14 0.796875 0.239075 0.0556641 0.143921 0.00129509
11 0.800781 0.24469 0.0742188 0.224487 0.00128746
13 0.0622559 0.226013 0.03125 0.135864 0.00127125
10 0.791016 0.245361 0.102539 0.249512 0.00126648
1 0.866211 0.985352 0.212891 0.0175781 0.00126457
4 0.0483398 0.589966 0.0496826 0.618896 0.00126362
17 0.369629 0.15271 0.25 0.124512 0.00126266
9 0.798828 0.254883 0.0722656 0.213379 0.00125408
18 0.365845 0.157043 0.247803 0.129272 0.00125408
6 0.800781 0.24469 0.0742188 0.224487 0.00124264
2 0.459106 0.130219 0.118896 0.0823364 0.00124168
4 0.0493164 0.728149 0.0578613 0.543701 0.00119114
17 0.791016 0.245361 0.102539 0.249512 0.0011797
13 0.135132 0.297852 0.147705 0.108887 0.00117683
1 0.0346069 0.0442505 0.0474854 0.0786133 0.00115871
1 0.969971 0.850342 0.0483398 0.283691 0.00114727
1 0.0306702 0.964111 0.0359497 0.0639648 0.00112629
4 0.955566 0.422119 0.0693359 0.837402 0.00112534
13 0.0283203 0.941162 0.0367432 0.102051 0.00111485
1 0.0380707 0.953857 0.0483704 0.074707 0.00111103
0 0.800781 0.24469 0.0742188 0.224487 0.00110531
2 0.057312 0.166412 0.0621338 0.20575 0.0011034
1 0.991699 0.946045 0.0166016 0.0493164 0.00109768
1 0.0556793 0.0370483 0.0834656 0.0479736 0.0010891
13 0.972656 0.961426 0.0410156 0.0693359 0.00107956
13 0.819336 0.256348 0.115234 0.223633 0.00107098
15 0.791016 0.245361 0.102539 0.249512 0.00107098
1 0.910156 0.976562 0.179688 0.0371094 0.00105286
1 0.469116 0.140869 0.0568848 0.0800781 0.0010376
13 0.844238 0.0534058 0.229492 0.0350342 0.0010252
8 0.803711 0.251282 0.0683594 0.222046 0.00101566
