13 0.213318 0.326965 0.170044 0.43103 0.822754
13 0.233582 0.350586 0.114868 0.381836 0.647949
13 0.200806 0.339294 0.0544434 0.39856 0.448242
1 0.0178223 0.937988 0.0302734 0.0634766 0.437012
1 0.980713 0.946289 0.0366211 0.0957031 0.341797
13 0.210205 0.338928 0.100098 0.421753 0.304932
1 0.983398 0.9375 0.0253906 0.0742188 0.173096
4 0.943848 0.499023 0.0888672 0.982422 0.122742
13 0.264893 0.376282 0.0986328 0.317749 0.0789795
13 0.17627 0.325439 0.0947266 0.415527 0.0776367
13 0.808594 0.940674 0.0371094 0.0561523 0.0380859
1 0.977539 0.922852 0.0390625 0.113281 0.0362244
1 0.0206146 0.920898 0.0293274 0.109375 0.0357361
1 0.986328 0.920166 0.0253906 0.106934 0.0342407
13 0.260986 0.352539 0.0649414 0.209473 0.0326538
1 0.0224762 0.931641 0.0263367 0.0585938 0.0322266
13 0.19043 0.313477 0.0429688 0.374023 0.0269775
14 0.0188599 0.936768 0.03125 0.0639648 0.0205231
13 0.151855 0.165283 0.0805664 0.0891113 0.0168915
2 0.213989 0.33197 0.141357 0.411255 0.0158997
1 0.980469 0.888672 0.0351562 0.175781 0.015686
4 0.961426 0.46228 0.0673828 0.792236 0.0105209
13 0.165649 0.701172 0.0397949 0.0703125 0.0103836
13 0.278564 0.255371 0.0458984 0.0698242 0.00999451
13 0.224365 0.444946 0.0966797 0.166748 0.00944519
1 0.973389 0.952637 0.0415039 0.0810547 0.00785828
2 0.209473 0.347717 0.0717773 0.384644 0.00774384
13 0.256836 0.307312 0.100098 0.328735 0.00774384
13 0.216553 0.366821 0.0742188 0.330811 0.00711441
1 0.23053 0.345398 0.116089 0.382446 0.00683975
4 0.21759 0.335938 0.125366 0.418945 0.00662231
13 0.16925 0.322998 0.150757 0.461426 0.00654221
4 0.977783 0.296753 0.0444336 0.560791 0.0063858
1 0.0207672 0.873291 0.030365 0.202637 0.00624084
4 0.972412 0.907959 0.0512695 0.162598 0.00590897
13 0.26709 0.352783 0.237793 0.42627 0.00577164
1 0.979492 0.189911 0.0292969 0.248596 0.00544357
13 0.250977 0.369995 0.127441 0.230713 0.00542831
13 0.655762 0.947754 0.0380859 0.0615234 0.00492477
13 0.181152 0.237061 0.0583496 0.254395 0.00484085
13 0.173279 0.332642 0.252075 0.487061 0.004776
1 0.0251923 0.944824 0.0314026 0.0673828 0.00469971
13 0.136841 0.304504 0.101562 0.366577 0.00406647
13 0.153687 0.15918 0.060791 0.0664062 0.00377083
13 0.257568 0.303711 0.0688477 0.15332 0.00344849
13 0.229492 0.428711 0.12207 0.243164 0.00343132
1 0.0190277 0.949463 0.0378723 0.0834961 0.00339699
13 0.256348 0.30542 0.0820312 0.223145 0.00338554
13 0.218628 0.473755 0.0837402 0.126709 0.00331306
14 0.214722 0.334656 0.145752 0.415649 0.00330162
2 0.234436 0.370544 0.12439 0.326294 0.0031414
4 0.248535 0.374084 0.120117 0.319214 0.00305748
13 0.03125 0.136078 0.0269775 0.213196 0.00290108
1 0.964844 0.9375 0.0585938 0.103516 0.00286293
4 0.967773 0.754883 0.0488281 0.427734 0.00284576
4 0.979248 0.786133 0.0415039 0.396484 0.00283051
13 0.272705 0.372803 0.0444336 0.175293 0.00271225
13 0.276123 0.27002 0.0522461 0.103027 0.00266647
13 0.0439453 0.359863 0.0878906 0.675781 0.0025425
1 0.213379 0.326294 0.175781 0.429443 0.00254059
13 0.155884 0.694824 0.0380859 0.0722656 0.00253677
1 0.0263367 0.0658417 0.0314331 0.103424 0.00251198
14 0.985352 0.933105 0.0292969 0.0751953 0.00246048
4 0.96582 0.677612 0.0664062 0.574463 0.00234222
13 0.15918 0.624512 0.0412598 0.226562 0.00227547
1 0.972412 0.909424 0.043457 0.153809 0.00225067
13 0.0825195 0.618652 0.017334 0.0410156 0.00221252
1 0.973633 0.969482 0.0371094 0.0512695 0.00216866
13 0.162964 0.185486 0.0708008 0.11731 0.00215149
2 0.0188599 0.936768 0.03125 0.0639648 0.00215149
13 0.160645 0.623535 0.0561523 0.292969 0.00205994
1 0.0291443 0.91748 0.038147 0.125977 0.00201607
13 0.17041 0.625488 0.0437012 0.200195 0.00200462
1 0.983398 0.148193 0.0332031 0.233398 0.00198555
13 0.186768 0.230469 0.03125 0.195312 0.00185394
13 0.168945 0.694824 0.0251465 0.0644531 0.0017519
13 0.180298 0.226318 0.120361 0.264648 0.00172806
9 0.21283 0.326599 0.170044 0.433716 0.00171947
4 0.200806 0.339294 0.0544434 0.39856 0.00169277
7 0.212341 0.328308 0.164185 0.432251 0.00168705
2 0.196594 0.332214 0.258179 0.451782 0.00166988
18 0.21283 0.326599 0.170044 0.433716 0.00163364
19 0.213379 0.326294 0.175781 0.429443 0.00160503
13 0.0264893 0.0985107 0.0343018 0.156006 0.00152111
16 0.21283 0.326599 0.170044 0.433716 0.00150585
13 0.0327301 0.182617 0.0329285 0.304688 0.00149727
13 0.274902 0.41272 0.0639648 0.260498 0.00148773
1 0.0253906 0.922852 0.0361328 0.0820312 0.00147152
5 0.214722 0.334656 0.145752 0.415649 0.00147057
1 0.195984 0.332458 0.0455322 0.397583 0.0014677
1 0.98584 0.902832 0.0283203 0.151367 0.00144672
13 0.29541 0.277893 0.0668945 0.122437 0.00143719
3 0.21283 0.326599 0.170044 0.433716 0.00143623
13 0.0415039 0.290649 0.0595703 0.500732 0.00142956
13 0.923828 0.581055 0.0195312 0.0507812 0.00141144
4 0.916992 0.5 0.132812 1 0.00139332
6 0.213379 0.326294 0.175781 0.429443 0.00138855
1 0.990723 0.932861 0.0185547 0.0795898 0.0013876
2 0.195984 0.332458 0.0455322 0.397583 0.00137997
1 0.0223083 0.967285 0.0385132 0.0654297 0.00137424
8 0.214722 0.334656 0.145752 0.415649 0.00135994
4 0.17627 0.325439 0.0947266 0.415527 0.00135803
13 0.11853 0.348145 0.101562 0.477539 0.00134468
14 0.219055 0.349365 0.086792 0.388184 0.00132847
11 0.220215 0.332397 0.161621 0.430908 0.0013237
13 0.178223 0.693359 0.0522461 0.0703125 0.00131607
12 0.21283 0.326599 0.170044 0.433716 0.00130844
18 0.234802 0.350952 0.113403 0.380127 0.00129414
13 0.0178223 0.937988 0.0302734 0.0634766 0.00127316
14 0.980713 0.946289 0.0366211 0.0957031 0.00127029
13 0.090332 0.365112 0.150635 0.5979 0.00125885
10 0.21283 0.326599 0.170044 0.433716 0.00124836
1 0.980225 0.212463 0.0375977 0.397339 0.00124168
4 0.974854 0.94043 0.0385742 0.101562 0.00123405
16 0.234802 0.350952 0.113403 0.380127 0.00121689
0 0.213379 0.326294 0.175781 0.429443 0.00121117
4 0.983398 0.911621 0.03125 0.129883 0.00120926
3 0.234802 0.350952 0.113403 0.380127 0.00120258
13 0.142944 0.151489 0.114014 0.0754395 0.00118732
13 0.0986328 0.555176 0.0270996 0.125977 0.00118732
17 0.214722 0.334656 0.145752 0.415649 0.00117779
13 0.980957 0.945557 0.0380859 0.0952148 0.00117016
19 0.228699 0.343933 0.116821 0.37854 0.0011692
12 0.234802 0.350952 0.113403 0.380127 0.00116539
9 0.234802 0.350952 0.113403 0.380127 0.00116539
1 0.0327759 0.052124 0.0400391 0.0714111 0.00116348
6 0.23053 0.345398 0.116089 0.382446 0.00114536
1 0.209167 0.347168 0.0670166 0.384766 0.00114059
2 0.0263367 0.0658417 0.0314331 0.103424 0.00113392
10 0.234802 0.350952 0.113403 0.380127 0.00112915
1 0.97876 0.873291 0.0424805 0.245605 0.00112438
1 0.0273285 0.925293 0.0266418 0.0644531 0.00111103
15 0.21283 0.326599 0.170044 0.433716 0.00110245
13 0.142578 0.151978 0.0668945 0.0712891 0.00109482
13 0.67334 0.946777 0.0732422 0.0634766 0.00107384
1 0.975342 0.178955 0.0454102 0.250977 0.00107288
1 0.981689 0.956055 0.0268555 0.0664062 0.00105667
13 0.137695 0.168335 0.0458984 0.0866699 0.00105286
13 0.164551 0.175293 0.0463867 0.0913086 0.00104713
1 0.984375 0.123688 0.03125 0.135925 0.00104141
13 0.903076 0.287842 0.146973 0.0698242 0.00102234
13 0.919922 0.583496 0.0175781 0.0585938 0.00101948
1 0.978271 0.147736 0.0356445 0.176208 0.00101471
15 0.234802 0.350952 0.113403 0.380127 0.00100899
0 0.228699 0.343933 0.116821 0.37854 0.00100803
