2 0.32074 0.785156 0.317505 0.0976562 0.754883
13 0.312378 0.779785 0.336182 0.107422 0.301514
1 0.980469 0.956543 0.0371094 0.0810547 0.289062
1 0.0274963 0.944824 0.0307007 0.0693359 0.145508
1 0.0302734 0.928711 0.0228271 0.0820312 0.0464783
1 0.0395508 0.0531616 0.0472412 0.086792 0.0415955
1 0.0282135 0.93335 0.0380554 0.100098 0.0414124
9 0.324219 0.786621 0.333008 0.105469 0.0368042
1 0.0297241 0.916504 0.0266113 0.133789 0.0334473
2 0.321655 0.776367 0.348877 0.163086 0.0320435
4 0.965576 0.675293 0.0571289 0.598633 0.0317993
14 0.981201 0.956787 0.0375977 0.0786133 0.0264893
1 0.980225 0.922119 0.0317383 0.140137 0.0247345
1 0.973877 0.946533 0.0307617 0.0854492 0.0226288
1 0.980225 0.947021 0.0239258 0.0668945 0.020401
14 0.325134 0.787109 0.327271 0.101562 0.0161438
13 0.220459 0.0902557 0.274414 0.120514 0.0142288
13 0.312012 0.924316 0.0351562 0.0585938 0.0139542
1 0.975342 0.967529 0.027832 0.0571289 0.0133209
2 0.0410156 0.459351 0.0562744 0.846924 0.012886
2 0.0552063 0.491699 0.0892944 0.954102 0.0117493
1 0.0327148 0.944336 0.0266113 0.0546875 0.0110016
13 0.888672 0.0733032 0.0966797 0.0814209 0.0108643
4 0.978271 0.72998 0.0375977 0.411133 0.0106277
4 0.972656 0.893555 0.0390625 0.179688 0.00939178
13 0.910156 0.0714264 0.0996094 0.0924988 0.00767517
4 0.969727 0.829346 0.0449219 0.315918 0.00724411
2 0.391357 0.789551 0.214355 0.0927734 0.00613785
13 0.312195 0.798828 0.359009 0.220703 0.00603485
1 0.975342 0.922852 0.0317383 0.109375 0.00568771
1 0.026474 0.958252 0.0312805 0.0463867 0.00564575
4 0.322815 0.782715 0.317261 0.109375 0.0054245
4 0.97583 0.847168 0.0366211 0.250977 0.00476837
4 0.0552063 0.491699 0.0892944 0.954102 0.00471497
2 0.0298157 0.88916 0.0355835 0.18457 0.00462341
1 0.978271 0.0553589 0.0317383 0.0906982 0.00439072
1 0.319458 0.779785 0.335693 0.111328 0.0042038
13 0.104248 0.818359 0.0258789 0.0810547 0.00418472
2 0.0366669 0.290649 0.0550842 0.553467 0.00408173
1 0.0370941 0.941406 0.0400696 0.0644531 0.0037899
4 0.976562 0.777832 0.0332031 0.272461 0.00361061
1 0.984863 0.939941 0.0302734 0.110352 0.00319672
1 0.969971 0.0583954 0.034668 0.0975647 0.00304413
1 0.0253754 0.968018 0.0332336 0.0385742 0.00293922
1 0.982422 0.934082 0.0234375 0.0732422 0.00290298
14 0.0282135 0.93457 0.0392761 0.0996094 0.00277901
8 0.318359 0.788086 0.321289 0.103516 0.00275612
6 0.319763 0.787109 0.327271 0.107422 0.00267982
4 0.976318 0.928955 0.0375977 0.106934 0.00260544
1 0.980469 0.0829773 0.0292969 0.136292 0.00257111
1 0.0294037 0.887939 0.021637 0.181152 0.002491
2 0.0318604 0.838379 0.0373535 0.286133 0.00242233
1 0.96875 0.0478973 0.0507812 0.0711975 0.0023613
2 0.0282135 0.93335 0.0380554 0.100098 0.00224304
1 0.982422 0.915527 0.0273438 0.0966797 0.00220299
4 0.979492 0.870117 0.0292969 0.172852 0.00215149
4 0.969727 0.77832 0.0585938 0.431641 0.00208282
2 0.0385284 0.864258 0.0403748 0.232422 0.00205421
1 0.96582 0.938965 0.0507812 0.0927734 0.00197601
1 0.9729 0.961426 0.0385742 0.0654297 0.00194263
1 0.0298157 0.88916 0.0355835 0.18457 0.00187969
1 0.0224609 0.92334 0.027832 0.0791016 0.0018158
11 0.321228 0.786621 0.327271 0.104492 0.00181484
16 0.318359 0.788086 0.321289 0.103516 0.00181103
1 0.978516 0.0686035 0.0429688 0.131836 0.00178337
4 0.954346 0.564941 0.0639648 0.868164 0.00175953
2 0.385376 0.790039 0.338623 0.111328 0.00175095
19 0.318359 0.788086 0.321289 0.103516 0.00168133
5 0.318359 0.788086 0.321289 0.103516 0.0016489
1 0.985352 0.957031 0.0253906 0.0683594 0.00160503
2 0.0363159 0.128052 0.0529785 0.234131 0.00159645
13 0.326172 0.927246 0.0410156 0.0615234 0.00159359
4 0.0410156 0.459351 0.0562744 0.846924 0.00154305
1 0.0348969 0.0635223 0.0456848 0.123688 0.0015192
2 0.0421143 0.42041 0.0842285 0.84082 0.00151825
0 0.319763 0.787109 0.327271 0.107422 0.00147057
13 0.321289 0.779785 0.183105 0.104492 0.00146294
13 0.848145 0.0725708 0.204102 0.0875244 0.00145721
17 0.318359 0.788086 0.321289 0.103516 0.00138378
1 0.986328 0.968262 0.0273438 0.0634766 0.00136948
15 0.319763 0.787109 0.327271 0.107422 0.00136566
10 0.319763 0.787109 0.327271 0.107422 0.00136185
2 0.0302887 0.938232 0.0263367 0.0629883 0.00133133
1 0.0258789 0.967773 0.0390625 0.0644531 0.00132465
2 0.248291 0.785156 0.230957 0.114258 0.00132179
2 0.982422 0.956787 0.0351562 0.0805664 0.00131798
14 0.0292511 0.937012 0.0264587 0.0869141 0.00130367
12 0.324646 0.785156 0.331177 0.108398 0.001297
3 0.318359 0.788086 0.321289 0.103516 0.00128937
1 0.0197449 0.949463 0.0394897 0.081543 0.00124454
13 0.982422 0.956787 0.0351562 0.0805664 0.00123882
13 0.312744 0.918457 0.0239258 0.0605469 0.00122833
2 0.220459 0.0902557 0.274414 0.120514 0.00122261
18 0.315857 0.779785 0.335083 0.113281 0.00121403
7 0.324646 0.785156 0.331177 0.108398 0.00119972
1 0.981445 0.887695 0.0351562 0.191406 0.0011282
4 0.791992 0.73584 0.110352 0.452148 0.00112343
1 0.0233154 0.983154 0.0377197 0.0317383 0.00110435
4 0.962891 0.881592 0.0644531 0.23291 0.00110435
13 0.11731 0.813965 0.0432129 0.0888672 0.00108528
1 0.980469 0.855469 0.0292969 0.146484 0.0010767
1 0.0318604 0.838379 0.0373535 0.286133 0.00105762
14 0.975342 0.952393 0.0297852 0.0678711 0.00105476
