2 0.367554 0.205444 0.260986 0.138916 0.842285
14 0.270508 0.69043 0.0273438 0.0341797 0.743652
1 0.970947 0.932129 0.0307617 0.0869141 0.0930786
1 0.0201416 0.0673828 0.0332031 0.134766 0.039978
2 0.270508 0.171112 0.505859 0.215881 0.0357361
1 0.0253906 0.0381775 0.0308838 0.076355 0.0290222
2 0.35498 0.201904 0.322266 0.193848 0.0273895
1 0.97168 0.899902 0.0332031 0.145508 0.0196075
4 0.0585938 0.484985 0.0966797 0.934326 0.0158081
2 0.5177 0.454468 0.841553 0.813721 0.0142212
2 0.290955 0.200134 0.431763 0.143677 0.0139618
14 0.263916 0.691406 0.0297852 0.0371094 0.0129166
14 0.273438 0.689941 0.043457 0.0429688 0.0122604
13 0.367554 0.205444 0.260986 0.138916 0.0122528
14 0.365234 0.204468 0.274414 0.147217 0.0104065
9 0.365479 0.205139 0.270996 0.144409 0.0103531
1 0.962646 0.922852 0.0375977 0.123047 0.00754929
2 0.0253906 0.0369568 0.0367432 0.0739136 0.0071907
4 0.0459442 0.730469 0.0472717 0.464844 0.00656891
13 0.858398 0.0950928 0.182617 0.078125 0.00635529
2 0.50293 0.435547 0.929688 0.464844 0.00614166
1 0.365356 0.213135 0.290771 0.149414 0.0060997
13 0.972656 0.86499 0.0390625 0.215332 0.00606155
2 0.971436 0.903564 0.0317383 0.14209 0.0059967
1 0.0251007 0.882568 0.0433044 0.178223 0.00585556
1 0.950684 0.884277 0.0615234 0.19043 0.00569153
13 0.973389 0.900146 0.0317383 0.13916 0.00521088
1 0.0150299 0.884766 0.0300598 0.160156 0.00499344
2 0.0585938 0.484985 0.0966797 0.934326 0.00479507
13 0.0200195 0.13324 0.0358887 0.253052 0.00468826
14 0.275879 0.6875 0.0288086 0.0410156 0.00444794
13 0.0202332 0.071167 0.0317993 0.142334 0.0044136
4 0.357483 0.20752 0.306519 0.149414 0.00408173
1 0.0209656 0.9104 0.0371704 0.126465 0.00389671
13 0.956787 0.858154 0.059082 0.246582 0.00379562
13 0.847656 0.075592 0.226562 0.133972 0.00374222
1 0.0200195 0.13324 0.0358887 0.253052 0.00370407
13 0.904297 0.117798 0.128906 0.050293 0.00359726
1 0.969482 0.935791 0.0415039 0.11084 0.00336647
13 0.881836 0.104736 0.136719 0.0771484 0.00321579
1 0.0170898 0.928467 0.0341797 0.090332 0.00319481
1 0.969727 0.870117 0.0390625 0.185547 0.00311661
8 0.367554 0.205444 0.260986 0.138916 0.00310516
1 0.973389 0.806152 0.0375977 0.325195 0.00307465
2 0.972656 0.866211 0.0351562 0.207031 0.00305367
1 0.978516 0.915039 0.03125 0.119141 0.00239563
1 0.0209045 0.91748 0.0288696 0.0800781 0.00238609
1 0.0292816 0.0498047 0.0403137 0.0996094 0.0023365
4 0.943359 0.472534 0.0820312 0.88501 0.00221443
2 0.365723 0.203979 0.148438 0.149658 0.0021286
2 0.0174866 0.927734 0.0287476 0.0664062 0.00205612
13 0.0253906 0.0381775 0.0308838 0.076355 0.00200081
2 0.955811 0.919678 0.0473633 0.127441 0.00197029
6 0.364258 0.205566 0.289062 0.138184 0.00193119
1 0.969971 0.0394287 0.0405273 0.0577393 0.00182724
13 0.0356445 0.816406 0.0429688 0.308594 0.00176716
4 0.270508 0.689941 0.0283203 0.0380859 0.00172424
1 0.963379 0.849609 0.0380859 0.233398 0.00169182
2 0.233215 0.159546 0.442749 0.319092 0.00166798
2 0.518677 0.311157 0.724365 0.561279 0.0016613
1 0.970947 0.949463 0.034668 0.0776367 0.00159073
13 0.0150299 0.884766 0.0300598 0.160156 0.0015707
1 0.977539 0.932129 0.0351562 0.0693359 0.00154877
13 0.0331573 0.86792 0.0376892 0.20752 0.00151539
16 0.36499 0.20575 0.285645 0.133423 0.00150681
1 0.959961 0.896973 0.0527344 0.147461 0.00147533
2 0.568237 0.239441 0.693604 0.377563 0.00146866
13 0.866699 0.116974 0.168945 0.0592651 0.00145912
2 0.269775 0.689941 0.0253906 0.0341797 0.001441
19 0.360779 0.208008 0.286255 0.143066 0.00143051
7 0.367432 0.210083 0.262207 0.127686 0.00142479
15 0.360779 0.208008 0.286255 0.143066 0.00140858
2 0.37146 0.237976 0.313721 0.151978 0.00136852
18 0.36499 0.20575 0.285645 0.133423 0.00135136
14 0.970459 0.934082 0.0336914 0.0732422 0.0013504
11 0.366943 0.206299 0.26709 0.143555 0.00134087
10 0.360779 0.208008 0.286255 0.143066 0.0013237
1 0.0279541 0.0832214 0.0454102 0.161194 0.00131035
0 0.364014 0.204712 0.280762 0.145264 0.001297
2 0.499634 0.133514 0.731201 0.222717 0.00129128
17 0.367432 0.210083 0.262207 0.127686 0.00128841
13 0.0244446 0.174805 0.0458374 0.349609 0.00126171
5 0.362366 0.206421 0.292847 0.147217 0.00125885
12 0.364746 0.2052 0.273438 0.142334 0.00123501
9 0.270508 0.689941 0.0273438 0.0341797 0.00123405
4 0.035141 0.301758 0.059845 0.521484 0.00122929
3 0.36499 0.20575 0.285645 0.133423 0.00121689
1 0.270508 0.69043 0.0273438 0.0341797 0.00120831
8 0.27002 0.689941 0.0253906 0.0361328 0.00119114
16 0.270508 0.689941 0.0273438 0.0341797 0.00115967
18 0.270264 0.69043 0.0263672 0.0351562 0.00115299
13 0.0214844 0.84668 0.0351562 0.216797 0.00115108
10 0.270508 0.689941 0.0273438 0.0341797 0.00114155
19 0.270508 0.689941 0.0273438 0.0341797 0.00111485
13 0.952148 0.904785 0.0546875 0.15332 0.00110912
15 0.270264 0.689941 0.0263672 0.0361328 0.00108528
6 0.270264 0.69043 0.0263672 0.0351562 0.00106239
13 0.96167 0.115723 0.0375977 0.18042 0.00104427
17 0.270508 0.689941 0.0273438 0.0341797 0.00103569
