13 0.699219 0.618164 0.167969 0.25 0.779297
2 0.697266 0.618164 0.172852 0.256836 0.556152
13 0.529785 0.696289 0.0361328 0.0683594 0.30542
1 0.981445 0.938477 0.0351562 0.0957031 0.175659
13 0.833496 0.772461 0.03125 0.230469 0.132568
13 0.976562 0.838135 0.03125 0.276855 0.108521
13 0.828613 0.767578 0.0292969 0.171875 0.0648193
13 0.980713 0.898926 0.0288086 0.174805 0.0446777
13 0.82666 0.813477 0.0263672 0.271484 0.0420227
1 0.976562 0.921387 0.0351562 0.116211 0.0324707
4 0.0581055 0.472656 0.0986328 0.945312 0.0314941
1 0.0341797 0.0469971 0.0361328 0.088623 0.0275269
13 0.830078 0.738281 0.0283203 0.104492 0.0244446
1 0.976562 0.0536194 0.0410156 0.0827026 0.0209503
1 0.985352 0.917969 0.0234375 0.123047 0.019989
1 0.0263672 0.932617 0.0327148 0.078125 0.016571
4 0.953613 0.477539 0.0791016 0.865234 0.016098
13 0.985352 0.902588 0.0234375 0.145996 0.0154724
13 0.979492 0.931641 0.0351562 0.105469 0.013855
4 0.967529 0.637695 0.0551758 0.588867 0.0137863
13 0.706543 0.703613 0.145508 0.447266 0.0136414
1 0.698242 0.618652 0.171875 0.264648 0.0130463
13 0.828125 0.86377 0.0273438 0.201172 0.0114288
14 0.700195 0.619141 0.171875 0.25 0.0109024
2 0.529297 0.695801 0.0332031 0.0722656 0.0105286
4 0.698242 0.613281 0.164062 0.256836 0.00975037
13 0.833984 0.815186 0.0419922 0.316895 0.00936127
1 0.983398 0.918457 0.03125 0.0888672 0.00927734
13 0.534668 0.706543 0.0361328 0.100586 0.00807953
13 0.350098 0.644043 0.0566406 0.0810547 0.00788116
13 0.973633 0.885742 0.0429688 0.179688 0.00783539
1 0.0284729 0.91748 0.0337524 0.118164 0.00754929
1 0.976318 0.887451 0.0395508 0.174316 0.00738907
13 0.831543 0.835938 0.0263672 0.28125 0.00725174
13 0.824707 0.833984 0.0195312 0.117188 0.00697327
2 0.0581055 0.472656 0.0986328 0.945312 0.00696564
2 0.422974 0.452515 0.751709 0.815674 0.00666809
13 0.976562 0.796875 0.0390625 0.382812 0.00615692
4 0.975342 0.7052 0.0473633 0.517334 0.00608063
1 0.974365 0.943848 0.0317383 0.0732422 0.00588226
9 0.706055 0.620117 0.155273 0.248047 0.0057869
13 0.975342 0.7052 0.0473633 0.517334 0.00547028
2 0.158447 0.163574 0.0288086 0.0673828 0.00536728
1 0.0336914 0.0753784 0.0356445 0.14856 0.00521088
4 0.977295 0.806152 0.0297852 0.331055 0.00450516
1 0.0366211 0.0381317 0.0511475 0.0699768 0.0043335
13 0.679199 0.835938 0.0351562 0.144531 0.00422668
4 0.710938 0.72168 0.109375 0.463867 0.00413132
13 0.540039 0.681641 0.0820312 0.104492 0.00406647
1 0.963379 0.0515137 0.0615234 0.0810547 0.00401688
13 0.836914 0.749512 0.0390625 0.130859 0.00375366
1 0.529785 0.696289 0.0361328 0.0683594 0.00344086
13 0.822266 0.785156 0.0263672 0.238281 0.00341606
13 0.981689 0.822754 0.0268555 0.204102 0.00333405
13 0.527344 0.693359 0.0498047 0.0849609 0.00332451
1 0.976807 0.767822 0.0385742 0.409668 0.00314903
13 0.48584 0.815918 0.0322266 0.0449219 0.00314331
13 0.683594 0.871094 0.0507812 0.160156 0.00292015
1 0.964844 0.939453 0.0507812 0.09375 0.00291443
13 0.82959 0.729004 0.0205078 0.0830078 0.00287247
13 0.158447 0.163574 0.0288086 0.0673828 0.00281906
2 0.617676 0.612183 0.318359 0.297119 0.00280952
14 0.529785 0.697266 0.0341797 0.0673828 0.0027771
13 0.645508 0.455688 0.0283203 0.0817871 0.00265503
1 0.977295 0.849609 0.0317383 0.259766 0.00262642
13 0.535156 0.712402 0.0625 0.213867 0.00247192
1 0.979492 0.956543 0.0332031 0.0732422 0.00246429
5 0.706055 0.620117 0.155273 0.248047 0.00241852
16 0.706055 0.620117 0.155273 0.248047 0.00240898
13 0.984375 0.900879 0.0214844 0.0917969 0.00239563
8 0.706055 0.620117 0.155273 0.248047 0.00238228
7 0.706055 0.620117 0.155273 0.248047 0.0023365
10 0.706055 0.620117 0.155273 0.248047 0.00232697
13 0.779785 0.53418 0.0263672 0.0791016 0.00231171
0 0.697754 0.621582 0.161133 0.235352 0.00231171
11 0.697754 0.621582 0.161133 0.235352 0.00229454
12 0.706055 0.620117 0.155273 0.248047 0.00229073
4 0.0412598 0.460815 0.0706787 0.797119 0.00228882
3 0.697754 0.621582 0.161133 0.235352 0.002285
18 0.706055 0.620117 0.155273 0.248047 0.0022049
13 0.954102 0.508423 0.0859375 0.908936 0.00219727
1 0.982422 0.0803833 0.0332031 0.130737 0.0021534
2 0.706543 0.703613 0.145508 0.447266 0.00214195
13 0.830566 0.817383 0.0273438 0.125977 0.00209808
13 0.786133 0.697266 0.0244141 0.0654297 0.00204086
19 0.697754 0.621582 0.161133 0.235352 0.00198936
15 0.706055 0.620117 0.155273 0.248047 0.00198555
13 0.641602 0.46167 0.0517578 0.228027 0.00192928
13 0.782227 0.611328 0.0273438 0.205078 0.00189972
6 0.706055 0.620117 0.155273 0.248047 0.00189495
13 0.539062 0.793457 0.0478516 0.332031 0.00187206
13 0.825684 0.833496 0.015625 0.0800781 0.0018177
1 0.833496 0.772461 0.03125 0.230469 0.00179958
13 0.534668 0.756836 0.0439453 0.234375 0.0017786
17 0.706055 0.620117 0.155273 0.248047 0.00175953
13 0.645996 0.625 0.237305 0.25293 0.00175953
13 0.971436 0.82373 0.0375977 0.199219 0.00168419
13 0.828613 0.727051 0.0400391 0.150391 0.00166035
1 0.0302887 0.92041 0.0293884 0.078125 0.00163651
2 0.980225 0.94165 0.0356445 0.0854492 0.00159264
13 0.824219 0.819824 0.0439453 0.288086 0.00158119
1 0.827637 0.792969 0.03125 0.208984 0.00157166
13 0.817871 0.271484 0.03125 0.17627 0.00155449
13 0.974365 0.943115 0.0415039 0.0786133 0.00154972
1 0.029892 0.90332 0.045929 0.142578 0.00154495
2 0.58252 0.581543 0.388672 0.428711 0.00153351
2 0.585938 0.516724 0.370117 0.710693 0.00150871
13 0.840332 0.910889 0.0791016 0.133301 0.00149155
13 0.717773 0.581543 0.133789 0.180664 0.00147915
1 0.0294495 0.86792 0.0394897 0.221191 0.00146008
14 0.980469 0.937988 0.0371094 0.0888672 0.00141048
13 0.972656 0.587891 0.0546875 0.682617 0.00139523
13 0.813477 0.772461 0.0507812 0.336914 0.00138474
13 0.793457 0.727539 0.0478516 0.292969 0.00134659
13 0.824707 0.844238 0.0117188 0.0800781 0.0012722
13 0.780762 0.609863 0.0449219 0.234375 0.00126934
13 0.524902 0.793945 0.0703125 0.347656 0.00123405
13 0.643555 0.452637 0.0449219 0.121094 0.00121784
13 0.822754 0.732422 0.0419922 0.298828 0.00118446
13 0.828613 0.84668 0.015625 0.0986328 0.00118065
13 0.83252 0.760742 0.0253906 0.113281 0.00117111
13 0.78125 0.706543 0.0302734 0.145508 0.00112057
13 0.977783 0.904785 0.0366211 0.112305 0.00110245
2 0.485352 0.818848 0.03125 0.0429688 0.00106716
2 0.525391 0.6875 0.0566406 0.0820312 0.00105476
2 0.429077 0.388428 0.841064 0.515137 0.00104809
1 0.974365 0.0754242 0.0336914 0.115021 0.00102711
13 0.833984 0.756348 0.0810547 0.411133 0.00100994
