13 0.560669 0.199158 0.224365 0.317505 0.880859
2 0.55957 0.191895 0.226562 0.339844 0.77002
1 0.981445 0.96167 0.0332031 0.0727539 0.295898
1 0.0254059 0.925537 0.0278015 0.0961914 0.208496
1 0.973633 0.966309 0.0351562 0.0634766 0.139282
13 0.243164 0.231934 0.0419922 0.0463867 0.100647
1 0.980713 0.960449 0.0249023 0.0556641 0.067627
14 0.982666 0.960449 0.034668 0.0712891 0.0465393
14 0.852051 0.55957 0.0214844 0.0185547 0.0444336
1 0.976562 0.0597992 0.0371094 0.0808411 0.0325012
13 0.237793 0.189087 0.0410156 0.111084 0.0258484
4 0.956299 0.678345 0.0639648 0.641357 0.0237732
14 0.740723 0.735352 0.0546875 0.0761719 0.021347
1 0.981445 0.946045 0.0214844 0.0708008 0.020752
4 0.0435791 0.60791 0.0505371 0.689453 0.0175323
14 0.557739 0.204956 0.202881 0.301025 0.0137711
9 0.557739 0.204956 0.202881 0.301025 0.0134506
4 0.0621796 0.487793 0.0907288 0.938477 0.0120239
2 0.967041 0.069931 0.0405273 0.118927 0.0119324
13 0.233398 0.15271 0.0478516 0.165771 0.011879
1 0.560669 0.206543 0.202881 0.295898 0.0113525
4 0.949463 0.516724 0.081543 0.952881 0.0109863
4 0.557739 0.204956 0.202881 0.301025 0.0105972
2 0.0475006 0.338989 0.0629578 0.659912 0.0103455
1 0.0231781 0.947021 0.0293274 0.0883789 0.0103455
1 0.968018 0.0653381 0.0444336 0.101257 0.0098877
13 0.249512 0.17926 0.0571289 0.108276 0.00926208
13 0.968994 0.104248 0.0385742 0.182373 0.00911713
1 0.0292969 0.90625 0.0323486 0.12207 0.008461
4 0.064209 0.595947 0.0644531 0.808105 0.00834656
13 0.242615 0.164551 0.0772705 0.126953 0.00828552
2 0.973633 0.964355 0.0351562 0.0615234 0.00750351
14 0.973633 0.964355 0.0351562 0.0615234 0.00722885
1 0.978516 0.945068 0.0332031 0.105957 0.00719833
2 0.968994 0.104248 0.0385742 0.182373 0.00679779
2 0.243164 0.233154 0.0361328 0.0483398 0.006073
4 0.0385742 0.77002 0.0495605 0.418945 0.00589752
4 0.965088 0.666992 0.0581055 0.504883 0.00588608
4 0.0475006 0.338989 0.0629578 0.659912 0.00565338
2 0.967529 0.175476 0.043457 0.304321 0.0055275
4 0.962891 0.895264 0.0566406 0.193848 0.00550461
1 0.970459 0.909424 0.043457 0.140137 0.00549316
1 0.979248 0.0815582 0.0356445 0.118134 0.00513077
13 0.240234 0.212158 0.0439453 0.0810547 0.00508499
4 0.0537109 0.732422 0.0614014 0.494141 0.00475311
1 0.98584 0.969727 0.0283203 0.0566406 0.00457382
1 0.121643 0.962158 0.20105 0.0366211 0.0042305
13 0.244202 0.145355 0.106323 0.164856 0.00373268
2 0.0388031 0.286987 0.0466614 0.543213 0.0036602
19 0.557739 0.204956 0.202881 0.301025 0.00362587
3 0.560669 0.206543 0.202881 0.295898 0.0036068
1 0.0214691 0.905273 0.0294495 0.136719 0.0035305
2 0.0638428 0.447266 0.0913086 0.894531 0.00348663
16 0.557739 0.204956 0.202881 0.301025 0.00344658
4 0.0366821 0.281738 0.0444336 0.563477 0.00344658
11 0.560669 0.206543 0.202881 0.295898 0.00344276
8 0.557739 0.204956 0.202881 0.301025 0.00343323
18 0.560669 0.206543 0.202881 0.295898 0.00343132
14 0.8125 0.546875 0.0263672 0.0136719 0.00339699
10 0.557739 0.204956 0.202881 0.301025 0.00331497
1 0.0322418 0.86792 0.0351257 0.223145 0.00330353
7 0.557739 0.204956 0.202881 0.301025 0.00323868
2 0.0341797 0.128784 0.0446777 0.235596 0.00313759
0 0.560669 0.206543 0.202881 0.295898 0.00304031
12 0.560669 0.206543 0.202881 0.295898 0.00299263
5 0.560669 0.206543 0.202881 0.295898 0.00293541
6 0.557739 0.204956 0.202881 0.301025 0.00291443
17 0.557739 0.204956 0.202881 0.301025 0.002882
13 0.0283356 0.922119 0.0292664 0.106934 0.00272179
15 0.560669 0.206543 0.202881 0.295898 0.0026741
1 0.977783 0.970703 0.0327148 0.0449219 0.00263405
13 0.741211 0.743164 0.0546875 0.0673828 0.00256538
1 0.957031 0.825684 0.0625 0.165039 0.0025425
14 0.02948 0.115479 0.0274658 0.202148 0.0024662
4 0.958496 0.835938 0.0576172 0.271484 0.00245667
13 0.971924 0.144501 0.0366211 0.223694 0.00243568
2 0.966309 0.230652 0.0556641 0.437134 0.00231934
13 0.252441 0.225586 0.0419922 0.0546875 0.00229073
13 0.226624 0.182007 0.0570068 0.111572 0.00224686
2 0.976562 0.0597992 0.0371094 0.0808411 0.00219727
1 0.0366364 0.0611267 0.0365906 0.100891 0.00219345
13 0.245361 0.238037 0.0332031 0.0356445 0.00216103
2 0.982666 0.960449 0.034668 0.0712891 0.00213623
13 0.221619 0.144165 0.06604 0.182861 0.00210762
4 0.958496 0.438232 0.0556641 0.876465 0.00209618
1 0.986328 0.958496 0.0234375 0.0576172 0.00209427
13 0.967529 0.175476 0.043457 0.304321 0.00208282
1 0.964844 0.0498199 0.0566406 0.0744324 0.0020752
4 0.947998 0.768555 0.0727539 0.462891 0.00201416
1 0.983398 0.931641 0.0214844 0.0800781 0.00198174
4 0.975586 0.274048 0.0449219 0.528076 0.00197792
2 0.0349121 0.184021 0.0537109 0.344849 0.00195312
13 0.251221 0.191284 0.034668 0.0974121 0.00193977
2 0.513672 0.204651 0.194336 0.305542 0.00188351
1 0.97168 0.0948486 0.0429688 0.157471 0.0018692
1 0.243164 0.229065 0.0361328 0.052124 0.00185776
1 0.97168 0.952881 0.0449219 0.0942383 0.00183201
14 0.0263824 0.924316 0.0296326 0.0908203 0.00183105
1 0.981201 0.916504 0.027832 0.101562 0.00175571
14 0.854492 0.562988 0.0195312 0.0205078 0.00174904
1 0.02565 0.933838 0.0429382 0.0991211 0.00168228
4 0.9729 0.964111 0.034668 0.0678711 0.00165939
1 0.978271 0.0436401 0.0356445 0.0640869 0.00160408
4 0.965088 0.303955 0.0541992 0.597168 0.00155926
13 0.975342 0.965088 0.0356445 0.0620117 0.00155544
4 0.969727 0.613403 0.0488281 0.759521 0.00151062
4 0.960205 0.940674 0.0639648 0.10498 0.00150108
14 0.851074 0.55957 0.0292969 0.0253906 0.00146675
1 0.0371094 0.932861 0.0400391 0.0874023 0.001441
13 0.642578 0.0821533 0.046875 0.0883789 0.00143433
2 0.030426 0.115448 0.0289917 0.208557 0.00137138
1 0.0292969 0.946533 0.0299072 0.0776367 0.00136566
1 0.0371094 0.767334 0.0424805 0.418457 0.00135708
14 0.243652 0.231873 0.0361328 0.0509033 0.00134754
1 0.985352 0.941895 0.0292969 0.106445 0.00131989
13 0.545288 0.242676 0.177002 0.233887 0.00130844
13 0.242676 0.131134 0.156738 0.184509 0.00129795
2 0.94873 0.509521 0.0830078 0.945801 0.00128269
13 0.0273438 0.891113 0.0314941 0.163086 0.00127602
4 0.960205 0.72998 0.0444336 0.405273 0.00127506
4 0.032959 0.423096 0.0456543 0.70752 0.00127316
13 0.255615 0.179871 0.0507812 0.0797119 0.00127125
2 0.547363 0.243164 0.192383 0.23291 0.00126076
14 0.844727 0.553711 0.0351562 0.0234375 0.0012579
2 0.426392 0.196899 0.377686 0.351807 0.00123978
13 0.976318 0.0924683 0.0356445 0.140259 0.00121689
13 0.63916 0.0942383 0.0625 0.117432 0.00120449
4 0.964355 0.774902 0.0517578 0.24707 0.00115013
13 0.243164 0.233215 0.0424805 0.0789795 0.00114346
1 0.0336304 0.916016 0.0366211 0.0888672 0.00114059
1 0.974854 0.962158 0.0288086 0.0463867 0.00110912
1 0.0224915 0.968994 0.038147 0.0620117 0.0010891
1 0.982422 0.976318 0.03125 0.0473633 0.00107956
4 0.967285 0.777344 0.0556641 0.445312 0.00106144
14 0.962646 0.890381 0.0551758 0.17627 0.00105858
13 0.588867 0.116943 0.166016 0.162842 0.00105476
1 0.0380859 0.083313 0.0418701 0.14856 0.00104618
13 0.626953 0.116211 0.0957031 0.154785 0.00104618
13 0.967041 0.069931 0.0405273 0.118927 0.0010376
13 0.982666 0.960449 0.034668 0.0712891 0.00103664
13 0.0366364 0.131042 0.0310974 0.236938 0.00102806
