2 0.435059 0.28125 0.384766 0.142578 0.833496
14 0.65332 0.313477 0.0224609 0.0356445 0.510254
1 0.973877 0.0430298 0.050293 0.0860596 0.187744
1 0.976562 0.92334 0.0292969 0.0986328 0.0628662
1 0.965088 0.0412598 0.0444336 0.0717773 0.0371704
14 0.650391 0.310303 0.0351562 0.0449219 0.0290985
13 0.426392 0.284729 0.324951 0.142456 0.0172729
1 0.976807 0.905518 0.034668 0.140137 0.0158997
14 0.418701 0.281494 0.308105 0.146484 0.0146713
2 0.965088 0.0412598 0.0444336 0.0717773 0.01371
9 0.433105 0.283203 0.387695 0.135742 0.0130157
1 0.976318 0.833984 0.0336914 0.275391 0.0125122
1 0.973877 0.944824 0.0366211 0.100586 0.0111694
2 0.434814 0.280701 0.220215 0.143677 0.0110321
2 0.442383 0.338074 0.428711 0.28479 0.0110168
14 0.659668 0.310303 0.0263672 0.0341797 0.00872803
1 0.0167542 0.929932 0.0335083 0.0893555 0.00739288
1 0.409668 0.283142 0.30957 0.152466 0.00617981
1 0.0184631 0.904297 0.0350952 0.123047 0.00508499
1 0.982422 0.883301 0.0273438 0.172852 0.00506973
2 0.350647 0.279053 0.363159 0.157227 0.00470352
14 0.647461 0.314453 0.0234375 0.0361328 0.00466156
1 0.181885 0.954102 0.302734 0.0332031 0.00448608
13 0.40625 0.705566 0.0517578 0.114258 0.00437927
1 0.973877 0.0795898 0.0424805 0.144287 0.00391769
4 0.437988 0.280212 0.385742 0.138794 0.00370407
1 0.0217285 0.867188 0.0402832 0.205078 0.00359726
1 0.0644531 0.972656 0.116699 0.0371094 0.00334549
1 0.0325012 0.898193 0.0650024 0.158691 0.00326538
8 0.415039 0.280273 0.306641 0.141113 0.00321198
1 0.961182 0.327148 0.0620117 0.544922 0.00301552
1 0.0302124 0.827148 0.0552979 0.283203 0.00274086
13 0.439819 0.713867 0.0979004 0.126953 0.00270844
14 0.654297 0.304932 0.0244141 0.0395508 0.00265884
6 0.412842 0.277832 0.320801 0.144043 0.00248909
1 0.964355 0.104401 0.0380859 0.195496 0.00215721
1 0.819336 0.965576 0.335938 0.0415039 0.00211334
4 0.959229 0.266479 0.0678711 0.482666 0.00205612
2 0.444824 0.240479 0.369141 0.134277 0.0020504
1 0.064621 0.962158 0.12442 0.0385742 0.00195312
13 0.964355 0.0467682 0.0380859 0.0851746 0.00193882
1 0.768555 0.975342 0.22168 0.0180664 0.00173092
13 0.143066 0.0671234 0.0410156 0.0781555 0.00170326
14 0.642578 0.3125 0.0322266 0.0458984 0.00170231
16 0.415039 0.280273 0.306641 0.141113 0.00169563
11 0.415039 0.280273 0.306641 0.141113 0.00167656
7 0.413574 0.277039 0.307617 0.141235 0.0016222
1 0.163025 0.975342 0.24231 0.0258789 0.00159359
0 0.412842 0.277832 0.320801 0.144043 0.00156021
1 0.497559 0.946777 0.913086 0.0927734 0.00155067
3 0.413574 0.277039 0.307617 0.141235 0.00153542
1 0.056015 0.961914 0.11087 0.0644531 0.00152016
1 0.0218506 0.820801 0.0327148 0.249023 0.00150299
1 0.806396 0.973633 0.344238 0.0273438 0.00149345
19 0.436523 0.281189 0.384766 0.14856 0.00147247
5 0.436523 0.281189 0.384766 0.14856 0.00143814
15 0.4198 0.279846 0.314697 0.153198 0.00143719
1 0.963623 0.034729 0.0668945 0.069458 0.0014143
18 0.440674 0.281982 0.370605 0.134277 0.00138378
10 0.4198 0.279846 0.314697 0.153198 0.00135517
1 0.0659943 0.949707 0.121674 0.0556641 0.00133801
12 0.4198 0.279846 0.314697 0.153198 0.0012989
2 0.480103 0.592285 0.858154 0.691406 0.00128174
1 0.147949 0.963623 0.295898 0.0395508 0.00126553
17 0.440674 0.281982 0.370605 0.134277 0.00126076
13 0.122559 0.0584717 0.0683594 0.0769043 0.00125504
1 0.976562 0.768066 0.0410156 0.396484 0.00122547
2 0.339844 0.285645 0.23584 0.136719 0.00120544
1 0.973877 0.0273743 0.0522461 0.0547485 0.00117588
2 0.65332 0.313477 0.0224609 0.0366211 0.00113297
1 0.0307617 0.931641 0.0615234 0.0878906 0.00112534
1 0.0188599 0.117676 0.0292969 0.200439 0.00110912
1 0.970703 0.0598602 0.0527344 0.0899963 0.00106907
2 0.0325012 0.898193 0.0650024 0.158691 0.00101662
