2 0.388184 0.746582 0.12207 0.204102 0.807617
13 0.396484 0.746094 0.117188 0.193359 0.177246
13 0.0606079 0.84375 0.0360107 0.0205078 0.102844
2 0.0625 0.84375 0.034668 0.0263672 0.102356
1 0.0227814 0.932617 0.0240173 0.0712891 0.0603333
13 0.0585938 0.84375 0.0292969 0.0322266 0.0586243
1 0.0266724 0.915039 0.0280762 0.111328 0.0508423
1 0.986328 0.937744 0.0214844 0.0639648 0.0473633
2 0.394043 0.742188 0.201172 0.203125 0.0283813
2 0.387695 0.746582 0.104492 0.142578 0.0230103
1 0.976318 0.0731354 0.0415039 0.0856628 0.021637
1 0.983398 0.939941 0.0332031 0.0830078 0.0215607
1 0.985352 0.913574 0.0253906 0.116211 0.0172272
14 0.388916 0.745605 0.123047 0.201172 0.0139771
1 0.0207825 0.94458 0.0297241 0.0581055 0.0135422
2 0.546997 0.515625 0.720459 0.862305 0.0112839
13 0.973633 0.169708 0.0390625 0.217224 0.0110321
1 0.397461 0.745117 0.126953 0.208984 0.00933838
9 0.395996 0.746582 0.125 0.204102 0.0087738
4 0.16272 0.451416 0.0859375 0.757324 0.00807953
13 0.394043 0.742188 0.201172 0.203125 0.00777054
14 0.0601807 0.843262 0.0336914 0.0214844 0.00762558
13 0.0629883 0.841797 0.0456543 0.0322266 0.00736237
13 0.168945 0.477539 0.103027 0.856445 0.00711441
1 0.0375977 0.0563812 0.0454102 0.087677 0.0066452
13 0.0527344 0.834473 0.036377 0.0546875 0.00646973
2 0.352051 0.754395 0.213867 0.180664 0.00514984
1 0.979492 0.873535 0.03125 0.200195 0.0050087
13 0.0302429 0.901855 0.0267944 0.115234 0.00485992
2 0.251648 0.755859 0.402954 0.203125 0.00479126
1 0.979492 0.0994873 0.0371094 0.133545 0.00465012
2 0.0214996 0.92334 0.0214539 0.0634766 0.00439453
13 0.0498047 0.849609 0.0305176 0.0449219 0.00425339
1 0.984375 0.953125 0.0273438 0.0683594 0.00371933
1 0.978271 0.911621 0.0317383 0.139648 0.00364876
1 0.0218201 0.918945 0.0281372 0.0683594 0.0036335
4 0.396973 0.744629 0.12793 0.208008 0.00340462
8 0.395996 0.746582 0.121094 0.199219 0.00326538
4 0.160889 0.345459 0.0703125 0.45459 0.00307465
1 0.0615234 0.842773 0.0334473 0.0273438 0.00284004
1 0.982422 0.962646 0.0351562 0.074707 0.00282097
13 0.0548248 0.828613 0.051239 0.0585938 0.00274849
1 0.976562 0.176697 0.0390625 0.285278 0.00266266
4 0.95752 0.419556 0.0654297 0.795654 0.00256538
1 0.970947 0.132355 0.034668 0.195251 0.00254059
13 0.101593 0.959961 0.159607 0.0332031 0.00251961
13 0.158173 0.499634 0.176331 0.86792 0.00242043
1 0.0371094 0.0765076 0.0396729 0.133606 0.00239754
13 0.0513916 0.846191 0.0373535 0.0302734 0.00232124
13 0.0531616 0.807129 0.059082 0.104492 0.00227737
13 0.046402 0.672363 0.0517273 0.421875 0.00222206
13 0.19043 0.711914 0.0454102 0.0585938 0.00214958
13 0.970703 0.21875 0.0390625 0.34375 0.00204086
2 0.431641 0.730957 0.266602 0.276367 0.00197983
19 0.398438 0.746094 0.135254 0.212891 0.00191116
2 0.0615234 0.841797 0.041626 0.0371094 0.00190735
13 0.33374 0.0882874 0.0288086 0.0397339 0.00184822
10 0.398438 0.746094 0.135254 0.212891 0.00183678
1 0.976807 0.816162 0.0327148 0.328613 0.00182152
5 0.398438 0.746094 0.135254 0.212891 0.00176716
18 0.398438 0.746094 0.135254 0.212891 0.00176716
7 0.398438 0.746094 0.135254 0.212891 0.0017128
2 0.275574 0.763184 0.426392 0.307617 0.00170422
13 0.0233307 0.915527 0.0258484 0.105469 0.00164413
13 0.160645 0.307251 0.0661621 0.485107 0.00164413
16 0.398438 0.746094 0.135254 0.212891 0.0016346
4 0.175293 0.498047 0.151367 0.901367 0.00161934
3 0.398438 0.746094 0.135254 0.212891 0.00159645
2 0.100555 0.951904 0.151917 0.0512695 0.0015831
6 0.396973 0.746094 0.12793 0.203125 0.00155067
2 0.648315 0.523804 0.590088 0.626221 0.00154591
17 0.398438 0.746094 0.135254 0.212891 0.00152397
15 0.395996 0.746094 0.128906 0.208008 0.00151348
12 0.395996 0.746094 0.128906 0.208008 0.00151348
11 0.395996 0.746582 0.121094 0.199219 0.00149918
1 0.972412 0.928711 0.0317383 0.117188 0.00147343
0 0.398438 0.746094 0.135254 0.212891 0.00137615
1 0.978516 0.178192 0.03125 0.202698 0.00133896
13 0.164062 0.949219 0.017334 0.0449219 0.00132847
13 0.224854 0.557617 0.376465 0.80957 0.00130081
13 0.0787964 0.838867 0.0531006 0.0332031 0.00130081
1 0.0279236 0.0653687 0.0401001 0.0914307 0.00128746
13 0.0244293 0.92627 0.0219421 0.0634766 0.00125599
1 0.101593 0.959961 0.159607 0.0332031 0.00121498
1 0.968506 0.0812073 0.0473633 0.105164 0.00120258
2 0.0688477 0.839844 0.038208 0.0273438 0.00119686
13 0.157593 0.430298 0.079834 0.584717 0.0011816
1 0.990234 0.933594 0.0195312 0.0800781 0.00117683
4 0.974609 0.242676 0.046875 0.42041 0.00114822
2 0.0552979 0.842285 0.0368652 0.0224609 0.00108719
13 0.0483398 0.751953 0.0546875 0.223633 0.00107765
1 0.969482 0.0594788 0.0415039 0.0704956 0.0010643
4 0.969971 0.508789 0.0561523 0.881836 0.00105
4 0.0580597 0.476562 0.0982361 0.884766 0.00104713
1 0.043457 0.0498505 0.0699463 0.0787659 0.00104332
2 0.607422 0.754395 0.578125 0.262695 0.00103092
13 0.0512695 0.401611 0.072998 0.73584 0.00102997
