2 0.472168 0.244324 0.342773 0.285767 0.860352
13 0.65625 0.644531 0.175781 0.349609 0.793457
13 0.475098 0.250427 0.326172 0.286255 0.722168
13 0.687988 0.724609 0.137695 0.25293 0.699707
13 0.668945 0.686035 0.136719 0.213867 0.260986
1 0.981689 0.955078 0.0366211 0.0800781 0.123962
13 0.688965 0.782715 0.155273 0.374023 0.0864258
4 0.0619659 0.483276 0.0972595 0.920166 0.0734863
13 0.904297 0.164062 0.0595703 0.0625 0.052948
1 0.0219116 0.955566 0.0306396 0.0712891 0.0502319
13 0.535034 0.164429 0.233643 0.115479 0.040863
1 0.97583 0.0674286 0.0405273 0.0885315 0.0400085
13 0.890625 0.165894 0.0947266 0.0695801 0.0375977
4 0.303955 0.54834 0.120605 0.84668 0.0358276
1 0.981445 0.943848 0.0253906 0.0712891 0.0356445
4 0.0509033 0.733154 0.0440674 0.475098 0.025116
13 0.91748 0.164551 0.0429688 0.0620117 0.0239105
2 0.655762 0.645996 0.172852 0.348633 0.0231781
1 0.47998 0.24408 0.322266 0.266724 0.0229034
13 0.625 0.540527 0.160156 0.661133 0.0208893
1 0.975586 0.963135 0.0332031 0.0717773 0.0178986
1 0.980469 0.924316 0.0351562 0.135742 0.0160065
2 0.0619354 0.460938 0.100006 0.880859 0.0151291
14 0.47168 0.258972 0.299805 0.288696 0.0149155
13 0.620117 0.472656 0.374023 0.709961 0.0145569
4 0.93042 0.515625 0.0805664 0.833008 0.0144958
4 0.933105 0.661011 0.0615234 0.599854 0.0139694
1 0.0244141 0.935059 0.027832 0.0986328 0.0122452
13 0.60791 0.491089 0.0996094 0.377197 0.0122375
13 0.658203 0.723145 0.126953 0.375 0.012207
9 0.475098 0.25 0.304688 0.269531 0.011467
2 0.34436 0.222473 0.522217 0.305054 0.0112
13 0.613281 0.597168 0.131836 0.430664 0.0111542
1 0.971924 0.949707 0.0307617 0.100586 0.0111008
4 0.965088 0.71875 0.050293 0.491211 0.0108261
2 0.477051 0.254883 0.21582 0.294922 0.010788
1 0.0335236 0.0518799 0.0393982 0.0900879 0.0104523
4 0.47168 0.258972 0.299805 0.288696 0.00992584
2 0.346924 0.266357 0.400879 0.285156 0.00910187
13 0.705078 0.705078 0.203125 0.228516 0.00893402
4 0.288574 0.674194 0.103516 0.552002 0.00883484
13 0.611328 0.578491 0.0996094 0.313721 0.00804138
13 0.928711 0.156372 0.0410156 0.078125 0.00787354
13 0.876953 0.171143 0.0703125 0.0522461 0.00759506
1 0.65625 0.644531 0.175781 0.349609 0.00718307
1 0.973633 0.886719 0.0371094 0.179688 0.00685501
13 0.678711 0.535034 0.276367 0.711182 0.00657272
13 0.0619659 0.483276 0.0972595 0.920166 0.00653076
4 0.947266 0.682739 0.0703125 0.536865 0.00643539
1 0.687988 0.724609 0.137695 0.25293 0.00641251
4 0.655762 0.645996 0.172852 0.348633 0.00614548
4 0.0494385 0.586792 0.052002 0.601807 0.00597
4 0.311768 0.600708 0.074707 0.564209 0.00592804
13 0.694336 0.675781 0.176758 0.157227 0.00583649
2 0.361084 0.277832 0.149902 0.22168 0.00543594
13 0.562012 0.146729 0.194336 0.0898438 0.00535202
13 0.615234 0.571289 0.0947266 0.167969 0.00524902
13 0.507812 0.183258 0.275391 0.187683 0.00524139
2 0.687988 0.724609 0.137695 0.25293 0.00504303
13 0.65332 0.69043 0.0908203 0.185547 0.00497055
4 0.687988 0.724609 0.137695 0.25293 0.00481415
13 0.780273 0.74707 0.34375 0.381836 0.00468445
13 0.885742 0.158447 0.125 0.0893555 0.00460434
14 0.655762 0.645996 0.172852 0.348633 0.00453949
4 0.0438843 0.817139 0.0509033 0.303223 0.00450897
4 0.929199 0.493774 0.131836 0.946045 0.00444794
3 0.47168 0.258972 0.299805 0.288696 0.00425339
5 0.47168 0.258972 0.299805 0.288696 0.00422287
0 0.47168 0.258972 0.299805 0.288696 0.00416946
13 0.69043 0.653809 0.139648 0.305664 0.00405884
13 0.638672 0.593262 0.157227 0.24707 0.00405502
7 0.475098 0.25 0.304688 0.269531 0.00405121
18 0.47168 0.258972 0.299805 0.288696 0.00401306
11 0.47168 0.258972 0.299805 0.288696 0.00396729
16 0.47168 0.258972 0.299805 0.288696 0.00396729
8 0.47168 0.258972 0.299805 0.288696 0.00390434
10 0.47168 0.258972 0.299805 0.288696 0.00389099
12 0.47168 0.258972 0.299805 0.288696 0.00387383
1 0.0310516 0.915527 0.0353088 0.139648 0.00382423
1 0.0228271 0.909424 0.03125 0.157715 0.0037384
19 0.475098 0.25 0.304688 0.269531 0.00369263
13 0.621216 0.415405 0.577881 0.583252 0.00354576
13 0.0469971 0.555298 0.0507812 0.668701 0.00353813
14 0.687988 0.724609 0.137695 0.25293 0.00336838
6 0.47168 0.258972 0.299805 0.288696 0.00319099
2 0.312744 0.52832 0.144531 0.884766 0.00317574
13 0.64502 0.663574 0.0703125 0.147461 0.00313377
15 0.475098 0.25 0.304688 0.269531 0.00309944
17 0.475098 0.25 0.304688 0.269531 0.00302696
4 0.264099 0.503296 0.240356 0.874268 0.00300598
2 0.41626 0.264099 0.290527 0.234497 0.00287628
1 0.0283203 0.94458 0.0246582 0.0737305 0.00282097
2 0.668945 0.686035 0.136719 0.213867 0.00281715
13 0.606934 0.426147 0.0673828 0.1604 0.00277901
4 0.0569458 0.796387 0.0496826 0.354492 0.00270462
1 0.0285645 0.0820618 0.0305176 0.149841 0.0026207
13 0.736328 0.705078 0.302734 0.285156 0.00254631
1 0.978271 0.0945129 0.0375977 0.137634 0.00247002
13 0.673828 0.666992 0.107422 0.160156 0.00238609
13 0.9646 0.111053 0.0356445 0.157776 0.00236893
4 0.273438 0.734619 0.0683594 0.472168 0.00225067
13 0.652344 0.763184 0.193359 0.368164 0.00222778
13 0.595703 0.134888 0.167969 0.0715332 0.00222397
4 0.973633 0.760254 0.0429688 0.411133 0.00216293
13 0.660156 0.641602 0.139648 0.233398 0.00206184
1 0.0283203 0.922363 0.026123 0.0917969 0.00205994
4 0.952881 0.554565 0.0727539 0.871338 0.00204849
13 0.93457 0.49939 0.115234 0.899658 0.00204086
1 0.969971 0.0563965 0.0424805 0.0705566 0.00196457
13 0.595703 0.453857 0.0917969 0.263184 0.00194073
1 0.668945 0.686035 0.136719 0.213867 0.00192833
4 0.0355835 0.845459 0.0426025 0.285645 0.00179768
13 0.705078 0.617188 0.304688 0.408203 0.00178146
4 0.0697021 0.630005 0.074707 0.568115 0.00175667
13 0.632812 0.552734 0.128906 0.186523 0.00172329
4 0.0354004 0.213379 0.0490723 0.426758 0.00172234
1 0.0224457 0.937256 0.0233459 0.0649414 0.00169659
13 0.745605 0.455566 0.420898 0.719727 0.00165653
7 0.65625 0.644531 0.175781 0.349609 0.00163937
13 0.578979 0.250183 0.527588 0.278931 0.00162125
4 0.688965 0.782715 0.155273 0.374023 0.00160789
7 0.687988 0.724609 0.137695 0.25293 0.00156879
13 0.57373 0.445435 0.0742188 0.175537 0.00154495
4 0.668945 0.686035 0.136719 0.213867 0.00154018
13 0.622559 0.401367 0.0351562 0.0869141 0.00153923
5 0.65625 0.644531 0.175781 0.349609 0.00153923
4 0.268799 0.8396 0.0561523 0.266113 0.0015316
18 0.649414 0.644043 0.15918 0.344727 0.00152111
2 0.0402374 0.275635 0.0562439 0.525879 0.00150108
13 0.0256653 0.896484 0.0368042 0.191406 0.00149822
1 0.986328 0.949951 0.0253906 0.0668945 0.00148201
13 0.655273 0.581909 0.208008 0.515869 0.00147343
8 0.65625 0.644531 0.175781 0.349609 0.00145721
1 0.688965 0.782715 0.155273 0.374023 0.00143814
13 0.0508423 0.851074 0.0367432 0.204102 0.0014286
9 0.655762 0.645996 0.172852 0.348633 0.0014286
4 0.048584 0.330322 0.0568848 0.563965 0.00141907
2 0.399902 0.291016 0.197266 0.19873 0.00141811
1 0.982422 0.900391 0.0253906 0.154297 0.00140762
9 0.687988 0.724609 0.137695 0.25293 0.00140667
5 0.687988 0.724609 0.137695 0.25293 0.00138569
3 0.65625 0.644531 0.175781 0.349609 0.00138569
13 0.709961 0.680664 0.228516 0.392578 0.00137997
12 0.65625 0.644531 0.175781 0.349609 0.0013485
16 0.65625 0.644531 0.175781 0.349609 0.00133801
18 0.687012 0.723145 0.137695 0.24707 0.0013361
2 0.364258 0.532227 0.259766 0.880859 0.0013361
13 0.924805 0.163818 0.0214844 0.0651855 0.00130081
3 0.687988 0.724609 0.137695 0.25293 0.00129128
10 0.65625 0.644531 0.175781 0.349609 0.00129128
12 0.687988 0.724609 0.137695 0.25293 0.00127125
13 0.0355835 0.845459 0.0426025 0.285645 0.00126362
8 0.687988 0.724609 0.137695 0.25293 0.00125217
16 0.687988 0.724609 0.137695 0.25293 0.00125217
2 0.60437 0.266113 0.580322 0.306152 0.0012331
2 0.355957 0.26001 0.223633 0.250488 0.00121593
19 0.65332 0.644531 0.181641 0.350586 0.00119019
6 0.65625 0.644531 0.175781 0.349609 0.00118065
17 0.65625 0.644531 0.175781 0.349609 0.00118065
13 0.380615 0.252686 0.406738 0.295898 0.0011797
10 0.687988 0.724609 0.137695 0.25293 0.00117588
14 0.668945 0.686035 0.136719 0.213867 0.00117207
15 0.65625 0.644531 0.175781 0.349609 0.00117207
13 0.792969 0.110382 0.333984 0.147888 0.00115299
1 0.984375 0.940674 0.03125 0.097168 0.00114346
19 0.686035 0.724609 0.141602 0.25293 0.00114059
6 0.687988 0.724609 0.137695 0.25293 0.00114059
11 0.65625 0.644531 0.175781 0.349609 0.00113583
15 0.687988 0.724609 0.137695 0.25293 0.00111389
13 0.690918 0.695801 0.115234 0.168945 0.00111008
13 0.0391846 0.852051 0.03125 0.201172 0.00108528
13 0.954102 0.163177 0.0351562 0.141907 0.00107193
17 0.687988 0.724609 0.137695 0.25293 0.00107098
0 0.65625 0.644531 0.175781 0.349609 0.00106716
2 0.493652 0.338196 0.359375 0.46228 0.00106621
11 0.687988 0.724609 0.137695 0.25293 0.00105476
1 0.0462036 0.0531006 0.064209 0.0878906 0.00101757
1 0.893555 0.166382 0.0771484 0.0627441 0.00101662
1 0.979736 0.916016 0.0288086 0.0908203 0.00101185
