2 0.698242 0.605957 0.0976562 0.108398 0.742188
14 0.695312 0.603027 0.0898438 0.107422 0.201904
2 0.709961 0.625 0.0761719 0.0898438 0.156738
2 0.714844 0.631348 0.0625 0.0654297 0.137695
13 0.69873 0.608398 0.0800781 0.112305 0.125122
1 0.979736 0.942871 0.034668 0.0966797 0.078125
1 0.0218964 0.934326 0.0265198 0.074707 0.0428467
4 0.0654755 0.478271 0.0953674 0.956543 0.0419006
2 0.48938 0.487915 0.806396 0.684326 0.0221252
1 0.0248108 0.915039 0.0303345 0.115234 0.0211029
1 0.0380707 0.0540619 0.0422668 0.100128 0.0170441
1 0.979492 0.914551 0.0390625 0.143555 0.0141068
2 0.69873 0.605469 0.115234 0.155273 0.0120697
1 0.978271 0.869629 0.0356445 0.233398 0.0106735
14 0.711914 0.612305 0.0712891 0.0957031 0.00991821
2 0.69043 0.597168 0.199219 0.147461 0.00981903
1 0.020813 0.946045 0.0336914 0.0629883 0.00958252
4 0.0493164 0.602539 0.0601807 0.624023 0.00926971
2 0.662109 0.606445 0.140625 0.113281 0.00921631
2 0.500122 0.381104 0.900146 0.437012 0.00875854
14 0.714844 0.631348 0.0625 0.0654297 0.00780869
1 0.97583 0.169006 0.0366211 0.298706 0.00767517
2 0.730469 0.612793 0.191406 0.140625 0.00665665
13 0.678223 0.602539 0.0800781 0.111328 0.00624084
1 0.97998 0.961426 0.0400391 0.0771484 0.00608826
9 0.696777 0.607422 0.0957031 0.106445 0.0055542
4 0.0489502 0.46875 0.074707 0.823242 0.00498962
1 0.698242 0.607422 0.106445 0.115234 0.00444412
13 0.696777 0.600586 0.120117 0.164062 0.00420761
2 0.506836 0.19043 0.886719 0.380859 0.00408554
1 0.976318 0.144958 0.0317383 0.200317 0.00405502
4 0.0423584 0.747559 0.0506592 0.429688 0.00403595
8 0.702148 0.60791 0.0898438 0.108398 0.00376892
13 0.714844 0.631348 0.0625 0.0654297 0.00373459
13 0.980469 0.870117 0.03125 0.18457 0.00372124
2 0.714355 0.60498 0.0664062 0.09375 0.0037117
13 0.71582 0.601562 0.0869141 0.111328 0.003582
2 0.547974 0.481934 0.786865 0.435547 0.00335503
1 0.976562 0.827637 0.0429688 0.323242 0.00335121
2 0.674316 0.605957 0.0712891 0.103516 0.00322151
1 0.979736 0.803711 0.0288086 0.330078 0.00287819
13 0.681641 0.607422 0.132812 0.117188 0.00279236
1 0.978516 0.103668 0.0351562 0.175476 0.0027504
13 0.709961 0.625 0.0761719 0.0898438 0.00262642
1 0.97168 0.935547 0.0429688 0.0917969 0.00262642
1 0.0251465 0.883301 0.0335693 0.168945 0.00255775
1 0.980469 0.913574 0.0292969 0.0996094 0.00253487
1 0.0267792 0.943359 0.0314026 0.0820312 0.002285
2 0.730469 0.609375 0.253906 0.188477 0.00205803
13 0.0292358 0.898682 0.0325928 0.144043 0.00205231
1 0.972656 0.947021 0.0292969 0.0942383 0.00200272
1 0.0395355 0.0400238 0.0542297 0.0735168 0.00197411
6 0.696777 0.608887 0.0957031 0.109375 0.00187969
10 0.702148 0.60791 0.0898438 0.108398 0.00182724
2 0.0654602 0.458496 0.106873 0.893555 0.00176716
5 0.698242 0.607422 0.106445 0.115234 0.00172234
1 0.972656 0.960449 0.0371094 0.0615234 0.00172138
16 0.702148 0.60791 0.0898438 0.108398 0.00168991
19 0.698242 0.607422 0.106445 0.115234 0.00166988
11 0.702148 0.60791 0.0898438 0.108398 0.00166416
1 0.976318 0.0713806 0.0356445 0.111633 0.00165367
14 0.675293 0.604492 0.0800781 0.114258 0.00162697
2 0.505493 0.133942 0.908936 0.212097 0.00162029
18 0.698242 0.607422 0.106445 0.115234 0.00161839
13 0.979736 0.803711 0.0288086 0.330078 0.00161743
1 0.973389 0.913086 0.0336914 0.115234 0.00158501
1 0.0327301 0.0892639 0.0375671 0.161316 0.00154877
7 0.698242 0.607422 0.106445 0.115234 0.00150871
3 0.698242 0.607422 0.106445 0.115234 0.00149632
12 0.698242 0.607422 0.106445 0.115234 0.00144005
4 0.694824 0.605469 0.09375 0.121094 0.00143528
15 0.699219 0.605957 0.100586 0.111328 0.00142765
17 0.698242 0.607422 0.106445 0.115234 0.00140667
1 0.709961 0.625 0.078125 0.0869141 0.00140381
2 0.675781 0.586914 0.371094 0.27832 0.00134754
0 0.698242 0.607422 0.106445 0.115234 0.00132179
13 0.69043 0.597168 0.199219 0.147461 0.00127792
1 0.984863 0.937012 0.0302734 0.0830078 0.00125122
1 0.980469 0.884521 0.0292969 0.168457 0.00123692
9 0.709961 0.625 0.0761719 0.0898438 0.00122261
2 0.724609 0.644531 0.0566406 0.0664062 0.00105572
9 0.714844 0.631348 0.0625 0.0654297 0.0010519
