2 0.525879 0.323486 0.143555 0.156738 0.815918
1 0.982422 0.956787 0.0273438 0.0668945 0.472656
1 0.983154 0.951416 0.0336914 0.0913086 0.285156
1 0.975586 0.957764 0.0292969 0.0708008 0.111938
1 0.966064 0.0439453 0.0600586 0.0826416 0.0765381
1 0.0292969 0.937256 0.0269775 0.0727539 0.0648804
1 0.979736 0.924316 0.034668 0.143555 0.0480042
1 0.0305176 0.945801 0.0380859 0.0908203 0.0426636
13 0.522461 0.32251 0.132812 0.157715 0.0352173
14 0.522461 0.32251 0.132812 0.157715 0.0342712
14 0.981934 0.953125 0.0361328 0.0839844 0.0244904
2 0.494507 0.320557 0.218018 0.173828 0.020401
14 0.0305176 0.945801 0.0380859 0.0908203 0.0197601
4 0.970703 0.486328 0.0585938 0.821289 0.0175629
1 0.0319977 0.917969 0.0324402 0.136719 0.0150833
1 0.975342 0.939453 0.0336914 0.0839844 0.0147629
14 0.983398 0.952881 0.0292969 0.0629883 0.0133133
1 0.985352 0.939209 0.0214844 0.0766602 0.00993347
1 0.976807 0.0636902 0.0444336 0.0982056 0.00952148
2 0.562988 0.310303 0.294922 0.211914 0.00935364
9 0.523071 0.323975 0.137451 0.155273 0.00830078
1 0.961914 0.96167 0.0625 0.0610352 0.00767517
1 0.0289612 0.893555 0.0407104 0.1875 0.00712967
1 0.964844 0.0562134 0.0703125 0.112427 0.00650024
1 0.97876 0.885254 0.0366211 0.200195 0.00632095
1 0.985352 0.918701 0.0234375 0.10791 0.00590515
1 0.524048 0.324707 0.145264 0.162109 0.0056076
1 0.0234833 0.936279 0.0406799 0.105957 0.00531006
4 0.0345001 0.815918 0.0330505 0.334961 0.00519562
4 0.980225 0.956055 0.0317383 0.0683594 0.00477982
4 0.0410156 0.431152 0.0632324 0.862305 0.00458145
1 0.0224609 0.922363 0.0283203 0.104492 0.00423813
8 0.522461 0.32251 0.132812 0.157715 0.00419617
1 0.982178 0.0807953 0.0336914 0.106232 0.00365257
1 0.985352 0.933105 0.0292969 0.0869141 0.00357628
13 0.980713 0.904785 0.0327148 0.165039 0.00330544
2 0.982422 0.9104 0.0351562 0.17334 0.00311089
4 0.522949 0.325928 0.146484 0.161133 0.0030117
4 0.0512695 0.48938 0.0939941 0.941162 0.00296021
2 0.982666 0.955322 0.0288086 0.0620117 0.00234222
1 0.0375977 0.940186 0.0383301 0.0668945 0.00230789
2 0.982422 0.950684 0.0351562 0.0947266 0.002285
13 0.0311737 0.897705 0.0362854 0.185059 0.00219727
1 0.0268555 0.963135 0.0400391 0.0737305 0.00206184
1 0.0507812 0.0365601 0.0603027 0.0627441 0.00205994
10 0.522461 0.32251 0.132812 0.157715 0.00204277
1 0.980469 0.829102 0.0292969 0.302734 0.00200462
14 0.977783 0.959229 0.0307617 0.0620117 0.00198364
1 0.972412 0.908691 0.043457 0.155273 0.00191784
6 0.523926 0.323486 0.139648 0.154785 0.00189877
19 0.522095 0.322021 0.138428 0.159668 0.00189018
13 0.981445 0.94458 0.0351562 0.11084 0.00187302
5 0.521484 0.321533 0.145508 0.163574 0.00184917
4 0.932617 0.957275 0.123047 0.0698242 0.00184631
1 0.954346 0.0262299 0.0639648 0.0491028 0.00171089
11 0.522461 0.32251 0.132812 0.157715 0.00170803
16 0.522461 0.32251 0.132812 0.157715 0.00170803
15 0.522095 0.322021 0.138428 0.159668 0.00169468
7 0.523071 0.323975 0.137451 0.155273 0.00168228
2 0.518066 0.328125 0.0849609 0.111328 0.00167847
1 0.839844 0.0614166 0.267578 0.071991 0.00165939
12 0.521484 0.321533 0.145508 0.163574 0.00164413
18 0.521484 0.321533 0.145508 0.163574 0.00161934
3 0.524048 0.324707 0.145264 0.162109 0.0015707
13 0.982422 0.956787 0.0273438 0.0668945 0.00152302
4 0.979736 0.310547 0.0405273 0.621094 0.0014801
14 0.978271 0.936279 0.0317383 0.117676 0.00146961
17 0.521484 0.321533 0.145508 0.163574 0.00144005
0 0.524048 0.324707 0.145264 0.162109 0.00138664
13 0.966064 0.588379 0.0581055 0.823242 0.00138187
13 0.524902 0.331787 0.208008 0.161621 0.00137424
1 0.0419312 0.0554199 0.0500488 0.0969238 0.00134277
13 0.0301971 0.934082 0.0370178 0.116211 0.00128746
2 0.0306396 0.932861 0.0391846 0.116699 0.00126457
13 0.961426 0.423584 0.0615234 0.808105 0.00126171
1 0.0283356 0.888672 0.026825 0.15918 0.00122261
2 0.0512695 0.48938 0.0939941 0.941162 0.00121021
2 0.975586 0.957275 0.03125 0.0678711 0.00120163
1 0.991211 0.946533 0.0175781 0.0541992 0.0011549
14 0.0319977 0.917969 0.0324402 0.136719 0.00114536
9 0.982666 0.955322 0.0288086 0.0620117 0.00111103
4 0.978516 0.696411 0.0429688 0.587646 0.00107861
2 0.980469 0.860596 0.0371094 0.26123 0.00106144
1 0.982422 0.968506 0.0351562 0.0629883 0.00105476
1 0.0409698 0.871582 0.0520935 0.233398 0.00102139
