13 0.518555 0.283203 0.0498047 0.192871 0.734863
13 0.773926 0.0960999 0.0351562 0.132507 0.468262
13 0.779297 0.089325 0.0283203 0.110413 0.231689
1 0.0283051 0.937256 0.0249329 0.0708008 0.206299
13 0.773438 0.189148 0.0507812 0.304321 0.196289
4 0.116699 0.805176 0.0778809 0.321289 0.17981
4 0.0938416 0.597168 0.0930786 0.701172 0.122742
13 0.54248 0.203613 0.0957031 0.357422 0.0862427
13 0.519531 0.28125 0.0361328 0.116699 0.0784912
13 0.775391 0.118988 0.0449219 0.16925 0.0673828
1 0.0257874 0.945312 0.034729 0.0683594 0.0603943
13 0.529297 0.266846 0.0791016 0.232422 0.0597229
2 0.518066 0.287109 0.0439453 0.160156 0.0561218
1 0.980469 0.0523682 0.0351562 0.0631104 0.0558167
1 0.981445 0.965576 0.0351562 0.0610352 0.0466614
1 0.026062 0.92041 0.0299072 0.0888672 0.0411377
4 0.039917 0.788086 0.0418701 0.361328 0.0386963
1 0.9729 0.966553 0.034668 0.0629883 0.0303802
14 0.519043 0.287354 0.0458984 0.166016 0.0231171
13 0.788574 0.0856628 0.0361328 0.0986938 0.0184631
1 0.77832 0.0932617 0.0341797 0.12207 0.016571
4 0.041687 0.671387 0.0472412 0.567383 0.0155563
13 0.766113 0.142365 0.0498047 0.210876 0.0150452
1 0.518066 0.284668 0.0458984 0.165039 0.0138931
13 0.525879 0.251221 0.0400391 0.0942383 0.0130005
4 0.0828247 0.473022 0.0823975 0.833252 0.0123138
4 0.0970459 0.771973 0.088623 0.308594 0.011673
13 0.768555 0.252197 0.0517578 0.425781 0.0113983
13 0.54834 0.282288 0.110352 0.194214 0.00889587
4 0.405273 0.541504 0.0864258 0.84375 0.00785828
2 0.517578 0.283691 0.0615234 0.195312 0.0078125
4 0.103516 0.733887 0.095459 0.454102 0.00776291
14 0.519531 0.28125 0.0361328 0.116699 0.00717545
14 0.779297 0.0901184 0.0351562 0.114197 0.00622177
2 0.77832 0.0932617 0.0341797 0.12207 0.00582886
1 0.980469 0.91333 0.0273438 0.118652 0.00543594
1 0.0256805 0.930664 0.0416565 0.0820312 0.00535202
13 0.553223 0.138641 0.0888672 0.197815 0.00530243
13 0.774414 0.0803528 0.0283203 0.0844116 0.00523758
1 0.0303497 0.914551 0.0273132 0.12207 0.00517654
1 0.779297 0.0908203 0.0244141 0.102295 0.00501633
4 0.728516 0.476074 0.131836 0.924805 0.00490189
13 0.760254 0.186707 0.0595703 0.31311 0.00487518
13 0.776367 0.0806274 0.0478516 0.101196 0.00473785
1 0.977295 0.95459 0.0375977 0.0908203 0.0047226
2 0.519531 0.28125 0.0361328 0.116699 0.0044136
1 0.980225 0.941162 0.0239258 0.100098 0.00424194
1 0.973389 0.0465546 0.0336914 0.0641174 0.00399017
13 0.620117 0.729492 0.0253906 0.0683594 0.00391769
1 0.964111 0.968994 0.0541992 0.0561523 0.00375366
1 0.977539 0.95752 0.0234375 0.0771484 0.00374031
13 0.621094 0.710938 0.0273438 0.107422 0.00371552
13 0.543457 0.151245 0.0791016 0.276611 0.00347519
13 0.224548 0.759277 0.0279541 0.0458984 0.00317955
2 0.980225 0.0518799 0.0356445 0.0622559 0.00312042
13 0.728516 0.476074 0.131836 0.924805 0.00309753
1 0.52002 0.265625 0.0615234 0.213379 0.00308037
1 0.519531 0.28125 0.0361328 0.116699 0.00278091
1 0.772461 0.192261 0.0517578 0.310791 0.00270653
13 0.97168 0.109375 0.0332031 0.178223 0.00265694
13 0.74707 0.170593 0.113281 0.294556 0.00263977
13 0.980469 0.0525665 0.0332031 0.0584412 0.00248718
4 0.52002 0.279297 0.0458984 0.178711 0.00243378
2 0.0878906 0.493286 0.0932617 0.906006 0.0024147
13 0.561035 0.880371 0.0410156 0.0253906 0.0024128
1 0.980469 0.974609 0.0292969 0.0410156 0.00238609
13 0.550781 0.158875 0.0664062 0.151978 0.00233841
13 0.757324 0.119141 0.0996094 0.172119 0.00226974
13 0.510254 0.290527 0.0859375 0.171387 0.00218964
2 0.772461 0.192078 0.0527344 0.305298 0.00218391
1 0.973633 0.908447 0.0332031 0.175293 0.00215721
4 0.698242 0.65625 0.0839844 0.675781 0.00200653
13 0.304443 0.372803 0.0209961 0.0859375 0.00190449
13 0.791016 0.11441 0.0507812 0.161316 0.00186729
2 0.779297 0.0908203 0.0244141 0.102295 0.00179005
1 0.985352 0.958984 0.0292969 0.0703125 0.00177956
4 0.942139 0.505371 0.090332 0.938477 0.0017767
1 0.0290375 0.910156 0.0437317 0.115234 0.00167274
13 0.0837402 0.459351 0.0957031 0.899658 0.00166607
10 0.77832 0.0932617 0.0341797 0.12207 0.00163078
13 0.972656 0.0522461 0.03125 0.0743408 0.00158119
13 0.581055 0.18512 0.165039 0.32312 0.00157738
13 0.67627 0.204773 0.270508 0.35022 0.00157166
13 0.78125 0.183167 0.0839844 0.300659 0.00156403
9 0.517578 0.284668 0.0439453 0.167969 0.00151157
13 0.942139 0.505371 0.090332 0.938477 0.00149918
13 0.525879 0.291016 0.0566406 0.143066 0.00147533
14 0.0273438 0.938232 0.026123 0.0629883 0.00145149
4 0.547363 0.175537 0.0849609 0.345703 0.00144482
13 0.775879 0.108398 0.0292969 0.0949707 0.00143051
4 0.773438 0.189148 0.0507812 0.304321 0.00138378
2 0.54248 0.203613 0.0957031 0.357422 0.00133133
1 0.775391 0.118988 0.0449219 0.16925 0.00132656
2 0.0273438 0.938232 0.026123 0.0629883 0.00128269
1 0.0204926 0.948486 0.0359192 0.0522461 0.00127983
2 0.974365 0.9646 0.0356445 0.0629883 0.00126457
4 0.525879 0.269531 0.0703125 0.224121 0.00126362
13 0.51123 0.292725 0.0439453 0.117188 0.00124741
13 0.529297 0.143066 0.107422 0.20166 0.00121784
1 0.962891 0.0440674 0.0644531 0.0541992 0.00121403
1 0.0352173 0.0554047 0.036377 0.101837 0.00119781
4 0.779297 0.089325 0.0283203 0.110413 0.00119686
13 0.567383 0.264465 0.174805 0.273804 0.001194
4 0.773926 0.0960999 0.0351562 0.132507 0.00112629
13 0.794434 0.0921021 0.102539 0.115356 0.00108433
13 0.51416 0.408936 0.0527344 0.440918 0.0010767
4 0.116821 0.498047 0.133545 0.898438 0.00103664
13 0.501465 0.287109 0.200195 0.257812 0.00103474
1 0.0224609 0.904541 0.0284424 0.134277 0.0010252
4 0.0612946 0.672852 0.0805359 0.546875 0.00101471
