13 0.407959 0.472168 0.0610352 0.317383 0.814453
13 0.524414 0.463745 0.0292969 0.144775 0.658203
2 0.408203 0.47168 0.0493164 0.307617 0.496338
1 0.980225 0.937744 0.0375977 0.11084 0.333008
13 0.425659 0.46875 0.16333 0.335938 0.185913
2 0.398926 0.467773 0.0810547 0.317383 0.163574
1 0.984375 0.917969 0.03125 0.126953 0.0866699
1 0.0327148 0.919922 0.0411377 0.130859 0.0806885
13 0.498535 0.470703 0.0859375 0.25293 0.04245
13 0.523438 0.462646 0.0224609 0.097168 0.0418091
13 0.471191 0.477539 0.208008 0.325195 0.0406189
1 0.0327148 0.785156 0.0394287 0.361328 0.037262
13 0.426147 0.476562 0.0861816 0.301758 0.0355835
1 0.0292969 0.904785 0.0285645 0.147461 0.0346375
2 0.45459 0.478516 0.246094 0.333984 0.0326843
2 0.240173 0.476196 0.380981 0.350342 0.0269318
2 0.499146 0.679932 0.841553 0.593262 0.023941
1 0.0317383 0.865723 0.0328369 0.233398 0.0192261
2 0.371826 0.470703 0.130859 0.316406 0.0174713
2 0.491577 0.53894 0.583252 0.711182 0.0165253
2 0.494141 0.172424 0.853516 0.330933 0.0158386
1 0.981445 0.864746 0.03125 0.24707 0.0138397
2 0.242249 0.422974 0.418823 0.538818 0.0137177
1 0.0375977 0.902344 0.0476074 0.177734 0.0131531
13 0.51416 0.464355 0.0400391 0.189453 0.0130844
4 0.0662079 0.49353 0.103668 0.960205 0.0115738
13 0.489624 0.548218 0.598877 0.671143 0.0106888
1 0.983154 0.789795 0.0297852 0.359863 0.0105362
1 0.407471 0.471558 0.0620117 0.31665 0.0105057
2 0.450684 0.14093 0.84668 0.201538 0.0102158
2 0.736328 0.427002 0.444336 0.387207 0.00989532
1 0.523926 0.468018 0.0273438 0.14502 0.00961304
14 0.406738 0.473511 0.059082 0.318604 0.00873566
1 0.986328 0.88916 0.0253906 0.182617 0.0085907
13 0.522461 0.470215 0.287109 0.373047 0.00809479
2 0.327637 0.47168 0.279297 0.328125 0.00793457
1 0.979736 0.959717 0.0405273 0.0727539 0.00754929
13 0.529297 0.454224 0.0449219 0.148193 0.00742722
2 0.0662079 0.49353 0.103668 0.960205 0.00669861
1 0.0336914 0.110809 0.0345459 0.203674 0.00653839
4 0.936035 0.501099 0.102539 0.92749 0.00640488
13 0.471191 0.433044 0.293945 0.453247 0.00626373
1 0.984375 0.946533 0.03125 0.0893555 0.00611115
13 0.550781 0.484375 0.264648 0.734375 0.00611115
1 0.0482178 0.917969 0.0592041 0.138672 0.0060463
13 0.527344 0.47168 0.0224609 0.0976562 0.00568008
13 0.40918 0.4021 0.0424805 0.200684 0.00520325
1 0.979492 0.898682 0.0410156 0.192871 0.00504303
13 0.522461 0.482422 0.0419922 0.157227 0.00486755
1 0.0390167 0.0536957 0.0369568 0.100128 0.00485229
4 0.981689 0.76709 0.0366211 0.418945 0.00476074
2 0.489746 0.307617 0.709961 0.615234 0.0046463
13 0.533691 0.467285 0.105469 0.211914 0.00463867
1 0.0407715 0.833008 0.0522461 0.300781 0.0045166
2 0.523926 0.468018 0.0273438 0.14502 0.00439072
1 0.973389 0.0710754 0.0317383 0.125427 0.0043335
2 0.507812 0.92041 0.908203 0.145508 0.00408554
1 0.0375977 0.179932 0.0361328 0.340332 0.00403976
1 0.418457 0.470215 0.107422 0.319336 0.0039978
1 0.0327148 0.948242 0.0546875 0.0957031 0.0038929
2 0.618164 0.579224 0.644531 0.818115 0.00388336
13 0.417725 0.50293 0.289551 0.450195 0.00379562
14 0.524902 0.469238 0.0322266 0.150391 0.00370979
2 0.730713 0.472168 0.491699 0.832031 0.00356293
13 0.525024 0.492676 0.508545 0.454102 0.00338936
2 0.508301 0.873047 0.878906 0.210938 0.00323296
2 0.239746 0.606445 0.395996 0.549805 0.00309181
2 0.417725 0.50293 0.289551 0.450195 0.00303078
2 0.550781 0.484375 0.264648 0.734375 0.00271797
13 0.981445 0.864746 0.03125 0.24707 0.00264549
1 0.97876 0.974854 0.0424805 0.0444336 0.0024662
4 0.409912 0.472168 0.0595703 0.311523 0.00246239
13 0.520996 0.440918 0.0458984 0.194336 0.00230217
1 0.45459 0.478516 0.246094 0.333984 0.00228119
2 0.544434 0.484375 0.238281 0.381836 0.00223732
2 0.525024 0.492676 0.508545 0.454102 0.0022316
2 0.519165 0.732422 0.881592 0.351562 0.00221252
2 0.0407715 0.833008 0.0522461 0.300781 0.00204277
4 0.524902 0.468506 0.0292969 0.164551 0.00200272
4 0.95752 0.479614 0.0712891 0.900146 0.00198364
13 0.371826 0.470703 0.130859 0.316406 0.00195026
1 0.974365 0.849121 0.0395508 0.264648 0.00193787
13 0.327637 0.47168 0.279297 0.328125 0.00189304
13 0.0375977 0.904297 0.045166 0.15625 0.00188541
1 0.0410156 0.0671539 0.0499268 0.117401 0.00188065
1 0.970947 0.938721 0.050293 0.097168 0.00186348
13 0.418701 0.444702 0.0600586 0.292236 0.00179005
13 0.479492 0.496094 0.143555 0.269531 0.00177288
1 0.0322113 0.718262 0.0471497 0.520508 0.00175381
13 0.540527 0.464355 0.133789 0.438477 0.00172329
13 0.397217 0.457031 0.0947266 0.310547 0.00170612
2 0.471802 0.467041 0.160889 0.294434 0.00167847
13 0.543945 0.471191 0.0693359 0.155273 0.00167656
13 0.985352 0.852539 0.0253906 0.191406 0.00164509
9 0.408203 0.47168 0.0493164 0.307617 0.00161648
1 0.974365 0.144867 0.0375977 0.195618 0.0015974
13 0.510742 0.470825 0.0664062 0.205811 0.00156403
13 0.0273285 0.864746 0.0273743 0.213867 0.0014677
1 0.0214844 0.882812 0.0322266 0.181641 0.00143528
4 0.976318 0.641846 0.0473633 0.681152 0.00136375
1 0.978516 0.899414 0.0351562 0.133789 0.00134277
1 0.979492 0.0841675 0.0332031 0.146851 0.00133324
2 0.477539 0.429871 0.383789 0.424438 0.00131512
2 0.63269 0.402344 0.570557 0.791992 0.00129509
13 0.543091 0.407837 0.380615 0.567139 0.00127125
1 0.0450439 0.942627 0.0461426 0.0991211 0.00124645
2 0.430542 0.474121 0.0891113 0.305664 0.00117779
4 0.431152 0.46875 0.131836 0.316406 0.00116253
13 0.495117 0.31311 0.628906 0.582764 0.00113773
1 0.240173 0.476196 0.380981 0.350342 0.00113773
13 0.980225 0.937744 0.0375977 0.11084 0.00112247
1 0.986328 0.902832 0.0234375 0.0927734 0.00109005
1 0.0224762 0.918213 0.0429382 0.126465 0.00106239
13 0.41748 0.378906 0.0366211 0.140625 0.00105
2 0.052002 0.78125 0.067749 0.404297 0.00104427
9 0.524414 0.463745 0.0292969 0.144775 0.00103378
