2 0.60791 0.751465 0.316406 0.393555 0.856445
2 0.719727 0.75293 0.494141 0.416016 0.168579
13 0.976562 0.90625 0.0371094 0.128906 0.145142
13 0.977783 0.858887 0.0366211 0.211914 0.0935669
1 0.97876 0.055542 0.0366211 0.0991211 0.0671387
13 0.61377 0.754395 0.283203 0.34375 0.0413818
1 0.0273285 0.930664 0.0288391 0.0839844 0.0381775
13 0.981201 0.928955 0.0336914 0.114746 0.0348206
1 0.986328 0.941406 0.0195312 0.0703125 0.0333862
4 0.0677795 0.463135 0.0929565 0.921387 0.0300293
1 0.0246124 0.95166 0.0254822 0.0771484 0.0227051
13 0.612305 0.151489 0.176758 0.065918 0.0179291
13 0.974609 0.779785 0.0410156 0.370117 0.0150375
1 0.981445 0.0800476 0.0371094 0.145569 0.0148544
13 0.970459 0.831055 0.043457 0.250977 0.0129089
4 0.966797 0.669434 0.0605469 0.608398 0.0117798
9 0.611694 0.75293 0.290283 0.332031 0.0117645
4 0.608887 0.746094 0.291016 0.328125 0.0105743
2 0.522339 0.371826 0.836182 0.726074 0.0105515
1 0.0288086 0.917236 0.032959 0.130371 0.0104141
14 0.611694 0.75293 0.290283 0.332031 0.0101242
1 0.608887 0.746094 0.291016 0.328125 0.00956726
1 0.977783 0.858887 0.0366211 0.211914 0.00865173
1 0.0371094 0.0463867 0.0401611 0.0889893 0.00737381
1 0.0226746 0.906738 0.0293579 0.137695 0.0067749
1 0.983398 0.911621 0.0273438 0.110352 0.00606537
1 0.969482 0.0550537 0.0356445 0.103027 0.00580597
2 0.970947 0.738281 0.0483398 0.423828 0.00540161
2 0.438477 0.494629 0.796875 0.679688 0.0053215
1 0.981445 0.934814 0.0214844 0.0834961 0.00522232
4 0.956055 0.478027 0.0839844 0.898438 0.00479507
13 0.968018 0.731934 0.050293 0.420898 0.00457001
2 0.953369 0.487671 0.0932617 0.932861 0.00447464
2 0.51709 0.546753 0.481445 0.752197 0.00443268
2 0.559448 0.680664 0.4104 0.487305 0.00426483
13 0.986328 0.932617 0.0195312 0.0859375 0.00416946
1 0.984375 0.944824 0.03125 0.106445 0.0041275
4 0.650391 0.747559 0.417969 0.384766 0.00411224
1 0.0224609 0.936523 0.0250244 0.0703125 0.00402069
13 0.494141 0.862305 0.0839844 0.185547 0.00401306
13 0.981445 0.934814 0.0214844 0.0834961 0.00377464
13 0.977539 0.888184 0.0292969 0.114258 0.00370789
1 0.986328 0.927002 0.0234375 0.0913086 0.00360107
13 0.650513 0.745117 0.409912 0.404297 0.00358009
19 0.611694 0.75293 0.290283 0.332031 0.00356865
2 0.496094 0.306091 0.898438 0.445435 0.00330925
1 0.977539 0.904785 0.03125 0.126953 0.00323105
16 0.611694 0.75293 0.290283 0.332031 0.00322533
18 0.611694 0.75293 0.290283 0.332031 0.00322533
1 0.0292969 0.953125 0.0307617 0.0605469 0.00316238
13 0.982666 0.0963135 0.034668 0.174316 0.00312233
8 0.611694 0.75293 0.290283 0.332031 0.00311661
1 0.974609 0.779785 0.0410156 0.370117 0.00310516
7 0.611694 0.75293 0.290283 0.332031 0.00306702
3 0.61377 0.754395 0.283203 0.34375 0.00294685
13 0.983398 0.915527 0.0234375 0.110352 0.00290871
11 0.611694 0.75293 0.290283 0.332031 0.00289345
13 0.585449 0.161499 0.21875 0.0947266 0.00287056
2 0.521973 0.75 0.191406 0.398438 0.00276566
12 0.611694 0.75293 0.290283 0.332031 0.00275993
10 0.611694 0.75293 0.290283 0.332031 0.00275993
15 0.611694 0.75293 0.290283 0.332031 0.0027504
17 0.611694 0.75293 0.290283 0.332031 0.00274086
0 0.61377 0.754395 0.283203 0.34375 0.00271797
1 0.0306091 0.868652 0.0376587 0.204102 0.00250626
6 0.611694 0.75293 0.290283 0.332031 0.00249672
5 0.611694 0.75293 0.290283 0.332031 0.00243759
13 0.971924 0.922607 0.034668 0.100098 0.00243378
9 0.650391 0.747559 0.417969 0.384766 0.00243378
2 0.580078 0.687988 0.370117 0.261719 0.00231361
13 0.96875 0.102509 0.0371094 0.187561 0.00226593
1 0.0356445 0.0765686 0.0358887 0.151062 0.00215149
2 0.974365 0.862305 0.0375977 0.200195 0.00208664
1 0.0283203 0.966309 0.0305176 0.0537109 0.00197029
4 0.970459 0.361084 0.059082 0.665527 0.00194263
1 0.0396271 0.0402832 0.0594177 0.0805664 0.00189972
2 0.976562 0.90625 0.0371094 0.128906 0.00188065
2 0.966797 0.669434 0.0605469 0.608398 0.00184631
1 0.980469 0.0763092 0.0371094 0.0907898 0.00171852
14 0.650513 0.745117 0.409912 0.404297 0.00171089
13 0.628418 0.149292 0.109375 0.0529785 0.00169754
4 0.246582 0.538696 0.167969 0.865967 0.00158787
1 0.984863 0.052948 0.0302734 0.0879517 0.00155067
2 0.0683289 0.477539 0.100647 0.955078 0.00151539
1 0.963623 0.0458221 0.0610352 0.0758362 0.00148392
4 0.971924 0.740234 0.0463867 0.422852 0.00147629
2 0.573242 0.645508 0.311523 0.177734 0.00141811
13 0.0249023 0.901855 0.0284424 0.139648 0.00137138
2 0.583496 0.86084 0.255859 0.174805 0.00128174
13 0.521973 0.786133 0.171875 0.356445 0.0012598
2 0.737305 0.672363 0.436523 0.341797 0.00125694
8 0.650391 0.747559 0.417969 0.384766 0.00124645
2 0.706543 0.479492 0.50293 0.733398 0.00120163
13 0.980713 0.896973 0.0385742 0.141602 0.00115585
2 0.734375 0.833496 0.53125 0.333008 0.00113201
13 0.959473 0.438965 0.0810547 0.860352 0.00111961
13 0.976318 0.130219 0.0415039 0.228821 0.0010891
4 0.973633 0.264038 0.0527344 0.454346 0.00106335
1 0.650513 0.745117 0.409912 0.404297 0.00105953
13 0.977539 0.848145 0.0449219 0.25293 0.00104332
13 0.960205 0.86084 0.0581055 0.223633 0.00102615
1 0.974609 0.0405273 0.0429688 0.0754395 0.00100899
