2 0.511719 0.678711 0.503906 0.320312 0.869629
1 0.0256958 0.958008 0.0386963 0.0761719 0.165894
1 0.976562 0.0626831 0.0351562 0.0887451 0.0830078
2 0.517456 0.678711 0.324463 0.282227 0.0725708
2 0.438477 0.445801 0.720703 0.804688 0.0535278
1 0.987305 0.943604 0.0234375 0.0737305 0.0465088
4 0.0511017 0.473145 0.0843201 0.946289 0.040863
1 0.986328 0.914551 0.0253906 0.12793 0.0254211
2 0.0282593 0.953125 0.0386963 0.0820312 0.0244446
2 0.424316 0.821777 0.0390625 0.0605469 0.0165405
1 0.0284119 0.936523 0.0374146 0.121094 0.015686
13 0.519043 0.682617 0.458008 0.238281 0.0156708
1 0.0378418 0.916016 0.0444336 0.152344 0.0128021
2 0.599731 0.648438 0.359131 0.241211 0.0125885
1 0.976318 0.0904236 0.0336914 0.137512 0.012291
14 0.026474 0.957275 0.0395813 0.0776367 0.0120239
14 0.515625 0.681152 0.488281 0.227539 0.0118942
1 0.0366211 0.0563354 0.0422363 0.0943604 0.0114365
4 0.515137 0.678223 0.454102 0.241211 0.0105362
9 0.515625 0.681152 0.488281 0.227539 0.00946808
1 0.516602 0.675781 0.475586 0.229492 0.00888824
2 0.401489 0.500366 0.671631 0.528564 0.0078125
1 0.980225 0.870117 0.027832 0.216797 0.00780106
1 0.984375 0.938965 0.03125 0.0947266 0.00751495
1 0.031723 0.960205 0.0273743 0.0639648 0.00574493
2 0.499878 0.303711 0.875244 0.607422 0.00509644
2 0.0283966 0.89917 0.0423279 0.191895 0.0049057
2 0.43335 0.688477 0.571777 0.234375 0.004776
4 0.0413818 0.754883 0.0545654 0.457031 0.00471115
13 0.424316 0.820801 0.0307617 0.0585938 0.00445938
1 0.979736 0.906982 0.0327148 0.158691 0.0042572
2 0.391113 0.628296 0.652344 0.427002 0.00419998
1 0.975342 0.136566 0.0336914 0.220032 0.0037899
2 0.368164 0.768066 0.226562 0.121094 0.0036068
2 0.437012 0.706543 0.379883 0.25293 0.00358772
13 0.980225 0.831543 0.0297852 0.290039 0.00346756
13 0.905273 0.655762 0.0410156 0.0869141 0.00338745
2 0.0578766 0.490356 0.106171 0.960693 0.00314331
13 0.97583 0.166687 0.034668 0.286743 0.00309372
13 0.984375 0.901123 0.0234375 0.150879 0.00305176
1 0.977051 0.0691376 0.0458984 0.123932 0.00299263
1 0.972412 0.882324 0.0375977 0.206055 0.00285912
4 0.965576 0.44812 0.0688477 0.875244 0.00282478
1 0.0322266 0.96582 0.0385742 0.0507812 0.0028019
13 0.038147 0.899902 0.0450439 0.170898 0.00276566
13 0.0266571 0.958496 0.0370178 0.0732422 0.0027504
1 0.986328 0.916992 0.0214844 0.0898438 0.00272369
13 0.730957 0.285889 0.0263672 0.0883789 0.00265312
1 0.979492 0.829834 0.0351562 0.312988 0.00265312
18 0.515137 0.685059 0.462891 0.244141 0.00252914
2 0.483276 0.996582 0.806885 0.00683594 0.00249672
4 0.0408936 0.426147 0.0615234 0.727783 0.00247383
16 0.519043 0.682617 0.458008 0.238281 0.00246811
19 0.519043 0.682617 0.458008 0.238281 0.00244904
7 0.519043 0.682617 0.458008 0.238281 0.00242996
8 0.515137 0.685059 0.462891 0.244141 0.00235748
1 0.98584 0.96167 0.0283203 0.0766602 0.00225639
11 0.519043 0.682617 0.458008 0.238281 0.00222206
3 0.515137 0.685059 0.462891 0.244141 0.00217247
1 0.0284729 0.0788269 0.039856 0.151917 0.0021534
2 0.408203 0.719238 0.283203 0.194336 0.00214386
15 0.519043 0.682617 0.458008 0.238281 0.0021286
17 0.519043 0.682617 0.458008 0.238281 0.00207901
1 0.0288544 0.898926 0.0421448 0.192383 0.0020752
0 0.515137 0.685059 0.462891 0.244141 0.00206566
2 0.0334473 0.933105 0.0380859 0.124023 0.00205803
4 0.0367432 0.248291 0.057251 0.496582 0.00201607
5 0.519043 0.682617 0.458008 0.238281 0.00201607
12 0.515137 0.685059 0.462891 0.244141 0.0019722
13 0.728516 0.303955 0.0253906 0.113281 0.00196457
4 0.0367737 0.473145 0.0735474 0.946289 0.00192928
2 0.957275 0.394043 0.0854492 0.735352 0.00191116
10 0.519043 0.682617 0.458008 0.238281 0.001894
13 0.0438232 0.550293 0.0541992 0.701172 0.00181007
6 0.519043 0.682617 0.458008 0.238281 0.00173759
2 0.490723 0.560059 0.532227 0.460938 0.00172806
14 0.0281677 0.936523 0.0385132 0.125 0.00164509
1 0.973389 0.0531769 0.0493164 0.0848083 0.00159168
1 0.976562 0.937988 0.0273438 0.0966797 0.00155735
4 0.0427246 0.610962 0.0543213 0.588623 0.00154209
13 0.0284119 0.936523 0.0374146 0.121094 0.00149727
2 0.598145 0.680176 0.485352 0.224609 0.00149536
1 0.484253 0.99707 0.861572 0.00585938 0.00136662
1 0.980713 0.0788574 0.0366211 0.090332 0.00133991
4 0.967773 0.700439 0.0566406 0.587402 0.00131226
13 0.0342407 0.861328 0.0429688 0.255859 0.00129414
1 0.978516 0.0440674 0.0351562 0.055542 0.00126171
1 0.0218811 0.971436 0.0437622 0.0571289 0.00125885
13 0.931152 0.65332 0.0654297 0.275391 0.00125599
13 0.0288544 0.898926 0.0421448 0.192383 0.00120068
13 0.901367 0.662109 0.0283203 0.0703125 0.00118923
2 0.515259 0.208862 0.828857 0.327393 0.00118446
2 0.426758 0.818359 0.0600586 0.0498047 0.00115585
13 0.972656 0.115967 0.03125 0.176514 0.0011301
2 0.427979 0.816406 0.081543 0.0615234 0.00111389
2 0.965332 0.324585 0.0693359 0.626221 0.00110817
1 0.0693665 0.0505524 0.132263 0.0927429 0.00109959
1 0.0479126 0.0551147 0.0803223 0.0950928 0.00107288
2 0.982422 0.907227 0.0253906 0.150391 0.00106525
13 0.978271 0.0705719 0.0336914 0.100311 0.00102615
