2 0.484497 0.226135 0.357178 0.268433 0.868164
2 0.489136 0.507812 0.836182 0.982422 0.0794067
1 0.024765 0.944092 0.0317688 0.102051 0.048584
4 0.0612946 0.480957 0.107147 0.935547 0.0395203
1 0.974609 0.0635071 0.0449219 0.0907593 0.0329285
2 0.503174 0.50061 0.958496 0.516357 0.0325928
2 0.602661 0.235657 0.573975 0.282593 0.0282745
2 0.505859 0.282898 0.411133 0.301392 0.0282593
13 0.0290222 0.899902 0.0350952 0.163086 0.0188293
13 0.487305 0.225525 0.329102 0.224731 0.0181885
2 0.336426 0.179321 0.615234 0.297119 0.0148544
2 0.491211 0.22583 0.22168 0.285156 0.0147018
2 0.0579834 0.48291 0.101318 0.935547 0.0137405
14 0.489258 0.228271 0.332031 0.227051 0.0132751
1 0.0376129 0.0747986 0.04245 0.125793 0.0127335
1 0.489258 0.228271 0.332031 0.227051 0.0125732
13 0.0349579 0.885742 0.0261536 0.189453 0.0118713
9 0.487305 0.229797 0.353516 0.271851 0.0117264
4 0.937012 0.481079 0.0986328 0.908936 0.0108261
4 0.492188 0.224792 0.324219 0.226196 0.00973511
1 0.0292511 0.912354 0.0372009 0.157715 0.00964355
4 0.0452881 0.669922 0.0584717 0.570312 0.00886536
2 0.55127 0.160431 0.239258 0.138123 0.00511932
1 0.968018 0.066864 0.0600586 0.113831 0.00484848
13 0.039917 0.786621 0.0356445 0.381836 0.00428391
1 0.987305 0.929688 0.0195312 0.0898438 0.00424576
2 0.547852 0.408691 0.779297 0.546875 0.00419998
1 0.986328 0.912598 0.0273438 0.116211 0.00382805
1 0.98291 0.951904 0.0341797 0.0883789 0.00341225
19 0.492188 0.224792 0.324219 0.226196 0.00279999
8 0.48645 0.229248 0.355225 0.269531 0.00277519
2 0.382996 0.22583 0.445923 0.287109 0.00275421
18 0.493042 0.232178 0.328369 0.230957 0.00273895
16 0.493042 0.232178 0.328369 0.230957 0.00268555
7 0.493042 0.232178 0.328369 0.230957 0.0026741
13 0.972656 0.0637817 0.0429688 0.0877686 0.00264359
4 0.042038 0.755127 0.0440979 0.427246 0.00263977
11 0.493042 0.232178 0.328369 0.230957 0.00263214
3 0.493042 0.232178 0.328369 0.230957 0.00261307
13 0.0379028 0.836914 0.0279541 0.201172 0.00257683
2 0.48584 0.345215 0.381836 0.498047 0.00255585
13 0.0314941 0.870361 0.0432129 0.19873 0.00242615
13 0.0332642 0.849609 0.0321045 0.285156 0.0023632
1 0.0317383 0.107788 0.0375977 0.179688 0.00233841
17 0.489258 0.228271 0.332031 0.227051 0.00230026
13 0.0191345 0.900391 0.038269 0.164062 0.00224495
2 0.647461 0.278015 0.648438 0.414673 0.00224113
1 0.987305 0.942383 0.0253906 0.0742188 0.00222588
0 0.493042 0.232178 0.328369 0.230957 0.00221062
12 0.493042 0.232178 0.328369 0.230957 0.00221062
15 0.487305 0.225525 0.329102 0.224731 0.0022049
5 0.489258 0.228271 0.332031 0.227051 0.00218582
1 0.974365 0.0895996 0.0375977 0.135986 0.00217438
10 0.493042 0.232178 0.328369 0.230957 0.00213432
2 0.529297 0.179871 0.292969 0.199829 0.0021286
1 0.0383301 0.0597534 0.0615234 0.102661 0.00205994
6 0.493042 0.232178 0.328369 0.230957 0.00203705
1 0.979492 0.835693 0.03125 0.273926 0.00201607
1 0.0227203 0.964844 0.0295105 0.0703125 0.0019722
1 0.979736 0.920654 0.0385742 0.137207 0.00183487
2 0.614746 0.452759 0.666016 0.811279 0.00181675
2 0.463867 0.276367 0.321289 0.211426 0.00170326
4 0.0437775 0.552612 0.0728455 0.750244 0.00158119
2 0.974609 0.0635071 0.0449219 0.0907593 0.00155354
1 0.0205078 0.913574 0.0410156 0.143555 0.00152779
2 0.491211 0.16864 0.322266 0.145142 0.00152206
13 0.974365 0.0895996 0.0375977 0.135986 0.00150108
1 0.138245 0.0267487 0.19812 0.0289001 0.00147438
1 0.975586 0.16333 0.0371094 0.291992 0.00146103
13 0.0361328 0.82373 0.0495605 0.282227 0.00135803
13 0.0333252 0.0673676 0.0505371 0.115509 0.00130177
13 0.973389 0.13623 0.0375977 0.229492 0.00119209
1 0.0214844 0.937744 0.0252686 0.0698242 0.00118637
1 0.967041 0.055191 0.0385742 0.0912781 0.00117016
1 0.0381012 0.125671 0.0483093 0.230103 0.00113392
4 0.489136 0.507812 0.836182 0.982422 0.00110054
1 0.0263672 0.921387 0.026001 0.112305 0.00109959
13 0.0239716 0.933594 0.0318909 0.125 0.00106812
1 0.965332 0.0442963 0.0654297 0.0793762 0.00104332
2 0.940918 0.491577 0.106445 0.91333 0.00101757
