2 0.427734 0.746094 0.0878906 0.265625 0.779785
13 0.648926 0.606323 0.115234 0.332275 0.53125
1 0.983887 0.95459 0.0322266 0.0869141 0.418945
13 0.431763 0.747559 0.0847168 0.264648 0.244019
13 0.645996 0.610229 0.0771484 0.293213 0.12854
13 0.661621 0.646484 0.0800781 0.251953 0.11731
13 0.660156 0.603516 0.0664062 0.200195 0.0840454
1 0.985352 0.946533 0.0234375 0.0854492 0.0704956
13 0.665039 0.692383 0.0761719 0.152344 0.0427856
1 0.0252075 0.953125 0.0307617 0.0644531 0.0379639
13 0.643555 0.599609 0.0556641 0.216797 0.0327759
14 0.425781 0.74707 0.0917969 0.257812 0.032196
2 0.407471 0.749512 0.171387 0.248047 0.0287933
2 0.652832 0.637695 0.104492 0.260742 0.0244751
1 0.979248 0.944336 0.0375977 0.111328 0.0243835
13 0.665527 0.572388 0.123047 0.484131 0.0208435
1 0.0279083 0.918945 0.0310974 0.111328 0.0200653
2 0.457397 0.746094 0.227783 0.273438 0.0143814
1 0.984375 0.913818 0.03125 0.135254 0.0114212
13 0.317871 0.714844 0.0268555 0.0712891 0.0113525
13 0.180664 0.79248 0.0175781 0.0498047 0.0110016
13 0.631348 0.575684 0.078125 0.264648 0.0107498
13 0.65332 0.664062 0.0546875 0.170898 0.0103836
1 0.432129 0.746582 0.0830078 0.260742 0.00927734
2 0.424561 0.74707 0.0893555 0.142578 0.00925446
4 0.948486 0.484009 0.0854492 0.908936 0.00857544
1 0.97998 0.911621 0.0400391 0.172852 0.00785065
1 0.976562 0.956055 0.0332031 0.0761719 0.00728989
2 0.354126 0.745117 0.264404 0.279297 0.00704193
2 0.454468 0.74707 0.117432 0.275391 0.00696945
4 0.0546265 0.465332 0.0775146 0.916016 0.00694275
1 0.972412 0.917236 0.0473633 0.130371 0.00628281
1 0.654297 0.603027 0.107422 0.335938 0.00610352
1 0.981689 0.0650177 0.0366211 0.075531 0.00595856
13 0.892578 0.804199 0.0195312 0.0830078 0.00581741
13 0.405273 0.744141 0.120117 0.257812 0.00577164
1 0.021759 0.935059 0.03302 0.0673828 0.00575256
13 0.969727 0.893555 0.0507812 0.1875 0.00564194
1 0.979248 0.866211 0.0317383 0.246094 0.00547791
13 0.0367432 0.727417 0.0477295 0.545166 0.00525284
13 0.924316 0.905762 0.046875 0.124023 0.00497055
13 0.623047 0.520996 0.0615234 0.15332 0.00491714
13 0.897949 0.818359 0.0351562 0.166992 0.00464249
13 0.678711 0.630859 0.166992 0.303711 0.00464249
4 0.968262 0.293701 0.0634766 0.566895 0.00463104
13 0.896484 0.787109 0.0361328 0.0771484 0.00455093
13 0.663086 0.739258 0.307617 0.310547 0.00434113
4 0.0367432 0.727417 0.0477295 0.545166 0.00432205
13 0.922852 0.841309 0.0615234 0.254883 0.00412369
2 0.0614624 0.442139 0.0994873 0.848145 0.00403595
13 0.65332 0.652832 0.0410156 0.129883 0.00392532
13 0.655762 0.672363 0.113281 0.313477 0.00379753
9 0.425049 0.746582 0.0952148 0.261719 0.00374603
1 0.0245056 0.0618134 0.0425415 0.112946 0.00371552
13 0.669434 0.603516 0.261719 0.391602 0.00371552
13 0.891602 0.85498 0.0332031 0.206055 0.00361824
1 0.981445 0.805664 0.0332031 0.367188 0.0035553
4 0.427856 0.748047 0.0915527 0.265625 0.00340652
13 0.63916 0.503906 0.0927734 0.551758 0.00340462
4 0.649902 0.610352 0.109375 0.330078 0.00335312
13 0.182129 0.785645 0.0236816 0.0634766 0.00332642
13 0.424561 0.74707 0.0893555 0.142578 0.00328827
13 0.543945 0.609375 0.0322266 0.0644531 0.00328636
14 0.983154 0.954102 0.0336914 0.0839844 0.00327301
13 0.179199 0.787598 0.0344238 0.046875 0.00326729
2 0.547974 0.748047 0.316162 0.27832 0.00325775
13 0.337952 0.742188 0.268433 0.262695 0.00322151
13 0.932129 0.923096 0.0488281 0.10498 0.00307846
13 0.96875 0.844971 0.0449219 0.302246 0.00302315
13 0.457397 0.746094 0.227783 0.273438 0.00300026
13 0.479004 0.914062 0.0136719 0.0429688 0.00290108
1 0.980225 0.967773 0.0317383 0.0625 0.00281525
13 0.973389 0.896729 0.0375977 0.147949 0.00276947
13 0.706543 0.478516 0.360352 0.680664 0.0027504
13 0.92627 0.907227 0.0244141 0.0507812 0.00273705
13 0.976318 0.871338 0.0395508 0.247559 0.0026474
13 0.663086 0.489624 0.220703 0.675049 0.00261688
4 0.0352173 0.242798 0.0568848 0.479248 0.00261307
13 0.487915 0.295166 0.0603027 0.104004 0.00254631
13 0.651367 0.686035 0.140625 0.196289 0.00245285
8 0.425781 0.74707 0.0917969 0.257812 0.00227165
1 0.89502 0.0383759 0.204102 0.0255432 0.00222588
13 0.633301 0.578125 0.0605469 0.166992 0.00221252
13 0.666016 0.61377 0.109375 0.257812 0.0020504
13 0.628418 0.647949 0.170898 0.285156 0.00204849
14 0.653809 0.630859 0.0927734 0.267578 0.00192165
13 0.660156 0.571289 0.0791016 0.326172 0.00191975
13 0.0708771 0.505127 0.103851 0.938965 0.00191021
13 0.663574 0.719238 0.0820312 0.251953 0.00189877
14 0.653809 0.60498 0.12207 0.342773 0.00189018
1 0.883789 0.0321808 0.179688 0.0318298 0.00186348
13 0.972656 0.165894 0.0390625 0.223389 0.00186062
13 0.913086 0.782227 0.0439453 0.216797 0.00185776
1 0.0185852 0.0809937 0.0359497 0.144653 0.00185585
1 0.0333862 0.0509186 0.0578613 0.0846863 0.00181198
13 0.480957 0.216919 0.549805 0.262939 0.00173759
2 0.983154 0.954102 0.0336914 0.0839844 0.0017271
13 0.900879 0.874268 0.0615234 0.190918 0.0017252
13 0.897949 0.819336 0.0546875 0.179688 0.00169754
13 0.841309 0.633789 0.015625 0.0458984 0.0016861
13 0.321289 0.723633 0.0415039 0.0898438 0.00168228
13 0.649414 0.629883 0.0800781 0.142578 0.00167274
4 0.942139 0.727051 0.074707 0.545898 0.00166607
13 0.918945 0.905762 0.0390625 0.09375 0.0016346
1 0.974365 0.0550537 0.0493164 0.0599365 0.00162983
13 0.658691 0.48877 0.105469 0.168945 0.0015955
13 0.663574 0.680664 0.0634766 0.09375 0.00158787
5 0.429199 0.746094 0.0917969 0.276367 0.00155544
2 0.294373 0.738281 0.413208 0.347656 0.00154591
13 0.47168 0.194458 0.0791016 0.0979004 0.00152588
4 0.964355 0.459473 0.0712891 0.918945 0.00152397
13 0.9375 0.502075 0.101562 0.904053 0.0015192
1 0.97168 0.076889 0.0390625 0.103302 0.00150013
14 0.425049 0.737793 0.0869141 0.142578 0.00149059
13 0.671875 0.632812 0.0742188 0.18457 0.00148201
13 0.630859 0.505249 0.19043 0.528564 0.00147247
13 0.983887 0.952393 0.0322266 0.0952148 0.00146866
19 0.429199 0.746094 0.0917969 0.276367 0.00146198
10 0.429199 0.746094 0.0917969 0.276367 0.00145531
13 0.629883 0.496582 0.0830078 0.177734 0.00140095
3 0.429199 0.746094 0.0917969 0.276367 0.00139046
6 0.432007 0.741699 0.0910645 0.27832 0.00137806
13 0.669922 0.719727 0.0683594 0.110352 0.00136566
7 0.429199 0.746094 0.0917969 0.276367 0.00135803
14 0.0247803 0.952393 0.0319824 0.0600586 0.00135422
13 0.645508 0.51123 0.0976562 0.321289 0.00133133
15 0.429199 0.746094 0.0917969 0.276367 0.00131607
18 0.429199 0.746094 0.0917969 0.276367 0.00130081
13 0.894043 0.793457 0.0244141 0.0566406 0.00129986
13 0.618652 0.520996 0.0458984 0.123047 0.001297
13 0.891113 0.813965 0.0273438 0.114258 0.00129509
12 0.429199 0.746094 0.0917969 0.276367 0.00128555
11 0.425781 0.74707 0.0917969 0.257812 0.00128078
17 0.429199 0.746094 0.0917969 0.276367 0.00127029
4 0.0656738 0.483765 0.126465 0.936768 0.0012598
13 0.118896 0.645508 0.0473633 0.0986328 0.00124359
2 0.706543 0.478516 0.360352 0.680664 0.00123501
16 0.432007 0.741699 0.0910645 0.27832 0.00123119
4 0.661133 0.645996 0.0839844 0.24707 0.00120068
0 0.432007 0.741699 0.0910645 0.27832 0.00119305
13 0.674805 0.669434 0.109375 0.145508 0.00118637
1 0.969482 0.956543 0.0532227 0.0810547 0.00115776
13 0.666016 0.725098 0.113281 0.192383 0.00114918
13 0.208679 0.742676 0.348267 0.424805 0.00105762
2 0.180664 0.79248 0.0175781 0.0498047 0.00103569
13 0.689453 0.589966 0.108398 0.296631 0.00103378
18 0.653809 0.630859 0.0927734 0.267578 0.00103092
7 0.653809 0.630859 0.0927734 0.267578 0.00103092
4 0.97168 0.428101 0.0488281 0.776611 0.00101852
2 0.651367 0.686035 0.140625 0.196289 0.00100708
