2 0.471191 0.183533 0.246094 0.081665 0.894531
1 0.0280304 0.958008 0.0398865 0.078125 0.0631104
1 0.984863 0.95459 0.0302734 0.0791016 0.0449829
2 0.472046 0.172241 0.270752 0.138916 0.0343628
2 0.475098 0.187256 0.147461 0.074707 0.0320129
1 0.0300751 0.932861 0.0416565 0.134277 0.0248718
13 0.269531 0.083374 0.0253906 0.0939941 0.0238495
1 0.0386963 0.913818 0.046875 0.156738 0.0164948
4 0.0681305 0.493408 0.102997 0.958496 0.0161743
14 0.47168 0.185181 0.245117 0.0744629 0.0141983
2 0.471313 0.200806 0.321045 0.173584 0.0123825
9 0.476562 0.1875 0.260742 0.0712891 0.0116348
1 0.982422 0.922363 0.0332031 0.133789 0.0101089
2 0.477051 0.189941 0.103516 0.0515137 0.00940704
13 0.476074 0.185486 0.260742 0.0738525 0.00774002
1 0.47168 0.185547 0.254883 0.0661621 0.0050621
2 0.454468 0.200806 0.300049 0.10376 0.00440216
1 0.987305 0.945557 0.0214844 0.0737305 0.00407791
1 0.034668 0.0825806 0.0328369 0.146606 0.00392151
4 0.952637 0.47937 0.0810547 0.898682 0.00342178
13 0.271973 0.0853882 0.0380859 0.104858 0.00297165
1 0.977539 0.941895 0.0410156 0.106445 0.00286484
8 0.477173 0.187317 0.264404 0.0794678 0.00285721
2 0.269531 0.0852051 0.0249023 0.092041 0.00268173
4 0.476562 0.186951 0.256836 0.0675049 0.00261497
6 0.476562 0.1875 0.260742 0.0712891 0.00219727
2 0.470215 0.144135 0.321289 0.224915 0.00215912
1 0.0224762 0.939697 0.0444031 0.106934 0.00214958
1 0.0302582 0.107544 0.0306702 0.193359 0.00202751
13 0.0396881 0.900879 0.0473328 0.170898 0.0019455
1 0.0345612 0.0575867 0.0434265 0.0986938 0.00169277
2 0.448242 0.497559 0.865234 0.394531 0.00168896
1 0.0327148 0.181824 0.0319824 0.328735 0.00168514
12 0.476562 0.1875 0.260742 0.0712891 0.0015049
13 0.262451 0.083374 0.0341797 0.0976562 0.00147057
2 0.0691223 0.505981 0.0966187 0.9646 0.00141907
16 0.476562 0.1875 0.260742 0.0712891 0.00140285
15 0.476562 0.1875 0.260742 0.0712891 0.00138664
13 0.0368652 0.863525 0.0402832 0.26123 0.00134277
7 0.476562 0.1875 0.260742 0.0712891 0.0013237
0 0.472168 0.185547 0.25 0.0639648 0.00129128
1 0.987305 0.929443 0.0253906 0.0961914 0.00128078
10 0.476562 0.1875 0.260742 0.0712891 0.00124741
2 0.526855 0.526245 0.881836 0.865479 0.00124645
2 0.492676 0.183228 0.104492 0.0563965 0.00124168
13 0.979248 0.141205 0.0258789 0.184875 0.00122833
1 0.979248 0.141205 0.0258789 0.184875 0.00117016
1 0.982422 0.0680084 0.0253906 0.0937195 0.00116062
3 0.476562 0.1875 0.260742 0.0712891 0.0011549
1 0.977539 0.884277 0.0429688 0.206055 0.00114155
18 0.476562 0.1875 0.260742 0.0712891 0.00112343
5 0.472168 0.185547 0.25 0.0639648 0.00111294
1 0.986328 0.957031 0.0273438 0.0566406 0.001091
19 0.476562 0.1875 0.260742 0.0712891 0.00107574
17 0.476562 0.1875 0.260742 0.0712891 0.00106716
2 0.508911 0.192932 0.2771 0.0574951 0.00102425
