13 0.322754 0.881836 0.0712891 0.118164 0.872559
2 0.430664 0.73877 0.224609 0.328125 0.777832
13 0.431152 0.73877 0.230469 0.333984 0.24707
1 0.980713 0.945068 0.0385742 0.0844727 0.201538
1 0.0321655 0.931885 0.0450439 0.118652 0.18396
13 0.333496 0.864746 0.0849609 0.129883 0.145874
1 0.0302582 0.921875 0.0311584 0.0849609 0.10614
1 0.97876 0.919678 0.0385742 0.123535 0.0466003
2 0.613403 0.486328 0.632568 0.972656 0.0360107
1 0.326172 0.881348 0.0595703 0.126953 0.0333557
13 0.0371094 0.825195 0.0349121 0.264648 0.0297089
13 0.0346832 0.870605 0.0306091 0.18457 0.0287323
2 0.330078 0.874512 0.0791016 0.123047 0.0279694
1 0.983398 0.933105 0.0273438 0.102539 0.0275269
1 0.0347137 0.871338 0.0384827 0.196777 0.0262451
14 0.326172 0.881348 0.0595703 0.126953 0.0230255
1 0.976318 0.885254 0.0375977 0.176758 0.0213623
1 0.0302734 0.907715 0.024292 0.0888672 0.0206451
13 0.305176 0.885254 0.105469 0.139648 0.0180664
1 0.4375 0.740723 0.208008 0.303711 0.0153122
1 0.0302734 0.882324 0.0274658 0.145508 0.013504
2 0.648438 0.754883 0.637695 0.382812 0.0108643
9 0.432251 0.740234 0.212646 0.300781 0.00958252
1 0.0312347 0.901367 0.0366516 0.106445 0.00926971
14 0.4375 0.740723 0.208008 0.303711 0.00919342
1 0.0338135 0.856445 0.0496826 0.265625 0.00870514
4 0.434082 0.737305 0.216797 0.325195 0.00854492
2 0.337891 0.852539 0.0961914 0.147461 0.00745392
1 0.967529 0.167053 0.0473633 0.269409 0.00739288
1 0.980469 0.835205 0.03125 0.282715 0.00731277
2 0.501953 0.744141 0.365234 0.301758 0.00707245
1 0.982178 0.90625 0.027832 0.164062 0.00701904
1 0.0366211 0.782715 0.0371094 0.341797 0.00652695
13 0.0369263 0.904785 0.0373535 0.147461 0.00652313
4 0.0652313 0.48584 0.102936 0.936523 0.0057869
1 0.97168 0.936279 0.046875 0.104004 0.00576019
13 0.0366211 0.746582 0.0371094 0.420898 0.00574875
13 0.977539 0.868164 0.0390625 0.232422 0.0056572
13 0.310303 0.882568 0.179199 0.187988 0.00533676
1 0.0380859 0.109253 0.0408936 0.178223 0.00501251
1 0.982666 0.0670776 0.034668 0.0985107 0.00492096
1 0.0405273 0.175781 0.0439453 0.320801 0.00460052
14 0.333496 0.864746 0.0849609 0.129883 0.00410843
1 0.044693 0.916504 0.0497742 0.12793 0.00381088
13 0.357178 0.879883 0.168945 0.1875 0.0036335
1 0.333496 0.864746 0.0849609 0.129883 0.00362206
4 0.322998 0.882324 0.0776367 0.124023 0.00353241
13 0.259583 0.885742 0.159546 0.144531 0.00341415
2 0.0652313 0.48584 0.102936 0.936523 0.00325966
19 0.432251 0.740234 0.212646 0.300781 0.00318336
1 0.0396881 0.0519714 0.0566101 0.0967407 0.00318146
8 0.432251 0.740234 0.212646 0.300781 0.00310898
16 0.432251 0.740234 0.212646 0.300781 0.00310898
7 0.432251 0.740234 0.212646 0.300781 0.0030632
18 0.4375 0.740723 0.208008 0.303711 0.00305557
3 0.4375 0.740723 0.208008 0.303711 0.00296402
10 0.432251 0.740234 0.212646 0.300781 0.00291061
11 0.432251 0.740234 0.212646 0.300781 0.00287819
1 0.972656 0.132568 0.0449219 0.196289 0.0028038
1 0.979248 0.96167 0.0415039 0.0766602 0.00279427
12 0.432251 0.740234 0.212646 0.300781 0.00275612
13 0.356934 0.824219 0.125977 0.208984 0.00274658
10 0.326172 0.881348 0.0595703 0.126953 0.00274467
1 0.0423584 0.824219 0.043335 0.271484 0.00274277
1 0.980469 0.101562 0.0371094 0.164307 0.00270653
15 0.432251 0.740234 0.212646 0.300781 0.00263977
2 0.977539 0.868164 0.0390625 0.232422 0.00263405
0 0.4375 0.740723 0.208008 0.303711 0.00262451
6 0.432251 0.740234 0.212646 0.300781 0.00261879
5 0.432251 0.740234 0.212646 0.300781 0.00260162
1 0.0249939 0.914551 0.048645 0.141602 0.00259399
17 0.4375 0.740723 0.208008 0.303711 0.00257492
13 0.324219 0.853516 0.238281 0.230469 0.00248909
2 0.644043 0.61377 0.600586 0.568359 0.00246429
1 0.0224609 0.919434 0.0319824 0.0830078 0.002388
1 0.0427246 0.890625 0.0601807 0.189453 0.00224686
11 0.326172 0.881348 0.0595703 0.126953 0.00213814
13 0.0322266 0.916504 0.026123 0.0957031 0.00212288
13 0.969727 0.845703 0.0449219 0.242188 0.0020771
12 0.326172 0.881348 0.0595703 0.126953 0.00206566
13 0.982178 0.90625 0.027832 0.164062 0.00201416
8 0.323486 0.881836 0.0791016 0.123047 0.00187397
6 0.326172 0.881348 0.0595703 0.126953 0.00184536
17 0.32666 0.878418 0.0615234 0.128906 0.00169373
18 0.326172 0.881348 0.0595703 0.126953 0.001647
7 0.323486 0.881836 0.0791016 0.123047 0.0016346
2 0.0338898 0.856445 0.0418396 0.261719 0.00162601
5 0.323486 0.881836 0.0791016 0.123047 0.00157928
9 0.32251 0.886719 0.0751953 0.119141 0.00157166
4 0.965088 0.700195 0.0600586 0.546875 0.00155258
1 0.039566 0.0718384 0.0426941 0.12854 0.001544
2 0.498169 0.28186 0.872803 0.563232 0.00153255
2 0.356934 0.824219 0.125977 0.208984 0.0014658
13 0.434204 0.742676 0.172607 0.264648 0.00141716
3 0.32373 0.879883 0.0761719 0.118164 0.00140858
13 0.0618134 0.486694 0.098053 0.942627 0.00139809
16 0.323486 0.881836 0.0791016 0.123047 0.00132465
13 0.324951 0.862305 0.116211 0.168945 0.00131035
19 0.321777 0.882324 0.0771484 0.125 0.00129509
2 0.982178 0.90625 0.027832 0.164062 0.00127125
13 0.235352 0.915039 0.304688 0.106445 0.00126743
14 0.0320435 0.931885 0.0541992 0.112793 0.00125885
13 0.397827 0.780273 0.2229 0.314453 0.00122738
13 0.291504 0.899414 0.185059 0.128906 0.0012188
13 0.347168 0.876465 0.125977 0.131836 0.00120354
2 0.37207 0.716309 0.216797 0.293945 0.00119877
15 0.323486 0.881836 0.0791016 0.123047 0.00119686
1 0.967773 0.102661 0.0371094 0.15332 0.00119209
1 0.962891 0.223206 0.0585938 0.407104 0.00117779
14 0.03125 0.918945 0.0339355 0.0761719 0.00113964
2 0.371704 0.751953 0.307373 0.390625 0.00113583
13 0.312988 0.904785 0.0830078 0.119141 0.00113297
13 0.384277 0.84082 0.242188 0.254883 0.00112343
1 0.979492 0.77124 0.0371094 0.424316 0.00109196
0 0.323486 0.881836 0.0791016 0.123047 0.001091
13 0.0322266 0.869629 0.0229492 0.115234 0.00108433
4 0.0429688 0.770996 0.0402832 0.416992 0.00101662
1 0.0295105 0.962402 0.0530396 0.0751953 0.00101471
1 0.0224609 0.902832 0.0263672 0.0830078 0.00100422
