2 0.449707 0.703613 0.376953 0.141602 0.837402
1 0.972656 0.948975 0.0429688 0.0864258 0.722168
14 0.653809 0.680664 0.0205078 0.0361328 0.585938
1 0.97583 0.918457 0.0366211 0.12207 0.103149
14 0.652344 0.678711 0.0322266 0.0429688 0.0767822
13 0.147461 0.928223 0.0307617 0.0693359 0.0349121
1 0.97876 0.959961 0.0424805 0.0800781 0.0312347
1 0.0147095 0.928955 0.0294189 0.0932617 0.0235596
2 0.457886 0.706543 0.217041 0.143555 0.0184631
1 0.973877 0.900879 0.0405273 0.186523 0.0133591
9 0.453125 0.708984 0.410156 0.133789 0.0106201
14 0.647461 0.680176 0.0244141 0.0351562 0.00955963
1 0.964355 0.0549927 0.0419922 0.0740967 0.00861359
14 0.458008 0.702148 0.381836 0.15625 0.00823975
2 0.445068 0.73877 0.425293 0.109375 0.00773621
13 0.458008 0.702148 0.381836 0.15625 0.00668335
14 0.65918 0.677246 0.0234375 0.0332031 0.00590897
1 0.969727 0.852539 0.0351562 0.257812 0.00580978
4 0.450684 0.709961 0.390625 0.135742 0.00577164
2 0.537598 0.700684 0.491211 0.192383 0.00524902
1 0.0144348 0.866699 0.0283203 0.21582 0.00522232
1 0.967773 0.0643005 0.03125 0.104797 0.0046196
1 0.975586 0.799561 0.0351562 0.369629 0.00447083
14 0.643555 0.678711 0.03125 0.046875 0.00429916
1 0.97876 0.933838 0.0405273 0.081543 0.0042038
1 0.0536957 0.0366211 0.107208 0.0732422 0.00407791
1 0.0147095 0.902832 0.026001 0.125977 0.00371361
13 0.141968 0.917969 0.0358887 0.0878906 0.00357056
13 0.977539 0.901855 0.0332031 0.147461 0.00322342
1 0.972656 0.970703 0.046875 0.0410156 0.00269508
14 0.974854 0.949707 0.0463867 0.0810547 0.00264359
1 0.0617371 0.0234375 0.106506 0.046875 0.0026207
1 0.973633 0.89502 0.03125 0.12793 0.00261116
2 0.974854 0.949707 0.0463867 0.0810547 0.00244522
1 0.96582 0.748047 0.0351562 0.430664 0.00241852
14 0.655273 0.67334 0.0244141 0.0390625 0.00240898
13 0.973389 0.94873 0.0473633 0.0810547 0.00234985
8 0.450928 0.703125 0.406738 0.141602 0.00218391
1 0.981445 0.88623 0.0292969 0.196289 0.00208473
1 0.979736 0.914062 0.0327148 0.0888672 0.00201416
1 0.435791 0.703125 0.366699 0.134766 0.00198936
13 0.144775 0.928955 0.0488281 0.0854492 0.00197601
2 0.520874 0.406372 0.901611 0.726318 0.00180435
6 0.451172 0.702148 0.405273 0.146484 0.001791
13 0.154053 0.921875 0.0437012 0.0908203 0.0017395
9 0.448853 0.702148 0.258545 0.150391 0.00168228
1 0.967285 0.952393 0.0654297 0.081543 0.00167942
4 0.972656 0.946289 0.0429688 0.0917969 0.00160885
1 0.0170898 0.909668 0.0275879 0.0673828 0.0015955
1 0.0157166 0.796875 0.0286255 0.34082 0.00158596
13 0.134155 0.926758 0.0422363 0.0761719 0.00154018
2 0.653809 0.680664 0.0224609 0.0371094 0.00153542
1 0.0147552 0.951904 0.0295105 0.0883789 0.00146294
1 0.654297 0.680664 0.0214844 0.0361328 0.00139141
4 0.929932 0.480957 0.0834961 0.825195 0.00137329
4 0.954102 0.394409 0.0683594 0.650635 0.00134182
2 0.386963 0.711914 0.283691 0.120117 0.00129318
19 0.458008 0.702148 0.381836 0.15625 0.00127602
1 0.0185547 0.148804 0.0317383 0.188232 0.00125885
5 0.458008 0.702148 0.381836 0.15625 0.00125599
9 0.974854 0.949707 0.0463867 0.0810547 0.00125122
10 0.458008 0.702148 0.381836 0.15625 0.00121784
1 0.961182 0.394531 0.0600586 0.649414 0.00120831
16 0.438599 0.705566 0.355225 0.130859 0.00120068
1 0.951172 0.0510406 0.0761719 0.079071 0.00119019
11 0.454102 0.704102 0.392578 0.139648 0.0011816
9 0.653809 0.680664 0.0205078 0.0341797 0.00117493
15 0.458008 0.702148 0.381836 0.15625 0.00117111
11 0.974854 0.949707 0.0463867 0.0810547 0.00117111
6 0.974854 0.949707 0.0463867 0.0810547 0.00115776
18 0.974854 0.949707 0.0463867 0.0810547 0.00114822
14 0.65332 0.677734 0.0361328 0.0742188 0.0011301
10 0.654297 0.680664 0.0214844 0.0361328 0.00111389
10 0.974854 0.949707 0.0463867 0.0810547 0.00111294
0 0.974854 0.949707 0.0463867 0.0810547 0.00110531
4 0.973633 0.761475 0.0410156 0.477051 0.00110435
12 0.448975 0.70459 0.399902 0.143555 0.00109577
16 0.9729 0.948242 0.0444336 0.0859375 0.00109482
17 0.458008 0.702148 0.381836 0.15625 0.001091
15 0.9729 0.948242 0.0444336 0.0859375 0.00107765
3 0.973877 0.950684 0.0463867 0.0810547 0.00107002
7 0.458008 0.702148 0.381836 0.15625 0.00106621
8 0.9729 0.948242 0.0444336 0.0859375 0.00106525
2 0.973633 0.906982 0.0371094 0.172363 0.00105953
5 0.9729 0.948242 0.0444336 0.0859375 0.00104523
3 0.458008 0.702148 0.381836 0.15625 0.00104141
16 0.653809 0.680664 0.0205078 0.0361328 0.00103569
18 0.458008 0.702148 0.381836 0.15625 0.00102997
19 0.653809 0.680664 0.0205078 0.0341797 0.00102806
0 0.448975 0.70459 0.399902 0.143555 0.00102139
8 0.653809 0.680664 0.0224609 0.0371094 0.00101948
