2 0.519531 0.681641 0.268555 0.453125 0.773926
13 0.788574 0.755859 0.0332031 0.0517578 0.640625
13 0.522461 0.703125 0.260742 0.416016 0.197266
1 0.983887 0.953369 0.0322266 0.0874023 0.185181
1 0.980469 0.0579987 0.0332031 0.0746765 0.0895996
2 0.342651 0.50293 0.570557 0.885742 0.0358276
1 0.0224152 0.940674 0.0296326 0.0678711 0.030014
2 0.546753 0.481567 0.539307 0.921631 0.0299225
13 0.593628 0.476074 0.508057 0.892578 0.0265198
2 0.467529 0.671021 0.395996 0.534912 0.025177
2 0.328369 0.654419 0.598145 0.515381 0.0195923
4 0.0473022 0.478516 0.083252 0.957031 0.0189209
1 0.0395508 0.054245 0.0565186 0.0956116 0.0158539
1 0.978516 0.94165 0.0371094 0.116699 0.0153427
13 0.799805 0.755371 0.0361328 0.0527344 0.0143661
1 0.518188 0.70459 0.235107 0.381836 0.0130081
1 0.983154 0.0813599 0.0336914 0.126099 0.0127106
2 0.789062 0.755859 0.0341797 0.0566406 0.0123596
1 0.0395508 0.0832214 0.0476074 0.155823 0.0121536
1 0.789062 0.756348 0.0322266 0.0527344 0.010849
1 0.985352 0.915039 0.0273438 0.138672 0.00998688
13 0.0299988 0.771973 0.0333862 0.155273 0.00989532
14 0.789062 0.755859 0.0341797 0.0566406 0.00974274
1 0.979492 0.908203 0.0410156 0.181641 0.0094223
2 0.542969 0.53125 0.37793 0.758789 0.00937653
4 0.526367 0.67688 0.283203 0.421631 0.00928497
14 0.518188 0.70459 0.235107 0.381836 0.00805664
9 0.518188 0.70459 0.227295 0.37207 0.00764465
13 0.786133 0.767578 0.0341797 0.0683594 0.0072937
1 0.0385742 0.147461 0.0500488 0.273438 0.00675201
1 0.0265045 0.911133 0.0298767 0.130859 0.00637817
13 0.790039 0.754883 0.0615234 0.0605469 0.00637436
13 0.969727 0.89624 0.0410156 0.197754 0.0061264
2 0.0323639 0.782227 0.0341492 0.133789 0.00537491
4 0.953613 0.508179 0.0849609 0.85083 0.00534821
13 0.967041 0.844482 0.0463867 0.29541 0.00497055
13 0.0270844 0.893555 0.0327454 0.164062 0.00479126
13 0.981445 0.901611 0.0292969 0.190918 0.00465393
13 0.653809 0.366882 0.132812 0.354126 0.0044899
2 0.583008 0.722168 0.381836 0.352539 0.00445175
13 0.637695 0.464478 0.296875 0.895264 0.00430298
13 0.651855 0.402954 0.155273 0.684326 0.00427246
13 0.0319061 0.745117 0.0414124 0.21582 0.00418091
13 0.67334 0.360107 0.107422 0.200195 0.0039978
1 0.98584 0.0559235 0.0283203 0.0619812 0.00380516
13 0.805176 0.747559 0.0488281 0.0527344 0.003685
2 0.702637 0.546875 0.488281 0.758789 0.00362778
2 0.0564575 0.478027 0.10022 0.944336 0.00360298
1 0.0246429 0.933105 0.0371399 0.0966797 0.00354576
1 0.981689 0.11618 0.0366211 0.169495 0.00347137
13 0.548828 0.522461 0.3125 0.727539 0.00341225
1 0.981201 0.970703 0.0317383 0.0566406 0.00289917
19 0.518188 0.70459 0.227295 0.37207 0.00286674
3 0.518188 0.70459 0.235107 0.381836 0.00286293
2 0.579102 0.626099 0.297852 0.595459 0.00285721
9 0.523438 0.673828 0.293945 0.493164 0.00275803
1 0.985352 0.0715027 0.0253906 0.085022 0.00267029
8 0.518188 0.70459 0.227295 0.37207 0.00265121
11 0.518188 0.70459 0.235107 0.381836 0.0026474
18 0.518188 0.70459 0.227295 0.37207 0.00264168
13 0.978271 0.831299 0.0356445 0.310059 0.00261688
7 0.518188 0.70459 0.227295 0.37207 0.00257874
10 0.518188 0.70459 0.227295 0.37207 0.00253105
16 0.518188 0.70459 0.227295 0.37207 0.00252151
0 0.518188 0.70459 0.227295 0.37207 0.00251198
13 0.655762 0.36853 0.105469 0.251221 0.00236893
10 0.790039 0.755859 0.03125 0.0546875 0.00235367
17 0.518188 0.70459 0.227295 0.37207 0.00235176
6 0.518188 0.70459 0.227295 0.37207 0.00229645
2 0.034668 0.822266 0.0292969 0.0517578 0.00229263
4 0.966064 0.704712 0.0620117 0.580811 0.00228119
5 0.518188 0.70459 0.227295 0.37207 0.00225258
12 0.518188 0.70459 0.235107 0.381836 0.00224113
15 0.518188 0.70459 0.235107 0.381836 0.00222397
1 0.976807 0.956787 0.0366211 0.074707 0.00221062
1 0.966309 0.793945 0.0517578 0.388672 0.00211716
2 0.503906 0.382812 0.701172 0.632812 0.0020752
1 0.977539 0.859131 0.0390625 0.273926 0.00206375
1 0.972656 0.054184 0.0527344 0.0676575 0.00196838
1 0.0319824 0.0663757 0.046875 0.126038 0.00196457
1 0.978271 0.163513 0.0375977 0.27356 0.00192642
4 0.342407 0.473511 0.580811 0.87915 0.00192356
13 0.3396 0.51416 0.614746 0.830078 0.00192356
2 0.941895 0.518677 0.116211 0.943115 0.00189972
13 0.905273 0.791016 0.167969 0.361328 0.00184727
1 0.985352 0.932861 0.0253906 0.0893555 0.00184345
1 0.970459 0.88208 0.0395508 0.22998 0.00177574
2 0.682495 0.693359 0.527588 0.439453 0.00175476
1 0.030365 0.854004 0.039856 0.228516 0.00174618
2 0.0300903 0.816406 0.0290527 0.152344 0.00173569
11 0.790039 0.755859 0.03125 0.0546875 0.00173092
1 0.0327148 0.922363 0.026123 0.100586 0.00169849
8 0.523438 0.673828 0.293945 0.493164 0.00166225
13 0.958496 0.791748 0.0654297 0.410645 0.00162792
4 0.0333252 0.476562 0.0666504 0.953125 0.00160217
13 0.0351562 0.888672 0.0289307 0.164062 0.00158119
12 0.790039 0.755859 0.03125 0.0546875 0.00152302
2 0.0301819 0.814453 0.0336304 0.25 0.00150108
1 0.0344849 0.771973 0.0350342 0.150391 0.00149822
13 0.79541 0.766602 0.0439453 0.0742188 0.0014534
9 0.791504 0.755859 0.0302734 0.0566406 0.00142574
1 0.969727 0.94043 0.0527344 0.0976562 0.00142479
14 0.983154 0.954102 0.0336914 0.0839844 0.0014143
6 0.790039 0.755859 0.03125 0.0546875 0.00139809
13 0.981445 0.0610199 0.0371094 0.0786438 0.00138855
2 0.498657 0.324768 0.871826 0.409058 0.00138855
4 0.788574 0.755859 0.0332031 0.0517578 0.00135899
1 0.985352 0.967529 0.0292969 0.0649414 0.00129128
1 0.974854 0.916748 0.0385742 0.129395 0.00127029
13 0.9729 0.94043 0.034668 0.113281 0.00125408
2 0.0325317 0.812988 0.0349121 0.0966797 0.00125408
2 0.0275574 0.745117 0.0344849 0.214844 0.0012455
13 0.794434 0.723145 0.0449219 0.104492 0.00123501
13 0.984375 0.941162 0.0253906 0.117676 0.00122261
2 0.6875 0.0855408 0.615234 0.128723 0.00121498
1 0.0283203 0.935791 0.0262451 0.0737305 0.00118732
13 0.704102 0.516602 0.487305 0.827148 0.00118542
17 0.790039 0.755859 0.03125 0.0546875 0.0011816
2 0.0371094 0.84668 0.0273438 0.105469 0.00116348
2 0.980469 0.0579987 0.0332031 0.0746765 0.00116158
1 0.0351562 0.888672 0.0289307 0.164062 0.00115871
13 0.897949 0.507935 0.204102 0.92749 0.00114441
13 0.60791 0.408936 0.141602 0.536621 0.00113964
6 0.523438 0.673828 0.293945 0.493164 0.00112534
4 0.974854 0.770264 0.0444336 0.428223 0.00109482
13 0.0297241 0.852051 0.0291748 0.196289 0.00108337
4 0.593628 0.476074 0.508057 0.892578 0.00108242
2 0.337891 0.517578 0.624023 0.385742 0.00107479
18 0.790039 0.755859 0.03125 0.0546875 0.00106049
7 0.790039 0.755859 0.03125 0.0546875 0.00104427
13 0.618164 0.374634 0.213867 0.463623 0.0010128
2 0.734619 0.964355 0.519043 0.0712891 0.00100899
13 0.0341797 0.79248 0.0296631 0.120117 0.00100803
1 0.03479 0.907227 0.0424805 0.142578 0.00100708
