2 0.546875 0.787598 0.382812 0.209961 0.851074
1 0.0228424 0.94873 0.0264587 0.0693359 0.171997
1 0.942627 0.0413208 0.0991211 0.0379639 0.123108
1 0.983154 0.948486 0.0336914 0.0991211 0.120605
1 0.945801 0.0513916 0.108398 0.0584717 0.107056
2 0.563599 0.773438 0.261475 0.194336 0.0720825
2 0.519043 0.507202 0.832031 0.800049 0.0635376
1 0.976562 0.941162 0.0351562 0.115723 0.0471802
4 0.0610046 0.488159 0.103088 0.949463 0.040863
4 0.951904 0.51062 0.0961914 0.863525 0.0362549
2 0.496582 0.562012 0.865234 0.483398 0.0332031
13 0.977539 0.884766 0.0371094 0.201172 0.0271301
13 0.983398 0.900391 0.0292969 0.158203 0.0233154
1 0.0395508 0.0609741 0.0479736 0.0889893 0.0223694
13 0.981445 0.944336 0.0351562 0.111328 0.0220947
13 0.564087 0.78125 0.350342 0.199219 0.0195007
4 0.0454865 0.725098 0.0540466 0.481445 0.0192871
1 0.984375 0.940918 0.0234375 0.0830078 0.0180054
13 0.969727 0.846191 0.0410156 0.291992 0.0158234
1 0.023941 0.916992 0.0281677 0.130859 0.0137482
1 0.0225525 0.939453 0.0349731 0.0761719 0.0136719
4 0.0504303 0.602051 0.0641785 0.626953 0.0121765
14 0.551758 0.791016 0.359375 0.174805 0.0106812
4 0.964355 0.693481 0.0654297 0.5896 0.0103378
13 0.951904 0.51062 0.0961914 0.863525 0.00961304
1 0.969482 0.120239 0.0493164 0.181396 0.00959015
2 0.555664 0.595581 0.543945 0.547119 0.00954437
13 0.986328 0.930664 0.0214844 0.0976562 0.00931549
1 0.55127 0.785645 0.341797 0.18457 0.0089798
9 0.554688 0.787598 0.350586 0.168945 0.008461
2 0.624512 0.754395 0.240234 0.144531 0.00764465
1 0.969482 0.18335 0.0454102 0.272461 0.00727081
1 0.985352 0.916504 0.0273438 0.131836 0.00708389
4 0.554688 0.787598 0.350586 0.168945 0.00679016
2 0.0600128 0.488892 0.102631 0.951904 0.00612259
1 0.972656 0.901367 0.0371094 0.189453 0.00590134
1 0.982422 0.902344 0.0332031 0.1875 0.00470352
2 0.623169 0.812012 0.525146 0.268555 0.00460434
1 0.940186 0.038269 0.074707 0.0255127 0.0044632
2 0.952637 0.520752 0.0947266 0.919434 0.00442886
1 0.964111 0.937744 0.0561523 0.106934 0.00423813
13 0.0253754 0.945557 0.0283508 0.0581055 0.00344276
1 0.96875 0.790039 0.0449219 0.396484 0.00320244
1 0.950684 0.0661621 0.0888672 0.0891113 0.00315475
8 0.558105 0.773926 0.392578 0.213867 0.00260544
19 0.554688 0.787598 0.350586 0.168945 0.00255013
16 0.554688 0.787598 0.350586 0.168945 0.00248337
7 0.554688 0.787598 0.350586 0.168945 0.00239754
18 0.554688 0.787598 0.350586 0.168945 0.00237846
1 0.966064 0.0693665 0.0561523 0.0922241 0.00230789
3 0.551758 0.791016 0.359375 0.174805 0.0022316
1 0.0322266 0.105103 0.0408936 0.166504 0.00222778
11 0.551758 0.791016 0.359375 0.174805 0.00218773
4 0.9729 0.799805 0.0444336 0.355469 0.00216103
17 0.554688 0.787598 0.350586 0.168945 0.00213242
13 0.985352 0.872559 0.0234375 0.177734 0.0020771
13 0.0385742 0.070282 0.0404053 0.10553 0.0020771
4 0.0476685 0.301025 0.0620117 0.556152 0.00205612
13 0.967773 0.79541 0.0546875 0.407227 0.00204849
15 0.554688 0.787598 0.350586 0.168945 0.00203514
5 0.551758 0.791016 0.359375 0.174805 0.0020237
1 0.0283356 0.940674 0.0270691 0.0639648 0.0019722
12 0.55127 0.785645 0.341797 0.18457 0.0019331
6 0.553223 0.779297 0.382812 0.21582 0.00191879
0 0.55127 0.785645 0.341797 0.18457 0.00190258
2 0.641113 0.78418 0.408203 0.203125 0.00186443
10 0.554688 0.787598 0.350586 0.168945 0.00181007
13 0.976562 0.927734 0.0371094 0.111328 0.00180531
2 0.434448 0.779297 0.62915 0.268555 0.0017786
2 0.552734 0.739746 0.380859 0.180664 0.00174618
1 0.944824 0.0523834 0.110352 0.0976257 0.00166035
1 0.982422 0.968506 0.0332031 0.0629883 0.00162697
1 0.964844 0.885986 0.0546875 0.208496 0.00162029
4 0.0572357 0.464233 0.0747375 0.782471 0.00158215
2 0.0375824 0.0550385 0.0525208 0.0830383 0.00157738
13 0.974365 0.898438 0.0297852 0.138672 0.001544
13 0.0380859 0.116577 0.0410156 0.204102 0.00144386
14 0.0227356 0.95166 0.0283813 0.0595703 0.00142574
2 0.43335 0.647461 0.702637 0.530273 0.00141239
2 0.982422 0.950195 0.0332031 0.0957031 0.00132656
2 0.671875 0.94043 0.601562 0.119141 0.00132561
1 0.963623 0.219666 0.0571289 0.380005 0.00124741
1 0.97583 0.0973816 0.0463867 0.146057 0.00120735
13 0.986328 0.90332 0.015625 0.0927734 0.00117683
2 0.972656 0.901367 0.0371094 0.189453 0.00114059
1 0.0138245 0.950684 0.0276489 0.0615234 0.00113964
2 0.729248 0.96582 0.541504 0.0683594 0.00112247
1 0.0352173 0.916016 0.0466309 0.125 0.00111008
4 0.0372162 0.813477 0.0464172 0.326172 0.00110435
13 0.966309 0.898438 0.0302734 0.152344 0.00108051
13 0.0273438 0.92627 0.0290527 0.0986328 0.00105953
1 0.0295105 0.894531 0.0422974 0.175781 0.00101566
4 0.516724 0.47937 0.825928 0.914307 0.00100994
