13 0.43042 0.174744 0.160645 0.293091 0.816406
2 0.427856 0.177063 0.170654 0.289429 0.78125
1 0.982178 0.94873 0.027832 0.0732422 0.586426
1 0.982422 0.949463 0.0351562 0.097168 0.449219
1 0.0259094 0.956543 0.0308228 0.0771484 0.397705
1 0.980225 0.924316 0.0336914 0.145508 0.108154
1 0.0263062 0.939209 0.0341797 0.121582 0.103638
1 0.0283356 0.939453 0.025238 0.0898438 0.0944214
4 0.946777 0.505737 0.0888672 0.951416 0.0576477
1 0.972412 0.957031 0.0356445 0.0800781 0.0462036
1 0.985352 0.937012 0.0234375 0.0810547 0.036499
1 0.0308533 0.91748 0.0332642 0.157227 0.0293427
1 0.0230255 0.949707 0.0452576 0.0830078 0.0184326
4 0.970459 0.737793 0.0493164 0.524414 0.0157623
14 0.42981 0.177795 0.164795 0.283081 0.0126724
4 0.956055 0.619385 0.0488281 0.72998 0.0106659
14 0.251221 0.796875 0.0253906 0.0253906 0.00984955
1 0.976562 0.887207 0.0371094 0.209961 0.00959778
4 0.960449 0.77417 0.0576172 0.45166 0.00813293
9 0.429321 0.172241 0.168701 0.290283 0.00745392
4 0.424561 0.173523 0.168457 0.299438 0.00664902
1 0.0244446 0.907715 0.0342407 0.182617 0.00630569
4 0.0371094 0.790039 0.0437012 0.419922 0.00628281
1 0.978516 0.964355 0.03125 0.0712891 0.00535202
1 0.428101 0.171753 0.162354 0.303955 0.004879
13 0.978516 0.905029 0.0332031 0.168457 0.00470734
14 0.982422 0.947998 0.03125 0.0727539 0.00469971
14 0.0258636 0.949951 0.0346985 0.0883789 0.00440216
2 0.0386353 0.425049 0.0570068 0.850098 0.00422287
1 0.984375 0.916504 0.0253906 0.0898438 0.00405884
4 0.979248 0.906738 0.0336914 0.170898 0.00403214
4 0.977783 0.853516 0.0385742 0.289062 0.0039711
2 0.031601 0.283691 0.0451965 0.541016 0.00396347
4 0.967041 0.896973 0.0541992 0.202148 0.00358391
13 0.436157 0.0943604 0.162842 0.13916 0.00348854
1 0.0224457 0.921143 0.0299377 0.097168 0.00341797
1 0.0361481 0.0680695 0.0324402 0.124847 0.00338173
13 0.483032 0.0769348 0.0515137 0.090271 0.00316429
4 0.0277863 0.898193 0.0313416 0.191895 0.00299263
2 0.418335 0.230713 0.149658 0.173828 0.00283051
1 0.0229187 0.964844 0.0424194 0.0546875 0.0028286
2 0.484863 0.175781 0.270508 0.292969 0.00275612
3 0.428589 0.175537 0.165283 0.275879 0.00272942
8 0.429321 0.172241 0.168701 0.290283 0.0027256
2 0.642578 0.194763 0.574219 0.278442 0.0026474
1 0.972412 0.916016 0.0356445 0.152344 0.00261879
11 0.428589 0.175537 0.165283 0.275879 0.00245857
16 0.431396 0.176819 0.164551 0.267456 0.00239944
7 0.431396 0.176819 0.164551 0.267456 0.002388
18 0.431396 0.176819 0.164551 0.267456 0.00234222
1 0.971436 0.942383 0.0454102 0.103516 0.00233841
4 0.970459 0.955811 0.0356445 0.0883789 0.0023098
19 0.431396 0.176819 0.164551 0.267456 0.00230789
4 0.981445 0.946533 0.03125 0.0874023 0.00230598
4 0.954834 0.943359 0.0708008 0.101562 0.00228691
5 0.428589 0.175537 0.165283 0.275879 0.00227547
10 0.431396 0.176819 0.164551 0.267456 0.00226402
2 0.938721 0.502563 0.0952148 0.938232 0.00221443
4 0.948486 0.881592 0.0893555 0.230957 0.00218391
12 0.431396 0.176819 0.164551 0.267456 0.00216675
0 0.431396 0.176819 0.164551 0.267456 0.00216675
6 0.431396 0.176819 0.164551 0.267456 0.00209427
15 0.431396 0.176819 0.164551 0.267456 0.00201225
13 0.407959 0.222656 0.124512 0.197266 0.00200272
1 0.115082 0.0225677 0.179016 0.0277405 0.0019989
4 0.0316162 0.855225 0.0310059 0.289551 0.00199318
2 0.982422 0.947998 0.03125 0.0727539 0.00194073
17 0.431396 0.176819 0.164551 0.267456 0.00189209
1 0.977539 0.0663147 0.0351562 0.0905151 0.00184155
2 0.0499878 0.490723 0.09021 0.954102 0.00181389
4 0.041687 0.499512 0.0587158 0.867188 0.00168705
2 0.972412 0.954834 0.0356445 0.0786133 0.00165558
4 0.265381 0.724365 0.0722656 0.55127 0.001647
13 0.982422 0.949463 0.0351562 0.097168 0.00160599
13 0.492676 0.074646 0.0351562 0.0814209 0.00160313
13 0.579102 0.751953 0.0371094 0.0410156 0.0015955
14 0.981689 0.945557 0.0366211 0.106934 0.00155735
1 0.038559 0.0987244 0.0337219 0.173157 0.00151634
2 0.579102 0.751953 0.0371094 0.0410156 0.00138664
14 0.972656 0.957275 0.0371094 0.0737305 0.00137424
4 0.246094 0.777344 0.046875 0.373047 0.00135422
4 0.972412 0.789062 0.0356445 0.402344 0.00129128
13 0.982666 0.945068 0.0288086 0.0708008 0.00129032
13 0.468018 0.0800476 0.104004 0.10553 0.00127792
13 0.491699 0.0641174 0.0556641 0.0700073 0.0012598
1 0.984375 0.902832 0.0214844 0.151367 0.00125599
2 0.0258636 0.949951 0.0346985 0.0883789 0.00122547
4 0.0263062 0.939209 0.0341797 0.121582 0.0012188
10 0.982422 0.947998 0.03125 0.0727539 0.00120258
6 0.982422 0.947998 0.03125 0.0727539 0.00118732
1 0.0299835 0.915527 0.0354919 0.0927734 0.00118637
13 0.0259094 0.956543 0.0308228 0.0771484 0.00114632
2 0.381348 0.18042 0.151367 0.30127 0.00113297
9 0.982666 0.945068 0.0288086 0.0708008 0.00112247
4 0.961426 0.958496 0.0556641 0.0732422 0.00110722
14 0.248535 0.790527 0.0327148 0.0566406 0.00110531
4 0.917236 0.504639 0.126465 0.990723 0.0011034
7 0.982422 0.947998 0.03125 0.0727539 0.00107765
1 0.989746 0.946045 0.0205078 0.0727539 0.00106621
13 0.938721 0.502563 0.0952148 0.938232 0.00106335
1 0.974854 0.143372 0.0366211 0.24646 0.00105476
5 0.982422 0.947998 0.03125 0.0727539 0.00104809
11 0.982422 0.947998 0.03125 0.0727539 0.00101662
