2 0.40625 0.710449 0.334961 0.0908203 0.841309
13 0.263428 0.797363 0.0268555 0.0634766 0.459473
2 0.397949 0.693359 0.353516 0.148438 0.174194
1 0.979248 0.942383 0.0356445 0.107422 0.128418
13 0.887207 0.188599 0.101562 0.155518 0.09729
1 0.0235748 0.953125 0.0392761 0.0800781 0.0872803
2 0.262451 0.796875 0.0263672 0.0605469 0.0776367
2 0.400757 0.704102 0.216064 0.102539 0.0771484
13 0.871582 0.166931 0.109375 0.197388 0.072876
2 0.405762 0.652344 0.391602 0.209961 0.052124
13 0.897949 0.205505 0.0576172 0.11438 0.0278931
1 0.979736 0.91333 0.0405273 0.161621 0.0256805
1 0.974365 0.171265 0.0395508 0.310303 0.0248566
1 0.263672 0.796875 0.0253906 0.0654297 0.0214233
4 0.0360718 0.761963 0.0463867 0.446777 0.0198822
1 0.981201 0.915527 0.027832 0.120117 0.0196838
1 0.978516 0.868408 0.0351562 0.249512 0.0106277
1 0.979492 0.933594 0.0234375 0.0917969 0.0104828
14 0.408203 0.709961 0.360352 0.100586 0.009758
1 0.0252686 0.93457 0.0449219 0.117188 0.00950623
1 0.0238953 0.901611 0.0396118 0.177246 0.00939941
14 0.263672 0.796875 0.0253906 0.0654297 0.00936127
9 0.408203 0.709961 0.360352 0.100586 0.0090332
1 0.977539 0.100861 0.0371094 0.177673 0.00889587
2 0.336914 0.731445 0.223633 0.0537109 0.00645828
13 0.405762 0.70459 0.338867 0.105469 0.00634384
13 0.979736 0.870117 0.0327148 0.185547 0.00567245
1 0.0218506 0.918457 0.03125 0.0791016 0.00494003
4 0.396484 0.705078 0.34082 0.100586 0.00472641
1 0.979492 0.960205 0.0410156 0.0795898 0.00453568
1 0.403809 0.708496 0.341797 0.0986328 0.00389099
2 0.261963 0.800293 0.0410156 0.0644531 0.00387001
13 0.267822 0.787598 0.0239258 0.0654297 0.00376892
2 0.266113 0.791992 0.0366211 0.0419922 0.00372314
2 0.0224762 0.938477 0.0310974 0.0664062 0.00362396
13 0.265137 0.793945 0.0366211 0.0400391 0.00341988
2 0.418701 0.731934 0.391113 0.225586 0.00334167
2 0.440247 0.603027 0.469116 0.326172 0.00273705
1 0.0354614 0.119781 0.052002 0.210632 0.00270844
1 0.0263519 0.937256 0.0317688 0.0668945 0.00267029
2 0.042984 0.428711 0.0671082 0.857422 0.00253296
1 0.0320282 0.0494232 0.0533752 0.0976868 0.00251579
1 0.0339355 0.915283 0.043457 0.138184 0.00248528
1 0.978516 0.806152 0.0292969 0.308594 0.00237656
10 0.263672 0.796875 0.0253906 0.0654297 0.0023613
2 0.0236206 0.9021 0.0418701 0.174316 0.00235558
8 0.409546 0.709961 0.358643 0.0966797 0.00232887
13 0.978516 0.903809 0.0273438 0.141602 0.00229836
2 0.977539 0.868652 0.0292969 0.199219 0.00218391
13 0.261963 0.793945 0.0458984 0.0615234 0.00216675
1 0.839844 0.0355225 0.265625 0.0377197 0.00215912
1 0.026001 0.0670471 0.0428467 0.125183 0.00184822
2 0.46936 0.715332 0.221436 0.0898438 0.00181293
1 0.96875 0.167297 0.0390625 0.228882 0.0018034
6 0.409546 0.709961 0.358643 0.0966797 0.00178051
13 0.906738 0.209473 0.0917969 0.145996 0.0016861
13 0.890137 0.185852 0.0644531 0.0965576 0.00165844
1 0.0286865 0.857422 0.0396729 0.255859 0.00161839
4 0.948486 0.47998 0.081543 0.862305 0.00160694
1 0.973877 0.262512 0.0463867 0.486694 0.00159168
13 0.0238953 0.901611 0.0396118 0.177246 0.00154114
1 0.973633 0.907227 0.0273438 0.111328 0.00148964
11 0.263672 0.796875 0.0253906 0.0654297 0.00146294
13 0.0352783 0.76416 0.0400391 0.436523 0.00141144
1 0.974609 0.0764313 0.0332031 0.120819 0.00136662
7 0.263672 0.796875 0.0253906 0.0654297 0.00136471
1 0.871582 0.166931 0.109375 0.197388 0.00136089
13 0.0286865 0.857422 0.0396729 0.255859 0.00135803
1 0.971436 0.900391 0.0454102 0.181641 0.00132561
13 0.858398 0.138031 0.110352 0.166321 0.00132179
2 0.165222 0.065155 0.311157 0.122131 0.00129223
6 0.263672 0.796875 0.0253906 0.0654297 0.00124264
12 0.263672 0.796875 0.0253906 0.0654297 0.00122833
1 0.0366821 0.88623 0.052002 0.19043 0.00121307
12 0.408203 0.709961 0.360352 0.100586 0.00119209
2 0.874512 0.172974 0.119141 0.184814 0.00117683
13 0.408203 0.680176 0.360352 0.172852 0.0011673
14 0.264648 0.79248 0.0288086 0.0419922 0.00116253
15 0.409546 0.709961 0.358643 0.0966797 0.00115967
4 0.0376587 0.61377 0.057373 0.606445 0.00115871
1 0.970947 0.956543 0.0444336 0.0810547 0.00115776
9 0.400757 0.704102 0.216064 0.102539 0.00115395
19 0.400146 0.709961 0.351074 0.0957031 0.00113678
11 0.404297 0.711914 0.341797 0.0947266 0.00111198
5 0.263672 0.796875 0.0253906 0.0654297 0.00107956
2 0.354614 0.719238 0.27124 0.0732422 0.0010767
9 0.264648 0.79541 0.0249023 0.0664062 0.00107384
16 0.409546 0.709961 0.358643 0.0966797 0.0010643
0 0.408203 0.709961 0.360352 0.100586 0.00106049
2 0.0214691 0.921387 0.0276184 0.0820312 0.00105095
7 0.409546 0.709961 0.358643 0.0966797 0.00104809
18 0.408203 0.709961 0.360352 0.100586 0.00102806
5 0.401733 0.70459 0.346924 0.117188 0.00102425
18 0.264648 0.79541 0.0249023 0.0664062 0.00100899
13 0.967529 0.164398 0.0336914 0.224915 0.00100517
3 0.408203 0.709961 0.360352 0.100586 0.00100422
