2 0.560547 0.225342 0.157227 0.266602 0.723633
13 0.255615 0.23761 0.0664062 0.322632 0.708496
2 0.256592 0.223328 0.0610352 0.291626 0.61377
13 0.816406 0.166992 0.0322266 0.0839844 0.612793
13 0.432373 0.283936 0.0366211 0.191406 0.606934
2 0.516113 0.228577 0.256836 0.278198 0.572266
2 0.435913 0.163452 0.188721 0.0930176 0.330322
13 0.481445 0.234375 0.285156 0.26123 0.285156
2 0.457031 0.196167 0.248047 0.187744 0.189819
2 0.43457 0.171143 0.166016 0.0627441 0.176392
2 0.226807 0.223328 0.150879 0.300415 0.126465
13 0.444702 0.260986 0.083252 0.21582 0.122559
2 0.422363 0.231262 0.282227 0.255249 0.107178
2 0.263184 0.222473 0.0991211 0.312866 0.103394
1 0.979492 0.94458 0.0390625 0.101074 0.095459
13 0.820801 0.171021 0.0488281 0.098877 0.0898438
13 0.419434 0.270508 0.0541992 0.190918 0.0881348
13 0.430908 0.224548 0.177246 0.230591 0.0602112
13 0.431641 0.285645 0.0268555 0.146484 0.0600281
2 0.442749 0.192993 0.221924 0.113037 0.0600281
13 0.556641 0.22821 0.154297 0.25647 0.0497131
13 0.435791 0.27124 0.0498047 0.256836 0.0402832
1 0.0265503 0.916992 0.0307617 0.119141 0.035675
1 0.259033 0.239502 0.0654297 0.322266 0.0344849
2 0.160156 0.205444 0.27832 0.334717 0.0320435
13 0.425781 0.177551 0.165039 0.083374 0.0305939
2 0.820801 0.171387 0.0439453 0.0957031 0.0301666
13 0.436035 0.155273 0.180664 0.108398 0.0296326
1 0.977783 0.835938 0.0327148 0.269531 0.0262299
1 0.976562 0.0655212 0.0371094 0.0916138 0.0260162
13 0.435547 0.263611 0.0253906 0.130005 0.0250702
1 0.0236664 0.935547 0.0263977 0.0859375 0.0250549
2 0.564941 0.226318 0.270508 0.234375 0.0249634
13 0.225342 0.237061 0.143066 0.325195 0.0222931
2 0.817383 0.169678 0.0302734 0.0812988 0.0204315
2 0.501953 0.500977 0.853516 0.625 0.0189819
1 0.976562 0.924316 0.046875 0.139648 0.0187378
13 0.441406 0.292786 0.0507812 0.167358 0.0185242
4 0.0496216 0.669556 0.0537109 0.557373 0.0166168
1 0.818848 0.167358 0.0322266 0.0891113 0.0162201
2 0.45105 0.188293 0.164307 0.0911865 0.015007
13 0.407227 0.275879 0.0869141 0.191895 0.0138855
14 0.255615 0.235107 0.0644531 0.30957 0.0135422
13 0.264893 0.234863 0.12207 0.32373 0.0130234
2 0.331055 0.23584 0.22168 0.281738 0.0113068
2 0.401733 0.253967 0.183838 0.243042 0.011116
13 0.41748 0.181885 0.116211 0.0578613 0.00965881
13 0.426758 0.268066 0.236328 0.243164 0.00919342
2 0.41748 0.181885 0.116211 0.0578613 0.00878143
4 0.0653076 0.489258 0.101318 0.910156 0.00865173
1 0.43042 0.288574 0.034668 0.183105 0.00827026
1 0.978516 0.963623 0.0429688 0.0727539 0.00817108
13 0.457031 0.196167 0.248047 0.187744 0.00810242
1 0.980957 0.923096 0.0380859 0.103027 0.00799561
2 0.445068 0.257812 0.0981445 0.229492 0.00797272
1 0.54541 0.235596 0.198242 0.282227 0.00790405
4 0.498047 0.233398 0.276367 0.233887 0.00778961
1 0.498047 0.233398 0.276367 0.233887 0.00727081
13 0.45105 0.188293 0.164307 0.0911865 0.00700378
1 0.978516 0.88501 0.0371094 0.194824 0.00692368
2 0.430908 0.224548 0.177246 0.230591 0.00687027
2 0.486328 0.274658 0.196289 0.209961 0.00676727
13 0.832031 0.167847 0.0449219 0.083252 0.00668335
14 0.558105 0.232605 0.158203 0.25354 0.00660706
13 0.979248 0.101349 0.0317383 0.151794 0.00643539
1 0.0283203 0.933594 0.0274658 0.0703125 0.00643158
13 0.276611 0.237793 0.0708008 0.307617 0.00596619
2 0.513794 0.292969 0.282959 0.152832 0.00595093
1 0.974609 0.932129 0.0292969 0.0908203 0.00588989
13 0.422852 0.294434 0.0415039 0.169922 0.00584412
1 0.983398 0.914062 0.0234375 0.142578 0.0058403
2 0.432129 0.288574 0.0371094 0.166016 0.00577164
14 0.498047 0.233398 0.276367 0.233887 0.00567627
4 0.260742 0.219299 0.0756836 0.306519 0.00554657
2 0.463135 0.161499 0.277832 0.110596 0.00538635
9 0.498047 0.233398 0.276367 0.233887 0.00515366
2 0.231934 0.214233 0.258789 0.305908 0.00514603
13 0.389648 0.252441 0.124023 0.26123 0.00507736
13 0.260742 0.19873 0.0541992 0.236328 0.00490952
4 0.554688 0.226562 0.183594 0.274414 0.00457382
9 0.556152 0.228271 0.158203 0.260254 0.00455475
2 0.389648 0.277649 0.108887 0.192749 0.00429916
2 0.0620117 0.492188 0.09375 0.904297 0.0042305
13 0.811035 0.184082 0.0273438 0.0991211 0.00418854
2 0.416504 0.145294 0.182617 0.131775 0.00402451
2 0.380432 0.275635 0.337769 0.231934 0.00395203
13 0.442749 0.192993 0.221924 0.113037 0.00389099
14 0.818848 0.167358 0.0322266 0.0891113 0.00386238
14 0.432373 0.283936 0.0366211 0.191406 0.00382233
1 0.973633 0.952393 0.0371094 0.0737305 0.00347519
13 0.430176 0.253357 0.123047 0.291138 0.00339699
13 0.387939 0.241211 0.38623 0.287109 0.00338554
2 0.437012 0.262939 0.0605469 0.218262 0.00318527
13 0.984375 0.900391 0.0273438 0.152344 0.00299072
1 0.97168 0.0522614 0.0449219 0.0627136 0.002985
2 0.413574 0.166901 0.285156 0.185242 0.002985
13 0.0328979 0.901855 0.0386963 0.145508 0.00287819
13 0.277344 0.116119 0.0229492 0.0978394 0.00282097
13 0.838867 0.168091 0.0732422 0.0874023 0.00261116
1 0.820801 0.168945 0.0498047 0.0996094 0.00259972
13 0.27002 0.1427 0.0395508 0.157471 0.00258446
8 0.556641 0.22821 0.154297 0.25647 0.00253296
13 0.435059 0.247131 0.0219727 0.0897217 0.00247574
10 0.818848 0.167358 0.0322266 0.0891113 0.0024147
19 0.498047 0.233398 0.276367 0.233887 0.00227165
9 0.257812 0.225342 0.0610352 0.29541 0.00226784
2 0.400146 0.18219 0.187988 0.0926514 0.00226784
1 0.966553 0.112946 0.0336914 0.178894 0.00224686
8 0.498047 0.233398 0.276367 0.233887 0.00218582
16 0.498047 0.233398 0.276367 0.233887 0.00218582
18 0.498047 0.233398 0.276367 0.233887 0.00218582
2 0.75 0.284241 0.464844 0.497925 0.00214005
1 0.974609 0.0931396 0.03125 0.142334 0.00211906
13 0.824707 0.119598 0.0488281 0.160217 0.00211716
9 0.435913 0.163452 0.188721 0.0930176 0.00209427
2 0.378906 0.204102 0.18457 0.210449 0.0020771
9 0.43457 0.171143 0.166016 0.0627441 0.00207138
11 0.498047 0.233398 0.276367 0.233887 0.00206947
1 0.435913 0.163452 0.188721 0.0930176 0.00205421
14 0.431641 0.15625 0.166016 0.0969238 0.0020504
2 0.293396 0.236572 0.338013 0.330566 0.00204086
7 0.498047 0.233398 0.276367 0.233887 0.00202179
14 0.431641 0.285645 0.0268555 0.146484 0.00201035
2 0.739502 0.169739 0.481934 0.30603 0.00199509
15 0.498047 0.233398 0.276367 0.233887 0.00197601
13 0.0496216 0.669556 0.0537109 0.557373 0.00195026
13 0.398438 0.304688 0.121582 0.236816 0.00193882
17 0.498047 0.233398 0.276367 0.233887 0.00190735
3 0.498047 0.233398 0.276367 0.233887 0.00190067
13 0.427246 0.263977 0.0444336 0.115601 0.00187111
2 0.628418 0.229492 0.279297 0.262695 0.00185776
13 0.186218 0.243408 0.227173 0.351562 0.00185299
0 0.498047 0.233398 0.276367 0.233887 0.00184155
1 0.981445 0.084198 0.0292969 0.126038 0.00182819
10 0.498047 0.233398 0.276367 0.233887 0.00182724
12 0.498047 0.233398 0.276367 0.233887 0.00181293
13 0.507324 0.278809 0.276367 0.188965 0.00178909
8 0.253906 0.222412 0.0703125 0.303223 0.00177002
1 0.967529 0.0581207 0.0532227 0.0934753 0.00176334
1 0.0395508 0.0435791 0.0290527 0.0722656 0.00175858
13 0.476562 0.151733 0.15332 0.11499 0.00174618
11 0.818848 0.167358 0.0322266 0.0891113 0.00172901
5 0.498047 0.233398 0.276367 0.233887 0.00171661
6 0.498047 0.233398 0.276367 0.233887 0.00170326
4 0.816406 0.166504 0.0302734 0.0874023 0.00169849
4 0.422363 0.231262 0.282227 0.255249 0.00165653
19 0.554199 0.228333 0.170898 0.271851 0.00163555
13 0.977783 0.850586 0.0307617 0.255859 0.00161457
6 0.818848 0.167358 0.0322266 0.0891113 0.00161171
13 0.498047 0.147705 0.0537109 0.0996094 0.00161171
13 0.984375 0.114746 0.0214844 0.169189 0.00159931
13 0.963623 0.158508 0.0336914 0.253296 0.00159931
1 0.971924 0.0828552 0.0463867 0.14093 0.00158787
12 0.818848 0.167358 0.0322266 0.0891113 0.00158691
1 0.971924 0.792725 0.0366211 0.367676 0.00157833
13 0.416504 0.189026 0.125 0.151245 0.00156498
1 0.431519 0.173584 0.165283 0.060791 0.00156403
10 0.554199 0.228333 0.170898 0.271851 0.00156021
2 0.416504 0.189026 0.125 0.151245 0.00154209
2 0.977783 0.850586 0.0307617 0.255859 0.00154018
13 0.0456696 0.822754 0.0451355 0.272461 0.00152111
4 0.211792 0.21582 0.179443 0.310059 0.00150871
5 0.554199 0.228333 0.170898 0.271851 0.00150108
18 0.818848 0.167358 0.0322266 0.0891113 0.0014801
2 0.331604 0.300537 0.245972 0.163086 0.00143528
2 0.368652 0.288574 0.201172 0.21875 0.00142384
13 0.970947 0.171326 0.0385742 0.294067 0.0014143
1 0.970703 0.9021 0.0585938 0.187988 0.00140762
17 0.54541 0.235596 0.198242 0.282227 0.0014019
7 0.554199 0.228333 0.170898 0.271851 0.00138855
13 0.0620117 0.492188 0.09375 0.904297 0.00138283
13 0.0479584 0.522583 0.0647278 0.70874 0.00137901
15 0.554199 0.228333 0.170898 0.271851 0.00137806
11 0.554199 0.228333 0.170898 0.271851 0.00136757
3 0.554199 0.228333 0.170898 0.271851 0.00135612
4 0.160156 0.205444 0.27832 0.334717 0.0013504
4 0.0469971 0.760254 0.0421143 0.407227 0.00134563
13 0.564941 0.226318 0.270508 0.234375 0.00133896
12 0.554199 0.228333 0.170898 0.271851 0.00133514
6 0.551758 0.226257 0.195312 0.275024 0.00133419
13 0.368652 0.288574 0.201172 0.21875 0.00132084
1 0.0284119 0.887207 0.0374146 0.170898 0.00131989
18 0.54541 0.235596 0.198242 0.282227 0.00131702
13 0.272705 0.128326 0.0292969 0.118835 0.00129414
2 0.129547 0.257812 0.207214 0.404785 0.00128937
16 0.554199 0.228333 0.170898 0.271851 0.00124454
6 0.253906 0.222412 0.0703125 0.303223 0.00122738
0 0.554199 0.228333 0.170898 0.271851 0.00121593
1 0.967529 0.143494 0.0415039 0.206177 0.00120449
2 0.459229 0.184448 0.230957 0.0686035 0.00120068
13 0.331055 0.23584 0.22168 0.281738 0.00119686
1 0.976562 0.89502 0.0273438 0.157227 0.00119019
17 0.818848 0.167358 0.0322266 0.0891113 0.00118065
1 0.0361328 0.912598 0.0418701 0.109375 0.00115013
4 0.0479584 0.522583 0.0647278 0.70874 0.00114727
9 0.818848 0.167358 0.0322266 0.0891113 0.00114346
1 0.226807 0.223328 0.150879 0.300415 0.00108528
7 0.818848 0.167358 0.0322266 0.0891113 0.00105
13 0.378906 0.204102 0.18457 0.210449 0.00104523
2 0.419434 0.270508 0.0541992 0.190918 0.00104427
2 0.476562 0.151733 0.15332 0.11499 0.00104237
15 0.253906 0.222412 0.0703125 0.303223 0.00103855
4 0.433105 0.298096 0.0332031 0.18457 0.00103378
1 0.9646 0.936768 0.0532227 0.101074 0.00101662
8 0.435913 0.163452 0.188721 0.0930176 0.00101566
13 0.964355 0.234436 0.0458984 0.409058 0.00100803
12 0.26123 0.214966 0.0766602 0.315674 0.00100708
