2 0.638672 0.316284 0.260742 0.377197 0.862793
13 0.180176 0.655273 0.111328 0.27832 0.670898
13 0.157349 0.650391 0.0690918 0.154297 0.363037
13 0.157959 0.627441 0.0854492 0.216797 0.190552
13 0.17572 0.712891 0.0899658 0.142578 0.172852
13 0.63623 0.314636 0.257812 0.370728 0.0841064
1 0.980225 0.0675049 0.0395508 0.0756836 0.0714722
13 0.178711 0.713379 0.104004 0.228516 0.0708618
1 0.0273438 0.926025 0.0279541 0.0893555 0.0523987
1 0.987305 0.9375 0.0214844 0.0605469 0.0295258
2 0.737305 0.298706 0.455078 0.420166 0.0245514
13 0.161377 0.688965 0.0788574 0.181641 0.0198517
1 0.985352 0.925781 0.0292969 0.0898438 0.0153198
13 0.142212 0.613281 0.0966797 0.308594 0.0137405
2 0.430786 0.459229 0.697021 0.769043 0.0129318
2 0.386841 0.316772 0.697021 0.425049 0.012558
13 0.174805 0.724121 0.112793 0.369141 0.0113068
1 0.634277 0.312622 0.241211 0.320068 0.0108948
1 0.979492 0.0848999 0.03125 0.106079 0.0108032
9 0.630859 0.317932 0.239258 0.331909 0.0107498
14 0.630859 0.319275 0.238281 0.326294 0.0105667
4 0.637695 0.316589 0.241211 0.329712 0.00977325
2 0.549805 0.523438 0.774414 0.953125 0.00973511
13 0.979492 0.0848999 0.03125 0.106079 0.00960541
4 0.0643158 0.473755 0.101349 0.878662 0.0094223
1 0.028595 0.917725 0.0341187 0.133301 0.00873566
2 0.986328 0.938965 0.0214844 0.0537109 0.00862885
13 0.210938 0.669922 0.189941 0.323242 0.00857544
1 0.178223 0.655762 0.11084 0.282227 0.00728989
13 0.171936 0.649902 0.196167 0.319336 0.00677109
1 0.0219727 0.904785 0.0333252 0.147461 0.00639725
1 0.0232544 0.943359 0.0281982 0.078125 0.0063324
2 0.5625 0.323608 0.339844 0.448486 0.00590897
1 0.984131 0.944092 0.0317383 0.0727539 0.00586319
2 0.177673 0.663086 0.11145 0.271484 0.00580597
1 0.157959 0.627441 0.0854492 0.216797 0.00580215
1 0.980469 0.837402 0.03125 0.262695 0.00579071
13 0.161865 0.691895 0.0791016 0.105469 0.0047493
1 0.154907 0.660156 0.0703125 0.136719 0.00467682
2 0.488403 0.319458 0.536865 0.325928 0.00455093
1 0.0395508 0.0772552 0.0454102 0.118683 0.00450516
13 0.0376129 0.779541 0.0453796 0.39209 0.00390625
13 0.132721 0.635254 0.145691 0.254883 0.00388336
13 0.982178 0.114136 0.0356445 0.154785 0.00384331
19 0.630859 0.317932 0.239258 0.331909 0.00372314
2 0.154907 0.660156 0.0703125 0.136719 0.00371552
4 0.955811 0.474121 0.0805664 0.881836 0.003685
13 0.984863 0.897217 0.0302734 0.143066 0.00364685
13 0.980469 0.867188 0.0292969 0.203125 0.00361443
13 0.035141 0.865967 0.0378723 0.219238 0.00349998
4 0.178223 0.655762 0.11084 0.282227 0.00325394
3 0.630859 0.319275 0.238281 0.326294 0.0031414
16 0.630859 0.319275 0.238281 0.326294 0.0031414
18 0.630859 0.319275 0.238281 0.326294 0.0031414
8 0.630859 0.319275 0.238281 0.326294 0.00302124
13 0.0587616 0.729492 0.0675354 0.455078 0.00299072
11 0.630859 0.319275 0.238281 0.326294 0.00297546
7 0.630859 0.319275 0.238281 0.326294 0.00296211
13 0.0517578 0.822266 0.0527344 0.291016 0.00293922
1 0.978271 0.922852 0.0375977 0.107422 0.00284576
17 0.630859 0.317932 0.239258 0.331909 0.0028038
10 0.630859 0.319275 0.238281 0.326294 0.00277328
1 0.978516 0.885498 0.0371094 0.174316 0.00277328
2 0.720215 0.325684 0.299805 0.395508 0.00269508
15 0.630859 0.319275 0.238281 0.326294 0.00266647
13 0.152832 0.584473 0.0593262 0.136719 0.00264931
12 0.630859 0.319275 0.238281 0.326294 0.00263596
2 0.984863 0.897217 0.0302734 0.143066 0.00258636
6 0.630859 0.319275 0.238281 0.326294 0.00258446
0 0.630859 0.319275 0.238281 0.326294 0.00250626
13 0.979492 0.0661011 0.0410156 0.0723877 0.00242615
5 0.630859 0.319275 0.238281 0.326294 0.00241089
14 0.154907 0.660156 0.0703125 0.136719 0.00232315
13 0.156738 0.581055 0.0668945 0.290039 0.00230217
13 0.977539 0.1698 0.0390625 0.275146 0.00228882
4 0.15564 0.628906 0.0805664 0.211914 0.00215721
2 0.741211 0.12439 0.466797 0.178467 0.00212479
13 0.17041 0.658203 0.10791 0.158203 0.00203133
2 0.155884 0.628906 0.0830078 0.212891 0.0020237
13 0.174316 0.495117 0.0932617 0.5 0.00196648
13 0.112915 0.503418 0.166992 0.810547 0.00194073
14 0.178223 0.655762 0.11084 0.282227 0.00193977
13 0.161621 0.480103 0.0803223 0.344482 0.00193214
2 0.594238 0.414062 0.483398 0.522461 0.00182915
2 0.610352 0.422852 0.329102 0.660156 0.00180721
13 0.0756683 0.530884 0.101837 0.895264 0.00180054
13 0.137939 0.594727 0.12207 0.447266 0.00178432
1 0.921387 0.0496826 0.149414 0.0462646 0.00177288
1 0.0370941 0.822021 0.0417786 0.299316 0.00175571
13 0.168945 0.483765 0.0668945 0.237549 0.00170898
4 0.112915 0.503418 0.166992 0.810547 0.00168705
1 0.982178 0.114136 0.0356445 0.154785 0.00166416
13 0.126709 0.701172 0.122559 0.328125 0.00160027
2 0.981445 0.068634 0.0371094 0.0722046 0.00153255
1 0.966797 0.0568848 0.0664062 0.0585938 0.00144482
1 0.0223083 0.870361 0.038147 0.210449 0.00143623
7 0.178223 0.655762 0.11084 0.282227 0.00142574
4 0.0469971 0.732666 0.0609131 0.48584 0.00141239
13 0.986328 0.938965 0.0214844 0.0537109 0.00139427
1 0.03125 0.884521 0.0378418 0.17627 0.00136375
13 0.136261 0.736816 0.171814 0.438477 0.00135136
4 0.158569 0.664062 0.0708008 0.12793 0.0013485
1 0.0463867 0.0737 0.0704346 0.1026 0.00133324
2 0.745605 0.075058 0.485352 0.0971985 0.00131798
13 0.200195 0.713379 0.198242 0.149414 0.00130272
2 0.554932 0.619263 0.839355 0.550537 0.00128746
1 0.975342 0.777832 0.0415039 0.389648 0.00128269
5 0.178223 0.655762 0.11084 0.282227 0.00127888
18 0.178223 0.655762 0.11084 0.282227 0.00126934
1 0.991699 0.933594 0.0166016 0.0605469 0.00123787
14 0.155884 0.628906 0.0830078 0.212891 0.00122643
3 0.178223 0.655762 0.11084 0.282227 0.00122452
8 0.178223 0.655762 0.11084 0.282227 0.00121975
13 0.187988 0.759277 0.117188 0.21875 0.00121021
1 0.0380859 0.929932 0.0439453 0.081543 0.00120354
2 0.581421 0.303894 0.237549 0.382446 0.00119305
12 0.178223 0.655762 0.11084 0.282227 0.00118256
13 0.196289 0.76416 0.148926 0.37207 0.00114441
13 0.0471802 0.705078 0.0603027 0.583984 0.00114346
1 0.977539 0.1698 0.0390625 0.275146 0.00113869
16 0.178223 0.655762 0.11084 0.282227 0.00113773
1 0.0400391 0.21759 0.0537109 0.398804 0.001091
19 0.177307 0.651367 0.103882 0.272461 0.00108719
10 0.178223 0.655762 0.11084 0.282227 0.00107288
2 0.980469 0.867188 0.0292969 0.203125 0.00106621
14 0.987305 0.9375 0.0214844 0.0595703 0.00104904
6 0.178223 0.655762 0.11084 0.282227 0.00103569
13 0.955811 0.474121 0.0805664 0.881836 0.00102425
17 0.178223 0.655762 0.11084 0.282227 0.00101185
1 0.986328 0.918457 0.0195312 0.0859375 0.00101089
