2 0.361938 0.778809 0.287842 0.146484 0.821777
14 0.270264 0.304443 0.0258789 0.0375977 0.794922
1 0.975342 0.955811 0.0473633 0.0727539 0.294922
1 0.0177002 0.931396 0.0338135 0.129395 0.129517
1 0.976807 0.947021 0.0366211 0.0512695 0.124084
13 0.356995 0.781738 0.278198 0.141602 0.121765
2 0.270142 0.80127 0.481201 0.202148 0.0799561
1 0.0195465 0.954834 0.0382996 0.0825195 0.0442505
2 0.518433 0.549805 0.81665 0.575195 0.0361328
14 0.357056 0.78125 0.287842 0.135742 0.0233917
1 0.97583 0.919189 0.0268555 0.10498 0.0232697
4 0.0594177 0.49231 0.101379 0.911865 0.0170898
2 0.281738 0.776367 0.415039 0.129883 0.0166168
1 0.02005 0.89624 0.0401001 0.199707 0.0148239
1 0.975586 0.921875 0.0429688 0.111328 0.0140381
2 0.548706 0.492676 0.795166 0.985352 0.013588
9 0.359741 0.778809 0.298096 0.139648 0.0133667
1 0.964355 0.0637207 0.0361328 0.101074 0.0112991
13 0.904297 0.871582 0.0966797 0.0419922 0.010231
1 0.980469 0.935059 0.03125 0.0644531 0.0100174
14 0.270264 0.303467 0.034668 0.050293 0.0096817
1 0.0158081 0.900879 0.0308838 0.155273 0.00856781
1 0.970459 0.939941 0.0454102 0.0888672 0.00804901
2 0.331787 0.750488 0.304199 0.192383 0.00751114
2 0.348877 0.771973 0.183105 0.155273 0.00746155
2 0.0583496 0.493164 0.0961914 0.911133 0.00735092
14 0.973877 0.956055 0.0522461 0.0703125 0.00715256
2 0.172974 0.104889 0.332764 0.164734 0.00656891
1 0.96167 0.0906067 0.043457 0.16449 0.00615311
13 0.0167236 0.909668 0.0334473 0.174805 0.00602341
13 0.0214844 0.937012 0.0379639 0.120117 0.00588989
1 0.357178 0.770508 0.271973 0.151367 0.00479507
13 0.977539 0.897461 0.03125 0.134766 0.00466919
2 0.354614 0.841309 0.286865 0.253906 0.00452805
4 0.351257 0.776855 0.306274 0.145508 0.00418854
2 0.176758 0.0685883 0.327148 0.0757141 0.0036602
1 0.96167 0.958496 0.059082 0.0615234 0.00348282
13 0.974854 0.828613 0.034668 0.251953 0.00341606
1 0.0295868 0.916748 0.0548401 0.154785 0.00313568
2 0.496216 0.952393 0.898193 0.0952148 0.0031147
8 0.356445 0.770996 0.269531 0.145508 0.00302505
13 0.0209351 0.861572 0.0418701 0.269043 0.00277519
13 0.176758 0.0685883 0.327148 0.0757141 0.00266647
2 0.315186 0.852539 0.510254 0.294922 0.00260735
1 0.175537 0.057312 0.336426 0.0556641 0.00251389
1 0.026062 0.945068 0.0463867 0.104004 0.00250816
1 0.9729 0.933105 0.0307617 0.0654297 0.00242424
6 0.359741 0.778809 0.298096 0.139648 0.00241089
1 0.968018 0.901367 0.0444336 0.164062 0.00239563
2 0.440918 0.78125 0.423828 0.166992 0.00232315
2 0.269531 0.304688 0.0253906 0.0361328 0.00221062
1 0.976807 0.882568 0.034668 0.178223 0.00219917
14 0.274658 0.308838 0.0302734 0.0332031 0.00209045
2 0.566528 0.662231 0.730225 0.466553 0.00208473
4 0.269775 0.304199 0.0302734 0.0361328 0.0020771
4 0.0235596 0.768555 0.0455322 0.455078 0.00197792
2 0.975342 0.909424 0.0317383 0.126465 0.00189877
1 0.961914 0.143982 0.0410156 0.222778 0.00177002
2 0.422729 0.778809 0.227783 0.155273 0.00175571
2 0.0167236 0.909668 0.0334473 0.174805 0.0017519
2 0.703491 0.513062 0.530518 0.786377 0.00173473
1 0.0273438 0.824951 0.0495605 0.350098 0.00167656
13 0.172974 0.104889 0.332764 0.164734 0.00163174
11 0.357056 0.78125 0.287842 0.135742 0.00159645
16 0.357056 0.78125 0.287842 0.135742 0.0015831
19 0.359375 0.77832 0.288086 0.150391 0.00151062
1 0.984131 0.949219 0.0317383 0.0429688 0.0015049
5 0.359375 0.77832 0.288086 0.150391 0.00147533
10 0.359375 0.776855 0.285156 0.149414 0.00145149
14 0.269531 0.310791 0.0405273 0.0727539 0.00142384
15 0.359375 0.776855 0.285156 0.149414 0.00139523
13 0.141602 0.9646 0.279785 0.0668945 0.00139046
2 0.973389 0.955322 0.0532227 0.0698242 0.00134945
1 0.018219 0.835205 0.0355835 0.302246 0.00133038
7 0.359375 0.776855 0.285156 0.149414 0.00132179
13 0.0177765 0.939209 0.0342712 0.0825195 0.00132084
2 0.485229 0.843262 0.689697 0.272461 0.00131226
9 0.27002 0.304199 0.0263672 0.0366211 0.00131226
3 0.359375 0.77832 0.288086 0.150391 0.00128746
17 0.359375 0.77832 0.288086 0.150391 0.00128269
12 0.359375 0.77832 0.288086 0.150391 0.00125313
2 0.973877 0.912842 0.0463867 0.156738 0.00123119
10 0.27002 0.304199 0.0263672 0.0366211 0.00120449
13 0.269775 0.304688 0.0273438 0.0375977 0.00120068
1 0.27002 0.304199 0.0263672 0.0366211 0.00119972
16 0.269775 0.304199 0.0258789 0.0371094 0.00119877
18 0.359375 0.77832 0.288086 0.150391 0.00119495
13 0.920166 0.873535 0.134277 0.0527344 0.00119019
0 0.359741 0.778809 0.298096 0.139648 0.00118732
19 0.27002 0.304199 0.0263672 0.0366211 0.00118065
13 0.96582 0.858887 0.0507812 0.262695 0.00117779
1 0.959961 0.0584106 0.0546875 0.109253 0.0011673
8 0.269775 0.304199 0.0258789 0.0371094 0.00116253
4 0.945557 0.473633 0.0834961 0.892578 0.00113964
15 0.270264 0.304443 0.0258789 0.0375977 0.00112724
17 0.27002 0.304199 0.0263672 0.0366211 0.00109196
6 0.27002 0.304199 0.0263672 0.0366211 0.00106716
5 0.269775 0.304199 0.0258789 0.0371094 0.00106621
13 0.975342 0.955811 0.0473633 0.0727539 0.00105953
2 0.477417 0.984375 0.857666 0.03125 0.0010519
11 0.27002 0.304199 0.0263672 0.0366211 0.00105095
13 0.911133 0.86084 0.113281 0.0820312 0.00103664
