1 0.26123 0.367432 0.104004 0.103027 0.885254
2 0.19812 0.269775 0.0554199 0.102051 0.673828
2 0.312012 0.223389 0.0698242 0.034668 0.67041
2 0.255859 0.344482 0.118652 0.123047 0.541504
2 0.261963 0.23584 0.163086 0.174805 0.436035
14 0.260681 0.368896 0.104126 0.0996094 0.424805
13 0.243591 0.132446 0.088501 0.0546875 0.411621
2 0.26416 0.369141 0.112793 0.0991211 0.384521
13 0.309326 0.214355 0.0644531 0.0478516 0.293945
14 0.311523 0.222412 0.0673828 0.0336914 0.272217
2 0.210938 0.26001 0.0917969 0.128906 0.176758
13 0.306152 0.197998 0.0537109 0.074707 0.165771
1 0.976562 0.0685425 0.0449219 0.110474 0.163696
1 0.027359 0.921631 0.0260925 0.111816 0.145386
2 0.24292 0.130859 0.0859375 0.0615234 0.130737
1 0.0293884 0.943848 0.0327759 0.0927734 0.118835
13 0.261902 0.233398 0.16272 0.166016 0.114441
2 0.258545 0.305969 0.135254 0.188843 0.0949707
13 0.227539 0.22583 0.0517578 0.165039 0.0939941
2 0.227539 0.22583 0.0517578 0.165039 0.0673828
1 0.986328 0.94751 0.0175781 0.0561523 0.0547791
14 0.255859 0.344482 0.118652 0.123047 0.0461121
2 0.308105 0.196838 0.0537109 0.0736084 0.0395813
2 0.245361 0.27002 0.116699 0.191406 0.0358887
2 0.255859 0.138062 0.105469 0.0800781 0.0302124
13 0.201782 0.270752 0.0559082 0.103516 0.0293121
13 0.262207 0.128784 0.0976562 0.0490723 0.0287476
13 0.940918 0.813477 0.0214844 0.0449219 0.0281982
2 0.232422 0.255127 0.102051 0.124023 0.0278625
1 0.985352 0.95459 0.0292969 0.0810547 0.0265808
1 0.309082 0.21698 0.0605469 0.0499268 0.0250397
1 0.203613 0.269714 0.0600586 0.107056 0.0248718
2 0.279968 0.229248 0.15979 0.125977 0.0247192
4 0.0493927 0.515625 0.0672302 0.657227 0.0240936
13 0.253479 0.125458 0.103394 0.0791626 0.0206299
13 0.244385 0.146973 0.0751953 0.0881348 0.0197906
2 0.303223 0.217773 0.0703125 0.0556641 0.0192261
2 0.23584 0.206848 0.0493164 0.0980225 0.0182495
13 0.255859 0.141113 0.0913086 0.0629883 0.017746
13 0.234863 0.199097 0.046875 0.105713 0.0174713
14 0.20459 0.268555 0.0654297 0.108887 0.0156555
1 0.0323639 0.91748 0.0324402 0.141602 0.0149536
2 0.23999 0.23584 0.0668945 0.18457 0.0148544
13 0.947266 0.810547 0.0224609 0.0429688 0.0146561
1 0.0317383 0.868652 0.0321045 0.223633 0.0146255
13 0.258057 0.362305 0.10498 0.114258 0.0140915
13 0.312012 0.223877 0.0727539 0.0375977 0.0127182
13 0.550781 0.178345 0.0498047 0.10376 0.0116272
2 0.220276 0.210449 0.104858 0.167969 0.0114899
2 0.20459 0.251709 0.0615234 0.112793 0.0113068
13 0.305664 0.202454 0.0776367 0.0604248 0.0103149
2 0.262207 0.128174 0.097168 0.0498047 0.0100861
2 0.289062 0.222473 0.0874023 0.0784912 0.00957489
13 0.251953 0.161621 0.0756836 0.0817871 0.00912476
14 0.24292 0.130859 0.0859375 0.0615234 0.00888062
1 0.254883 0.130371 0.0878906 0.0517578 0.00885773
13 0.210938 0.26001 0.0917969 0.128906 0.00874329
13 0.982178 0.796631 0.0336914 0.406738 0.00865936
1 0.986328 0.950928 0.0273438 0.0551758 0.00865173
13 0.956055 0.326294 0.0742188 0.603271 0.0077858
13 0.0493927 0.515625 0.0672302 0.657227 0.00717545
1 0.255859 0.344482 0.118652 0.123047 0.00644684
2 0.310547 0.233887 0.0708008 0.0805664 0.00643921
13 0.257019 0.205078 0.088501 0.133789 0.005867
9 0.260742 0.366455 0.101562 0.103027 0.00578308
4 0.982178 0.796631 0.0336914 0.406738 0.00574112
1 0.975342 0.172974 0.0415039 0.317139 0.00537491
2 0.29303 0.230469 0.281128 0.22168 0.00535202
1 0.306152 0.197998 0.0537109 0.074707 0.0052948
1 0.261902 0.233398 0.16272 0.166016 0.0051651
2 0.242432 0.226318 0.105957 0.179199 0.00510025
14 0.258545 0.305969 0.135254 0.188843 0.00494003
13 0.0317383 0.868652 0.0321045 0.223633 0.00458145
1 0.0224609 0.936035 0.0317383 0.0908203 0.00453949
14 0.26416 0.235107 0.166504 0.183105 0.00450897
14 0.308594 0.214539 0.0634766 0.0543213 0.00444412
4 0.953369 0.52063 0.0795898 0.790771 0.00439835
1 0.0224609 0.90332 0.0321045 0.15625 0.00437164
1 0.981689 0.922852 0.0327148 0.142578 0.00435257
1 0.0336914 0.828613 0.0405273 0.290039 0.00409317
1 0.980225 0.0955505 0.0395508 0.17511 0.00408936
2 0.179504 0.266357 0.0955811 0.105957 0.00405121
13 0.258545 0.305969 0.135254 0.188843 0.0039711
9 0.312012 0.223389 0.0698242 0.034668 0.00392151
13 0.968994 0.236023 0.0600586 0.413696 0.00374985
8 0.26178 0.366943 0.1073 0.103027 0.00372124
1 0.311279 0.222107 0.0668945 0.0308838 0.00358772
2 0.250061 0.23053 0.09021 0.115112 0.00354195
13 0.223389 0.131226 0.126465 0.0656738 0.00353241
1 0.985352 0.916504 0.0214844 0.118164 0.00334358
9 0.19812 0.269775 0.0554199 0.102051 0.00330734
13 0.563477 0.169434 0.078125 0.108398 0.00327873
2 0.287415 0.295105 0.307007 0.259399 0.00325012
2 0.237793 0.260742 0.222168 0.180176 0.00318336
2 0.250977 0.1427 0.12207 0.126465 0.00314713
2 0.249512 0.34375 0.256836 0.199219 0.00313377
8 0.199463 0.270264 0.0537109 0.103027 0.00312996
1 0.0366211 0.934082 0.0389404 0.0888672 0.00297356
1 0.210938 0.26001 0.0917969 0.128906 0.00297356
13 0.529297 0.775391 0.0380859 0.0849609 0.00294876
13 0.232422 0.255127 0.102051 0.124023 0.00293922
9 0.261902 0.233398 0.16272 0.166016 0.00291443
2 0.940918 0.81543 0.0214844 0.0419922 0.00291252
2 0.241638 0.2771 0.106567 0.10498 0.0028553
1 0.0400391 0.07724 0.0408936 0.135071 0.00283432
4 0.26178 0.366943 0.1073 0.103027 0.00279045
1 0.247803 0.359619 0.200195 0.160645 0.00278473
4 0.0484619 0.660034 0.0611572 0.595947 0.00276184
2 0.0438232 0.428711 0.0632324 0.857422 0.00274849
5 0.26178 0.366943 0.1073 0.103027 0.00274658
10 0.26178 0.366943 0.1073 0.103027 0.00274658
12 0.26178 0.366943 0.1073 0.103027 0.00270653
15 0.26178 0.366943 0.1073 0.103027 0.00269699
13 0.981445 0.90625 0.0253906 0.148438 0.00266647
13 0.524902 0.785156 0.0429688 0.117188 0.00264359
4 0.956055 0.326294 0.0742188 0.603271 0.00260735
2 0.0533142 0.485352 0.09552 0.932617 0.00260162
13 0.0333252 0.0996094 0.0460205 0.199219 0.0025959
13 0.976562 0.0685425 0.0449219 0.110474 0.00259399
9 0.255859 0.344482 0.118652 0.123047 0.0025692
18 0.26178 0.366943 0.1073 0.103027 0.0025425
19 0.26178 0.366943 0.1073 0.103027 0.00252151
0 0.26178 0.366943 0.1073 0.103027 0.00250244
3 0.26178 0.366943 0.1073 0.103027 0.00248337
11 0.26178 0.366943 0.1073 0.103027 0.00247383
12 0.204102 0.269531 0.0620117 0.108398 0.00246429
13 0.923828 0.312988 0.0400391 0.166992 0.00246429
1 0.992676 0.945801 0.0146484 0.0556641 0.00246239
16 0.26178 0.366943 0.1073 0.103027 0.00245476
2 0.0340576 0.169556 0.0534668 0.338623 0.00243759
17 0.26178 0.366943 0.1073 0.103027 0.00240707
1 0.979492 0.148529 0.0390625 0.2005 0.00239754
6 0.26178 0.366943 0.1073 0.103027 0.00234222
7 0.26178 0.366943 0.1073 0.103027 0.00234222
1 0.0275421 0.959717 0.0386658 0.0668945 0.00233459
2 0.219727 0.208862 0.0444336 0.110596 0.00230408
1 0.25293 0.317871 0.0913086 0.0429688 0.00227737
4 0.204102 0.269531 0.0620117 0.108398 0.00222015
6 0.204102 0.269531 0.0620117 0.108398 0.00215149
2 0.246582 0.113403 0.166504 0.135986 0.00208664
8 0.312012 0.223877 0.0727539 0.0375977 0.00207329
13 0.0317383 0.125763 0.0340576 0.219666 0.00204468
2 0.302246 0.207947 0.0898438 0.0675049 0.00198555
1 0.232422 0.255127 0.102051 0.124023 0.00196457
13 0.250061 0.23053 0.09021 0.115112 0.00190639
4 0.0436401 0.270508 0.0574951 0.533203 0.00190353
2 0.262695 0.186218 0.201172 0.169556 0.00183392
13 0.0337067 0.778809 0.0365906 0.395508 0.00182724
13 0.220276 0.210449 0.104858 0.167969 0.00179005
13 0.0340576 0.169556 0.0534668 0.338623 0.00178719
13 0.3125 0.192261 0.0556641 0.0544434 0.00173664
2 0.0363159 0.327393 0.0495605 0.630371 0.00172997
1 0.0400391 0.0599976 0.0546875 0.102661 0.00171661
1 0.0327148 0.108856 0.0377197 0.179749 0.00171566
8 0.26416 0.235107 0.166504 0.183105 0.001647
13 0.297607 0.18811 0.0844727 0.102783 0.00162888
13 0.949707 0.813965 0.0361328 0.260742 0.00162888
10 0.199463 0.270264 0.0537109 0.103027 0.00161457
1 0.258545 0.305969 0.135254 0.188843 0.00161362
4 0.258545 0.229736 0.160156 0.183594 0.00160885
5 0.204102 0.269531 0.0620117 0.108398 0.00160027
2 0.253113 0.305908 0.0709229 0.0522461 0.00158978
4 0.0474396 0.497925 0.0809021 0.918213 0.00158215
13 0.219727 0.208862 0.0444336 0.110596 0.00157166
13 0.586914 0.172607 0.131836 0.115723 0.00156021
2 0.0333252 0.0996094 0.0460205 0.199219 0.00155067
16 0.199463 0.270264 0.0537109 0.103027 0.00154781
13 0.52832 0.768555 0.0263672 0.0693359 0.00154209
2 0.296387 0.190796 0.0947266 0.123291 0.00153637
2 0.520996 0.79541 0.0410156 0.144531 0.00152302
13 0.918945 0.33252 0.0332031 0.134766 0.00150871
12 0.312012 0.223389 0.0703125 0.0375977 0.00149632
2 0.197479 0.284668 0.236877 0.180176 0.00149155
5 0.312012 0.223389 0.0703125 0.0375977 0.0014782
1 0.967529 0.0601501 0.0454102 0.0881958 0.00146389
19 0.199463 0.270264 0.0537109 0.103027 0.00143051
13 0.0400391 0.07724 0.0408936 0.135071 0.0014267
6 0.312012 0.223389 0.0703125 0.0375977 0.00140572
14 0.214478 0.254883 0.0900879 0.114258 0.00139809
1 0.305664 0.202454 0.0776367 0.0604248 0.00139713
4 0.242126 0.133179 0.0919189 0.0583496 0.00139141
7 0.19812 0.269775 0.0554199 0.102051 0.00136089
11 0.199463 0.270264 0.0537109 0.103027 0.00135517
1 0.96875 0.110016 0.0390625 0.193542 0.00135422
2 0.0422058 0.417114 0.0844116 0.80249 0.00133419
19 0.312012 0.223389 0.0703125 0.0375977 0.00131035
2 0.216309 0.159943 0.150879 0.163513 0.00128269
13 0.250977 0.1427 0.12207 0.126465 0.00127602
1 0.23584 0.206848 0.0493164 0.0980225 0.00126266
10 0.311035 0.222839 0.0688477 0.0328369 0.00126171
3 0.199463 0.270264 0.0537109 0.103027 0.00124359
2 0.976562 0.0685425 0.0449219 0.110474 0.00122643
14 0.308105 0.196838 0.0537109 0.0736084 0.00120735
1 0.0221863 0.931396 0.0419312 0.117676 0.00120354
2 0.31665 0.207336 0.0620117 0.055542 0.00120354
13 0.279785 0.202576 0.124023 0.14856 0.0011816
6 0.242126 0.133179 0.0919189 0.0583496 0.00115776
13 0.248779 0.159729 0.219727 0.20105 0.00114155
1 0.980469 0.955322 0.0351562 0.0581055 0.00113678
9 0.24292 0.130859 0.0859375 0.0615234 0.00112629
7 0.312012 0.223389 0.0698242 0.034668 0.00112343
1 0.243164 0.278809 0.118164 0.103516 0.00110722
4 0.312012 0.223389 0.0703125 0.0375977 0.00108719
10 0.26416 0.235107 0.166504 0.183105 0.00105286
18 0.19812 0.269775 0.0554199 0.102051 0.00104809
5 0.26416 0.235107 0.166504 0.183105 0.00104427
19 0.26416 0.235107 0.166504 0.183105 0.00103664
8 0.242126 0.133179 0.0919189 0.0583496 0.00103378
9 0.308105 0.196838 0.0537109 0.0736084 0.00102043
