2 0.444824 0.397461 0.0664062 0.311523 0.678711
13 0.444824 0.395508 0.0605469 0.329102 0.588867
1 0.980713 0.927002 0.034668 0.122559 0.368164
2 0.428467 0.398438 0.108887 0.333008 0.109375
13 0.233093 0.0647278 0.0386963 0.0663452 0.0500183
2 0.453003 0.405884 0.173096 0.358154 0.0470581
13 0.448242 0.400269 0.101562 0.3479 0.0462646
1 0.977539 0.885254 0.0371094 0.208008 0.0297699
1 0.980713 0.835938 0.034668 0.28125 0.0278168
2 0.408203 0.406006 0.171875 0.29541 0.0269012
2 0.289062 0.408936 0.421875 0.325684 0.020874
1 0.0275726 0.952637 0.045929 0.0830078 0.0197296
13 0.981201 0.864746 0.0317383 0.237305 0.0147247
1 0.979492 0.944092 0.0410156 0.0805664 0.0143433
14 0.441406 0.400879 0.0712891 0.3125 0.0139542
1 0.442383 0.392456 0.0566406 0.31665 0.0125275
4 0.936523 0.51062 0.0800781 0.875244 0.0124969
1 0.984375 0.901367 0.0273438 0.167969 0.0107498
1 0.97168 0.937012 0.046875 0.0986328 0.0100174
2 0.448608 0.37207 0.0930176 0.389648 0.00971985
4 0.052124 0.470703 0.0777588 0.941406 0.00966644
13 0.453003 0.405884 0.173096 0.358154 0.00847626
4 0.045105 0.787109 0.0510254 0.404297 0.00810242
2 0.231445 0.0671082 0.0385742 0.0669556 0.00792694
13 0.981445 0.909912 0.0351562 0.162598 0.00771332
2 0.492798 0.64209 0.885498 0.672852 0.00673294
2 0.269287 0.44519 0.443848 0.576416 0.00624847
2 0.711548 0.516479 0.526123 0.8479 0.00568008
2 0.0596619 0.492676 0.0994263 0.938477 0.00518417
2 0.466675 0.400513 0.0998535 0.30249 0.0051384
2 0.260742 0.305237 0.432617 0.490112 0.00463104
2 0.505249 0.867432 0.862549 0.222168 0.00452042
2 0.981201 0.864746 0.0317383 0.237305 0.00445938
2 0.370239 0.391846 0.216553 0.343262 0.00418472
2 0.457642 0.535767 0.572998 0.778076 0.0040741
1 0.974609 0.952637 0.0390625 0.0693359 0.00385857
2 0.507324 0.913818 0.918945 0.152832 0.0037632
1 0.967041 0.191101 0.0405273 0.231079 0.00373268
2 0.682739 0.407593 0.509521 0.456299 0.00349808
13 0.391479 0.403442 0.19458 0.318115 0.00338745
2 0.582397 0.406738 0.458252 0.359375 0.00324249
1 0.97998 0.962646 0.0400391 0.0708008 0.0030117
4 0.443237 0.397461 0.0686035 0.3125 0.00275803
2 0.981445 0.909912 0.0351562 0.162598 0.00274277
1 0.0305023 0.93042 0.0410461 0.137207 0.00240135
2 0.384766 0.412842 0.384766 0.313965 0.00238609
13 0.462769 0.40564 0.293213 0.393799 0.00238037
13 0.120605 0.744141 0.0168457 0.0458984 0.00230217
1 0.430176 0.396484 0.101562 0.322266 0.00229836
13 0.126831 0.797363 0.0717773 0.170898 0.00209427
13 0.230774 0.0624847 0.0638428 0.0679016 0.00206947
9 0.440674 0.401367 0.0727539 0.313477 0.00205803
13 0.505005 0.400635 0.200928 0.340332 0.00205421
2 0.462769 0.40564 0.293213 0.393799 0.00204849
2 0.667847 0.286011 0.531494 0.513916 0.00196648
1 0.980957 0.974609 0.0380859 0.0351562 0.00189877
8 0.441528 0.39624 0.0720215 0.312988 0.00188923
2 0.467285 0.816406 0.0351562 0.0517578 0.00187969
14 0.979492 0.930664 0.0371094 0.121094 0.00178814
2 0.254395 0.348755 0.400879 0.316162 0.00177574
13 0.467773 0.815918 0.0341797 0.0507812 0.00168228
2 0.513672 0.404907 0.254883 0.33667 0.00165176
4 0.0625 0.492188 0.124512 0.953125 0.00156116
1 0.978271 0.90332 0.0336914 0.114258 0.00152683
13 0.437256 0.364746 0.0571289 0.248047 0.0015049
13 0.123535 0.742188 0.0263672 0.0664062 0.00146675
2 0.68103 0.385254 0.483643 0.267578 0.00143909
2 0.579468 0.45105 0.671143 0.584229 0.00139713
4 0.0439911 0.64502 0.0560608 0.568359 0.00136852
2 0.500977 0.783691 0.875977 0.432617 0.00131035
13 0.965332 0.26355 0.0556641 0.492432 0.0012989
13 0.284363 0.408936 0.390259 0.274902 0.00127029
6 0.441528 0.39624 0.0720215 0.312988 0.00125027
13 0.967041 0.191101 0.0405273 0.231079 0.00123787
13 0.10257 0.756836 0.0497437 0.0898438 0.00121212
13 0.0582428 0.831299 0.08078 0.286621 0.00121212
1 0.0959473 0.028183 0.175781 0.0527649 0.00118828
1 0.0406036 0.915283 0.0479431 0.155762 0.00114441
4 0.980225 0.92627 0.0375977 0.124023 0.00111771
13 0.978516 0.931152 0.0351562 0.112305 0.00108433
15 0.441528 0.39624 0.0720215 0.312988 0.00107765
12 0.441528 0.39624 0.0720215 0.312988 0.00107765
13 0.92749 0.51355 0.119629 0.924072 0.00106716
0 0.441528 0.39624 0.0720215 0.312988 0.00106525
1 0.233398 0.0644836 0.0395508 0.0668335 0.00104523
1 0.976562 0.981445 0.046875 0.0292969 0.00104141
7 0.441528 0.39624 0.0720215 0.312988 0.0010128
16 0.441528 0.39624 0.0720215 0.312988 0.0010128
3 0.441528 0.39624 0.0720215 0.312988 0.00100517
