2 0.431885 0.27124 0.692871 0.0952148 0.597168
1 0.0273438 0.933594 0.0256348 0.0820312 0.250732
1 0.982422 0.951416 0.0351562 0.0932617 0.180664
2 0.42981 0.238281 0.689209 0.164062 0.118713
1 0.974854 0.964844 0.034668 0.0683594 0.0819092
1 0.0231323 0.927734 0.0367432 0.0957031 0.0628662
1 0.976318 0.0681152 0.043457 0.081543 0.0470276
2 0.407959 0.177856 0.70166 0.310791 0.0391846
1 0.980469 0.922363 0.0351562 0.147461 0.026062
1 0.0289764 0.918701 0.0282288 0.127441 0.0255432
1 0.0400391 0.0713043 0.0421143 0.117645 0.0250397
1 0.984375 0.934082 0.0292969 0.0986328 0.0216675
2 0.305542 0.263672 0.451416 0.0649414 0.0183563
2 0.202209 0.258301 0.259644 0.0556641 0.015564
2 0.424316 0.302979 0.698242 0.132324 0.0154419
1 0.97583 0.945557 0.034668 0.108887 0.0148392
9 0.427612 0.266846 0.689697 0.0874023 0.0137024
2 0.509277 0.2771 0.544922 0.0644531 0.0130234
13 0.839844 0.18512 0.046875 0.121948 0.0123062
1 0.0254974 0.946533 0.0346985 0.0678711 0.0114517
1 0.0341797 0.866455 0.0351562 0.228027 0.0111542
4 0.431885 0.27124 0.692871 0.0952148 0.00888062
2 0.23999 0.266113 0.320312 0.0512695 0.00858307
2 0.601685 0.269287 0.36499 0.0800781 0.00773239
14 0.418457 0.273926 0.688477 0.0927734 0.00758743
1 0.0292969 0.899414 0.0385742 0.137695 0.00720596
1 0.977539 0.0858459 0.0351562 0.107605 0.00622177
2 0.513062 0.253723 0.548096 0.109253 0.00521469
1 0.0356598 0.781738 0.0370789 0.381836 0.0051384
13 0.970459 0.103516 0.0336914 0.162109 0.00393677
1 0.970459 0.974854 0.043457 0.050293 0.00388336
2 0.65918 0.278076 0.234375 0.0493164 0.00362396
1 0.981445 0.968994 0.0351562 0.0620117 0.00355721
1 0.0316162 0.934814 0.0388184 0.097168 0.00352669
4 0.931152 0.511353 0.0908203 0.89917 0.00344467
1 0.0372467 0.0687866 0.0663757 0.134155 0.00299454
2 0.376953 0.247803 0.632812 0.113281 0.00297928
1 0.980713 0.870605 0.0307617 0.237305 0.00290298
1 0.0400391 0.133392 0.0449219 0.239563 0.00281906
4 0.0727844 0.489136 0.101013 0.963135 0.0028019
4 0.42981 0.238281 0.689209 0.164062 0.00259972
1 0.964111 0.967529 0.0561523 0.0629883 0.0025425
13 0.423462 0.276855 0.690186 0.0786133 0.00252342
2 0.276306 0.164185 0.42395 0.270752 0.00245857
1 0.96582 0.056839 0.0644531 0.0660095 0.00232887
1 0.976318 0.166992 0.0375977 0.260742 0.00230408
1 0.034668 0.10376 0.0383301 0.166504 0.00222588
1 0.970459 0.103516 0.0336914 0.162109 0.0021534
2 0.420166 0.319275 0.687988 0.250122 0.00212288
14 0.0283203 0.932129 0.0281982 0.0771484 0.00211716
1 0.0312653 0.944824 0.0295105 0.0556641 0.00208855
1 0.974365 0.831299 0.0375977 0.331543 0.00187492
1 0.927246 0.0518341 0.145508 0.0528259 0.00185108
1 0.972412 0.906982 0.0375977 0.186035 0.00180817
1 0.427856 0.268311 0.685303 0.0878906 0.0018034
1 0.0462646 0.0567017 0.064209 0.09729 0.00169373
2 0.43811 0.263184 0.332764 0.0893555 0.00164986
1 0.980469 0.112549 0.0371094 0.150635 0.00150299
1 0.970947 0.0713196 0.0581055 0.10199 0.00143719
1 0.959961 0.946777 0.0703125 0.0986328 0.00142956
13 0.970703 0.158813 0.0371094 0.258057 0.00138283
6 0.427612 0.266846 0.689697 0.0874023 0.00137234
8 0.431885 0.27124 0.692871 0.0952148 0.00135231
1 0.984375 0.91748 0.0234375 0.0878906 0.0013485
4 0.0534058 0.445557 0.0803223 0.891113 0.00133133
1 0.0318604 0.8479 0.0512695 0.269043 0.00132847
2 0.18158 0.266846 0.204224 0.0576172 0.00132751
9 0.42981 0.238281 0.689209 0.164062 0.00132084
14 0.974609 0.963623 0.0351562 0.0668945 0.00131512
2 0.338257 0.2854 0.514893 0.112305 0.00126266
13 0.979492 0.902344 0.0332031 0.171875 0.00121593
2 0.972656 0.0689545 0.0449219 0.0957336 0.00116825
1 0.908203 0.0400391 0.183594 0.0288086 0.00116348
2 0.674316 0.288086 0.237305 0.0351562 0.00113678
2 0.0283203 0.932129 0.0281982 0.0771484 0.00109196
13 0.86377 0.189575 0.0712891 0.114502 0.00106144
2 0.974609 0.963623 0.0351562 0.0668945 0.0010519
