13 0.25293 0.917236 0.10791 0.108887 0.800781
2 0.48938 0.696289 0.110107 0.15332 0.703125
13 0.295166 0.882812 0.150391 0.160156 0.586426
13 0.276794 0.907227 0.127075 0.118164 0.349121
13 0.322266 0.875977 0.0820312 0.169922 0.26123
13 0.316162 0.856445 0.120117 0.22168 0.228394
13 0.258789 0.92334 0.0688477 0.102539 0.184814
13 0.303955 0.895752 0.102051 0.149902 0.164917
1 0.0302734 0.919434 0.0310059 0.0927734 0.151489
13 0.226807 0.926025 0.0756836 0.0893555 0.0741577
1 0.256348 0.921875 0.0722656 0.105469 0.0667114
13 0.134399 0.930176 0.253174 0.108398 0.0656738
14 0.485352 0.719238 0.119141 0.101562 0.0640869
13 0.490112 0.694824 0.118408 0.163086 0.0608826
1 0.981201 0.921631 0.0356445 0.0961914 0.0534058
2 0.306885 0.876953 0.131348 0.173828 0.0518494
2 0.453491 0.732422 0.171143 0.123047 0.0480347
13 0.333252 0.819824 0.0854492 0.198242 0.0465088
13 0.224792 0.920166 0.123169 0.10498 0.0428467
13 0.337158 0.786621 0.0776367 0.105469 0.0351257
2 0.134399 0.930176 0.253174 0.108398 0.0339966
1 0.0332031 0.942383 0.0458984 0.0898438 0.0256958
2 0.490234 0.722168 0.0888672 0.0966797 0.0184326
2 0.495605 0.489746 0.644531 0.647461 0.0180969
2 0.473267 0.657227 0.131592 0.263672 0.0178223
1 0.0314331 0.915039 0.039917 0.121094 0.0170288
13 0.207397 0.927979 0.0793457 0.0834961 0.0163574
13 0.169586 0.921387 0.161804 0.104492 0.0158386
2 0.254883 0.916992 0.108398 0.115234 0.0146332
2 0.512085 0.694824 0.223877 0.182617 0.0139923
1 0.276794 0.907227 0.127075 0.118164 0.0127487
1 0.0283203 0.888672 0.0269775 0.140625 0.0117188
14 0.487915 0.693359 0.122803 0.171875 0.0114212
1 0.981201 0.0597992 0.027832 0.0781555 0.0112228
2 0.48877 0.549805 0.306641 0.475586 0.0112228
4 0.0413208 0.764648 0.0412598 0.421875 0.0111618
2 0.48877 0.419556 0.847656 0.826904 0.0106277
1 0.482544 0.694824 0.116943 0.165039 0.0105515
1 0.304443 0.881348 0.121094 0.166016 0.0101013
2 0.461426 0.703125 0.209961 0.166992 0.00988007
1 0.979492 0.882812 0.0332031 0.157227 0.00971985
1 0.0371094 0.78418 0.0400391 0.355469 0.00911713
13 0.333008 0.851074 0.0595703 0.0976562 0.00904083
1 0.979492 0.835449 0.0292969 0.230469 0.00702667
1 0.0224609 0.919434 0.0321045 0.0859375 0.00663757
13 0.485352 0.719238 0.119141 0.101562 0.00661469
13 0.48877 0.549805 0.306641 0.475586 0.00659561
1 0.0327301 0.871826 0.0343933 0.20166 0.0065918
1 0.245178 0.91748 0.114136 0.110352 0.00616455
13 0.473267 0.657227 0.131592 0.263672 0.00563431
13 0.453491 0.732422 0.171143 0.123047 0.0056076
2 0.709961 0.627563 0.495117 0.612061 0.00548935
9 0.484863 0.711914 0.123047 0.119141 0.00541687
14 0.252014 0.92334 0.0809326 0.104492 0.00528336
2 0.256836 0.919678 0.0712891 0.104004 0.00525284
13 0.184814 0.922852 0.0761719 0.101562 0.00440979
13 0.0405273 0.777832 0.0449219 0.375977 0.00376511
2 0.484009 0.673828 0.313232 0.224609 0.00374985
13 0.182861 0.915039 0.0493164 0.0849609 0.0036602
13 0.287659 0.865234 0.270386 0.257812 0.00364876
13 0.325684 0.866699 0.0644531 0.108398 0.00359154
1 0.981445 0.0821533 0.0332031 0.125244 0.00358391
13 0.24585 0.912598 0.197266 0.168945 0.00336266
1 0.137695 0.948486 0.255859 0.0678711 0.00332451
13 0.192352 0.913086 0.239319 0.110352 0.00324631
1 0.104248 0.927979 0.163086 0.0893555 0.00318146
13 0.287109 0.904297 0.229492 0.191406 0.00309181
1 0.977539 0.0555878 0.0429688 0.0636292 0.00297928
8 0.487671 0.697754 0.112549 0.155273 0.00294304
13 0.347656 0.770508 0.0898438 0.104492 0.00290108
2 0.348145 0.773438 0.0834961 0.0947266 0.00289345
13 0.265564 0.875977 0.139771 0.181641 0.00285721
4 0.0394897 0.823486 0.0333252 0.308105 0.00284576
4 0.295166 0.882812 0.150391 0.160156 0.00281525
13 0.473022 0.500488 0.520752 0.71875 0.00275612
1 0.984375 0.911133 0.0234375 0.0917969 0.0027504
4 0.254883 0.916992 0.102051 0.107422 0.00247002
1 0.323242 0.875488 0.0791016 0.141602 0.00245285
14 0.296387 0.874023 0.152832 0.170898 0.00245285
1 0.975342 0.822266 0.0415039 0.288086 0.00245094
2 0.276794 0.907227 0.127075 0.118164 0.00240517
4 0.482544 0.694824 0.116943 0.165039 0.00239563
1 0.0369873 0.850098 0.0361328 0.274414 0.00235558
2 0.546875 0.580933 0.479492 0.668213 0.00203705
1 0.487305 0.721191 0.111328 0.103516 0.00194931
13 0.337891 0.830566 0.0717773 0.131836 0.00193787
13 0.981445 0.852539 0.03125 0.194336 0.00189018
1 0.208496 0.92334 0.0957031 0.0947266 0.00187778
13 0.968018 0.168457 0.034668 0.274902 0.00182533
13 0.26001 0.825195 0.135742 0.137695 0.00170994
13 0.132324 0.932861 0.193359 0.0834961 0.00169373
4 0.316162 0.856445 0.120117 0.22168 0.00163841
2 0.441528 0.65918 0.157959 0.163086 0.00161171
2 0.678589 0.511719 0.545166 0.935547 0.00157166
10 0.487915 0.692383 0.119873 0.169922 0.00156403
5 0.487915 0.692383 0.119873 0.169922 0.00155067
19 0.487915 0.693359 0.122803 0.171875 0.00154877
9 0.256348 0.921875 0.0722656 0.105469 0.00150204
13 0.0302734 0.867188 0.0305176 0.183594 0.00143433
2 0.323242 0.875488 0.0791016 0.141602 0.00143337
8 0.254639 0.921387 0.0825195 0.106445 0.00142288
3 0.487915 0.692383 0.119873 0.169922 0.00140762
15 0.487915 0.692383 0.119873 0.169922 0.00139618
7 0.487915 0.692383 0.119873 0.169922 0.00139046
1 0.0366058 0.215881 0.0422668 0.389526 0.00138283
12 0.487915 0.692383 0.119873 0.169922 0.00137997
13 0.180054 0.933105 0.12085 0.0849609 0.00135612
18 0.487915 0.693359 0.122803 0.171875 0.0013504
1 0.975586 0.148102 0.0390625 0.241394 0.00134373
6 0.255859 0.915771 0.10791 0.109863 0.00134182
13 0.512085 0.694824 0.223877 0.182617 0.0013361
6 0.487671 0.697754 0.112549 0.155273 0.00133038
2 0.598633 0.6875 0.410156 0.185547 0.00132942
2 0.226074 0.925781 0.0844727 0.0849609 0.00131989
17 0.487915 0.693359 0.122803 0.171875 0.00131416
2 0.657349 0.688965 0.544678 0.304688 0.00128365
13 0.441528 0.65918 0.157959 0.163086 0.00127602
11 0.487915 0.693359 0.122803 0.171875 0.00127316
16 0.487671 0.697754 0.112549 0.155273 0.00126934
18 0.25238 0.92334 0.0870361 0.104492 0.0012598
6 0.295166 0.882812 0.150391 0.160156 0.00121021
2 0.104248 0.927979 0.163086 0.0893555 0.00120544
0 0.487915 0.692383 0.119873 0.169922 0.00119877
8 0.296387 0.874023 0.152832 0.170898 0.00118542
7 0.25238 0.92334 0.0870361 0.104492 0.00118351
5 0.254639 0.921387 0.0825195 0.106445 0.00117111
4 0.276794 0.907227 0.127075 0.118164 0.00116253
2 0.559082 0.648438 0.368164 0.330078 0.00115776
19 0.256836 0.916016 0.105957 0.109375 0.00115585
1 0.971436 0.930664 0.043457 0.0839844 0.00114441
4 0.963623 0.268616 0.0629883 0.475464 0.00114346
13 0.279053 0.920166 0.0908203 0.114746 0.0011425
1 0.0283203 0.891602 0.0463867 0.121094 0.00112057
12 0.254639 0.921387 0.0825195 0.106445 0.00110054
2 0.464478 0.68457 0.123779 0.162109 0.00108814
13 0.304199 0.861328 0.112305 0.135742 0.00108624
3 0.254639 0.921387 0.0825195 0.106445 0.00107956
1 0.980225 0.942871 0.0395508 0.0986328 0.00107002
13 0.19458 0.908203 0.0712891 0.0849609 0.00106049
14 0.304199 0.89209 0.112793 0.147461 0.00105762
4 0.258301 0.923828 0.0664062 0.103516 0.0010519
7 0.296387 0.874023 0.152832 0.170898 0.00104713
2 0.713379 0.683105 0.0507812 0.0429688 0.00104523
14 0.0302887 0.919434 0.0375671 0.0859375 0.00102901
2 0.341736 0.865723 0.263794 0.254883 0.00102901
11 0.252014 0.92334 0.0809326 0.104492 0.00102615
10 0.25238 0.92334 0.0870361 0.104492 0.0010252
13 0.46875 0.580078 0.140625 0.428711 0.00102234
2 0.495117 0.395081 0.885742 0.483276 0.00100994
5 0.296387 0.874023 0.152832 0.170898 0.00100994
16 0.25238 0.92334 0.0870361 0.104492 0.00100517
2 0.483398 0.694824 0.0878906 0.111328 0.00100422
