13 0.661621 0.353271 0.129883 0.219727 0.661621
2 0.652832 0.34668 0.123047 0.206543 0.523438
1 0.978271 0.0699768 0.043457 0.0792847 0.0737915
1 0.983643 0.931396 0.0307617 0.102051 0.050415
13 0.498535 0.138184 0.0927734 0.0788574 0.0321045
13 0.648926 0.334717 0.101562 0.143066 0.0277557
2 0.647949 0.343262 0.101562 0.145996 0.0210571
2 0.702148 0.343262 0.232422 0.197266 0.0174866
2 0.723633 0.324158 0.314453 0.252075 0.0138474
13 0.682617 0.349854 0.209961 0.237793 0.0135574
13 0.977295 0.0856934 0.0336914 0.10376 0.0125961
2 0.381226 0.496094 0.630127 0.814453 0.0114288
1 0.982422 0.907471 0.0253906 0.157715 0.0108414
4 0.0550385 0.606934 0.059845 0.636719 0.0103455
13 0.52832 0.143738 0.174805 0.157837 0.0102692
14 0.652832 0.345947 0.111328 0.181641 0.0100861
1 0.980469 0.868164 0.0292969 0.224609 0.00958252
4 0.0615997 0.486938 0.0999451 0.938232 0.00931549
1 0.0265961 0.927979 0.0322571 0.0913086 0.00922394
13 0.50293 0.11853 0.105469 0.113037 0.00910187
13 0.635254 0.337158 0.116211 0.214844 0.00880432
4 0.947021 0.485352 0.0922852 0.911133 0.0087738
2 0.616699 0.274658 0.213867 0.344727 0.00874329
13 0.55188 0.192291 0.217529 0.235535 0.00818634
1 0.976318 0.919189 0.0415039 0.130371 0.00814819
13 0.979492 0.114868 0.0390625 0.152344 0.00741959
1 0.980469 0.952393 0.0332031 0.0717773 0.00710297
2 0.722778 0.177002 0.536865 0.303223 0.00690842
1 0.977295 0.0856934 0.0336914 0.10376 0.00690079
2 0.764648 0.350586 0.310547 0.188477 0.00660706
13 0.601562 0.244934 0.246094 0.354858 0.00634384
2 0.594727 0.331543 0.225586 0.242676 0.00595093
1 0.975586 0.143219 0.0488281 0.208191 0.00557709
4 0.661621 0.353271 0.129883 0.219727 0.0055542
1 0.652832 0.34668 0.123047 0.206543 0.00531387
2 0.0615997 0.486938 0.0999451 0.938232 0.00526047
2 0.947754 0.493652 0.104492 0.917969 0.00510025
13 0.969971 0.109772 0.0366211 0.169128 0.00483322
2 0.630859 0.35791 0.193359 0.239258 0.00444794
4 0.0475464 0.746094 0.0570068 0.423828 0.00437927
13 0.62207 0.345947 0.208984 0.251465 0.00411606
13 0.52002 0.14917 0.128906 0.111328 0.00410461
1 0.966797 0.0597382 0.0625 0.068512 0.00408554
13 0.743164 0.360718 0.331055 0.238525 0.00403595
1 0.979492 0.114868 0.0390625 0.152344 0.00369263
2 0.578613 0.230225 0.240234 0.289551 0.00367165
2 0.705566 0.236328 0.399414 0.386719 0.00349808
9 0.653809 0.345459 0.12207 0.200684 0.00333595
13 0.978271 0.0687256 0.043457 0.0771484 0.0032444
13 0.975586 0.883057 0.0410156 0.192871 0.00323868
13 0.970703 0.147125 0.046875 0.212097 0.00321388
1 0.980225 0.804688 0.0336914 0.327148 0.00267982
1 0.985352 0.914551 0.0234375 0.0888672 0.00266075
2 0.355103 0.32666 0.653076 0.548828 0.00232506
13 0.671875 0.399536 0.209961 0.37085 0.00217056
1 0.0275269 0.883301 0.0388184 0.15918 0.00216675
1 0.0371094 0.0827026 0.03479 0.131958 0.0021553
1 0.969971 0.0915985 0.0385742 0.122955 0.00202942
2 0.370972 0.252869 0.611572 0.314575 0.00198746
2 0.978271 0.0687256 0.043457 0.0771484 0.0019722
8 0.652832 0.341064 0.116211 0.185059 0.00194168
13 0.563477 0.30896 0.303711 0.389893 0.00187778
13 0.0348511 0.881836 0.0419922 0.170898 0.00178814
1 0.0351562 0.211182 0.0411377 0.38623 0.00162983
1 0.985352 0.0744629 0.0273438 0.0703125 0.00156593
13 0.969727 0.84668 0.0449219 0.238281 0.00156212
2 0.736816 0.148895 0.459961 0.198303 0.00154305
5 0.659668 0.35083 0.125977 0.224121 0.00154209
7 0.659668 0.35083 0.125977 0.224121 0.00154209
3 0.659668 0.35083 0.125977 0.224121 0.00150585
1 0.034729 0.869385 0.0444336 0.20459 0.00150394
18 0.659668 0.35083 0.125977 0.224121 0.00141525
10 0.659668 0.35083 0.125977 0.224121 0.00139332
1 0.0243225 0.945557 0.038269 0.0795898 0.00139236
12 0.659668 0.35083 0.125977 0.224121 0.00138283
2 0.781006 0.271484 0.391113 0.255859 0.00137901
1 0.0371094 0.146179 0.0367432 0.246704 0.00136757
1 0.978271 0.947266 0.043457 0.0996094 0.00135231
1 0.0368652 0.915527 0.0462646 0.118164 0.00134754
15 0.659668 0.35083 0.125977 0.224121 0.00133991
16 0.659668 0.35083 0.125977 0.224121 0.00132942
13 0.780762 0.44104 0.375977 0.612061 0.0013113
1 0.030304 0.0697021 0.0419312 0.114746 0.00129128
19 0.659668 0.35083 0.125977 0.224121 0.00128365
17 0.659668 0.35083 0.125977 0.224121 0.00128365
2 0.473755 0.580566 0.913818 0.631836 0.00124836
6 0.659668 0.35083 0.125977 0.224121 0.00121975
11 0.659668 0.35083 0.125977 0.224121 0.00119209
0 0.659668 0.35083 0.125977 0.224121 0.00117397
2 0.559448 0.470581 0.648682 0.658447 0.00114918
2 0.555664 0.354004 0.360352 0.265625 0.0011282
13 0.783691 0.395142 0.370117 0.369873 0.00107765
1 0.955078 0.0366821 0.0859375 0.0655518 0.00106335
13 0.985352 0.899658 0.0214844 0.153809 0.00106144
1 0.0206757 0.912598 0.0353088 0.102539 0.00101852
