2 0.463379 0.197449 0.203125 0.330688 0.869629
13 0.35791 0.631348 0.0380859 0.203125 0.447754
1 0.981201 0.947021 0.0317383 0.0864258 0.307617
13 0.432373 0.644531 0.0478516 0.250977 0.292236
13 0.39624 0.641113 0.0922852 0.219727 0.161377
13 0.431152 0.6875 0.0512695 0.148438 0.0577393
13 0.355713 0.631836 0.0253906 0.171875 0.0542603
13 0.414795 0.642578 0.0834961 0.245117 0.053833
1 0.0263824 0.921631 0.0282898 0.115723 0.041626
1 0.0284882 0.940186 0.0362854 0.104004 0.0367432
13 0.375 0.637207 0.0566406 0.229492 0.0367126
1 0.979248 0.922852 0.0356445 0.126953 0.0342712
13 0.363037 0.652832 0.0551758 0.216797 0.0317688
4 0.0482025 0.66272 0.0498352 0.592529 0.0278473
1 0.0351562 0.0600433 0.0445557 0.108673 0.0255585
13 0.462158 0.198792 0.189941 0.329956 0.0254822
1 0.97998 0.962402 0.0400391 0.0712891 0.018631
13 0.436523 0.634277 0.0332031 0.198242 0.0179138
13 0.420166 0.711426 0.0498047 0.0957031 0.0174866
1 0.984375 0.916992 0.0214844 0.126953 0.0168152
4 0.0492554 0.516113 0.0570068 0.772461 0.0152435
2 0.677734 0.19696 0.567383 0.338501 0.0150223
13 0.416504 0.694824 0.0800781 0.155273 0.0140305
1 0.974609 0.942383 0.03125 0.0976562 0.0112839
4 0.0605164 0.492188 0.093811 0.941406 0.0111465
2 0.282349 0.0942688 0.517334 0.114685 0.010437
14 0.462158 0.198792 0.189941 0.329956 0.00983429
13 0.0375977 0.844727 0.0441895 0.245117 0.00950623
1 0.0283051 0.885986 0.0288391 0.181152 0.00944519
1 0.0332642 0.918213 0.0397949 0.155762 0.00930023
13 0.36084 0.591797 0.0283203 0.200195 0.0090332
9 0.462158 0.203064 0.192871 0.291138 0.00875854
13 0.431641 0.711914 0.0410156 0.151367 0.00852966
13 0.415771 0.705078 0.0551758 0.192383 0.00762177
13 0.0460358 0.822754 0.0517273 0.299805 0.00692368
1 0.975342 0.0541992 0.0317383 0.0812988 0.00680542
1 0.035965 0.868408 0.0430603 0.208496 0.00674057
1 0.464355 0.20459 0.19043 0.302734 0.00667572
13 0.367676 0.683594 0.0654297 0.353516 0.0066185
2 0.239197 0.240723 0.421997 0.356934 0.00645828
4 0.464355 0.20459 0.19043 0.302734 0.00639725
1 0.976318 0.884033 0.0356445 0.188965 0.00589752
13 0.348633 0.624512 0.0395508 0.180664 0.00582123
1 0.355469 0.633789 0.0410156 0.194336 0.00469971
4 0.0461426 0.75293 0.0423584 0.423828 0.00435257
1 0.0283356 0.0808105 0.032196 0.161621 0.00408173
1 0.983398 0.915527 0.0273438 0.0888672 0.0040741
1 0.97168 0.0491943 0.046875 0.0657959 0.00405884
1 0.0322266 0.108643 0.0377197 0.192383 0.00375557
13 0.348877 0.669922 0.043457 0.286133 0.00371933
13 0.426025 0.6875 0.0546875 0.28125 0.00369453
13 0.356201 0.590332 0.0239258 0.133789 0.00364876
2 0.406738 0.189209 0.276367 0.362793 0.00350571
13 0.352295 0.656738 0.0244141 0.232422 0.00339508
1 0.432373 0.644531 0.0478516 0.250977 0.00327492
13 0.541016 0.701172 0.0273438 0.174805 0.00321579
2 0.0605164 0.492188 0.093811 0.941406 0.00300789
13 0.356445 0.617188 0.0214844 0.116211 0.00300407
14 0.355713 0.628418 0.0317383 0.1875 0.0029583
19 0.462158 0.203064 0.192871 0.291138 0.00290489
13 0.44751 0.574219 0.027832 0.152344 0.00286484
8 0.460083 0.200195 0.193115 0.334961 0.00280762
4 0.968506 0.790039 0.0454102 0.398438 0.00274849
4 0.541992 0.772461 0.0712891 0.380859 0.00271034
16 0.462158 0.203064 0.192871 0.291138 0.00265503
3 0.464355 0.20459 0.19043 0.302734 0.00265121
13 0.345459 0.67041 0.0717773 0.311523 0.00258636
13 0.35791 0.643066 0.148438 0.231445 0.0025692
2 0.355713 0.628418 0.0332031 0.193359 0.00254631
11 0.464355 0.20459 0.19043 0.302734 0.00253105
18 0.464355 0.20459 0.19043 0.302734 0.00251961
1 0.0224609 0.902832 0.0297852 0.15332 0.00243568
13 0.367676 0.632324 0.0908203 0.327148 0.00242615
13 0.57666 0.0381622 0.0458984 0.0205994 0.00239944
7 0.464355 0.20459 0.19043 0.302734 0.002388
15 0.462158 0.203064 0.192871 0.291138 0.00234413
17 0.462158 0.203064 0.192871 0.291138 0.00230789
13 0.355957 0.685059 0.11084 0.391602 0.00217247
10 0.462158 0.203064 0.192871 0.291138 0.00216866
6 0.462158 0.203064 0.192871 0.291138 0.00215149
0 0.464355 0.20459 0.19043 0.302734 0.00214005
12 0.464355 0.20459 0.19043 0.302734 0.00212288
13 0.536133 0.756348 0.0644531 0.386719 0.00208664
13 0.0458984 0.523926 0.0603027 0.777344 0.00208282
5 0.462158 0.203064 0.192871 0.291138 0.00202942
13 0.426025 0.655762 0.0537109 0.143555 0.00202179
13 0.430176 0.716309 0.0756836 0.396484 0.00202179
13 0.355469 0.691406 0.0380859 0.364258 0.00200653
13 0.361816 0.615723 0.0400391 0.142578 0.00199318
2 0.512085 0.209412 0.305908 0.274536 0.00198174
13 0.967285 0.147827 0.0283203 0.18335 0.00195885
14 0.359619 0.631348 0.050293 0.209961 0.00192642
1 0.977295 0.816406 0.0356445 0.335938 0.00192261
2 0.57666 0.0377197 0.0439453 0.0224609 0.00189781
4 0.975586 0.827637 0.0351562 0.305664 0.00189686
13 0.396484 0.709961 0.122559 0.37793 0.00180626
1 0.971436 0.849365 0.0336914 0.271973 0.00170612
13 0.338379 0.629883 0.0541992 0.21875 0.00157166
13 0.0283051 0.865234 0.0309143 0.214844 0.00156784
4 0.432373 0.644531 0.0478516 0.250977 0.0015564
4 0.354004 0.628418 0.0273438 0.192383 0.0015564
2 0.298096 0.18988 0.472168 0.321411 0.00154209
13 0.0316772 0.898682 0.0368652 0.161621 0.00153637
2 0.473511 0.283813 0.224854 0.500732 0.00151634
1 0.283813 0.0747681 0.533936 0.120728 0.00151157
13 0.353516 0.635254 0.019043 0.0966797 0.00150871
4 0.94873 0.486816 0.0771484 0.87793 0.00147247
13 0.822266 0.593262 0.0410156 0.0595703 0.00144196
1 0.9729 0.115723 0.0307617 0.188477 0.00142002
1 0.0445709 0.725098 0.0468445 0.473633 0.00136185
1 0.0346832 0.174316 0.0380554 0.331543 0.00135517
1 0.970703 0.95752 0.046875 0.0732422 0.00134182
4 0.39624 0.641113 0.0922852 0.219727 0.00132942
13 0.411133 0.487915 0.141602 0.758545 0.00130844
2 0.644531 0.272888 0.576172 0.353638 0.00128365
1 0.978516 0.0841675 0.0371094 0.141724 0.00127888
13 0.36084 0.600098 0.0224609 0.115234 0.00127602
13 0.447266 0.645508 0.0390625 0.205078 0.00122738
13 0.366699 0.645996 0.0429688 0.141602 0.00119019
2 0.981689 0.946777 0.034668 0.0830078 0.00119019
13 0.357178 0.574219 0.0180664 0.0820312 0.0011692
13 0.442139 0.604492 0.0229492 0.182617 0.00116158
4 0.0444489 0.310669 0.0566101 0.570068 0.00113773
1 0.396484 0.643066 0.0844727 0.227539 0.00113297
14 0.981689 0.946777 0.034668 0.0830078 0.00112724
13 0.338135 0.633301 0.0942383 0.212891 0.00112629
13 0.980713 0.946045 0.0307617 0.090332 0.00112343
13 0.537598 0.728516 0.0380859 0.222656 0.00112152
13 0.542969 0.668457 0.0185547 0.101562 0.00112057
4 0.359619 0.631348 0.050293 0.209961 0.00110912
4 0.977539 0.895508 0.0371094 0.199219 0.00109959
13 0.385254 0.644531 0.18457 0.292969 0.00107002
1 0.0410156 0.825195 0.0511475 0.287109 0.00107002
4 0.0400391 0.809326 0.0488281 0.328613 0.00105762
1 0.0231323 0.966797 0.0390625 0.0664062 0.00105286
13 0.0482025 0.66272 0.0498352 0.592529 0.00102806
