2 0.48877 0.277527 0.208008 0.31604 0.865723
1 0.983154 0.968262 0.0336914 0.0634766 0.167603
1 0.0241852 0.949219 0.035614 0.0761719 0.155151
1 0.0245514 0.915039 0.0370789 0.142578 0.0305939
13 0.483032 0.266113 0.213623 0.328613 0.0303192
4 0.0533752 0.46167 0.0880737 0.92334 0.0299072
2 0.308105 0.282715 0.52832 0.35498 0.0255127
2 0.67981 0.236389 0.597412 0.38269 0.0180206
14 0.982666 0.968018 0.034668 0.0600586 0.0152969
13 0.981689 0.939697 0.034668 0.120605 0.0117493
9 0.486816 0.271484 0.203125 0.277832 0.0108795
13 0.97168 0.89624 0.046875 0.187988 0.01017
2 0.975586 0.9646 0.03125 0.0649414 0.0101089
14 0.491211 0.27655 0.202148 0.276978 0.0100479
1 0.491211 0.27655 0.202148 0.276978 0.00977325
2 0.51355 0.512695 0.857666 0.782227 0.00911713
1 0.976562 0.9646 0.0332031 0.0629883 0.00868225
1 0.986328 0.946777 0.0253906 0.0791016 0.00763702
1 0.0230103 0.962891 0.0426025 0.0742188 0.00753403
13 0.0240326 0.900146 0.0376282 0.158691 0.00690842
4 0.491211 0.27655 0.202148 0.276978 0.0068779
1 0.981689 0.939697 0.034668 0.120605 0.00675201
2 0.0583191 0.492188 0.100647 0.948242 0.00631714
2 0.425415 0.281982 0.33667 0.275879 0.00598145
13 0.969727 0.843018 0.0410156 0.29834 0.00513458
2 0.305908 0.310181 0.590332 0.541748 0.00474548
1 0.0253754 0.929199 0.0298157 0.104492 0.00440979
1 0.027359 0.950928 0.0281677 0.0571289 0.00435257
1 0.977539 0.128815 0.0292969 0.15741 0.00428391
4 0.955078 0.506348 0.0800781 0.873047 0.00419235
1 0.976807 0.727051 0.0385742 0.433594 0.00414276
4 0.050293 0.637695 0.0601807 0.589844 0.00404739
4 0.97876 0.751953 0.0385742 0.435547 0.00400925
1 0.974609 0.911377 0.0351562 0.165527 0.00367928
1 0.976318 0.176453 0.0317383 0.274048 0.00361824
19 0.486816 0.271484 0.203125 0.277832 0.00329971
1 0.977539 0.240173 0.0371094 0.382935 0.00326538
1 0.0341949 0.0792847 0.0353699 0.144165 0.00325203
2 0.538452 0.270447 0.207275 0.334106 0.00306511
1 0.972656 0.952148 0.0332031 0.0957031 0.0030098
2 0.483521 0.316528 0.353271 0.415771 0.00297165
1 0.0181122 0.901123 0.0350647 0.156738 0.00296211
16 0.486816 0.271484 0.203125 0.277832 0.00283623
4 0.0467987 0.726318 0.0480042 0.498535 0.00279999
3 0.491211 0.27655 0.202148 0.276978 0.00279236
8 0.489746 0.274902 0.220703 0.330566 0.00274277
18 0.486816 0.271484 0.203125 0.277832 0.00271606
11 0.491211 0.27655 0.202148 0.276978 0.00270653
7 0.486816 0.271484 0.203125 0.277832 0.00269508
17 0.486816 0.271484 0.203125 0.277832 0.00257301
10 0.486816 0.271484 0.203125 0.277832 0.00247383
15 0.491211 0.27655 0.202148 0.276978 0.00235367
6 0.486816 0.271484 0.203125 0.277832 0.00230598
12 0.491211 0.27655 0.202148 0.276978 0.00226402
2 0.972656 0.952148 0.0332031 0.0957031 0.00220299
0 0.491211 0.27655 0.202148 0.276978 0.00219345
5 0.491211 0.27655 0.202148 0.276978 0.00218582
2 0.237 0.2099 0.43811 0.417114 0.0021534
13 0.967285 0.786621 0.0556641 0.424805 0.00209999
2 0.953613 0.503906 0.0927734 0.928711 0.00209236
1 0.944092 0.0266113 0.105957 0.0531006 0.00208855
2 0.400391 0.284302 0.342773 0.411865 0.00181675
2 0.484741 0.57666 0.921143 0.458008 0.00170517
2 0.499878 0.434082 0.595947 0.746094 0.00163841
2 0.982666 0.968018 0.034668 0.0600586 0.00161076
1 0.0237427 0.868164 0.0383301 0.242188 0.00160408
13 0.972656 0.952148 0.0332031 0.0957031 0.0015955
13 0.0327759 0.884766 0.0367432 0.199219 0.00159359
1 0.0371094 0.0506744 0.0479736 0.0800476 0.00159073
2 0.347046 0.355896 0.565674 0.369263 0.00153446
4 0.0410767 0.459961 0.065918 0.743164 0.00147724
1 0.966309 0.742676 0.0537109 0.493164 0.00137615
2 0.0228577 0.951416 0.0437622 0.0737305 0.00136852
2 0.44165 0.259033 0.231934 0.345215 0.00135899
4 0.968506 0.700684 0.0551758 0.522461 0.00133896
13 0.0237427 0.870605 0.0439453 0.243164 0.00132942
2 0.466431 0.327393 0.311279 0.268555 0.00126457
4 0.967773 0.43457 0.0644531 0.869141 0.00121593
1 0.976807 0.0873108 0.0327148 0.109558 0.00120258
2 0.542114 0.254883 0.36499 0.308105 0.00120068
1 0.983398 0.913086 0.0292969 0.134766 0.00119114
2 0.360107 0.445801 0.651855 0.602539 0.00111294
2 0.367676 0.381592 0.433594 0.604004 0.00111103
4 0.96875 0.300293 0.0585938 0.564453 0.00110722
4 0.0378723 0.459229 0.0757446 0.918457 0.00109863
2 0.967773 0.43457 0.0644531 0.869141 0.00108528
1 0.0257263 0.0833435 0.031189 0.156067 0.00108147
13 0.0273438 0.94458 0.029541 0.0737305 0.00106525
2 0.672485 0.384033 0.572998 0.768066 0.00105095
4 0.0336914 0.251465 0.0455322 0.50293 0.00101185
