1 0.984863 0.958984 0.0302734 0.078125 0.151489
4 0.0478821 0.473633 0.0927124 0.947266 0.141724
13 0.953125 0.899902 0.0683594 0.0292969 0.12384
2 0.953369 0.900391 0.0678711 0.03125 0.123169
13 0.934326 0.905762 0.090332 0.0322266 0.050293
2 0.0515747 0.496582 0.103149 0.96582 0.0389099
1 0.0267944 0.942627 0.0307617 0.106934 0.0352478
4 0.972656 0.7052 0.0527344 0.503662 0.0275879
2 0.94165 0.90625 0.0893555 0.0263672 0.0241547
14 0.0264893 0.942871 0.0323486 0.106445 0.0198975
4 0.0396271 0.246887 0.0664978 0.46814 0.0164795
1 0.975586 0.934326 0.0429688 0.0766602 0.0156403
1 0.0266571 0.899658 0.0314026 0.188965 0.0146561
14 0.952637 0.899414 0.0654297 0.03125 0.0130692
2 0.957031 0.878906 0.078125 0.0644531 0.0126114
1 0.986328 0.94873 0.0214844 0.0634766 0.0123062
1 0.958496 0.902832 0.0654297 0.0332031 0.0109787
4 0.949951 0.50769 0.0805664 0.980713 0.00908661
13 0.0318604 0.884766 0.0279541 0.191406 0.00830078
2 0.957275 0.844727 0.0737305 0.143555 0.00675964
4 0.973389 0.757812 0.0415039 0.366211 0.00604248
1 0.0316162 0.872559 0.0291748 0.200195 0.00574493
2 0.336548 0.271851 0.637451 0.510986 0.00510788
2 0.0360718 0.329468 0.0716553 0.639893 0.00508881
2 0.0263367 0.938721 0.041687 0.118652 0.00495529
2 0.335938 0.460205 0.624023 0.82373 0.00460052
13 0.974365 0.932129 0.0454102 0.0673828 0.0042305
2 0.984375 0.957764 0.03125 0.0766602 0.00391388
4 0.966797 0.487305 0.0644531 0.916992 0.00362396
1 0.0273438 0.939453 0.0222168 0.0800781 0.00358009
1 0.977539 0.943359 0.0292969 0.0898438 0.00338554
2 0.0374756 0.43457 0.0749512 0.869141 0.00332451
1 0.0245667 0.958984 0.0286255 0.0703125 0.00329208
13 0.959473 0.845215 0.0654297 0.15332 0.00324631
13 0.984131 0.952148 0.0317383 0.0820312 0.0032444
4 0.0406494 0.390747 0.0731201 0.706787 0.00300026
4 0.0276794 0.867432 0.0315552 0.257324 0.00292778
1 0.983398 0.96582 0.0234375 0.0625 0.00287056
13 0.958008 0.873047 0.0703125 0.0869141 0.0028019
1 0.0273438 0.919189 0.0262451 0.103027 0.00266266
14 0.984375 0.957764 0.03125 0.0766602 0.00252914
13 0.933105 0.920898 0.0927734 0.0703125 0.00252151
4 0.0300598 0.772949 0.0408325 0.448242 0.00251389
2 0.503418 0.937988 0.924805 0.118164 0.00237846
4 0.960693 0.636108 0.0688477 0.686768 0.00215721
2 0.957031 0.776367 0.0820312 0.280273 0.00214195
1 0.960205 0.909668 0.0541992 0.0527344 0.00203705
13 0.980225 0.148315 0.0258789 0.227783 0.00190163
13 0.95874 0.773438 0.0708008 0.283203 0.00185013
2 0.502441 0.854736 0.916016 0.284668 0.00172138
2 0.975586 0.934326 0.0429688 0.0766602 0.00163746
13 0.0512695 0.494263 0.102539 0.9646 0.00158405
1 0.0283356 0.95459 0.0212097 0.0478516 0.00156116
2 0.97876 0.953125 0.0288086 0.078125 0.00154018
2 0.0239868 0.95166 0.0301514 0.0849609 0.00145245
2 0.523804 0.470825 0.872314 0.86499 0.00136757
14 0.02948 0.917969 0.0335693 0.15625 0.00131798
2 0.0322418 0.872559 0.0551453 0.229492 0.00120068
2 0.923828 0.907227 0.0976562 0.0380859 0.00116825
4 0.0317383 0.116699 0.0393066 0.209473 0.00113869
4 0.979492 0.62207 0.0390625 0.635742 0.0011282
1 0.97876 0.193298 0.0307617 0.259888 0.00111675
2 0.986328 0.94873 0.0214844 0.0634766 0.00110817
9 0.953125 0.899902 0.0683594 0.0292969 0.0010767
4 0.0318604 0.884766 0.0279541 0.191406 0.00103092
13 0.986328 0.94873 0.0214844 0.0634766 0.00102329
13 0.0309753 0.865234 0.0346069 0.263672 0.00100803
1 0.981445 0.0818634 0.0253906 0.11264 0.00100422
