13 0.386719 0.155243 0.106445 0.162659 0.831543
2 0.602539 0.262207 0.290039 0.123047 0.808594
1 0.0244751 0.959717 0.0345459 0.0727539 0.256836
2 0.385498 0.157043 0.104492 0.163452 0.140991
4 0.0595703 0.484741 0.0979004 0.946533 0.0457153
1 0.845215 0.0328827 0.30957 0.035553 0.0446472
13 0.364014 0.104858 0.0708008 0.0700684 0.0364685
2 0.59375 0.266113 0.182617 0.10791 0.0334473
1 0.0400391 0.0612946 0.0466309 0.102753 0.0309448
13 0.374023 0.131622 0.0991211 0.120056 0.0283966
1 0.380615 0.154144 0.10791 0.16095 0.0222321
1 0.0300903 0.916504 0.0322266 0.137695 0.0207672
9 0.592651 0.267639 0.273682 0.112183 0.0164337
13 0.378906 0.156281 0.151367 0.191833 0.0164032
14 0.0240479 0.959473 0.0350342 0.0712891 0.0157776
1 0.0259399 0.937744 0.0300293 0.122559 0.01548
14 0.59314 0.263855 0.274658 0.107544 0.0141068
14 0.386719 0.152649 0.108398 0.167358 0.013504
2 0.588379 0.237305 0.352539 0.21582 0.0117264
2 0.0601044 0.483765 0.0992737 0.942627 0.0114288
1 0.861084 0.039856 0.266113 0.0529785 0.0106125
4 0.0422211 0.760986 0.0503235 0.458496 0.010498
13 0.762695 0.18219 0.0273438 0.101929 0.0103531
13 0.590942 0.268555 0.267334 0.111816 0.00978088
1 0.985352 0.954346 0.0273438 0.0717773 0.00887299
4 0.963379 0.718872 0.0517578 0.523193 0.00804138
13 0.387207 0.158813 0.0859375 0.114746 0.00759506
13 0.380371 0.110962 0.0961914 0.0771484 0.00745773
1 0.0273438 0.946045 0.0258789 0.0649414 0.00683594
1 0.595215 0.265137 0.269531 0.108398 0.00611496
13 0.0356293 0.124695 0.0337219 0.221313 0.00564575
4 0.947998 0.689087 0.0766602 0.565186 0.00534058
4 0.716309 0.665527 0.120117 0.62793 0.00524139
1 0.87207 0.978516 0.21875 0.0214844 0.00511551
1 0.844238 0.0246887 0.254883 0.0419312 0.0046196
13 0.0289917 0.890137 0.032959 0.208008 0.00455093
4 0.385742 0.156128 0.111328 0.165771 0.00453949
13 0.424194 0.15033 0.203369 0.174927 0.00445557
2 0.390015 0.158905 0.208252 0.202698 0.00435638
13 0.0335693 0.901367 0.0300293 0.158203 0.00429535
1 0.0308838 0.0678864 0.043457 0.110809 0.00426483
2 0.535156 0.27002 0.363281 0.11377 0.00422668
1 0.985352 0.941895 0.0175781 0.0595703 0.00390625
2 0.437012 0.193604 0.239258 0.181641 0.00385284
1 0.0263977 0.901611 0.0325317 0.190918 0.00369453
8 0.594604 0.265564 0.26001 0.106567 0.0034523
13 0.389893 0.170471 0.275879 0.251831 0.00337982
4 0.0375977 0.825439 0.0418701 0.310059 0.00327301
8 0.386719 0.152649 0.108398 0.167358 0.00321007
13 0.0371094 0.855957 0.0285645 0.199219 0.00320816
13 0.621094 0.348877 0.0292969 0.0493164 0.00318336
1 0.976562 0.0637512 0.0410156 0.0702515 0.00315285
4 0.602539 0.260254 0.28418 0.121582 0.00305939
9 0.386719 0.152649 0.108398 0.167358 0.00272751
2 0.762695 0.18219 0.0273438 0.101929 0.0026989
13 0.392578 0.0978699 0.116211 0.0698853 0.00269508
13 0.0339966 0.860107 0.0393066 0.268066 0.00252342
2 0.660156 0.249268 0.192383 0.138184 0.00245476
1 0.0224457 0.939941 0.0266418 0.0615234 0.00244522
6 0.603027 0.263 0.292969 0.120972 0.00241852
4 0.973389 0.764648 0.0493164 0.470703 0.00240707
1 0.0336761 0.108612 0.0346985 0.178772 0.00239754
1 0.976562 0.914551 0.0292969 0.118164 0.00235558
1 0.975586 0.940674 0.0292969 0.0952148 0.00234604
2 0.595703 0.266357 0.107422 0.0864258 0.00232506
13 0.785645 0.446533 0.0224609 0.0698242 0.00232506
4 0.0391235 0.241455 0.0570068 0.48291 0.002285
5 0.386719 0.152649 0.108398 0.167358 0.00227165
7 0.386719 0.152649 0.108398 0.167358 0.00220871
18 0.386719 0.152649 0.108398 0.167358 0.00220108
13 0.0595703 0.484741 0.0979004 0.946533 0.00219727
2 0.0240479 0.959473 0.0350342 0.0712891 0.00210381
12 0.386719 0.152649 0.108398 0.167358 0.00205994
13 0.0280762 0.11377 0.0275879 0.176758 0.00205803
10 0.386719 0.152649 0.108398 0.167358 0.00204468
3 0.386719 0.152649 0.108398 0.167358 0.00203705
2 0.620117 0.348877 0.0361328 0.0493164 0.00193501
4 0.0571136 0.67041 0.0644836 0.62793 0.00188637
19 0.386719 0.152649 0.108398 0.167358 0.00188351
15 0.386719 0.152649 0.108398 0.167358 0.0018549
17 0.386719 0.152649 0.108398 0.167358 0.00183964
13 0.0380859 0.175049 0.0427246 0.321777 0.00183392
16 0.386719 0.152649 0.108398 0.167358 0.00182533
11 0.386719 0.152649 0.108398 0.167358 0.00179005
6 0.386719 0.152649 0.108398 0.167358 0.00172138
1 0.985352 0.952637 0.0214844 0.0537109 0.00171185
7 0.594238 0.26416 0.269531 0.104492 0.0017004
2 0.0375214 0.06633 0.0482483 0.117584 0.00165272
0 0.386719 0.152649 0.108398 0.167358 0.00164413
11 0.600098 0.26416 0.28125 0.117188 0.00164318
1 0.0187378 0.967285 0.0374756 0.0654297 0.0015974
13 0.336609 0.14447 0.270142 0.276489 0.00158691
19 0.599609 0.261963 0.288086 0.128418 0.00155449
1 0.970947 0.0555573 0.0561523 0.0800476 0.00154877
2 0.0438843 0.322388 0.059082 0.632568 0.00150871
2 0.755859 0.179932 0.0302734 0.105469 0.00149918
0 0.59314 0.263855 0.274658 0.107544 0.00149822
12 0.592651 0.267639 0.273682 0.112183 0.00148964
15 0.592651 0.267639 0.273682 0.112183 0.00146675
5 0.599609 0.261963 0.288086 0.128418 0.00146103
16 0.592651 0.267639 0.273682 0.112183 0.00144386
10 0.594604 0.265564 0.26001 0.106567 0.00139904
4 0.030899 0.789551 0.0434265 0.411133 0.00138855
3 0.594238 0.26416 0.269531 0.104492 0.0013504
1 0.871826 0.97168 0.209473 0.0332031 0.00133038
2 0.364746 0.106445 0.0712891 0.0749512 0.00126743
13 0.0240479 0.959473 0.0350342 0.0712891 0.00124741
14 0.364014 0.104858 0.0708008 0.0700684 0.00124073
17 0.599609 0.261963 0.288086 0.128418 0.00124073
18 0.594238 0.26416 0.269531 0.104492 0.00123501
13 0.361084 0.141144 0.0942383 0.162537 0.00123215
2 0.0345459 0.116852 0.0487061 0.218933 0.00121975
1 0.364014 0.104858 0.0708008 0.0700684 0.00121498
1 0.900146 0.0462036 0.195801 0.0548096 0.00121212
13 0.0400543 0.0742798 0.0409851 0.130981 0.00119495
1 0.975342 0.956055 0.0317383 0.0585938 0.00119114
1 0.0292969 0.918945 0.0274658 0.0947266 0.00114918
13 0.0300751 0.930176 0.0309143 0.131836 0.00113773
1 0.0204163 0.914795 0.0346069 0.131348 0.0011301
1 0.0267181 0.0997314 0.028595 0.16748 0.00111771
1 0.981445 0.0775452 0.0332031 0.0636597 0.00111675
14 0.619629 0.348877 0.03125 0.0493164 0.00109386
13 0.755859 0.179932 0.0302734 0.105469 0.00107288
13 0.393799 0.182495 0.0966797 0.125732 0.00106907
1 0.711548 0.0378418 0.52417 0.038208 0.00105572
4 0.0364685 0.466919 0.072937 0.923584 0.00102711
13 0.335938 0.415771 0.0541992 0.0429688 0.00100994
