13 0.253906 0.401367 0.0834961 0.202148 0.746094
9 0.432617 0.950684 0.180664 0.0263672 0.477051
13 0.90625 0.812988 0.124023 0.0517578 0.467773
13 0.266113 0.18689 0.0678711 0.246826 0.24646
13 0.247009 0.171204 0.0938721 0.245483 0.244873
13 0.895996 0.812012 0.112305 0.0361328 0.226929
14 0.736816 0.2146 0.0234375 0.0234375 0.202393
2 0.442871 0.947266 0.158203 0.0253906 0.101807
14 0.442871 0.947266 0.158203 0.0253906 0.0809937
13 0.218994 0.422119 0.174805 0.175293 0.0609131
9 0.446411 0.944824 0.154053 0.0273438 0.0480042
13 0.743164 0.427246 0.0351562 0.22168 0.0437012
2 0.0526733 0.500977 0.105347 0.945312 0.0379944
13 0.273926 0.241882 0.0576172 0.123169 0.0379333
13 0.179749 0.406616 0.223511 0.16333 0.0367432
2 0.212524 0.410522 0.174072 0.171143 0.0349426
2 0.907715 0.817871 0.119141 0.0634766 0.0324402
13 0.430908 0.946777 0.164551 0.0332031 0.029007
13 0.258789 0.359741 0.0849609 0.309814 0.0275116
1 0.439819 0.944824 0.145752 0.0253906 0.0273285
13 0.743652 0.455322 0.046875 0.30127 0.0269012
1 0.0261841 0.942139 0.0238037 0.115723 0.0244598
9 0.434082 0.95166 0.166992 0.0595703 0.0235138
14 0.43457 0.953125 0.185547 0.0332031 0.0227051
13 0.250977 0.391357 0.0693359 0.135254 0.0212402
4 0.0526733 0.500977 0.105347 0.945312 0.0196228
13 0.26416 0.269165 0.0791016 0.440186 0.0179443
1 0.905273 0.813965 0.114258 0.0478516 0.0172577
1 0.0273438 0.958984 0.0200195 0.0605469 0.0158539
2 0.0424042 0.447021 0.0716858 0.894043 0.0154037
13 0.219482 0.168976 0.155273 0.247986 0.0152512
2 0.43457 0.953125 0.185547 0.0332031 0.0146332
13 0.88623 0.73877 0.0380859 0.0703125 0.0136032
13 0.165619 0.389648 0.182434 0.112305 0.0130081
1 0.253723 0.410645 0.0755615 0.179688 0.0116119
14 0.25415 0.415771 0.0786133 0.160645 0.011116
13 0.733887 0.435547 0.0625 0.535156 0.0103455
13 0.740234 0.423584 0.0283203 0.163574 0.0098114
2 0.24762 0.408203 0.109741 0.178711 0.00978851
13 0.736816 0.362976 0.0322266 0.315063 0.00971222
14 0.905273 0.813965 0.114258 0.0478516 0.00889587
9 0.407227 0.953369 0.163086 0.034668 0.00866699
1 0.434326 0.952637 0.17334 0.0322266 0.00829315
13 0.884277 0.734863 0.0244141 0.0595703 0.00816345
13 0.256836 0.18811 0.0761719 0.143311 0.0073967
13 0.2771 0.26416 0.0507812 0.0986328 0.00697708
2 0.22998 0.169617 0.134766 0.258423 0.00680923
13 0.895996 0.802246 0.125 0.0751953 0.00672913
13 0.734863 0.434937 0.0488281 0.354736 0.00638962
1 0.0283356 0.962402 0.032196 0.0595703 0.00623322
13 0.888184 0.814453 0.0732422 0.0332031 0.00602722
13 0.849121 0.541016 0.0527344 0.142578 0.00585938
13 0.247803 0.40625 0.154297 0.223633 0.00529861
2 0.103729 0.414001 0.169006 0.42395 0.00524521
9 0.44104 0.936523 0.156982 0.0332031 0.00522232
2 0.895996 0.814453 0.114258 0.0400391 0.00509644
2 0.412476 0.951172 0.152588 0.0234375 0.00503159
13 0.89502 0.744141 0.0507812 0.0888672 0.00500488
4 0.251465 0.406128 0.0908203 0.195557 0.00495529
1 0.0267029 0.902344 0.0265503 0.195312 0.00494385
13 0.892578 0.766602 0.0888672 0.131836 0.00449371
2 0.25415 0.415527 0.0756836 0.146484 0.00448608
4 0.954346 0.540405 0.081543 0.919189 0.00444412
2 0.272644 0.95752 0.479126 0.0615234 0.00435638
14 0.025116 0.95459 0.0248413 0.0849609 0.00423813
1 0.0205688 0.957031 0.0318604 0.0839844 0.00392532
8 0.43457 0.953125 0.185547 0.0332031 0.00379372
1 0.986328 0.973389 0.0175781 0.0454102 0.00353813
13 0.743164 0.509277 0.0576172 0.394531 0.00337029
13 0.269531 0.241638 0.0629883 0.269653 0.00326538
2 0.44104 0.936523 0.156982 0.0332031 0.00311661
13 0.244385 0.37207 0.0532227 0.119629 0.00301933
1 0.0224609 0.956787 0.0229492 0.0571289 0.00298882
13 0.296875 0.399658 0.20752 0.274902 0.00293159
2 0.0427856 0.621582 0.0639648 0.691406 0.00292587
13 0.906982 0.784668 0.13916 0.131836 0.00284767
5 0.43457 0.953125 0.185547 0.0332031 0.00281143
13 0.751953 0.434204 0.0400391 0.223389 0.00281143
13 0.916016 0.820801 0.0869141 0.0527344 0.00274086
14 0.711426 0.0504761 0.0507812 0.0164795 0.00269508
1 0.02948 0.0537109 0.0292969 0.0762939 0.00265312
13 0.730957 0.316406 0.0410156 0.411133 0.0025959
14 0.533203 0.676758 0.0605469 0.0566406 0.00256157
13 0.252747 0.226807 0.0853271 0.156738 0.0025177
4 0.266113 0.18689 0.0678711 0.246826 0.00250435
2 0.027832 0.943115 0.0300293 0.11377 0.00244141
13 0.428101 0.948242 0.138916 0.0234375 0.00236702
4 0.432617 0.950684 0.180664 0.0263672 0.00226784
11 0.434326 0.952637 0.17334 0.0322266 0.00226402
4 0.247009 0.171204 0.0938721 0.245483 0.00222397
1 0.138214 0.0334473 0.191833 0.0390625 0.00221443
1 0.247009 0.171204 0.0938721 0.245483 0.00214767
13 0.157013 0.408447 0.232361 0.105469 0.00214577
2 0.171783 0.431641 0.230164 0.142578 0.00213432
6 0.432617 0.950684 0.180664 0.0263672 0.00210571
13 0.727539 0.452515 0.078125 0.753174 0.00209045
13 0.74707 0.44165 0.0322266 0.116699 0.00207901
13 0.229004 0.342224 0.143066 0.30481 0.00204277
14 0.0269318 0.968994 0.0208435 0.0522461 0.00203705
9 0.427246 0.948242 0.131836 0.0224609 0.00201797
13 0.254883 0.146759 0.0654297 0.247009 0.0019989
8 0.442871 0.947266 0.158203 0.0253906 0.00199127
13 0.244446 0.16333 0.0760498 0.138184 0.00194836
13 0.741211 0.342407 0.0498047 0.463623 0.00191212
13 0.89209 0.828125 0.124023 0.09375 0.00191116
1 0.0283356 0.945312 0.0276794 0.078125 0.00187016
1 0.0269775 0.0732422 0.0318604 0.11792 0.00179672
13 0.267334 0.21582 0.0605469 0.14209 0.00174904
13 0.262939 0.407227 0.0864258 0.143555 0.00173187
2 0.0274658 0.95874 0.0249023 0.0727539 0.00172234
3 0.432617 0.950684 0.180664 0.0263672 0.00170135
1 0.266113 0.18689 0.0678711 0.246826 0.00167274
13 0.276123 0.243652 0.0400391 0.104004 0.00166798
2 0.265137 0.187195 0.0791016 0.291626 0.00164795
4 0.905273 0.813965 0.114258 0.0478516 0.001647
13 0.865723 0.808105 0.170898 0.046875 0.001647
13 0.884277 0.497437 0.165039 0.874268 0.00164509
7 0.434326 0.952637 0.17334 0.0322266 0.00161362
13 0.281494 0.263916 0.0390625 0.074707 0.0015831
14 0.731934 0.214478 0.0263672 0.0310059 0.00155258
17 0.434326 0.952637 0.17334 0.0322266 0.00151634
14 0.744141 0.213379 0.0322266 0.0219727 0.00150394
18 0.432617 0.950684 0.180664 0.0263672 0.00149632
4 0.884277 0.497437 0.165039 0.874268 0.00148392
13 0.196472 0.177429 0.265259 0.31897 0.00143147
18 0.251221 0.407227 0.0913086 0.195312 0.00143051
2 0.899902 0.803711 0.118164 0.0566406 0.00143051
8 0.251465 0.406128 0.0908203 0.195557 0.00142288
19 0.43457 0.953125 0.185547 0.0332031 0.00142193
1 0.907959 0.808594 0.131348 0.0800781 0.0014143
12 0.43457 0.953125 0.185547 0.0332031 0.00141144
7 0.251465 0.406128 0.0908203 0.195557 0.00141144
13 0.245056 0.366699 0.0870361 0.157227 0.00138092
13 0.887207 0.822266 0.112305 0.0556641 0.00136852
9 0.254395 0.415039 0.0810547 0.171875 0.00136471
2 0.0366211 0.339844 0.0579834 0.679688 0.00133324
5 0.251465 0.406128 0.0908203 0.195557 0.00133228
9 0.418335 0.955078 0.119385 0.0253906 0.00131989
10 0.434326 0.952637 0.17334 0.0322266 0.00130749
13 0.754395 0.468018 0.0683594 0.525879 0.00130653
13 0.218018 0.100708 0.138184 0.120361 0.00129986
1 0.983398 0.0582275 0.0234375 0.0675049 0.00128651
1 0.0302734 0.967529 0.0227051 0.043457 0.00128269
3 0.251465 0.406128 0.0908203 0.195557 0.00128078
0 0.434326 0.952637 0.17334 0.0322266 0.00124264
12 0.251465 0.406128 0.0908203 0.195557 0.00124168
1 0.427246 0.944824 0.154297 0.0371094 0.00124168
13 0.912109 0.745117 0.117188 0.172852 0.0012331
1 0.0266266 0.928223 0.032196 0.12793 0.00123119
13 0.229004 0.203735 0.125488 0.198975 0.00122738
2 0.489258 0.366211 0.499023 0.511719 0.00121117
10 0.251221 0.407227 0.0913086 0.195312 0.00119209
14 0.632812 0.0397797 0.176758 0.0283508 0.0011797
13 0.103729 0.414001 0.169006 0.42395 0.00117683
16 0.434326 0.952637 0.17334 0.0322266 0.00116825
19 0.256775 0.399536 0.0894775 0.202881 0.00116062
16 0.251221 0.407227 0.0913086 0.195312 0.0011549
4 0.0306549 0.826416 0.0336609 0.327637 0.00114918
13 0.279297 0.162109 0.0839844 0.259766 0.0011158
13 0.192566 0.403564 0.315063 0.318848 0.00111485
17 0.251465 0.406128 0.0908203 0.195557 0.00110531
6 0.256775 0.399536 0.0894775 0.202881 0.00109863
9 0.904785 0.814941 0.125977 0.0556641 0.00109577
15 0.251465 0.406128 0.0908203 0.195557 0.00108337
14 0.438354 0.947754 0.0881348 0.0166016 0.00108147
15 0.43457 0.953125 0.185547 0.0332031 0.00107098
2 0.188049 0.427246 0.312378 0.290039 0.00105667
13 0.249512 0.098877 0.0571289 0.0930176 0.00105476
11 0.256775 0.399536 0.0894775 0.202881 0.00104046
4 0.0424042 0.447021 0.0716858 0.894043 0.00103283
13 0.891113 0.727051 0.0458984 0.0771484 0.0010252
14 0.434082 0.95166 0.166992 0.0595703 0.00102425
13 0.236328 0.130493 0.10791 0.168213 0.00102329
13 0.728027 0.526978 0.0751953 0.438232 0.00100422
