2 0.459473 0.369629 0.131836 0.123535 0.808594
13 0.880371 0.687988 0.0419922 0.225586 0.458252
1 0.983887 0.955811 0.0322266 0.0844727 0.424805
13 0.453369 0.371826 0.121582 0.124023 0.392822
1 0.0272369 0.944824 0.0341492 0.102539 0.10022
1 0.97583 0.960693 0.0366211 0.074707 0.0717773
1 0.984375 0.945801 0.0253906 0.0771484 0.0582581
13 0.877441 0.694824 0.0595703 0.294922 0.050354
14 0.457397 0.371338 0.128174 0.120117 0.050293
2 0.0446014 0.465332 0.0677795 0.876953 0.0453796
1 0.0273285 0.918457 0.023468 0.09375 0.0397949
1 0.984375 0.926025 0.0292969 0.128418 0.0294037
13 0.900879 0.720703 0.0722656 0.395508 0.02388
1 0.981201 0.969727 0.0317383 0.0527344 0.020462
13 0.881348 0.685059 0.03125 0.143555 0.0198059
1 0.0318604 0.918457 0.032959 0.145508 0.0172577
1 0.0385742 0.0618591 0.039917 0.104797 0.0150833
13 0.893066 0.694824 0.0556641 0.234375 0.0134048
1 0.0255585 0.968506 0.0411682 0.059082 0.0110397
1 0.987305 0.93335 0.0214844 0.0864258 0.0101471
2 0.552368 0.947021 0.877686 0.105957 0.0098114
9 0.454956 0.376221 0.136963 0.131348 0.00974274
4 0.981934 0.787598 0.0361328 0.416992 0.00939178
1 0.0302734 0.92627 0.0339355 0.0751953 0.00924683
1 0.979492 0.0495148 0.0351562 0.0547791 0.00891876
2 0.431519 0.372314 0.216064 0.164062 0.00881195
13 0.866211 0.688965 0.0615234 0.223633 0.00876617
4 0.970215 0.732666 0.0595703 0.534668 0.00810242
2 0.456909 0.369873 0.0871582 0.110352 0.00789642
1 0.974609 0.0565643 0.0351562 0.0856018 0.00764465
2 0.0354614 0.285767 0.0621338 0.55542 0.00753784
1 0.979492 0.945557 0.0371094 0.0952148 0.00744247
2 0.97876 0.960449 0.0366211 0.0673828 0.00731277
1 0.971436 0.0471191 0.0512695 0.0661621 0.00699997
13 0.940918 0.738281 0.106445 0.474609 0.00617981
2 0.770752 0.960205 0.415527 0.0795898 0.00590134
13 0.873047 0.617188 0.0527344 0.358398 0.00575256
1 0.459473 0.369385 0.138672 0.131348 0.00506592
13 0.878418 0.631348 0.046875 0.158203 0.00500488
1 0.0212097 0.956299 0.0409546 0.0776367 0.00488663
13 0.392578 0.366943 0.262695 0.158691 0.00478745
2 0.682129 0.956543 0.612305 0.0869141 0.00468445
4 0.900879 0.720703 0.0722656 0.395508 0.00453949
1 0.872314 0.0331421 0.239746 0.0362549 0.00451279
1 0.877441 0.686523 0.046875 0.228516 0.00444412
4 0.457031 0.374023 0.131836 0.134277 0.00440598
1 0.978516 0.916992 0.0371094 0.152344 0.00418854
2 0.0327148 0.0687561 0.0467529 0.121277 0.0040741
8 0.458496 0.370361 0.125 0.124023 0.00387001
13 0.733887 0.214783 0.0234375 0.0562744 0.00380325
13 0.97876 0.960449 0.0366211 0.0673828 0.00352859
2 0.831543 0.962646 0.288086 0.0629883 0.00347137
14 0.880371 0.687988 0.0419922 0.225586 0.00308037
2 0.432373 0.380371 0.134277 0.137695 0.00295258
1 0.0224762 0.91748 0.0253601 0.078125 0.0029335
13 0.882812 0.75293 0.0429688 0.345703 0.00289536
2 0.0603638 0.478516 0.120728 0.956055 0.00286102
2 0.983398 0.955811 0.0332031 0.0825195 0.0028553
2 0.881836 0.687012 0.0410156 0.226562 0.00275803
2 0.415649 0.380615 0.309326 0.249512 0.00274277
2 0.513184 0.914795 0.938477 0.17041 0.00269318
13 0.884766 0.711914 0.0332031 0.144531 0.00269127
1 0.976562 0.118652 0.0332031 0.189453 0.00240135
4 0.0561066 0.472168 0.0935974 0.944336 0.00239563
14 0.983398 0.955811 0.0332031 0.0825195 0.00235367
13 0.870117 0.555176 0.0693359 0.606445 0.00234604
13 0.895996 0.6875 0.0888672 0.222656 0.00227165
1 0.0319824 0.862549 0.0310059 0.26123 0.00223351
13 0.467285 0.357666 0.209961 0.174316 0.00218773
1 0.0273438 0.887207 0.0251465 0.149414 0.00212288
2 0.470215 0.352051 0.302734 0.242188 0.00210953
1 0.982422 0.884277 0.03125 0.194336 0.00208855
4 0.984375 0.848145 0.0273438 0.286133 0.00202942
6 0.453857 0.374756 0.138184 0.133789 0.00200272
13 0.865723 0.549805 0.0556641 0.382812 0.00200272
13 0.859863 0.683594 0.100586 0.251953 0.00199699
2 0.0390167 0.456665 0.0562439 0.602295 0.00198746
2 0.0388489 0.339233 0.0776978 0.659424 0.00197983
4 0.880371 0.687988 0.0419922 0.225586 0.00188828
10 0.458984 0.370605 0.128906 0.124023 0.0018692
5 0.456543 0.376465 0.137695 0.136719 0.00186539
19 0.456543 0.376465 0.137695 0.136719 0.00185776
18 0.459473 0.369385 0.138672 0.131348 0.00180149
2 0.0327759 0.42627 0.0655518 0.852539 0.00179386
1 0.981201 0.0644226 0.0336914 0.0923462 0.00178337
1 0.0316162 0.955811 0.0349121 0.0708008 0.00176907
13 0.415649 0.380615 0.309326 0.249512 0.0017643
12 0.456543 0.376465 0.137695 0.136719 0.0017519
7 0.459473 0.369385 0.138672 0.131348 0.00174618
15 0.456543 0.376465 0.137695 0.136719 0.00174618
3 0.456543 0.376465 0.137695 0.136719 0.00171089
1 0.979492 0.982422 0.0351562 0.0332031 0.00167561
11 0.456543 0.376465 0.137695 0.136719 0.00167179
1 0.0224609 0.904297 0.0297852 0.118164 0.0016613
2 0.0556183 0.339111 0.0953064 0.665527 0.00165844
16 0.459473 0.369385 0.138672 0.131348 0.00162792
14 0.975342 0.95874 0.0356445 0.074707 0.00161743
13 0.983398 0.955811 0.0332031 0.0825195 0.00160885
2 0.888916 0.966064 0.208496 0.0581055 0.00159073
13 0.470215 0.352051 0.302734 0.242188 0.00158024
4 0.983643 0.902344 0.0327148 0.183594 0.00155449
17 0.456543 0.376465 0.137695 0.136719 0.00154114
14 0.0258636 0.953125 0.0381165 0.0820312 0.0015173
0 0.456543 0.376465 0.137695 0.136719 0.00151157
1 0.034668 0.0839539 0.0396729 0.140686 0.00146294
2 0.491699 0.36499 0.198242 0.13916 0.00135803
14 0.0289307 0.934326 0.03125 0.11377 0.00131607
2 0.447632 0.346924 0.137939 0.177734 0.00127411
1 0.986328 0.914551 0.0234375 0.0869141 0.0012722
1 0.982178 0.144562 0.0297852 0.197693 0.00122356
4 0.981201 0.689819 0.0375977 0.620361 0.00118637
2 0.0325317 0.196655 0.0560303 0.364014 0.00118542
13 0.865723 0.966553 0.24707 0.0551758 0.00118256
4 0.974609 0.897705 0.046875 0.200684 0.00117874
4 0.940918 0.738281 0.106445 0.474609 0.00110912
4 0.97583 0.831055 0.0405273 0.322266 0.00110626
1 0.986328 0.973877 0.0273438 0.0522461 0.00108624
2 0.95752 0.964355 0.0771484 0.0595703 0.00107384
