1 0.0263672 0.938965 0.0234375 0.0693359 0.234009
13 0.599609 0.708984 0.0214844 0.0888672 0.167358
14 0.0226135 0.946777 0.0304565 0.0732422 0.0880127
4 0.041687 0.709961 0.0445557 0.444336 0.0771484
1 0.0213165 0.946533 0.0295105 0.0737305 0.0742188
13 0.0908203 0.664062 0.0524902 0.0683594 0.0280304
14 0.71875 0.388184 0.0341797 0.0161133 0.0126266
1 0.0322113 0.0516968 0.0312805 0.0775146 0.0119629
13 0.725098 0.233398 0.149414 0.136719 0.00991058
1 0.984375 0.945068 0.0273438 0.0825195 0.00859833
4 0.964355 0.432129 0.0673828 0.864258 0.00830078
1 0.027359 0.0628204 0.0324402 0.105804 0.00801849
2 0.0205078 0.947754 0.0283203 0.0732422 0.0074501
13 0.270752 0.563965 0.0395508 0.120117 0.00740051
1 0.0224762 0.925293 0.0253601 0.0703125 0.00712585
13 0.966309 0.111206 0.0341797 0.193115 0.00681686
13 0.0424805 0.619629 0.0429688 0.62207 0.00635529
4 0.0756836 0.606934 0.0705566 0.643555 0.00590897
13 0.0756836 0.606934 0.0705566 0.643555 0.00581741
1 0.985352 0.947266 0.0214844 0.0527344 0.00519943
1 0.0292816 0.921631 0.0260315 0.100098 0.00466919
14 0.599609 0.709473 0.015625 0.0878906 0.00463486
13 0.600586 0.733398 0.0224609 0.123047 0.0043869
2 0.09198 0.663086 0.052124 0.0625 0.00424194
4 0.616699 0.811523 0.0527344 0.301758 0.00374794
4 0.957031 0.336304 0.0625 0.653564 0.00341415
13 0.964844 0.177429 0.0429688 0.292603 0.00328827
1 0.975586 0.908203 0.0253906 0.128906 0.00314522
4 0.0386963 0.785645 0.0339355 0.387695 0.00309372
4 0.0341797 0.634644 0.0455322 0.695557 0.00302887
4 0.759277 0.503784 0.0927734 0.820557 0.00284958
4 0.103516 0.603638 0.0629883 0.607178 0.00280952
1 0.984375 0.0683441 0.0292969 0.0796204 0.00272179
4 0.969971 0.735352 0.050293 0.523438 0.00266075
14 0.986328 0.948975 0.0253906 0.0688477 0.00260353
1 0.0341797 0.0749207 0.0323486 0.127014 0.00258636
1 0.0256195 0.941162 0.039093 0.0981445 0.00254059
13 0.0989075 0.664062 0.038269 0.0546875 0.00253868
1 0.174866 0.0393524 0.268433 0.0379944 0.00243759
13 0.0205078 0.947754 0.0283203 0.0732422 0.00225449
1 0.030426 0.943359 0.0348511 0.0742188 0.00222015
13 0.103516 0.603638 0.0629883 0.607178 0.00214195
1 0.981689 0.922607 0.0288086 0.119629 0.00210381
13 0.429443 0.117676 0.325684 0.145752 0.00199509
2 0.0273438 0.9375 0.0251465 0.0664062 0.00195026
14 0.0273438 0.9375 0.0251465 0.0664062 0.00192833
4 0.972656 0.203552 0.046875 0.359497 0.0019207
1 0.975342 0.93457 0.0239258 0.0800781 0.00186348
1 0.0259857 0.909424 0.0294495 0.161621 0.0018425
14 0.866699 0.750488 0.0390625 0.015625 0.00183868
1 0.796387 0.0409088 0.389648 0.0331726 0.00178623
1 0.0256042 0.963867 0.0320435 0.0722656 0.00176811
13 0.0413208 0.722656 0.0369873 0.391602 0.00166607
1 0.600098 0.709473 0.0175781 0.0878906 0.00162697
1 0.975586 0.888672 0.0332031 0.136719 0.00160027
1 0.987305 0.961914 0.0253906 0.0761719 0.00157547
13 0.0818787 0.666504 0.0349731 0.0537109 0.00156498
13 0.604492 0.719238 0.0234375 0.09375 0.00151348
4 0.980469 0.731934 0.0332031 0.479492 0.00143719
2 0.599609 0.708984 0.0214844 0.0888672 0.00140858
4 0.92334 0.391235 0.0693359 0.719482 0.00136089
4 0.974365 0.758301 0.0317383 0.399414 0.00135326
4 0.0341797 0.862305 0.043457 0.267578 0.00134659
4 0.0509033 0.729492 0.0445557 0.386719 0.00132179
14 0.599609 0.710449 0.0253906 0.0927734 0.00126839
1 0.87085 0.0329742 0.223145 0.0278015 0.00122547
13 0.0701294 0.646484 0.0545654 0.417969 0.00121021
4 0.971436 0.89624 0.043457 0.154785 0.00115967
4 0.972656 0.844971 0.0351562 0.251465 0.00115776
2 0.986328 0.950195 0.0253906 0.0742188 0.0011549
4 0.0606232 0.760986 0.0672302 0.425293 0.00115395
13 0.605469 0.703613 0.0302734 0.0869141 0.00113106
1 0.967285 0.0922852 0.0341797 0.140137 0.00112152
14 0.302734 0.541504 0.0112305 0.0195312 0.00111389
1 0.0283203 0.039444 0.0297852 0.0627136 0.0011034
13 0.963623 0.238098 0.0532227 0.408569 0.00105476
4 0.0797424 0.791016 0.0783081 0.398438 0.00101757
1 0.0283203 0.907715 0.0377197 0.115234 0.00100803
