2 0.519653 0.0803223 0.235107 0.0644531 0.662598
9 0.520874 0.0910645 0.217041 0.0761719 0.163696
1 0.0283356 0.936523 0.0209656 0.0742188 0.137817
1 0.0266724 0.945068 0.0325928 0.0942383 0.0905151
2 0.517578 0.0974426 0.258789 0.108826 0.0725098
13 0.515137 0.0890503 0.240234 0.0865479 0.0636597
14 0.0266724 0.945068 0.0325928 0.0942383 0.050415
1 0.984375 0.955078 0.0292969 0.078125 0.0325012
1 0.0312347 0.94165 0.0322571 0.0698242 0.0285339
1 0.985352 0.943115 0.0234375 0.074707 0.0187988
14 0.521118 0.088623 0.237061 0.0810547 0.0144043
4 0.37915 0.526367 0.131348 0.858398 0.0119705
14 0.282227 0.55957 0.0141602 0.0117188 0.0104599
1 0.0260468 0.920166 0.026886 0.124512 0.00993347
1 0.975586 0.951904 0.0253906 0.0727539 0.00804901
1 0.0224609 0.937012 0.0231934 0.0654297 0.00661087
1 0.0327301 0.919434 0.0256042 0.110352 0.00661087
2 0.532715 0.0897827 0.146484 0.0872803 0.00584793
1 0.519531 0.0830688 0.237305 0.0697021 0.0055809
2 0.526367 0.0892334 0.283203 0.178467 0.00509644
8 0.520508 0.0905762 0.22168 0.0783691 0.00405121
14 0.280273 0.557617 0.0136719 0.0117188 0.00395203
1 0.0298462 0.900635 0.0281982 0.155762 0.00382614
4 0.520508 0.0905762 0.22168 0.0783691 0.00312233
6 0.520508 0.0905762 0.22168 0.0783691 0.0028019
1 0.0262451 0.965088 0.0305176 0.0678711 0.00257683
14 0.279785 0.557129 0.0185547 0.0166016 0.00238609
1 0.975342 0.937744 0.0317383 0.0893555 0.00234985
2 0.468262 0.086731 0.378906 0.0758057 0.00220108
16 0.520508 0.0905762 0.22168 0.0783691 0.00220108
10 0.520508 0.0905762 0.22168 0.0783691 0.00218391
7 0.520508 0.0905762 0.22168 0.0783691 0.00214958
2 0.522949 0.0787964 0.105469 0.0484619 0.00213432
15 0.520508 0.0905762 0.22168 0.0783691 0.00211716
12 0.520508 0.0905762 0.22168 0.0783691 0.00208473
1 0.972656 0.952637 0.0410156 0.0751953 0.00197411
0 0.520508 0.0905762 0.22168 0.0783691 0.00195026
3 0.520508 0.0905762 0.22168 0.0783691 0.0019207
18 0.520508 0.0905762 0.22168 0.0783691 0.00191307
11 0.523071 0.0925903 0.220459 0.0740967 0.00188732
4 0.974609 0.734619 0.0488281 0.530762 0.00185585
2 0.0266113 0.942383 0.0338135 0.101562 0.00184917
1 0.983398 0.957764 0.0214844 0.0610352 0.0017786
19 0.520508 0.0905762 0.22168 0.0783691 0.00176907
1 0.034668 0.867676 0.0291748 0.219727 0.00176907
9 0.525879 0.0769043 0.237305 0.13916 0.00173473
17 0.520508 0.0905762 0.22168 0.0783691 0.00172901
5 0.520508 0.0905762 0.22168 0.0783691 0.00170135
4 0.367676 0.635132 0.0800781 0.616455 0.00164604
13 0.579102 0.0843201 0.176758 0.0818481 0.00162029
2 0.579102 0.0843201 0.176758 0.0818481 0.00154018
1 0.0197144 0.953369 0.0367432 0.0932617 0.00150013
4 0.970947 0.522461 0.0561523 0.726562 0.00141811
14 0.0283203 0.936523 0.0220947 0.0644531 0.00136948
1 0.984375 0.920898 0.0253906 0.117188 0.00128651
13 0.520508 0.0765381 0.251953 0.153076 0.00118732
2 0.498047 0.0691528 0.178711 0.0506592 0.00116539
