2 0.369629 0.830078 0.0717773 0.125977 0.665039
13 0.383301 0.828125 0.0932617 0.128906 0.557129
1 0.0234375 0.952637 0.0366211 0.0693359 0.362305
13 0.442017 0.811035 0.0661621 0.0820312 0.138306
13 0.845703 0.210205 0.161133 0.0932617 0.0830078
1 0.984375 0.942139 0.03125 0.111816 0.0739136
14 0.372559 0.827148 0.0756836 0.129883 0.0704956
1 0.0284729 0.916504 0.0350952 0.133789 0.0310669
13 0.453247 0.812012 0.048584 0.0703125 0.0282593
1 0.0240021 0.964355 0.0474548 0.0654297 0.024231
13 0.855469 0.244629 0.173828 0.17041 0.0235138
13 0.867676 0.19397 0.168945 0.072998 0.0207062
2 0.352539 0.834961 0.126465 0.132812 0.0193329
13 0.412598 0.819336 0.143555 0.111328 0.0189362
1 0.985352 0.961914 0.0292969 0.0761719 0.0188904
1 0.986328 0.94043 0.0214844 0.0820312 0.0178986
13 0.803223 0.52002 0.0371094 0.131836 0.0108109
13 0.361816 0.82666 0.0688477 0.140625 0.0106277
2 0.404297 0.821777 0.12793 0.125977 0.010376
13 0.971436 0.173706 0.0356445 0.259521 0.0101471
4 0.0591736 0.494019 0.09552 0.961182 0.00859833
1 0.987305 0.917969 0.0214844 0.119141 0.00856018
1 0.371338 0.830078 0.0727539 0.132812 0.00830841
1 0.0305481 0.943848 0.0393677 0.0908203 0.00763321
4 0.979004 0.709106 0.0419922 0.562256 0.00722504
1 0.977539 0.0670319 0.0410156 0.0780945 0.0070076
2 0.0591736 0.494019 0.09552 0.961182 0.00640869
13 0.866699 0.270508 0.198242 0.262207 0.00619507
1 0.980469 0.0993652 0.0371094 0.140137 0.00590134
1 0.0206299 0.932129 0.0334473 0.0947266 0.00585938
13 0.289062 0.70752 0.0239258 0.0693359 0.00579834
2 0.344238 0.831055 0.187988 0.15918 0.00543213
2 0.241455 0.829102 0.368652 0.168945 0.00529099
14 0.0249634 0.949219 0.0375977 0.0683594 0.00521851
4 0.947266 0.472168 0.0800781 0.916016 0.0048027
13 0.480957 0.602539 0.03125 0.116211 0.00441742
1 0.981689 0.912598 0.0327148 0.168945 0.00440598
2 0.454102 0.80957 0.0380859 0.0703125 0.00440216
13 0.373291 0.824219 0.0693359 0.0957031 0.00439835
2 0.442017 0.811035 0.0661621 0.0820312 0.00435638
1 0.0345306 0.0702209 0.0500793 0.128601 0.00429535
9 0.371338 0.831543 0.074707 0.128906 0.00384903
13 0.477905 0.586914 0.0266113 0.0703125 0.00362778
13 0.968506 0.268921 0.0454102 0.44458 0.00344467
13 0.285889 0.690918 0.0380859 0.119141 0.00341988
13 0.290527 0.717773 0.0263672 0.103516 0.00332832
2 0.370117 0.806641 0.0947266 0.169922 0.00330353
13 0.86084 0.350586 0.197266 0.470703 0.0031395
4 0.0281372 0.796387 0.0449219 0.381836 0.00313187
4 0.961914 0.369751 0.0644531 0.61792 0.00309753
1 0.0366058 0.0570679 0.0400696 0.0887451 0.00302315
13 0.0251312 0.899414 0.0388489 0.175781 0.00301361
8 0.37207 0.832031 0.0722656 0.128906 0.002985
1 0.976562 0.145782 0.0351562 0.216248 0.00295067
13 0.861328 0.178589 0.208008 0.135986 0.00286865
13 0.0338745 0.901367 0.0379639 0.15625 0.0026989
1 0.0248718 0.867676 0.0391235 0.235352 0.00262451
13 0.401855 0.817871 0.24707 0.21582 0.00260735
1 0.976807 0.955811 0.0307617 0.0825195 0.00253677
13 0.356445 0.821777 0.115723 0.141602 0.0022831
2 0.398193 0.842773 0.188965 0.152344 0.00218964
2 0.0234528 0.951172 0.0434265 0.078125 0.00218582
13 0.852539 0.211792 0.116211 0.0690918 0.00213432
2 0.326965 0.849609 0.291382 0.149414 0.00209236
1 0.974365 0.171631 0.0473633 0.287598 0.0020752
1 0.970459 0.0571442 0.0532227 0.0600281 0.00201607
2 0.0228577 0.90625 0.0391235 0.162109 0.00198936
12 0.371338 0.830078 0.0727539 0.132812 0.00193977
4 0.981201 0.786621 0.0317383 0.383789 0.00193214
4 0.974609 0.270264 0.0507812 0.463379 0.00187302
4 0.372559 0.82666 0.0678711 0.128906 0.00184917
6 0.371338 0.830078 0.0727539 0.132812 0.00177383
13 0.748047 0.199829 0.382812 0.132568 0.00177002
13 0.0234375 0.952637 0.0366211 0.0693359 0.00174427
13 0.952881 0.317444 0.0766602 0.486206 0.00171947
13 0.800293 0.187256 0.24707 0.105957 0.00164795
10 0.37207 0.832031 0.0722656 0.128906 0.00162601
2 0.480957 0.602539 0.03125 0.116211 0.00159073
13 0.828613 0.27417 0.21582 0.216309 0.00152874
2 0.352783 0.77832 0.137695 0.219727 0.00152111
13 0.969971 0.130402 0.0463867 0.193787 0.00151348
13 0.854004 0.238281 0.152344 0.114746 0.00150967
13 0.882324 0.197388 0.140625 0.0510254 0.00149536
1 0.0284882 0.0826721 0.0326233 0.140808 0.00148201
4 0.966553 0.505493 0.0649414 0.914795 0.00145912
16 0.37207 0.832031 0.0722656 0.128906 0.00145817
11 0.37207 0.832031 0.0722656 0.128906 0.00145817
19 0.371826 0.828613 0.0732422 0.126953 0.00141335
4 0.0248718 0.867676 0.0391235 0.235352 0.00140858
1 0.442017 0.811035 0.0661621 0.0820312 0.00140285
1 0.0272217 0.908447 0.0487061 0.169434 0.0014019
1 0.0480499 0.0555267 0.0750427 0.0940247 0.00133896
1 0.0314941 0.111481 0.0460205 0.208679 0.00133514
1 0.977539 0.937012 0.0351562 0.125977 0.00130939
13 0.460449 0.800781 0.0498047 0.0869141 0.00128078
1 0.97168 0.0919495 0.0371094 0.128601 0.00127697
13 0.811035 0.512817 0.0576172 0.132568 0.00124931
1 0.847656 0.212036 0.148438 0.101807 0.00123596
5 0.37207 0.832031 0.0722656 0.128906 0.00122738
7 0.370361 0.82959 0.074707 0.124023 0.00119591
3 0.37207 0.832031 0.0722656 0.128906 0.00118542
13 0.893311 0.385132 0.168457 0.659424 0.00118256
13 0.837402 0.506226 0.0449219 0.134033 0.00114441
1 0.0298615 0.828125 0.0428162 0.304688 0.00114155
18 0.369141 0.830566 0.081543 0.136719 0.00112724
17 0.369141 0.830566 0.081543 0.136719 0.00111866
15 0.370361 0.828613 0.078125 0.130859 0.0010891
2 0.351807 0.816406 0.0883789 0.125 0.00106621
13 0.95752 0.220459 0.0693359 0.239746 0.00106335
2 0.477051 0.595215 0.0244141 0.078125 0.00104713
13 0.821777 0.932861 0.0917969 0.097168 0.00103474
1 0.986328 0.920654 0.0273438 0.141113 0.00103474
2 0.394043 0.83252 0.261719 0.208008 0.00102234
1 0.0446777 0.915039 0.0526123 0.140625 0.00101662
