13 0.413574 0.58606 0.115234 0.359131 0.839844
13 0.429199 0.0702515 0.0537109 0.0511475 0.529785
2 0.534058 0.861328 0.244385 0.0371094 0.179932
13 0.436523 0.600098 0.0742188 0.31543 0.176147
13 0.380615 0.577637 0.141113 0.277344 0.149658
13 0.535645 0.86084 0.239258 0.0390625 0.13623
13 0.322754 0.635742 0.0541992 0.189453 0.0991821
13 0.34082 0.592285 0.0771484 0.325195 0.0646362
4 0.135986 0.485718 0.0844727 0.823486 0.0587158
1 0.984131 0.940186 0.0317383 0.0844727 0.0370178
13 0.390625 0.638672 0.090332 0.144531 0.0290985
13 0.452026 0.693848 0.0344238 0.197266 0.0289917
4 0.0524902 0.495361 0.102783 0.950684 0.0284271
2 0.0524902 0.495361 0.102783 0.950684 0.0237122
13 0.390503 0.589844 0.187744 0.390625 0.0233612
13 0.526733 0.867676 0.168213 0.0458984 0.0184631
13 0.349121 0.572266 0.119141 0.314453 0.0159912
13 0.438965 0.587402 0.196289 0.419922 0.0154724
4 0.327881 0.592773 0.0610352 0.318359 0.015358
13 0.335449 0.605469 0.0595703 0.244141 0.0138016
1 0.975586 0.0578461 0.0332031 0.0781555 0.0130539
4 0.157715 0.510498 0.107178 0.979004 0.0129776
14 0.429443 0.0700073 0.0512695 0.0523682 0.0129471
13 0.399902 0.619629 0.105957 0.248047 0.012825
4 0.942383 0.498535 0.0878906 0.919922 0.0124359
14 0.033432 0.952637 0.0410461 0.0771484 0.0116959
2 0.429443 0.0700073 0.0512695 0.0523682 0.0106659
1 0.0228882 0.929199 0.0377197 0.118164 0.0106201
13 0.82373 0.763672 0.0859375 0.0322266 0.00984192
13 0.517578 0.90625 0.0205078 0.0351562 0.00947571
2 0.406494 0.598633 0.122559 0.333984 0.00945282
1 0.880371 0.0379639 0.204102 0.0270996 0.00826263
2 0.0402679 0.321655 0.0603333 0.622314 0.00752258
1 0.978271 0.109009 0.043457 0.182373 0.00741196
1 0.4021 0.595215 0.12793 0.331055 0.00640106
4 0.410156 0.584595 0.116699 0.36792 0.00640106
1 0.428223 0.0700073 0.0483398 0.050415 0.00637817
13 0.536499 0.867676 0.209229 0.0664062 0.00615692
2 0.537476 0.851074 0.245361 0.0712891 0.00611877
13 0.677734 0.820801 0.417969 0.120117 0.00610733
1 0.034668 0.0497894 0.039917 0.0869446 0.00579453
2 0.0316772 0.940674 0.0394287 0.101074 0.00544357
2 0.686035 0.424072 0.522461 0.768066 0.00531769
1 0.973633 0.0491333 0.0449219 0.0518799 0.00511169
2 0.239319 0.0687866 0.428589 0.083374 0.00500488
13 0.331055 0.622559 0.0825195 0.183594 0.004776
1 0.987305 0.912598 0.0195312 0.0869141 0.00445175
1 0.534058 0.861328 0.244385 0.0371094 0.00439072
1 0.978516 0.91748 0.0351562 0.129883 0.00421524
13 0.321777 0.635742 0.0463867 0.116211 0.00415802
13 0.174316 0.830566 0.0273438 0.0419922 0.00403214
13 0.37207 0.622559 0.113281 0.15625 0.00400162
2 0.658813 0.813477 0.442139 0.142578 0.00396347
4 0.113892 0.470703 0.163574 0.883789 0.00385284
13 0.322754 0.59375 0.0644531 0.183594 0.00375748
14 0.410645 0.585449 0.118164 0.37207 0.00363541
13 0.56543 0.865723 0.201172 0.0351562 0.00357056
2 0.380615 0.577637 0.141113 0.277344 0.0035553
13 0.42749 0.0630798 0.0683594 0.0906372 0.00347328
13 0.354492 0.602051 0.108398 0.166016 0.00335884
1 0.971436 0.0714722 0.0551758 0.117798 0.00327873
13 0.416504 0.530273 0.0913086 0.265625 0.00308037
13 0.405273 0.662109 0.119629 0.428711 0.00307846
13 0.444946 0.716797 0.0612793 0.486328 0.00291634
2 0.429932 0.617676 0.0825195 0.371094 0.00276756
13 0.5802 0.85791 0.265381 0.0517578 0.00274467
1 0.0259705 0.95166 0.0394897 0.0908203 0.00267029
2 0.82373 0.763672 0.0859375 0.0322266 0.00256348
14 0.0253448 0.931152 0.0396423 0.114258 0.00250435
13 0.383789 0.649902 0.116211 0.217773 0.00242043
1 0.981934 0.962402 0.0361328 0.0751953 0.00237656
9 0.534058 0.861328 0.244385 0.0371094 0.0023098
13 0.453125 0.619507 0.0605469 0.305908 0.00230217
14 0.534058 0.861328 0.244385 0.0371094 0.00224876
13 0.414062 0.501465 0.0751953 0.158203 0.00219536
4 0.428223 0.0700073 0.0483398 0.050415 0.0021553
13 0.452271 0.741211 0.0397949 0.0878906 0.00210381
13 0.331543 0.664062 0.0595703 0.169922 0.00208282
1 0.0263367 0.88916 0.0321655 0.15332 0.00206375
1 0.988281 0.92627 0.0195312 0.0537109 0.00202179
10 0.429443 0.0700073 0.0512695 0.0523682 0.00199699
13 0.396484 0.0697021 0.128906 0.064209 0.00196457
13 0.407959 0.477905 0.0698242 0.105713 0.00196075
4 0.429932 0.617676 0.0825195 0.371094 0.00195217
2 0.938965 0.494141 0.0966797 0.895508 0.00178051
18 0.410645 0.585449 0.118164 0.37207 0.00176239
13 0.413574 0.0675659 0.0844727 0.0550537 0.00171661
7 0.410645 0.585449 0.118164 0.37207 0.00170898
1 0.978516 0.0814056 0.0351562 0.121857 0.00165844
13 0.457153 0.666504 0.0300293 0.219727 0.00165653
11 0.429443 0.0700073 0.0512695 0.0523682 0.00165176
4 0.03479 0.463989 0.0695801 0.874756 0.00163364
2 0.579102 0.86377 0.188477 0.0234375 0.00162888
13 0.418457 0.70752 0.0917969 0.139648 0.00160217
5 0.410156 0.584595 0.116699 0.36792 0.00158405
16 0.410645 0.585449 0.118164 0.37207 0.00158024
13 0.710083 0.068985 0.562256 0.0820007 0.0015564
2 0.710083 0.068985 0.562256 0.0820007 0.00155544
13 0.321533 0.58252 0.0585938 0.324219 0.00154591
13 0.459961 0.62793 0.0917969 0.361328 0.00154209
4 0.378174 0.600098 0.150879 0.30957 0.00152683
1 0.0253906 0.914062 0.022583 0.0771484 0.00148296
4 0.143066 0.622681 0.0830078 0.619873 0.0014801
2 0.0300903 0.274048 0.0601807 0.514404 0.00146103
13 0.0557098 0.495728 0.104889 0.951904 0.00146103
13 0.46228 0.863281 0.112549 0.0419922 0.00144863
13 0.38208 0.588379 0.111328 0.191406 0.00144482
8 0.410645 0.585449 0.118164 0.37207 0.00143337
13 0.376465 0.654785 0.0766602 0.125977 0.0014286
2 0.392578 0.583008 0.191406 0.398438 0.0014286
3 0.410156 0.584595 0.116699 0.36792 0.00142002
19 0.399902 0.595703 0.128906 0.341797 0.00141525
13 0.641602 0.849121 0.376953 0.078125 0.00139999
12 0.429443 0.0700073 0.0512695 0.0523682 0.00139713
13 0.319336 0.604492 0.0478516 0.115234 0.0013752
10 0.410645 0.585449 0.118164 0.37207 0.00135231
12 0.410156 0.584595 0.116699 0.36792 0.0013504
9 0.429443 0.0700073 0.0512695 0.0523682 0.00134373
1 0.978516 0.139282 0.03125 0.191162 0.00132275
9 0.410645 0.585449 0.118164 0.37207 0.00132084
6 0.410645 0.585449 0.118164 0.37207 0.00131035
1 0.429932 0.617676 0.0825195 0.371094 0.00130272
13 0.446655 0.73584 0.0510254 0.191406 0.0012989
1 0.974609 0.9646 0.0332031 0.0571289 0.00126934
17 0.429443 0.0700073 0.0512695 0.0523682 0.00125694
11 0.399902 0.595703 0.128906 0.341797 0.00124931
4 0.0366211 0.750977 0.0452881 0.455078 0.00122738
17 0.410645 0.585449 0.118164 0.37207 0.00122166
2 0.0454559 0.227539 0.0780334 0.446289 0.00120068
6 0.429443 0.0700073 0.0512695 0.0523682 0.0011816
1 0.987793 0.922852 0.0244141 0.0849609 0.00117779
13 0.587891 0.860352 0.271484 0.0302734 0.0011673
1 0.978516 0.887695 0.0410156 0.173828 0.00115681
13 0.405273 0.68457 0.111328 0.18457 0.00113964
13 0.532227 0.848633 0.241211 0.0712891 0.00113964
14 0.825195 0.761719 0.0908203 0.03125 0.0011282
1 0.0253906 0.861328 0.0341797 0.244141 0.00112629
13 0.54834 0.884277 0.21875 0.0810547 0.00111961
15 0.410156 0.584595 0.116699 0.36792 0.00110245
18 0.429443 0.0700073 0.0512695 0.0523682 0.00109291
13 0.442627 0.766113 0.0639648 0.121094 0.00108051
2 0.438965 0.587402 0.196289 0.419922 0.00107765
1 0.980469 0.0427856 0.0371094 0.0548096 0.00107288
0 0.410645 0.585449 0.118164 0.37207 0.00107002
1 0.976562 0.947021 0.03125 0.090332 0.00107002
13 0.33374 0.608398 0.0541992 0.143555 0.00106525
1 0.033432 0.952637 0.0410461 0.0771484 0.00106049
1 0.0214844 0.904297 0.0245361 0.0830078 0.00104523
7 0.429443 0.0700073 0.0512695 0.0523682 0.00102329
