4 0.296387 0.523193 0.114258 0.92627 0.557129
4 0.259033 0.495605 0.106445 0.933594 0.254883
13 0.410156 0.0678101 0.10498 0.0454102 0.213623
1 0.0339966 0.956055 0.0543213 0.0839844 0.158691
1 0.974365 0.954346 0.0375977 0.0854492 0.125854
14 0.0333099 0.954346 0.0542297 0.0834961 0.0593567
13 0.56543 0.763184 0.0634766 0.106445 0.03302
2 0.0319824 0.955566 0.0488281 0.0849609 0.0282135
4 0.652344 0.522705 0.137695 0.938965 0.0262756
4 0.0480347 0.495239 0.0960693 0.952881 0.0241394
1 0.0269318 0.937256 0.0464783 0.11377 0.02005
2 0.0466614 0.489868 0.0933228 0.940186 0.0200348
1 0.979248 0.938721 0.0297852 0.0913086 0.019043
1 0.969971 0.965332 0.0405273 0.0615234 0.0151138
1 0.958252 0.0199585 0.0229492 0.0393066 0.0140839
13 0.569824 0.787109 0.078125 0.170898 0.0102234
1 0.977295 0.923584 0.0375977 0.143066 0.00810242
1 0.0280762 0.964844 0.045166 0.0625 0.00783539
2 0.39917 0.0690308 0.130859 0.043335 0.0055809
2 0.0292206 0.932373 0.0509338 0.119629 0.00540161
1 0.0275421 0.902344 0.0474548 0.1875 0.00515747
13 0.557617 0.808105 0.0849609 0.21582 0.00499725
4 0.265137 0.522583 0.224121 0.941162 0.00469589
14 0.0269318 0.937256 0.0464783 0.11377 0.00405502
1 0.963135 0.969727 0.0463867 0.046875 0.00399399
4 0.283936 0.493774 0.156738 0.647217 0.00274467
14 0.120483 0.236816 0.0256348 0.0229492 0.00258446
2 0.0298462 0.894287 0.0524902 0.203613 0.00238037
1 0.0335693 0.859863 0.0454102 0.262695 0.00229073
2 0.0432739 0.945068 0.0562744 0.0942383 0.00224876
1 0.410156 0.0678101 0.10498 0.0454102 0.00213814
2 0.0394745 0.918701 0.051178 0.148926 0.00206375
13 0.0319824 0.955566 0.0488281 0.0849609 0.00197792
1 0.0224609 0.955078 0.0449219 0.0839844 0.00195122
1 0.954834 0.968506 0.0629883 0.059082 0.00191021
1 0.031723 0.948242 0.0279846 0.0566406 0.00181866
1 0.962891 0.0230713 0.0234375 0.0429688 0.00176525
13 0.413086 0.0634918 0.114258 0.070282 0.00162601
2 0.283691 0.498413 0.155273 0.952393 0.00160217
4 0.619141 0.566406 0.134766 0.867188 0.00157166
1 0.983398 0.91626 0.0234375 0.122559 0.00156689
14 0.410889 0.0672607 0.108398 0.0478516 0.00149441
1 0.977783 0.86499 0.034668 0.27002 0.00140858
1 0.296387 0.523193 0.114258 0.92627 0.00131702
13 0.412109 0.0717773 0.0732422 0.0404053 0.001297
1 0.966309 0.0811768 0.0458984 0.123291 0.00126457
13 0.577637 0.821777 0.114258 0.243164 0.00126362
13 0.296387 0.523193 0.114258 0.92627 0.00124645
1 0.947998 0.949707 0.0864258 0.0810547 0.00120354
13 0.529785 0.839355 0.0498047 0.0732422 0.00117683
13 0.259033 0.495605 0.106445 0.933594 0.00116825
4 0.324951 0.500366 0.263672 0.946533 0.0010891
2 0.0394135 0.376953 0.0727844 0.753906 0.00106239
13 0.0466614 0.489868 0.0933228 0.940186 0.00103951
4 0.410156 0.0679932 0.102539 0.0456543 0.00103283
