4 0.937744 0.492188 0.0854492 0.907227 0.299561
4 0.945068 0.692383 0.0649414 0.543945 0.261475
1 0.0220947 0.955078 0.0223389 0.0800781 0.0409241
1 0.986328 0.959717 0.0195312 0.0805664 0.0270081
2 0.319336 0.0906067 0.0532227 0.0209351 0.0222931
1 0.986816 0.964844 0.0263672 0.0644531 0.0170593
1 0.0225983 0.941162 0.0312195 0.11377 0.0121689
1 0.573242 0.0343018 0.161133 0.0340576 0.0111008
13 0.319336 0.0914612 0.0537109 0.0221558 0.0106506
1 0.0267029 0.914551 0.0287476 0.147461 0.00910187
1 0.534302 0.0319824 0.241943 0.045166 0.00894165
14 0.381836 0.324219 0.012207 0.0175781 0.00882721
2 0.0426483 0.359253 0.0672913 0.689697 0.00872803
1 0.985352 0.915771 0.0214844 0.146973 0.00817871
14 0.319336 0.0914612 0.0537109 0.0221558 0.00811768
1 0.0263672 0.961182 0.0213623 0.0639648 0.00802612
4 0.0567322 0.492676 0.0994263 0.954102 0.00738144
1 0.0258026 0.0588074 0.0340881 0.0991821 0.0069046
14 0.381592 0.326172 0.0161133 0.0224609 0.00618744
2 0.0567322 0.492676 0.0994263 0.954102 0.00602341
1 0.981201 0.0595703 0.0297852 0.0749512 0.00554276
1 0.983398 0.935547 0.0292969 0.125 0.00461197
1 0.984375 0.972412 0.0195312 0.0473633 0.00443649
4 0.981201 0.789062 0.027832 0.388672 0.00398636
1 0.0273285 0.965332 0.0327454 0.0595703 0.00393295
4 0.0489044 0.387939 0.0782166 0.713379 0.00392914
4 0.966309 0.761719 0.0537109 0.455078 0.00305367
1 0.948486 0.698853 0.0600586 0.543701 0.00293922
1 0.0276642 0.949463 0.0289001 0.0854492 0.00272179
1 0.979736 0.0647125 0.0385742 0.104218 0.00262833
2 0.0240479 0.953857 0.0279541 0.0766602 0.00255966
2 0.0290833 0.31665 0.0581665 0.604004 0.00244331
1 0.975342 0.167358 0.027832 0.221924 0.00239754
13 0.92627 0.743164 0.0234375 0.0703125 0.00227356
1 0.454102 0.0441132 0.387695 0.0470276 0.00215912
4 0.477051 0.520874 0.135742 0.946533 0.00201416
4 0.93457 0.648071 0.0576172 0.703857 0.00188351
1 0.0317535 0.0494385 0.0304871 0.072998 0.00180721
14 0.385254 0.324219 0.0151367 0.0219727 0.00178814
13 0.946289 0.694824 0.0605469 0.543945 0.00173187
2 0.191467 0.0724792 0.344604 0.1026 0.00150871
1 0.0175171 0.968018 0.0284424 0.0620117 0.00150204
13 0.47998 0.728027 0.0859375 0.439453 0.00150108
2 0.31543 0.0881042 0.0644531 0.0300903 0.00146103
1 0.980469 0.957764 0.0292969 0.074707 0.00142384
13 0.503418 0.625977 0.0458984 0.0917969 0.00125885
1 0.0292969 0.970703 0.0249023 0.0390625 0.00125694
1 0.989746 0.960693 0.0205078 0.0786133 0.00124264
1 0.539185 0.0304565 0.233154 0.02771 0.00121307
2 0.451172 0.0488434 0.375977 0.0556335 0.00121307
14 0.0217896 0.955078 0.0229492 0.0761719 0.00120831
14 0.327148 0.0918884 0.0527344 0.0161743 0.00117683
2 0.0212708 0.940186 0.0354614 0.10791 0.00111008
1 0.986328 0.928711 0.0214844 0.0898438 0.00109959
1 0.0320435 0.95752 0.027832 0.0654297 0.00109768
2 0.327148 0.0918884 0.0527344 0.0161743 0.00105
1 0.0196838 0.914307 0.0302124 0.14209 0.00101757
