13 0.387207 0.207611 0.137207 0.239075 0.87793
1 0.0253906 0.919678 0.0233154 0.109863 0.262695
13 0.61377 0.615234 0.0605469 0.314453 0.210693
4 0.195312 0.697754 0.0629883 0.381836 0.191406
1 0.024353 0.930176 0.0335693 0.110352 0.165161
13 0.615723 0.875977 0.134766 0.0498047 0.154297
1 0.982178 0.954102 0.0317383 0.078125 0.14563
1 0.97583 0.963379 0.0307617 0.0712891 0.137085
4 0.182617 0.733887 0.0649414 0.461914 0.112488
2 0.382324 0.205627 0.125977 0.240112 0.0997314
13 0.619141 0.668457 0.0517578 0.185547 0.0840454
13 0.61084 0.676758 0.0371094 0.160156 0.0503845
13 0.608887 0.641113 0.0429688 0.219727 0.0401917
1 0.0410309 0.0557404 0.0453796 0.0940857 0.0289154
2 0.0508575 0.363892 0.072113 0.707764 0.0273438
13 0.791504 0.725586 0.0205078 0.0712891 0.0249786
1 0.0214844 0.905518 0.0288086 0.130371 0.0248871
1 0.980469 0.957031 0.0253906 0.0585938 0.0228119
13 0.181519 0.720703 0.0666504 0.425781 0.0226746
1 0.963135 0.0625458 0.0483398 0.107574 0.0221863
4 0.616211 0.602173 0.0556641 0.30542 0.021759
1 0.973877 0.957764 0.0424805 0.0844727 0.0210876
13 0.625977 0.693848 0.0654297 0.125977 0.0202789
1 0.0263672 0.891113 0.0269775 0.157227 0.0201569
4 0.0516968 0.457397 0.0726318 0.876221 0.0196228
2 0.059021 0.478516 0.098999 0.935547 0.0157623
2 0.0396118 0.281616 0.0629883 0.532471 0.0150833
1 0.379883 0.201202 0.131348 0.232849 0.0139542
4 0.0336914 0.765137 0.0360107 0.398438 0.0128479
1 0.981201 0.924561 0.0297852 0.123535 0.0121841
1 0.974854 0.915527 0.0366211 0.149414 0.0115356
1 0.970947 0.0810547 0.0385742 0.115723 0.0104446
14 0.379883 0.201202 0.131348 0.232849 0.0101852
4 0.196289 0.637085 0.0732422 0.585205 0.00995636
1 0.975586 0.942383 0.0332031 0.101562 0.00942993
13 0.605957 0.702148 0.0380859 0.105469 0.0091095
13 0.185791 0.664551 0.0529785 0.324219 0.0088501
13 0.387695 0.206177 0.242188 0.275146 0.00858307
4 0.0429688 0.703491 0.0427246 0.559814 0.00853729
1 0.0273438 0.942871 0.0235596 0.0849609 0.00853729
13 0.407715 0.230957 0.102539 0.215332 0.00798035
13 0.619629 0.679199 0.0712891 0.28418 0.00740433
13 0.185425 0.606934 0.0439453 0.196289 0.00735474
4 0.381836 0.206757 0.130859 0.234924 0.00719833
13 0.358887 0.220215 0.140625 0.202637 0.00671768
13 0.613281 0.612793 0.0908203 0.359375 0.00671387
1 0.0401611 0.0560303 0.071167 0.102295 0.00638199
1 0.976562 0.113403 0.0332031 0.184082 0.00612259
1 0.61377 0.615234 0.0605469 0.314453 0.00590897
4 0.942871 0.471558 0.0732422 0.771729 0.00589371
13 0.602051 0.672363 0.0390625 0.162109 0.00535583
13 0.610352 0.515137 0.0634766 0.509766 0.00525284
13 0.373291 0.15802 0.137207 0.167358 0.00524902
13 0.643066 0.876953 0.203125 0.0556641 0.00490189
13 0.624512 0.710938 0.0478516 0.133789 0.00489426
4 0.967529 0.726562 0.0395508 0.537109 0.00475311
13 0.202209 0.727051 0.0692139 0.459961 0.00469208
1 0.0272064 0.872559 0.0368958 0.19043 0.00463867
4 0.615723 0.549805 0.0644531 0.475586 0.00458145
13 0.616211 0.697754 0.0322266 0.113281 0.00455856
13 0.603027 0.696289 0.0507812 0.134766 0.00455093
4 0.198242 0.717163 0.0957031 0.520752 0.00444794
13 0.37915 0.207397 0.105957 0.140381 0.00408936
13 0.616211 0.876953 0.140625 0.0859375 0.00406265
13 0.603027 0.579102 0.0595703 0.375 0.00406265
13 0.0263672 0.870117 0.0285645 0.183594 0.00386047
1 0.963623 0.967285 0.0571289 0.0576172 0.00380898
4 0.207336 0.727051 0.0633545 0.452148 0.00374985
13 0.611328 0.702637 0.0498047 0.171875 0.00373077
2 0.236084 0.232605 0.414062 0.282837 0.00370979
13 0.059021 0.478516 0.098999 0.935547 0.003582
1 0.616699 0.877441 0.137695 0.0498047 0.00339699
13 0.639648 0.680664 0.0693359 0.172852 0.00338364
9 0.382324 0.205627 0.125977 0.240112 0.00329018
1 0.966064 0.107025 0.0424805 0.189758 0.00317955
13 0.598633 0.883301 0.105469 0.0498047 0.00301933
1 0.972412 0.870117 0.0356445 0.224609 0.00290298
1 0.963379 0.948975 0.0556641 0.090332 0.00289536
13 0.0253906 0.9104 0.0252686 0.118652 0.00284195
13 0.611328 0.896484 0.141602 0.0888672 0.00279617
13 0.640137 0.70459 0.0576172 0.0976562 0.00267029
14 0.975586 0.962158 0.0332031 0.0678711 0.00266457
4 0.191772 0.526367 0.0617676 0.595703 0.00260544
14 0.0249786 0.928955 0.0285339 0.108887 0.00242615
1 0.971436 0.169006 0.0356445 0.286987 0.00241089
1 0.985352 0.94043 0.0292969 0.0898438 0.0022583
1 0.0439453 0.0402832 0.055542 0.0670166 0.00220871
8 0.379395 0.201935 0.133789 0.227966 0.00220871
4 0.065155 0.479126 0.125061 0.940186 0.00219154
4 0.959961 0.651978 0.0507812 0.655029 0.00208473
7 0.384766 0.208527 0.131836 0.237732 0.00201988
13 0.384766 0.247498 0.113281 0.183716 0.00201607
13 0.187012 0.603027 0.0615234 0.250977 0.00191307
18 0.383301 0.209595 0.133301 0.234131 0.00190449
2 0.349243 0.206299 0.244873 0.280762 0.00190163
5 0.381104 0.206512 0.13623 0.242249 0.00187206
1 0.986328 0.95459 0.0234375 0.0556641 0.00185966
13 0.615234 0.709961 0.0498047 0.106445 0.00181484
13 0.632812 0.728516 0.0419922 0.0595703 0.00171566
13 0.361816 0.188019 0.108398 0.202576 0.00169086
3 0.382324 0.205139 0.125977 0.234253 0.00167656
12 0.379395 0.201935 0.133789 0.227966 0.0016737
13 0.618164 0.626465 0.0839844 0.238281 0.00166893
16 0.381104 0.206512 0.13623 0.242249 0.00164032
13 0.0238647 0.900391 0.0367432 0.167969 0.00162315
10 0.379395 0.201935 0.133789 0.227966 0.00161552
4 0.374756 0.731201 0.0668945 0.525879 0.00161457
4 0.959229 0.506348 0.0639648 0.791992 0.0015974
1 0.0258179 0.904785 0.0306396 0.09375 0.00157928
13 0.634766 0.746582 0.0234375 0.03125 0.00156593
13 0.0293121 0.867676 0.039032 0.225586 0.00153637
13 0.586914 0.605469 0.103516 0.306641 0.00152969
13 0.409668 0.249023 0.0766602 0.163574 0.00152683
1 0.0324707 0.0680389 0.0478516 0.107574 0.00152397
17 0.379883 0.201202 0.131348 0.232849 0.00149536
4 0.0393066 0.585815 0.0401611 0.62915 0.00147724
13 0.563477 0.0578003 0.0302734 0.0240479 0.0014677
19 0.387207 0.207611 0.137207 0.239075 0.00145435
6 0.379395 0.201935 0.133789 0.227966 0.00143147
11 0.381104 0.206512 0.13623 0.242249 0.00142479
4 0.378906 0.584473 0.0703125 0.59375 0.00141811
15 0.379395 0.201935 0.133789 0.227966 0.00139809
1 0.978516 0.0715942 0.0351562 0.100464 0.00138378
13 0.610352 0.681641 0.0302734 0.0966797 0.00138378
2 0.621094 0.875977 0.151367 0.0507812 0.00136375
0 0.381104 0.206512 0.13623 0.242249 0.00136089
1 0.981201 0.968506 0.027832 0.0454102 0.00133514
13 0.842285 0.702148 0.0439453 0.169922 0.00132179
4 0.0302887 0.867432 0.0382996 0.214355 0.00131989
2 0.0381317 0.0661316 0.0572815 0.113342 0.00129795
13 0.237305 0.256104 0.404297 0.330078 0.0012846
13 0.618164 0.726562 0.0302734 0.0673828 0.00125313
13 0.603516 0.677734 0.0322266 0.116211 0.0012455
13 0.362305 0.126709 0.0986328 0.116455 0.00122547
1 0.608887 0.641113 0.0429688 0.219727 0.00120449
1 0.97168 0.974609 0.0429688 0.0507812 0.00120449
4 0.186646 0.516724 0.0837402 0.798584 0.00118256
14 0.0253906 0.910645 0.0233154 0.105469 0.00116539
1 0.978516 0.146637 0.0273438 0.188171 0.00114822
4 0.0232239 0.925293 0.0357056 0.108398 0.00113106
1 0.0307007 0.933105 0.0334473 0.0849609 0.00109005
14 0.615723 0.875977 0.134766 0.0498047 0.00105095
13 0.185425 0.601074 0.036377 0.141602 0.00105
13 0.812988 0.725586 0.0332031 0.100586 0.00103092
13 0.184082 0.578125 0.109863 0.669922 0.00102329
