2 0.320618 0.260986 0.302124 0.140137 0.874512
2 0.334106 0.240479 0.366943 0.201172 0.552246
13 0.516113 0.114471 0.0634766 0.1651 0.347412
13 0.504883 0.12796 0.0507812 0.141052 0.0236816
2 0.520996 0.520996 0.819336 0.878906 0.0221558
13 0.325867 0.262024 0.295532 0.151733 0.0205536
2 0.276917 0.17926 0.471558 0.312378 0.0193329
2 0.515137 0.111572 0.0693359 0.165283 0.0188904
13 0.51123 0.128296 0.0498047 0.097168 0.0129013
1 0.983398 0.913574 0.0253906 0.116211 0.010994
9 0.320068 0.255554 0.308105 0.151978 0.0103302
1 0.981445 0.0492554 0.0371094 0.0609131 0.0100708
14 0.318237 0.25708 0.324463 0.170898 0.00901031
13 0.0337982 0.117218 0.0255432 0.177673 0.00896454
1 0.0277863 0.913574 0.0318298 0.112305 0.00779343
13 0.503906 0.154541 0.0371094 0.0993652 0.00728607
13 0.33313 0.240234 0.359131 0.211914 0.00664139
2 0.320557 0.25708 0.183594 0.17041 0.00652695
1 0.315125 0.258789 0.324829 0.164062 0.00639343
1 0.038559 0.0618286 0.0412903 0.109985 0.00587463
1 0.0375977 0.089386 0.0361328 0.167908 0.00518417
2 0.261169 0.246338 0.237427 0.169922 0.00516129
1 0.516113 0.114471 0.0634766 0.1651 0.00463867
4 0.769043 0.497559 0.0996094 0.90918 0.00445557
4 0.319031 0.259521 0.317017 0.151855 0.00443649
14 0.515137 0.111572 0.0693359 0.165283 0.00362015
2 0.0517273 0.484985 0.0996704 0.932373 0.00338936
1 0.0247345 0.938721 0.0267029 0.0874023 0.00332069
8 0.31842 0.255798 0.311401 0.157349 0.00315475
1 0.982178 0.0630188 0.0336914 0.0956421 0.00313187
4 0.0407715 0.727051 0.0438232 0.46582 0.00297356
2 0.463745 0.263672 0.668213 0.297852 0.00275421
2 0.278687 0.129395 0.514893 0.258789 0.00255394
4 0.516113 0.110016 0.0683594 0.170105 0.00244713
13 0.0388184 0.806152 0.0426025 0.320312 0.0024395
4 0.0517273 0.484985 0.0996704 0.932373 0.00234032
13 0.0365448 0.231934 0.0560608 0.430176 0.00223351
4 0.966553 0.483887 0.0668945 0.919922 0.00218773
6 0.31842 0.255798 0.311401 0.157349 0.0021553
1 0.972656 0.0494843 0.0546875 0.0814514 0.00205994
1 0.0322418 0.110474 0.0331726 0.180908 0.0018692
13 0.498047 0.109863 0.198242 0.219727 0.00184441
13 0.522461 0.087677 0.0576172 0.143982 0.00182819
16 0.31958 0.261719 0.294434 0.139648 0.00182533
4 0.949951 0.512329 0.0766602 0.842529 0.00181293
13 0.035141 0.175354 0.039093 0.349487 0.00179195
18 0.31958 0.261719 0.294434 0.139648 0.00176239
4 0.041748 0.644043 0.0543213 0.568359 0.00175858
19 0.318237 0.25708 0.324463 0.170898 0.00173283
7 0.31958 0.261719 0.294434 0.139648 0.00171471
1 0.981689 0.826172 0.0268555 0.296875 0.00167751
2 0.491821 0.418823 0.875732 0.543213 0.00166225
2 0.279724 0.266846 0.369263 0.199707 0.00163651
5 0.318237 0.25708 0.324463 0.170898 0.00160313
11 0.31958 0.261719 0.294434 0.139648 0.00159931
1 0.978271 0.150238 0.0336914 0.244446 0.00156784
13 0.555054 0.113617 0.190674 0.221497 0.00155354
1 0.943604 0.042038 0.11084 0.051178 0.00153446
15 0.322632 0.258057 0.300049 0.166992 0.00152302
3 0.31958 0.261719 0.294434 0.139648 0.00150871
1 0.89502 0.0301514 0.188477 0.03125 0.00150681
1 0.0207367 0.925781 0.0322571 0.0830078 0.00147057
10 0.318237 0.25708 0.324463 0.170898 0.00147057
17 0.322571 0.260925 0.268921 0.13147 0.00146484
12 0.318237 0.25708 0.324463 0.170898 0.00139332
0 0.31958 0.261719 0.294434 0.139648 0.00139046
4 0.0355225 0.208069 0.0513916 0.404175 0.00138569
1 0.97998 0.068573 0.0400391 0.125061 0.00134563
14 0.321289 0.259033 0.216797 0.151855 0.00125122
1 0.984375 0.940918 0.0234375 0.0849609 0.00121498
2 0.540161 0.28363 0.80249 0.418091 0.00118351
4 0.322815 0.219727 0.404175 0.25 0.00115681
1 0.980713 0.953613 0.0366211 0.0771484 0.00108147
13 0.496582 0.145508 0.0341797 0.109863 0.00107861
1 0.958984 0.0449829 0.0703125 0.0610352 0.00104427
