2 0.47229 0.21521 0.276123 0.102295 0.728516
1 0.985352 0.949219 0.0292969 0.0742188 0.242554
1 0.025177 0.928711 0.0326538 0.119141 0.172119
4 0.0553131 0.467285 0.0934753 0.93457 0.118835
1 0.983398 0.961182 0.0332031 0.0698242 0.0709839
1 0.0237122 0.906738 0.0394897 0.165039 0.0671997
1 0.982178 0.924805 0.0317383 0.136719 0.0393982
2 0.061554 0.48584 0.103455 0.941406 0.0386963
2 0.464233 0.217407 0.220947 0.0734863 0.0306396
1 0.0310669 0.0662994 0.0463867 0.0988464 0.0281067
1 0.986328 0.930664 0.0253906 0.105469 0.0169678
2 0.521118 0.205627 0.348389 0.0755615 0.01651
13 0.475098 0.215576 0.268555 0.0922852 0.0142975
14 0.474609 0.213623 0.265625 0.0883789 0.0134354
1 0.0341187 0.888428 0.0467529 0.189941 0.0131683
1 0.977783 0.954346 0.034668 0.081543 0.0108566
2 0.473145 0.180542 0.295898 0.173584 0.010025
9 0.471191 0.217224 0.259766 0.0938721 0.00849152
1 0.0272675 0.864258 0.0389709 0.244141 0.00732422
2 0.466431 0.206177 0.148193 0.0773926 0.00707245
2 0.481934 0.220459 0.289062 0.171875 0.00685883
13 0.0272675 0.864258 0.0389709 0.244141 0.00653076
1 0.472168 0.215576 0.257812 0.0869141 0.00586319
4 0.965332 0.484985 0.0693359 0.914795 0.00466919
1 0.9729 0.0688324 0.0385742 0.102081 0.00438309
2 0.324219 0.122314 0.541992 0.192871 0.00358391
1 0.0235748 0.949707 0.0397644 0.0810547 0.00336075
2 0.476562 0.216858 0.104492 0.0682373 0.00326157
1 0.975586 0.935059 0.0371094 0.106445 0.00320053
1 0.982666 0.827881 0.0288086 0.299316 0.00299072
1 0.976562 0.884521 0.0390625 0.203613 0.00297928
2 0.446289 0.196228 0.250977 0.103149 0.00283623
2 0.514526 0.248535 0.363525 0.154785 0.00272369
13 0.0322876 0.901855 0.0406494 0.157227 0.00265694
4 0.480835 0.213501 0.28833 0.0783691 0.00263405
8 0.474609 0.213623 0.265625 0.0883789 0.00259209
1 0.972656 0.106689 0.0371094 0.172607 0.00256538
2 0.489746 0.500977 0.802734 0.641602 0.00251961
13 0.375732 0.826172 0.0185547 0.0488281 0.0021286
4 0.0390625 0.465332 0.078125 0.930664 0.00207901
14 0.984863 0.947754 0.0302734 0.0712891 0.00206947
1 0.977295 0.064209 0.0336914 0.0686035 0.00203133
6 0.471191 0.217224 0.259766 0.0938721 0.00201797
1 0.990234 0.947754 0.0195312 0.0771484 0.00185299
4 0.9375 0.508423 0.0976562 0.983154 0.00183201
2 0.0231476 0.927246 0.0386658 0.116211 0.00176239
13 0.401855 0.746582 0.0273438 0.0898438 0.00170898
1 0.969482 0.0575104 0.0512695 0.0761414 0.00157642
4 0.982666 0.9104 0.0327148 0.161621 0.00155449
1 0.983643 0.968262 0.0307617 0.0498047 0.00154972
4 0.0964355 0.458618 0.162598 0.889404 0.00150108
12 0.471191 0.217224 0.259766 0.0938721 0.00147152
13 0.061554 0.48584 0.103455 0.941406 0.00144768
2 0.329346 0.169189 0.605957 0.255859 0.00144291
1 0.975586 0.0458984 0.0410156 0.074585 0.00144291
7 0.475586 0.214111 0.261719 0.0854492 0.00138855
16 0.471191 0.217224 0.259766 0.0938721 0.00138187
0 0.474609 0.213623 0.265625 0.0883789 0.00137901
1 0.976318 0.815674 0.0375977 0.345215 0.00137043
1 0.0462189 0.0564575 0.0682068 0.0916748 0.00136089
2 0.0245667 0.873535 0.0393677 0.227539 0.00135326
10 0.471191 0.217224 0.259766 0.0938721 0.00133514
15 0.471191 0.217224 0.259766 0.0938721 0.00132942
2 0.418945 0.154755 0.389648 0.21051 0.00130272
2 0.551758 0.186035 0.421875 0.0991211 0.0012579
3 0.475586 0.214111 0.261719 0.0854492 0.00124931
1 0.0275269 0.901855 0.0378418 0.0947266 0.00117493
11 0.471191 0.213501 0.254883 0.0759277 0.0011692
5 0.475586 0.214111 0.261719 0.0854492 0.00115585
1 0.970459 0.945068 0.0551758 0.0961914 0.00114727
18 0.471191 0.217224 0.259766 0.0938721 0.00114632
1 0.0288086 0.0881348 0.0340576 0.131348 0.00113583
2 0.609253 0.205505 0.586182 0.118774 0.0011301
4 0.0383301 0.756104 0.0467529 0.444824 0.00112724
13 0.400879 0.744629 0.0180664 0.0732422 0.0011034
4 0.982422 0.799805 0.0292969 0.355469 0.00108528
19 0.474609 0.213623 0.265625 0.0883789 0.00108337
4 0.043457 0.638306 0.0505371 0.582764 0.00107384
2 0.515137 0.278992 0.503906 0.242798 0.00107098
2 0.983643 0.954102 0.0327148 0.0800781 0.00107002
17 0.471191 0.217224 0.259766 0.0938721 0.00106049
1 0.972412 0.0865173 0.0493164 0.123352 0.00105762
1 0.0441437 0.915527 0.0608826 0.133789 0.00105286
13 0.984375 0.953125 0.03125 0.0878906 0.00103664
13 0.982422 0.911133 0.0273438 0.162109 0.00101757
14 0.025177 0.928711 0.0326538 0.119141 0.00100136
