2 0.500977 0.403687 0.136719 0.208252 0.819336
1 0.980469 0.95166 0.0390625 0.0888672 0.368408
1 0.024704 0.92749 0.0404358 0.119629 0.21167
1 0.027359 0.924316 0.0241394 0.0908203 0.126465
1 0.976318 0.922852 0.0395508 0.144531 0.058197
13 0.645996 0.708984 0.0361328 0.257812 0.0565491
13 0.503418 0.40918 0.129883 0.205078 0.0491943
1 0.0380859 0.0557404 0.0479736 0.108734 0.0476379
13 0.65332 0.779785 0.0322266 0.118164 0.0326233
1 0.0308685 0.869873 0.0388489 0.20752 0.0302582
4 0.045517 0.758057 0.0503235 0.444824 0.0272064
2 0.478027 0.393311 0.210938 0.208496 0.0241547
1 0.0249023 0.947754 0.0333252 0.0888672 0.0239105
1 0.0288696 0.0650635 0.0386963 0.130127 0.0172424
14 0.503418 0.405762 0.126953 0.196289 0.0155411
2 0.551392 0.400024 0.266357 0.227295 0.0142746
9 0.503906 0.410034 0.126953 0.201416 0.0138474
1 0.976807 0.88208 0.0366211 0.192871 0.010231
13 0.209106 0.333496 0.072998 0.110352 0.0101776
4 0.953125 0.484863 0.0722656 0.829102 0.0100021
1 0.0283203 0.933594 0.03479 0.0703125 0.00983429
2 0.505371 0.398438 0.106445 0.13916 0.00976562
13 0.74707 0.384766 0.0380859 0.112305 0.00886536
1 0.0292969 0.904297 0.0318604 0.115234 0.0075531
13 0.740234 0.397705 0.0390625 0.0898438 0.00710678
1 0.0269165 0.906982 0.0307617 0.17041 0.00654984
13 0.636719 0.707031 0.0566406 0.217773 0.00636292
2 0.943359 0.513672 0.0917969 0.927734 0.00628662
1 0.972412 0.960693 0.0336914 0.0629883 0.00628281
1 0.502563 0.404541 0.139404 0.210449 0.00601578
4 0.967773 0.692017 0.0527344 0.582764 0.00533295
1 0.980469 0.931396 0.0292969 0.0961914 0.00533295
13 0.649902 0.785156 0.0234375 0.0957031 0.00516129
2 0.537109 0.386719 0.158203 0.229492 0.00496674
13 0.733887 0.361816 0.0996094 0.163086 0.0045929
1 0.976562 0.15155 0.0332031 0.265259 0.00446701
13 0.614746 0.308594 0.0332031 0.0605469 0.00432968
1 0.0336914 0.0861816 0.0383301 0.163818 0.00428772
8 0.503418 0.405762 0.126953 0.196289 0.00403214
1 0.972656 0.942871 0.0429688 0.0966797 0.0039444
2 0.311035 0.412048 0.578125 0.411255 0.00358009
14 0.979004 0.952881 0.0419922 0.0805664 0.00345612
4 0.0366211 0.786865 0.0418701 0.369629 0.00328255
13 0.976807 0.88208 0.0366211 0.192871 0.00311852
1 0.97998 0.969727 0.0400391 0.0585938 0.0030365
13 0.495117 0.585938 0.0302734 0.101562 0.00302887
1 0.979492 0.100555 0.03125 0.177795 0.00286484
13 0.748535 0.39502 0.0273438 0.0791016 0.00281143
4 0.50293 0.409668 0.130859 0.207031 0.00274467
1 0.0224609 0.903564 0.0274658 0.134277 0.00270844
2 0.855469 0.135132 0.0507812 0.0192871 0.00268745
2 0.426514 0.391357 0.293457 0.257324 0.00256157
1 0.97168 0.918945 0.0332031 0.101562 0.00252533
13 0.199707 0.350098 0.0566406 0.0869141 0.00251389
1 0.0370941 0.130981 0.0403137 0.254639 0.00238991
1 0.036499 0.828125 0.0430908 0.28125 0.00231934
4 0.974365 0.76709 0.0415039 0.430664 0.00230408
4 0.0450439 0.584351 0.0550537 0.700439 0.00229263
13 0.642578 0.649902 0.0292969 0.182617 0.00214767
13 0.705078 0.37793 0.342773 0.223633 0.00208282
1 0.0239868 0.966064 0.0441895 0.0678711 0.00200653
13 0.650391 0.71875 0.03125 0.160156 0.00198174
13 0.647949 0.762207 0.0390625 0.174805 0.00196838
2 0.507202 0.942871 0.911377 0.114258 0.00195694
19 0.505371 0.4021 0.135742 0.209473 0.00193691
5 0.502563 0.404541 0.139404 0.210449 0.00185966
10 0.502563 0.404541 0.139404 0.210449 0.00185299
14 0.0274048 0.931885 0.0338135 0.11084 0.00184059
1 0.0449219 0.0409546 0.064209 0.0802002 0.00178528
2 0.85791 0.13916 0.0595703 0.0195312 0.00174141
6 0.50293 0.405029 0.132812 0.20166 0.00174141
16 0.503418 0.405762 0.126953 0.196289 0.0017128
7 0.502563 0.404541 0.139404 0.210449 0.00170803
15 0.505371 0.4021 0.135742 0.209473 0.00170326
13 0.200684 0.294678 0.09375 0.114258 0.00169754
12 0.502563 0.404541 0.139404 0.210449 0.00166225
18 0.502563 0.404541 0.139404 0.210449 0.00164127
13 0.0336761 0.846191 0.0393372 0.238281 0.00163841
11 0.502563 0.404541 0.139404 0.210449 0.00162983
3 0.505371 0.4021 0.135742 0.209473 0.00161934
1 0.645996 0.708984 0.0361328 0.257812 0.00159645
2 0.505493 0.89209 0.908936 0.200195 0.00158882
13 0.967773 0.871582 0.0449219 0.174805 0.00156975
4 0.0380859 0.697266 0.0507812 0.550781 0.00154591
17 0.502075 0.403076 0.134521 0.211426 0.00152683
13 0.0283356 0.867676 0.0285339 0.180664 0.00149345
4 0.969971 0.827148 0.0385742 0.298828 0.0014801
1 0.979492 0.957031 0.0292969 0.0625 0.00147915
4 0.93042 0.504517 0.123535 0.914795 0.00145149
2 0.965088 0.646118 0.0541992 0.684326 0.001441
13 0.523438 0.394287 0.205078 0.206543 0.0014267
0 0.502563 0.404541 0.139404 0.210449 0.00139427
4 0.957764 0.63855 0.0688477 0.7229 0.00136566
13 0.750977 0.354004 0.0507812 0.163086 0.00136471
13 0.189087 0.360596 0.0495605 0.0791016 0.00136471
13 0.980469 0.95166 0.0390625 0.0888672 0.00135136
13 0.230286 0.351318 0.162476 0.119629 0.00133705
1 0.0248566 0.972656 0.0352478 0.0527344 0.00130749
2 0.97876 0.952148 0.0385742 0.0898438 0.00127029
13 0.0272217 0.909912 0.0390625 0.156738 0.00126457
4 0.964111 0.299561 0.0541992 0.553223 0.0012598
1 0.0283203 0.0388489 0.0491943 0.0776978 0.00124264
13 0.640625 0.755859 0.0625 0.183594 0.00123978
13 0.749512 0.37915 0.327148 0.303223 0.00121212
14 0.0273438 0.921387 0.0264893 0.0820312 0.00116158
2 0.967773 0.729492 0.0410156 0.484375 0.00112247
