2 0.529297 0.213867 0.381836 0.182129 0.784668
13 0.533081 0.202209 0.400635 0.20105 0.759277
13 0.379883 0.145874 0.0737305 0.114746 0.479736
13 0.633301 0.186096 0.19043 0.0843506 0.315674
13 0.675781 0.175537 0.128906 0.0732422 0.130249
2 0.380371 0.19928 0.0888672 0.215698 0.127563
1 0.0356293 0.0538635 0.0432434 0.0978394 0.0908203
13 0.879883 0.0813599 0.0371094 0.0845947 0.0859985
13 0.406494 0.174835 0.130371 0.164001 0.081543
1 0.980469 0.943604 0.0351562 0.10498 0.0777588
1 0.0250549 0.928711 0.0337524 0.115234 0.0749512
13 0.583008 0.175781 0.324219 0.103516 0.074707
13 0.383545 0.164825 0.09375 0.1474 0.0671387
13 0.514648 0.160034 0.344727 0.1521 0.0605469
2 0.0403595 0.281982 0.0730896 0.541504 0.0550842
1 0.981445 0.944336 0.0253906 0.0859375 0.0436401
2 0.0557098 0.474976 0.092926 0.940674 0.0432129
2 0.633301 0.186768 0.188477 0.0864258 0.0423584
1 0.985352 0.932129 0.0253906 0.0966797 0.0317078
2 0.477539 0.186768 0.263672 0.201172 0.0302887
2 0.536133 0.17395 0.384766 0.148193 0.0282288
4 0.835938 0.69043 0.0771484 0.373047 0.0261383
2 0.379883 0.147705 0.0800781 0.119385 0.0250854
1 0.982422 0.962158 0.0332031 0.0737305 0.0250397
13 0.405762 0.263 0.105469 0.0985107 0.0234222
1 0.0249023 0.951904 0.036499 0.0727539 0.0199585
1 0.963623 0.0600739 0.0493164 0.098114 0.0182495
13 0.4021 0.233398 0.116211 0.166504 0.0179443
2 0.527832 0.209717 0.217773 0.181152 0.0174255
4 0.847656 0.671997 0.0761719 0.564209 0.01651
13 0.568848 0.187988 0.44043 0.137207 0.0157318
13 0.428955 0.185486 0.161621 0.216919 0.015686
1 0.026001 0.890625 0.0334473 0.150391 0.0155258
1 0.979248 0.957031 0.0239258 0.0566406 0.0155106
14 0.379883 0.145874 0.0737305 0.114746 0.014946
13 0.452393 0.170044 0.23584 0.174561 0.0148315
1 0.986328 0.914307 0.0195312 0.112793 0.0128403
14 0.738281 0.853027 0.0380859 0.0566406 0.0104294
13 0.633301 0.185913 0.121094 0.0783691 0.0103531
1 0.539917 0.191803 0.38501 0.200867 0.0100174
4 0.828613 0.641968 0.09375 0.526611 0.00924683
13 0.384521 0.206787 0.0864258 0.21582 0.00826263
13 0.679199 0.17627 0.0888672 0.0629883 0.00821686
13 0.896973 0.0817871 0.0820312 0.0991211 0.00817871
4 0.542358 0.200806 0.337158 0.193115 0.00754166
13 0.539551 0.282959 0.357422 0.285645 0.00740433
14 0.533691 0.2146 0.357422 0.158691 0.00736618
1 0.975586 0.949707 0.0292969 0.0791016 0.0069313
9 0.533203 0.210693 0.351562 0.181152 0.00680161
4 0.979248 0.757812 0.0375977 0.457031 0.00667953
1 0.0224609 0.908691 0.0285645 0.102539 0.00658798
1 0.378418 0.147827 0.0805664 0.120605 0.00642014
2 0.247803 0.502441 0.0356445 0.0205078 0.00636673
1 0.0288696 0.0666962 0.0386963 0.12149 0.00624466
14 0.981201 0.950439 0.0356445 0.0834961 0.00597763
2 0.937256 0.0778198 0.10791 0.104126 0.00580978
1 0.0254059 0.924316 0.0265808 0.0839844 0.00574493
2 0.443848 0.256042 0.220703 0.103638 0.00543213
14 0.248047 0.501465 0.0371094 0.0195312 0.00514603
1 0.957275 0.0623779 0.0776367 0.0893555 0.00458908
2 0.963623 0.0600739 0.0493164 0.098114 0.00457001
1 0.978516 0.91748 0.0273438 0.108398 0.00446701
2 0.405762 0.204834 0.126953 0.216797 0.00443649
4 0.0557098 0.474976 0.092926 0.940674 0.00440598
13 0.475586 0.267822 0.31543 0.119141 0.00422668
1 0.973389 0.053894 0.0415039 0.0802002 0.00384903
1 0.976562 0.966064 0.0234375 0.0463867 0.00376892
2 0.0350952 0.200684 0.0622559 0.378906 0.00365639
13 0.448242 0.258728 0.204102 0.11731 0.00364494
13 0.247559 0.501465 0.0356445 0.0214844 0.00331116
1 0.937256 0.0778198 0.10791 0.104126 0.00328255
13 0.880371 0.0698853 0.0507812 0.0762939 0.00327301
2 0.501465 0.251953 0.324219 0.173828 0.0032196
13 0.0557098 0.474976 0.092926 0.940674 0.00307655
1 0.974609 0.0757141 0.0488281 0.142029 0.00297737
13 0.481934 0.243591 0.273438 0.114868 0.00292587
1 0.0292969 0.0404205 0.0449219 0.079071 0.00291634
4 0.0352173 0.791016 0.0415039 0.382812 0.00290489
1 0.0317535 0.105316 0.0336609 0.183899 0.00284576
4 0.836914 0.515259 0.108398 0.791748 0.00278664
2 0.0314331 0.142151 0.0446777 0.274292 0.00268936
1 0.982422 0.907227 0.0234375 0.162109 0.00256538
1 0.967773 0.10379 0.0429688 0.174744 0.00248718
2 0.539062 0.274658 0.385742 0.244629 0.00246429
1 0.975342 0.924316 0.0415039 0.139648 0.00245094
14 0.675781 0.175537 0.128906 0.0732422 0.00241089
2 0.059494 0.315674 0.117828 0.631348 0.00235367
14 0.536621 0.216125 0.323242 0.261108 0.00234604
4 0.0269928 0.829102 0.0392761 0.320312 0.00232506
1 0.709961 0.034668 0.420898 0.0325928 0.00232315
13 0.937256 0.0778198 0.10791 0.104126 0.00231171
4 0.974854 0.678223 0.0463867 0.568359 0.0022831
13 0.884277 0.0900269 0.0556641 0.105347 0.00224876
1 0.879883 0.0813599 0.0371094 0.0845947 0.00222206
1 0.0252991 0.869629 0.0377808 0.24707 0.00222206
18 0.533203 0.210693 0.351562 0.181152 0.00220871
13 0.341797 0.0716553 0.0273438 0.0786133 0.0022049
8 0.531738 0.209106 0.387695 0.209229 0.00218582
2 0.568359 0.191406 0.293945 0.126953 0.00212097
4 0.379883 0.146759 0.0771484 0.122009 0.00210762
19 0.533203 0.210693 0.351562 0.181152 0.0020504
3 0.533203 0.210693 0.351562 0.181152 0.00202751
16 0.533203 0.210693 0.351562 0.181152 0.00201225
11 0.533203 0.210693 0.351562 0.181152 0.00195026
7 0.542358 0.200806 0.337158 0.193115 0.00195026
13 0.440918 0.157806 0.175781 0.136536 0.00192165
1 0.879639 0.0270996 0.199707 0.0209961 0.00189209
2 0.0497437 0.404541 0.0706787 0.60498 0.00188923
0 0.530762 0.209412 0.348633 0.245239 0.00186634
2 0.0341187 0.0598755 0.0426025 0.119751 0.00186253
13 0.587402 0.174744 0.176758 0.0909424 0.00185871
13 0.679688 0.174133 0.143555 0.119019 0.0018549
2 0.675781 0.175537 0.128906 0.0732422 0.00185013
13 0.90332 0.234802 0.0400391 0.170044 0.00182629
1 0.963135 0.0415649 0.0600586 0.0758057 0.00182343
12 0.533203 0.210693 0.351562 0.181152 0.00178337
5 0.542358 0.200806 0.337158 0.193115 0.00178337
10 0.542358 0.200806 0.337158 0.193115 0.00174427
15 0.533691 0.2146 0.357422 0.158691 0.00174141
17 0.533691 0.2146 0.357422 0.158691 0.00174141
6 0.533081 0.202209 0.400635 0.20105 0.001688
4 0.981445 0.816406 0.0292969 0.351562 0.00167274
2 0.401611 0.262695 0.0981445 0.0957031 0.00162888
14 0.0249329 0.944336 0.0369263 0.0800781 0.00162125
1 0.0366211 0.125488 0.0457764 0.236816 0.00156689
4 0.380371 0.19928 0.0888672 0.215698 0.0015316
13 0.871094 0.0828857 0.0654297 0.0959473 0.00151825
13 0.893066 0.453979 0.132812 0.81665 0.00150013
1 0.030365 0.166992 0.0393677 0.331055 0.00148201
13 0.90625 0.281921 0.0527344 0.276978 0.00146389
13 0.836426 0.692383 0.0751953 0.316406 0.00143147
13 0.683594 0.168823 0.183594 0.0722656 0.0014286
1 0.977539 0.884766 0.0332031 0.203125 0.00142097
4 0.258301 0.551392 0.074707 0.815186 0.00141239
2 0.879883 0.0813599 0.0371094 0.0845947 0.00137424
4 0.893066 0.453979 0.132812 0.81665 0.0013237
13 0.414429 0.22583 0.190674 0.195312 0.00131893
13 0.529785 0.260742 0.378906 0.175293 0.00128174
1 0.973633 0.0785522 0.0371094 0.111206 0.0012598
2 0.45752 0.187164 0.144531 0.201843 0.00123978
13 0.0403595 0.281982 0.0730896 0.541504 0.00123405
4 0.981445 0.90625 0.03125 0.162109 0.00123215
17 0.536621 0.216125 0.323242 0.261108 0.0012188
1 0.614258 0.0291901 0.204102 0.0215759 0.00115967
4 0.633301 0.186096 0.19043 0.0843506 0.00115871
2 0.981445 0.950928 0.0351562 0.0883789 0.00112438
15 0.536621 0.216125 0.323242 0.261108 0.00111485
2 0.442383 0.162994 0.192383 0.14325 0.00111389
1 0.0214844 0.935303 0.0281982 0.0766602 0.00109482
9 0.378906 0.146362 0.0727539 0.114746 0.00108624
13 0.685547 0.164185 0.0957031 0.0585938 0.00108337
13 0.533203 0.192749 0.260742 0.197021 0.00105381
1 0.0224609 0.0527344 0.043335 0.0983887 0.00102425
1 0.980713 0.107422 0.0385742 0.188232 0.00101089
