2 0.264221 0.637207 0.10144 0.194336 0.787598
14 0.260742 0.637207 0.103516 0.180664 0.0993042
13 0.261658 0.63623 0.11145 0.208008 0.0736084
1 0.984863 0.955322 0.0302734 0.0854492 0.0444336
2 0.285889 0.635742 0.168945 0.19043 0.0242615
4 0.95874 0.508423 0.0825195 0.936279 0.0229492
2 0.529907 0.492188 0.856201 0.984375 0.0221252
1 0.0249634 0.959229 0.0368652 0.0698242 0.020462
2 0.23822 0.632324 0.218872 0.202148 0.0169525
2 0.505127 0.936768 0.931152 0.126465 0.0155563
1 0.260254 0.637207 0.105957 0.200195 0.0131378
2 0.499512 0.881348 0.899414 0.22168 0.0120544
1 0.981445 0.0625458 0.0351562 0.0856018 0.0106354
14 0.231445 0.57959 0.0566406 0.078125 0.0080719
1 0.0272217 0.938232 0.0325928 0.111816 0.00774384
2 0.442505 0.800537 0.816162 0.391113 0.00669098
2 0.262207 0.634766 0.0864258 0.113281 0.00622559
2 0.53125 0.383179 0.886719 0.591064 0.00618362
2 0.296692 0.644531 0.291382 0.229492 0.00598145
1 0.0316162 0.916504 0.0349121 0.133789 0.00515747
9 0.263245 0.637695 0.106323 0.197266 0.00460815
1 0.963135 0.050293 0.0737305 0.069458 0.00456238
8 0.263184 0.634766 0.112305 0.213867 0.00292587
4 0.261719 0.638184 0.11084 0.196289 0.00287247
1 0.037796 0.0514374 0.0596619 0.0902405 0.00276566
2 0.535645 0.54248 0.0507812 0.0888672 0.00272942
1 0.941162 0.0240479 0.117676 0.0480957 0.00265121
13 0.289551 0.635254 0.212891 0.209961 0.00253105
1 0.983398 0.921387 0.03125 0.139648 0.00252914
14 0.262207 0.634766 0.0864258 0.113281 0.00252914
2 0.0600586 0.481812 0.120117 0.874268 0.00226784
13 0.23822 0.632324 0.218872 0.202148 0.00222969
2 0.194275 0.623535 0.226685 0.249023 0.00220871
13 0.536621 0.544434 0.0429688 0.0908203 0.00198936
1 0.027298 0.903076 0.0369568 0.180176 0.00191879
1 0.942627 0.0385132 0.114746 0.0626221 0.00187874
5 0.263184 0.634766 0.112305 0.213867 0.00184059
10 0.263184 0.634766 0.112305 0.213867 0.00183296
2 0.480469 0.609863 0.772461 0.569336 0.00179005
19 0.263184 0.634766 0.112305 0.213867 0.0017643
2 0.295288 0.502075 0.38208 0.577881 0.00166321
13 0.560059 0.558105 0.53125 0.704102 0.00165749
3 0.263184 0.634766 0.112305 0.213867 0.00165653
18 0.263184 0.634766 0.112305 0.213867 0.00160599
2 0.262695 0.58252 0.117676 0.28125 0.00159931
7 0.263184 0.634766 0.112305 0.213867 0.00158119
4 0.0518188 0.488403 0.103638 0.911865 0.00156212
15 0.263184 0.634766 0.112305 0.213867 0.00155067
1 0.980469 0.104248 0.0332031 0.161133 0.00152397
12 0.263184 0.634766 0.112305 0.213867 0.00150967
2 0.494995 0.957031 0.894775 0.0859375 0.00150585
16 0.263184 0.634766 0.112305 0.213867 0.00149822
11 0.263184 0.634766 0.112305 0.213867 0.00149822
17 0.263184 0.634766 0.112305 0.213867 0.00147438
0 0.263184 0.634766 0.112305 0.213867 0.00144005
6 0.263184 0.637207 0.102051 0.193359 0.0014286
1 0.93457 0.0144501 0.126953 0.0289001 0.0014143
2 0.483032 0.984375 0.856201 0.03125 0.00139809
2 0.522583 0.231934 0.892334 0.439941 0.00131702
2 0.668213 0.945801 0.647949 0.108398 0.00128269
2 0.533203 0.541992 0.0683594 0.137695 0.00126839
14 0.244446 0.587402 0.0823975 0.199219 0.00126266
2 0.560059 0.558105 0.53125 0.704102 0.00124359
1 0 0.523315 0 0.820557 0.00120831
4 0.93457 0.505249 0.111328 0.927002 0.0011816
1 0.986328 0.967529 0.0273438 0.0649414 0.00114059
13 0.533203 0.539551 0.0302734 0.0761719 0.00102997
1 0.975342 0.960205 0.0415039 0.0639648 0.00102329
2 0.181091 0.662109 0.296997 0.206055 0.00101471
1 0.0310669 0.862549 0.0411377 0.247559 0.00100708
2 0.48584 0.687988 0.908203 0.345703 0.00100327
