13 0.362549 0.748535 0.128418 0.228516 0.724609
2 0.328125 0.22821 0.432617 0.273071 0.702148
2 0.33783 0.309814 0.36731 0.128418 0.551758
13 0.505859 0.182434 0.0800781 0.165405 0.523438
2 0.505859 0.188232 0.0859375 0.163574 0.179565
1 0.976807 0.0629578 0.0424805 0.0835571 0.134521
2 0.285156 0.188721 0.527344 0.374512 0.106506
2 0.325989 0.27124 0.326538 0.203125 0.0812378
4 0.060257 0.479492 0.103851 0.932617 0.0710449
1 0.981934 0.956055 0.0361328 0.0800781 0.0515442
13 0.822266 0.146637 0.0429688 0.176941 0.0484314
1 0.0261383 0.943359 0.0295105 0.0917969 0.0477295
4 0.944824 0.508667 0.0966797 0.933838 0.032074
4 0.0482635 0.609375 0.0646057 0.628906 0.0307007
2 0.0608673 0.482056 0.100433 0.934326 0.0279694
13 0.819824 0.151794 0.0292969 0.14563 0.022583
2 0.473755 0.189758 0.12085 0.165405 0.0199738
2 0.322998 0.310303 0.216797 0.125 0.0199585
13 0.380859 0.717285 0.111816 0.168945 0.0128098
13 0.872559 0.179016 0.0908203 0.0999756 0.011673
1 0.982422 0.946045 0.0273438 0.0805664 0.0105972
13 0.351074 0.802246 0.129883 0.272461 0.0104218
1 0.366699 0.749512 0.131348 0.223633 0.00965881
1 0.0301361 0.91748 0.0315247 0.133789 0.00954437
1 0.976807 0.0944519 0.0405273 0.141174 0.00949097
13 0.348267 0.245361 0.395264 0.266113 0.00944519
2 0.366699 0.748535 0.129395 0.233398 0.00901031
4 0.0423584 0.754883 0.0510254 0.416016 0.00843811
4 0.321838 0.225281 0.41394 0.230103 0.00757217
13 0.321533 0.759277 0.245117 0.301758 0.00745773
13 0.300537 0.306641 0.300293 0.138672 0.00716782
13 0.840332 0.149872 0.0751953 0.162659 0.0068779
1 0.977295 0.94458 0.0395508 0.106934 0.00682831
13 0.816406 0.159668 0.0488281 0.125488 0.00654984
13 0.368408 0.746582 0.0991211 0.141602 0.00653458
13 0.383545 0.757324 0.242676 0.291016 0.00623322
1 0.0246277 0.928955 0.0372925 0.0893555 0.00588989
13 0.427002 0.76416 0.0283203 0.194336 0.00581741
14 0.364746 0.74707 0.12793 0.232422 0.00578308
14 0.321838 0.225281 0.41394 0.230103 0.00577927
4 0.302612 0.202148 0.50415 0.345703 0.00572205
9 0.321838 0.225281 0.41394 0.230103 0.00551987
2 0.260681 0.300293 0.255981 0.130859 0.00549698
4 0.963135 0.634277 0.0639648 0.650391 0.00549316
1 0.321838 0.225281 0.41394 0.230103 0.00520706
13 0.333496 0.802246 0.0610352 0.109375 0.00478363
13 0.0336304 0.898926 0.0316162 0.15918 0.004776
1 0.980469 0.916748 0.0351562 0.129395 0.00437546
13 0.0385132 0.857422 0.02771 0.196289 0.00429916
13 0.516113 0.155731 0.0869141 0.158264 0.00424576
14 0.508789 0.178955 0.0839844 0.161133 0.00423813
9 0.322632 0.312012 0.325439 0.123535 0.00417328
4 0.365479 0.749512 0.126953 0.231445 0.00413895
13 0.51709 0.150391 0.0517578 0.119385 0.00411224
14 0.322632 0.312012 0.325439 0.123535 0.00409317
4 0.508789 0.178955 0.0839844 0.161133 0.00400162
13 0.298279 0.202759 0.473755 0.289307 0.00392532
2 0.94873 0.513672 0.0908203 0.925781 0.00392151
1 0.97583 0.139557 0.0424805 0.21991 0.00388527
1 0.0283203 0.0661469 0.0463867 0.1138 0.00387001
1 0.506836 0.181824 0.0859375 0.160767 0.00383568
2 0.438721 0.196533 0.212402 0.161133 0.00380325
13 0.87793 0.143707 0.164062 0.171082 0.00372887
2 0.36438 0.321045 0.429443 0.19043 0.00372505
13 0.497681 0.186401 0.178467 0.184814 0.00356483
1 0.972412 0.955322 0.0454102 0.0737305 0.00354767
13 0.783203 0.148743 0.227539 0.168335 0.00354385
1 0.0242615 0.959229 0.0341187 0.065918 0.00352478
9 0.334778 0.280518 0.404663 0.211914 0.00345039
2 0.405762 0.232178 0.320312 0.211426 0.00343513
13 0.426758 0.755859 0.0395508 0.232422 0.00321579
13 0.539673 0.184296 0.163818 0.19342 0.00320816
9 0.302612 0.202148 0.50415 0.345703 0.00318718
4 0.334778 0.280518 0.404663 0.211914 0.00317955
13 0.522461 0.0800629 0.103516 0.120392 0.00263405
1 0.967773 0.918945 0.0527344 0.138672 0.00257301
2 0.65918 0.670898 0.046875 0.0820312 0.00242805
4 0.305603 0.310547 0.307739 0.127441 0.0024128
14 0.335327 0.2771 0.399658 0.222656 0.0023365
13 0.523926 0.147217 0.0371094 0.0888672 0.00231934
13 0.0344849 0.868652 0.0429688 0.209961 0.00231743
13 0.663086 0.67041 0.0507812 0.0830078 0.00224876
13 0.0482635 0.609375 0.0646057 0.628906 0.00222969
13 0.38623 0.567993 0.155273 0.766357 0.00219727
1 0.0214844 0.936768 0.0275879 0.0717773 0.00213432
1 0.959961 0.0473022 0.0683594 0.0527344 0.00213242
16 0.321838 0.225281 0.41394 0.230103 0.00202751
13 0.507324 0.181763 0.0693359 0.0939941 0.0020256
13 0.826172 0.129639 0.0625 0.168213 0.00200081
1 0.970947 0.0513153 0.0424805 0.0646057 0.00200081
8 0.311646 0.302979 0.318115 0.141113 0.00200081
13 0.395996 0.771973 0.137207 0.295898 0.00197792
1 0.034668 0.0578766 0.0345459 0.085907 0.00196838
1 0.33905 0.310303 0.364868 0.135254 0.00194931
2 0.297974 0.169464 0.456787 0.242615 0.00191975
2 0.285156 0.121246 0.541016 0.222839 0.00190449
19 0.321838 0.225281 0.41394 0.230103 0.00190449
18 0.321838 0.225281 0.41394 0.230103 0.00189018
8 0.321838 0.225281 0.41394 0.230103 0.00184631
13 0.0422363 0.76123 0.0454102 0.40918 0.00183964
8 0.364746 0.74707 0.12793 0.232422 0.00183678
13 0.0291595 0.930664 0.0315247 0.117188 0.00183105
4 0.968018 0.757568 0.0561523 0.434082 0.00178051
17 0.321838 0.225281 0.41394 0.230103 0.0017767
2 0.339111 0.232666 0.215332 0.261719 0.00176239
13 0.428223 0.697266 0.0244141 0.138672 0.00175858
7 0.321838 0.225281 0.41394 0.230103 0.00174809
18 0.366699 0.749512 0.131348 0.223633 0.00172615
7 0.364746 0.74707 0.12793 0.232422 0.00172615
11 0.321838 0.225281 0.41394 0.230103 0.00172138
13 0.284363 0.78125 0.402954 0.34375 0.00166798
14 0.301636 0.202148 0.492432 0.367676 0.00165749
1 0.969727 0.112305 0.0371094 0.180908 0.00164604
3 0.321838 0.225281 0.41394 0.230103 0.00163078
15 0.321838 0.225281 0.41394 0.230103 0.00163078
5 0.364746 0.74707 0.12793 0.232422 0.0016098
13 0.80957 0.144409 0.0566406 0.206299 0.00160122
3 0.364746 0.74707 0.12793 0.232422 0.00159073
12 0.364746 0.74707 0.12793 0.232422 0.00153637
1 0.0341797 0.840332 0.0428467 0.256836 0.0014782
0 0.321838 0.225281 0.41394 0.230103 0.00147247
8 0.507202 0.18042 0.0871582 0.165527 0.00145912
9 0.505859 0.188232 0.0859375 0.163574 0.00144291
5 0.321838 0.225281 0.41394 0.230103 0.00142765
10 0.364746 0.74707 0.12793 0.232422 0.00142097
16 0.364746 0.74707 0.12793 0.232422 0.00142097
12 0.321838 0.225281 0.41394 0.230103 0.00141144
13 0.824707 0.170654 0.0351562 0.125977 0.00140762
6 0.321838 0.225281 0.41394 0.230103 0.00140572
1 0.0327759 0.885742 0.034668 0.177734 0.00140285
8 0.302612 0.202148 0.50415 0.345703 0.00137424
10 0.321838 0.225281 0.41394 0.230103 0.00137329
6 0.311646 0.302979 0.318115 0.141113 0.00136757
1 0.335327 0.2771 0.399658 0.222656 0.0013504
1 0.977295 0.907715 0.043457 0.174805 0.0013504
4 0.96582 0.893311 0.0566406 0.197754 0.00133419
2 0.256287 0.28833 0.385864 0.20166 0.00132179
13 0.060257 0.479492 0.103851 0.932617 0.00131989
6 0.364746 0.74707 0.12793 0.232422 0.00131416
4 0.0990295 0.46228 0.172058 0.884033 0.0012989
15 0.364746 0.74707 0.12793 0.232422 0.00128365
1 0.972656 0.0703583 0.0527344 0.11319 0.00126076
8 0.334778 0.280518 0.404663 0.211914 0.0012598
17 0.364746 0.74707 0.12793 0.232422 0.00125408
13 0.43042 0.638794 0.0625 0.599365 0.00125122
9 0.364746 0.74707 0.12793 0.232422 0.00123882
11 0.364746 0.74707 0.12793 0.232422 0.0012064
19 0.364746 0.74707 0.12793 0.232422 0.0012064
13 0.429932 0.707031 0.0415039 0.387695 0.00120258
13 0.867188 0.168945 0.144531 0.114258 0.00119495
4 0.0374451 0.46167 0.0748901 0.92334 0.00118542
0 0.364746 0.74707 0.12793 0.232422 0.00117874
13 0.939209 0.505249 0.100098 0.940674 0.00117683
2 0.700684 0.202881 0.110352 0.0537109 0.00117302
1 0.279907 0.180603 0.533936 0.340942 0.00115299
1 0.984863 0.940674 0.0302734 0.106934 0.00114536
1 0.933594 0.0487061 0.132812 0.0540771 0.00111675
19 0.33905 0.310303 0.364868 0.135254 0.00107479
5 0.507202 0.18042 0.0871582 0.165527 0.00106812
2 0.664551 0.666504 0.0732422 0.0927734 0.00101852
5 0.33905 0.310303 0.364868 0.135254 0.00101757
15 0.33905 0.310303 0.364868 0.135254 0.00100613
10 0.507202 0.18042 0.0871582 0.165527 0.00100327
18 0.507202 0.18042 0.0871582 0.165527 0.00100327
4 0.976562 0.847168 0.0410156 0.243164 0.00100136
