2 0.470703 0.838867 0.172852 0.0546875 0.814941
1 0.0267639 0.940918 0.0420532 0.0771484 0.413818
1 0.985352 0.931641 0.0273438 0.107422 0.104309
13 0.0808105 0.751953 0.0898438 0.0449219 0.0822144
1 0.980713 0.944824 0.034668 0.0927734 0.0421143
2 0.466919 0.842285 0.121826 0.0458984 0.0367126
14 0.470337 0.835449 0.1521 0.0585938 0.0311432
13 0.483521 0.0709686 0.0358887 0.0914612 0.0306854
13 0.0800781 0.761719 0.0793457 0.0439453 0.0217743
1 0.026535 0.908203 0.0377502 0.150391 0.0211487
1 0.0283051 0.928711 0.0306702 0.0898438 0.0179749
4 0.0589752 0.466431 0.082489 0.922607 0.0164642
2 0.47168 0.847168 0.148438 0.0957031 0.0153961
13 0.15033 0.75293 0.224731 0.0546875 0.0149384
1 0.0371246 0.048645 0.0434265 0.09729 0.0133591
13 0.469849 0.838867 0.163818 0.0478516 0.0133133
13 0.487305 0.614258 0.03125 0.0820312 0.013298
2 0.470581 0.838379 0.0861816 0.0400391 0.012291
1 0.982178 0.908936 0.0297852 0.152832 0.0103378
1 0.982422 0.831543 0.0273438 0.291992 0.009552
13 0.114258 0.759766 0.159912 0.0605469 0.00842285
1 0.919189 0.0296326 0.145996 0.0230103 0.00786591
13 0.739258 0.0803223 0.476562 0.116211 0.0075798
13 0.09021 0.745117 0.0957031 0.0644531 0.00699234
1 0.47168 0.834473 0.157227 0.0517578 0.00668335
9 0.468018 0.841797 0.153809 0.0449219 0.0063591
2 0.473633 0.822754 0.166016 0.0751953 0.00608063
1 0.913818 0.0624695 0.146973 0.0825806 0.00553131
1 0.980957 0.962646 0.0380859 0.074707 0.00517654
1 0.977539 0.882324 0.0351562 0.18457 0.00515366
2 0.743164 0.0858765 0.478516 0.108765 0.00473785
1 0.15033 0.75293 0.224731 0.0546875 0.00470734
1 0.0478516 0.0555573 0.0670166 0.101532 0.0045929
2 0.467285 0.822754 0.166016 0.126953 0.00454712
1 0.0822754 0.533203 0.0998535 0.275391 0.00449753
1 0.974609 0.950928 0.03125 0.0727539 0.00446701
1 0.985352 0.885742 0.0214844 0.177734 0.00407791
4 0.0404053 0.245728 0.0579834 0.489014 0.0033741
1 0.0214844 0.91748 0.0385742 0.0927734 0.00335503
13 0.0832214 0.724609 0.110901 0.0996094 0.00334358
13 0.0735779 0.756348 0.0774536 0.147461 0.00312614
8 0.46582 0.837891 0.158203 0.0546875 0.0031147
1 0.0831909 0.751953 0.0977783 0.046875 0.00301552
13 0.90625 0.0713501 0.114258 0.0726318 0.00290298
1 0.0272675 0.872559 0.0423889 0.223633 0.00269318
13 0.428467 0.944336 0.0209961 0.03125 0.00259781
1 0.981445 0.0640259 0.0332031 0.100464 0.00253296
4 0.466797 0.841309 0.15625 0.0458984 0.00249672
2 0.0636597 0.461426 0.0860596 0.889648 0.00246429
1 0.0292053 0.059082 0.0405884 0.118164 0.0024147
1 0.0771484 0.758789 0.0769043 0.0439453 0.0023613
1 0.977539 0.923096 0.0390625 0.0991211 0.00235558
2 0.431396 0.944824 0.0205078 0.0322266 0.00231171
1 0.940918 0.0483856 0.114258 0.0638733 0.002285
13 0.483032 0.62793 0.0368652 0.112305 0.00226593
1 0.0292816 0.0358276 0.0429993 0.0716553 0.00225449
1 0.971436 0.940186 0.043457 0.0883789 0.00224495
2 0.0788879 0.751465 0.0848999 0.0498047 0.00209808
13 0.476562 0.691895 0.0800781 0.264648 0.00192261
6 0.468018 0.841797 0.153809 0.0449219 0.00190735
1 0.0263062 0.956543 0.0440674 0.0556641 0.00179386
14 0.0269165 0.937988 0.0391846 0.0849609 0.00174999
2 0.473145 0.852539 0.169922 0.046875 0.00169468
4 0.94458 0.482788 0.0776367 0.876221 0.00166893
1 0.976562 0.912842 0.0273438 0.129395 0.00166416
2 0.481445 0.85791 0.232422 0.15332 0.00155449
13 0.101562 0.706055 0.136475 0.132812 0.00149632
13 0.150269 0.811035 0.0581055 0.0683594 0.00148106
13 0.150421 0.730957 0.228943 0.0927734 0.00146389
13 0.0267639 0.940918 0.0420532 0.0771484 0.00146198
2 0.0259552 0.940674 0.0423279 0.0737305 0.00146103
13 0.481445 0.613281 0.0292969 0.0712891 0.00144863
2 0.466309 0.847168 0.0712891 0.0332031 0.00141048
2 0.486694 0.833984 0.0881348 0.0517578 0.00135231
2 0.381592 0.0794525 0.233887 0.10672 0.00134659
1 0.0305481 0.830566 0.0393677 0.329102 0.00133896
1 0.75 0.0749359 0.453125 0.102325 0.00130558
0 0.468018 0.841797 0.153809 0.0449219 0.00130177
5 0.468384 0.841797 0.151123 0.0449219 0.00126076
13 0.462402 0.845703 0.110352 0.0429688 0.00120449
7 0.468018 0.841797 0.153809 0.0449219 0.00120354
1 0.028595 0.9729 0.0558472 0.0541992 0.00117779
2 0.157196 0.749512 0.240784 0.0673828 0.00114727
1 0.974609 0.81958 0.0371094 0.325684 0.00114441
16 0.470215 0.835449 0.152344 0.0488281 0.00113869
13 0.0864258 0.76416 0.0917969 0.0800781 0.00113773
3 0.467529 0.837402 0.159668 0.0478516 0.00113487
2 0.466797 0.822754 0.265625 0.189453 0.0011301
1 0.981445 0.956055 0.0273438 0.0683594 0.00112915
10 0.467529 0.837402 0.159668 0.0478516 0.00111771
12 0.469727 0.842773 0.151367 0.0517578 0.00109386
2 0.441772 0.845703 0.223877 0.0419922 0.00108433
1 0.0804749 0.616211 0.0870972 0.125 0.00107002
15 0.467529 0.837402 0.159668 0.0478516 0.00106621
19 0.466797 0.841309 0.15625 0.0458984 0.00105095
13 0.0773315 0.68457 0.0987549 0.197266 0.00104713
1 0.9375 0.0321045 0.115234 0.0349121 0.00102997
14 0.462402 0.845703 0.110352 0.0429688 0.00102234
