2 0.0745544 0.940186 0.125793 0.0708008 0.76123
2 0.108398 0.938965 0.0671387 0.0634766 0.64209
13 0.532227 0.808105 0.03125 0.106445 0.624512
13 0.804199 0.819336 0.0214844 0.101562 0.475098
13 0.0411377 0.840332 0.0332031 0.0556641 0.2146
1 0.977295 0.929199 0.0258789 0.106445 0.168701
1 0.0734863 0.936279 0.115723 0.0708008 0.098938
4 0.0492554 0.477905 0.0985107 0.928955 0.0618286
2 0.0959473 0.934814 0.0864258 0.0776367 0.0445862
13 0.802246 0.821777 0.0351562 0.0966797 0.0375366
14 0.108887 0.938477 0.0668945 0.0664062 0.0360107
13 0.0810394 0.939941 0.121368 0.0693359 0.0315857
13 0.499512 0.165527 0.0332031 0.22168 0.0267181
14 0.742188 0.165894 0.0146484 0.0163574 0.0258636
13 0.108887 0.938477 0.0668945 0.0664062 0.0254974
13 0.0413208 0.82959 0.0404053 0.0888672 0.016098
13 0.0493011 0.838867 0.037384 0.0556641 0.0155716
14 0.0767822 0.933594 0.121094 0.0693359 0.0151596
13 0.810059 0.814453 0.0263672 0.108398 0.014328
1 0.109863 0.94043 0.0664062 0.0644531 0.0136108
13 0.792969 0.819824 0.0410156 0.104492 0.0134735
1 0.974854 0.933594 0.0405273 0.109375 0.0129547
4 0.0424194 0.424805 0.0615234 0.78418 0.0126724
13 0.0456543 0.839355 0.0592041 0.0878906 0.011734
1 0.019043 0.0528564 0.0268555 0.105713 0.00974274
2 0.802734 0.822266 0.0263672 0.0996094 0.00960541
13 0.541504 0.806641 0.0449219 0.113281 0.00881195
1 0.804199 0.819336 0.0214844 0.101562 0.00850677
13 0.52832 0.84668 0.0341797 0.188477 0.00782013
9 0.0773926 0.938965 0.118652 0.0673828 0.00778961
13 0.0381012 0.855469 0.0341492 0.0605469 0.00718689
14 0.804199 0.818848 0.0214844 0.101562 0.00698471
13 0.499023 0.167847 0.0253906 0.157471 0.00683212
4 0.941406 0.474487 0.0878906 0.912354 0.00653839
2 0.121948 0.933594 0.0544434 0.0683594 0.00640488
2 0.041748 0.838867 0.0327148 0.0664062 0.00608826
4 0.0322876 0.243103 0.0645752 0.479614 0.0060463
1 0.532227 0.807617 0.0244141 0.0976562 0.00583267
14 0.532227 0.807617 0.0244141 0.0976562 0.00574875
2 0.532227 0.808105 0.03125 0.106445 0.00574112
1 0.975586 0.904053 0.0292969 0.148926 0.00494003
2 0.0785828 0.92334 0.13092 0.12207 0.00481796
13 0.522461 0.807617 0.0439453 0.0996094 0.00471878
13 0.0651093 0.928467 0.119293 0.0883789 0.0045929
2 0.0456543 0.839355 0.0592041 0.0878906 0.00453949
2 0.0894775 0.928711 0.178955 0.142578 0.00427246
2 0.0710297 0.921875 0.121124 0.078125 0.00408173
1 0.0411377 0.840332 0.0332031 0.0556641 0.00402451
8 0.0782318 0.939209 0.114288 0.0668945 0.00400162
13 0.528809 0.790039 0.03125 0.111328 0.00375175
2 0.976807 0.92334 0.0307617 0.112305 0.00370216
13 0.207214 0.462402 0.0391846 0.136719 0.00355148
13 0.975342 0.914062 0.027832 0.136719 0.00344849
2 0.118164 0.945068 0.108398 0.0649414 0.00342369
9 0.107422 0.938477 0.0629883 0.0664062 0.00337601
2 0.0740356 0.941406 0.0709229 0.0625 0.00335693
13 0.52832 0.8125 0.0654297 0.114258 0.00325584
1 0.974854 0.949463 0.0229492 0.0893555 0.0031662
1 0.0213623 0.0686646 0.0385742 0.123901 0.00306892
1 0.973389 0.885254 0.0395508 0.186523 0.00306702
13 0.790039 0.197998 0.0234375 0.0869141 0.00299454
2 0.0484619 0.495605 0.0969238 0.908203 0.00287819
13 0.020401 0.0699768 0.0254822 0.130554 0.00286102
8 0.105713 0.937744 0.0661621 0.0717773 0.00276947
4 0.55957 0.477539 0.0976562 0.930664 0.00267982
13 0.539551 0.751465 0.0517578 0.216797 0.00263023
13 0.212158 0.483887 0.0336914 0.18457 0.00256157
4 0.959961 0.422852 0.0800781 0.845703 0.00234985
13 0.800781 0.840332 0.0263672 0.116211 0.0023098
6 0.0745544 0.940186 0.125793 0.0708008 0.00226593
12 0.108887 0.938477 0.0668945 0.0664062 0.00205231
2 0.802734 0.819336 0.0166016 0.0957031 0.00203896
13 0.804199 0.80127 0.0283203 0.141602 0.00201607
13 0.0408325 0.778809 0.0379639 0.214844 0.00187111
13 0.976562 0.865479 0.0292969 0.22998 0.0018301
4 0.0767822 0.933594 0.121094 0.0693359 0.00179291
1 0.97583 0.833496 0.0307617 0.288086 0.00176907
2 0.0396118 0.867676 0.0792236 0.146484 0.0017519
6 0.108887 0.938477 0.0668945 0.0664062 0.00174999
1 0.985352 0.926758 0.0292969 0.0976562 0.00172329
13 0.525879 0.871826 0.0449219 0.213379 0.00166607
4 0.53125 0.807129 0.0283203 0.104492 0.00165939
12 0.0745544 0.940186 0.125793 0.0708008 0.00165939
13 0.498535 0.154022 0.0400391 0.14801 0.0016489
16 0.0745544 0.940186 0.125793 0.0708008 0.00164604
4 0.803711 0.818848 0.0214844 0.104492 0.00161648
13 0.533691 0.788574 0.0439453 0.150391 0.00160885
4 0.108887 0.938477 0.0668945 0.0664062 0.00158119
10 0.0745544 0.940186 0.125793 0.0708008 0.0015707
13 0.504395 0.206543 0.0224609 0.200195 0.00152874
13 0.0310059 0.865234 0.0374756 0.125 0.00152111
2 0.0448151 0.933105 0.0671082 0.0712891 0.00151253
1 0.970703 0.909668 0.03125 0.113281 0.0014925
7 0.0745544 0.940186 0.125793 0.0708008 0.00148773
13 0.649414 0.706543 0.03125 0.0898438 0.00145435
15 0.0745544 0.940186 0.125793 0.0708008 0.0014534
13 0.0246124 0.894531 0.0455017 0.141602 0.00143528
13 0.0454865 0.806641 0.0396423 0.0878906 0.0014286
3 0.0745544 0.940186 0.125793 0.0708008 0.00141907
5 0.105957 0.936523 0.0625 0.0703125 0.00140572
1 0.0203857 0.0819397 0.0273438 0.128113 0.00140381
11 0.0782318 0.939209 0.114288 0.0668945 0.00139332
0 0.0745544 0.940186 0.125793 0.0708008 0.00138664
13 0.506836 0.226135 0.0380859 0.41687 0.00137711
18 0.0745544 0.940186 0.125793 0.0708008 0.00134468
4 0.958008 0.267456 0.0683594 0.490479 0.00134468
4 0.976807 0.92334 0.0307617 0.112305 0.00134468
19 0.105957 0.936523 0.0625 0.0703125 0.00134182
13 0.504395 0.814941 0.0810547 0.125 0.00133896
13 0.0453949 0.855469 0.0359192 0.0683594 0.00133324
19 0.0782318 0.939209 0.114288 0.0668945 0.00130463
13 0.212219 0.494629 0.0443115 0.256836 0.00128269
2 0.066864 0.93042 0.0855103 0.0864258 0.00126362
13 0.519043 0.832031 0.0761719 0.150391 0.00125504
5 0.0745544 0.940186 0.125793 0.0708008 0.00125313
2 0.976562 0.865479 0.0292969 0.22998 0.00125027
1 0.0207672 0.0370941 0.0353699 0.0722961 0.00123978
13 0.205566 0.452393 0.0297852 0.103027 0.00123978
7 0.106567 0.936035 0.0629883 0.0712891 0.00121689
17 0.0745544 0.940186 0.125793 0.0708008 0.00121403
10 0.108398 0.938965 0.0671387 0.0634766 0.00120258
13 0.793457 0.820801 0.0732422 0.109375 0.0011816
13 0.0396118 0.867676 0.0792236 0.146484 0.00113106
14 0.743164 0.164673 0.0185547 0.0246582 0.00111675
1 0.0959473 0.934814 0.0864258 0.0776367 0.00109768
15 0.108887 0.938477 0.0668945 0.0664062 0.00108814
2 0.0246124 0.894531 0.0455017 0.141602 0.00106907
0 0.104523 0.9375 0.0775757 0.0615234 0.00106144
3 0.108887 0.938477 0.0668945 0.0664062 0.00105381
1 0.970947 0.0529785 0.0366211 0.105957 0.00104618
10 0.532227 0.807617 0.0244141 0.0976562 0.0010376
14 0.742188 0.162964 0.0117188 0.0192871 0.00102329
16 0.104004 0.938965 0.0756836 0.0615234 0.00101376
1 0.970703 0.931641 0.0273438 0.0957031 0.00101089
