1 0.169922 0.775879 0.0947266 0.176758 0.736328
2 0.0897217 0.726562 0.043457 0.121094 0.420166
2 0.17218 0.776855 0.102417 0.179688 0.369385
1 0.985352 0.924072 0.0273438 0.0991211 0.245117
2 0.494629 0.520996 0.875 0.926758 0.182983
1 0.0253906 0.971436 0.0321045 0.0532227 0.153198
1 0.960449 0.0442963 0.0458984 0.0769348 0.118958
14 0.169556 0.773438 0.0993652 0.171875 0.118225
1 0.0898438 0.726074 0.0463867 0.134766 0.0894165
13 0.0891418 0.727539 0.0490112 0.124023 0.0880127
4 0.935547 0.460205 0.0878906 0.908691 0.0795898
2 0.0908813 0.753418 0.0484619 0.18457 0.0760498
1 0.981201 0.903564 0.0297852 0.140137 0.034668
2 0.0903931 0.69873 0.0479736 0.0791016 0.0268402
14 0.171387 0.84082 0.0812988 0.0458984 0.0223999
14 0.0899048 0.720215 0.0467529 0.132812 0.0210114
1 0.0232239 0.960205 0.0376587 0.0737305 0.0209045
13 0.959961 0.0536041 0.0410156 0.0995789 0.0205841
2 0.0814209 0.710449 0.045166 0.116211 0.0172729
13 0.162903 0.773926 0.12439 0.179688 0.0155029
2 0.15094 0.777344 0.188354 0.179688 0.0122375
1 0.140564 0.0297699 0.226685 0.0295715 0.0119781
9 0.171509 0.777832 0.0915527 0.169922 0.0119553
1 0.979492 0.832031 0.03125 0.277344 0.0110703
1 0.96582 0.0659943 0.0371094 0.116547 0.00882721
13 0.0902405 0.699707 0.0426636 0.0791016 0.00867462
2 0.467773 0.490723 0.935547 0.474609 0.00725555
4 0.947021 0.346069 0.090332 0.684814 0.00688171
2 0.168945 0.76709 0.0849609 0.113281 0.00680923
2 0.112305 0.763672 0.0908203 0.157227 0.0065155
1 0.169922 0.769043 0.0871582 0.113281 0.00609589
1 0.024353 0.949707 0.0241699 0.0947266 0.00584793
2 0.0765991 0.773926 0.0552979 0.255859 0.00541687
1 0.0305481 0.962158 0.03302 0.0620117 0.00539398
4 0.171814 0.770996 0.100708 0.181641 0.0043335
1 0.959961 0.054306 0.0605469 0.102814 0.00430679
1 0.975586 0.911133 0.03125 0.117188 0.00419617
1 0.171143 0.84082 0.0827637 0.046875 0.0039444
2 0.0992126 0.837891 0.0195923 0.0341797 0.0039444
13 0.0938721 0.753418 0.0532227 0.18457 0.00392914
2 0.51416 0.325195 0.874023 0.629883 0.0038929
8 0.171875 0.773438 0.104492 0.181641 0.00362206
1 0.0258789 0.918457 0.0357666 0.137695 0.00357056
1 0.0235901 0.0599213 0.0404663 0.103546 0.00340652
13 0.901855 0.147217 0.0175781 0.0524902 0.00333405
14 0.0229797 0.968262 0.0289917 0.0576172 0.00300789
2 0.146606 0.770508 0.293213 0.255859 0.00293159
2 0.0637665 0.46521 0.106354 0.870361 0.00245476
1 0.0283203 0.944336 0.0373535 0.0976562 0.0024395
5 0.171875 0.773438 0.104492 0.181641 0.00238037
10 0.171875 0.773438 0.104492 0.181641 0.0023613
1 0.984375 0.94458 0.03125 0.103027 0.00233078
1 0.980469 0.940918 0.0253906 0.0693359 0.00232697
14 0.112305 0.763672 0.0908203 0.157227 0.0022831
13 0.105591 0.757324 0.0869141 0.152344 0.00225067
19 0.171875 0.773438 0.104492 0.181641 0.00224495
18 0.171875 0.773438 0.104492 0.181641 0.00221062
13 0.983398 0.913574 0.0273438 0.12793 0.00220299
14 0.0990295 0.837402 0.0184937 0.0302734 0.00215721
12 0.171875 0.773438 0.104492 0.181641 0.00214195
3 0.171875 0.773438 0.104492 0.181641 0.00210953
16 0.169678 0.778809 0.100098 0.177734 0.0021019
15 0.171875 0.773438 0.104492 0.181641 0.00209236
11 0.171875 0.773438 0.104492 0.181641 0.00209236
0 0.169678 0.778809 0.100098 0.177734 0.00207138
7 0.171875 0.773438 0.104492 0.181641 0.00205994
1 0.112305 0.763672 0.0908203 0.157227 0.00202942
1 0.0319672 0.0519867 0.0544739 0.0788879 0.0020237
2 0.194824 0.775879 0.233887 0.213867 0.00200844
4 0.950684 0.690186 0.0556641 0.619629 0.00196648
17 0.171875 0.773438 0.104492 0.181641 0.00195885
6 0.169678 0.778809 0.100098 0.177734 0.00192261
9 0.0887451 0.726562 0.0454102 0.121094 0.00191212
13 0.980469 0.872803 0.0292969 0.203613 0.00183487
2 0.0232239 0.960205 0.0376587 0.0737305 0.00182819
2 0.459473 0.609863 0.918945 0.447266 0.00174427
1 0.15094 0.777344 0.188354 0.179688 0.00170326
8 0.0895386 0.728516 0.0501709 0.123047 0.00165653
13 0.0814209 0.710449 0.045166 0.116211 0.00165176
1 0.975342 0.870117 0.0317383 0.19043 0.00160122
2 0.983398 0.913574 0.0273438 0.12793 0.00146866
1 0.172241 0.827637 0.0905762 0.0673828 0.00144672
13 0.953125 0.0665588 0.0566406 0.107117 0.00142956
14 0.984375 0.924805 0.0292969 0.0898438 0.00137424
2 0.0263672 0.968506 0.0300293 0.0551758 0.00135708
9 0.498047 0.476562 0.875977 0.911133 0.00133991
1 0.0385742 0.972656 0.0563965 0.0429688 0.00130749
2 0.498047 0.305664 0.914062 0.336914 0.00124931
2 0.0980225 0.723145 0.0705566 0.109375 0.00120354
2 0.0942383 0.685059 0.0412598 0.0605469 0.00119781
2 0.0854797 0.797363 0.0465698 0.180664 0.00118351
2 0.504272 0.185913 0.878174 0.356201 0.00117397
2 0.0773315 0.753418 0.154663 0.201172 0.00115967
1 0.145508 0.0343628 0.261719 0.0428467 0.00115299
14 0.172241 0.827637 0.0905762 0.0673828 0.00115013
14 0.0903931 0.69873 0.0479736 0.0791016 0.00114822
1 0.974365 0.932129 0.027832 0.0791016 0.00113201
4 0.0654297 0.415894 0.0932617 0.828369 0.00110531
4 0.492188 0.494141 0.833008 0.988281 0.00109386
1 0.983154 0.965576 0.0336914 0.0688477 0.00107861
1 0.0211487 0.085144 0.0305786 0.15564 0.00107384
1 0.984375 0.949219 0.0253906 0.0703125 0.00106907
13 0.098877 0.837891 0.0192871 0.0361328 0.0010643
4 0.954834 0.49707 0.0805664 0.890625 0.00106335
4 0.0875244 0.726074 0.0441895 0.121094 0.00105953
1 0.960693 0.108276 0.0415039 0.204834 0.00104523
13 0.506226 0.51062 0.843018 0.924072 0.00104332
13 0.0263672 0.968506 0.0300293 0.0551758 0.00101852
14 0.185059 0.776367 0.186035 0.177734 0.00101662
13 0.962402 0.0792542 0.0419922 0.126648 0.00100708
2 0.505005 0.105591 0.911865 0.148926 0.00100327
