14 0.228088 0.491211 0.0404053 0.078125 0.80957
2 0.227539 0.488403 0.0366211 0.0837402 0.515625
4 0.9375 0.471191 0.0898438 0.917969 0.0519104
1 0.974854 0.91626 0.0307617 0.114746 0.0283356
13 0.422607 0.883301 0.0712891 0.129883 0.0217743
1 0.974609 0.932129 0.046875 0.110352 0.0196381
13 0.2276 0.489746 0.036499 0.0830078 0.0151367
2 0.219238 0.490601 0.0366211 0.0715332 0.0150299
1 0.978516 0.884766 0.0273438 0.167969 0.0125504
1 0.969727 0.884766 0.0410156 0.173828 0.0102768
14 0.238281 0.489258 0.034668 0.0761719 0.00972748
2 0.238281 0.489258 0.034668 0.0761719 0.00884247
1 0.0195007 0.91748 0.0320435 0.0673828 0.00810242
13 0.0379181 0.866455 0.072113 0.206543 0.00766754
1 0.976562 0.799805 0.03125 0.308594 0.00758362
1 0.228027 0.48938 0.0380859 0.0827637 0.00621033
1 0.0423126 0.885498 0.0747986 0.186035 0.0059433
13 0.415771 0.902344 0.0634766 0.0986328 0.00445938
1 0.020752 0.928223 0.0402832 0.0722656 0.00439835
1 0.97168 0.85498 0.03125 0.204102 0.00439453
1 0.974365 0.888672 0.0297852 0.115234 0.00428391
1 0.968506 0.0495453 0.0415039 0.087677 0.00415421
1 0.0356598 0.83252 0.0597839 0.266602 0.00357437
2 0.48645 0.157532 0.894287 0.31189 0.00352287
9 0.228516 0.492188 0.0390625 0.0791016 0.00350761
13 0.431396 0.867188 0.059082 0.0976562 0.00340652
1 0.0370483 0.897461 0.069458 0.125977 0.00310707
1 0.143005 0.95752 0.256958 0.0400391 0.00296593
1 0.96875 0.743652 0.0371094 0.413086 0.00270653
2 0.0697937 0.930664 0.124084 0.0957031 0.00266075
8 0.227478 0.489624 0.0386963 0.0842285 0.0025692
1 0.978516 0.912109 0.03125 0.0820312 0.00255775
2 0.489136 0.374146 0.894775 0.702881 0.00247192
4 0.228516 0.492188 0.0390625 0.0791016 0.00237656
4 0.940186 0.303467 0.0825195 0.562012 0.00230217
1 0.034668 0.764893 0.052124 0.415527 0.00219917
2 0.0172272 0.92334 0.0295105 0.0605469 0.00208282
1 0.0144043 0.885742 0.0269775 0.125977 0.00203323
14 0.219238 0.490601 0.0366211 0.0715332 0.00201797
12 0.228027 0.48938 0.0380859 0.0827637 0.00196075
1 0.0241852 0.868652 0.0463562 0.181641 0.00183296
2 0.481812 0.116791 0.905518 0.170715 0.00181389
16 0.228699 0.49231 0.0411377 0.0778809 0.00170994
6 0.228027 0.48938 0.0380859 0.0827637 0.00170517
19 0.228699 0.49231 0.0411377 0.0778809 0.00158882
10 0.228699 0.49231 0.0411377 0.0778809 0.0015583
11 0.228699 0.49231 0.0411377 0.0778809 0.00152206
15 0.228516 0.492188 0.0390625 0.0791016 0.00150108
18 0.228516 0.492188 0.0390625 0.0791016 0.0014782
2 0.0598755 0.36792 0.0457764 0.0390625 0.00146675
1 0.0241852 0.900879 0.0400085 0.123047 0.00139332
0 0.228699 0.49231 0.0411377 0.0778809 0.00134373
17 0.228516 0.492188 0.0390625 0.0791016 0.00132561
3 0.228699 0.49231 0.0411377 0.0778809 0.00130272
13 0.219238 0.490601 0.0366211 0.0715332 0.00129986
1 0.232727 0.966309 0.450562 0.0400391 0.00129795
5 0.228699 0.49231 0.0411377 0.0778809 0.00129223
7 0.228699 0.49231 0.0411377 0.0778809 0.0012722
2 0.0241699 0.868652 0.0483398 0.178711 0.00125408
1 0.0206299 0.0523529 0.0327148 0.0923157 0.00119495
2 0.0621796 0.902832 0.122223 0.147461 0.00116444
1 0.978027 0.894531 0.0439453 0.150391 0.00114632
13 0.0435791 0.303101 0.0704346 0.491455 0.00113297
13 0.97583 0.831055 0.0307617 0.255859 0.00107002
1 0.974365 0.901367 0.0415039 0.105469 0.00104904
1 0.133148 0.969971 0.230286 0.0268555 0.00102806
2 0.0186768 0.907227 0.034668 0.0966797 0.00101948
13 0.0598755 0.36792 0.0457764 0.0390625 0.00100994
