13 0.133057 0.610352 0.0949707 0.197266 0.789062
13 0.260925 0.790039 0.133423 0.189453 0.724121
13 0.233704 0.760742 0.199585 0.213867 0.63916
13 0.212158 0.699219 0.227051 0.335938 0.521484
13 0.18161 0.654785 0.186096 0.301758 0.506836
2 0.529907 0.480713 0.832764 0.961426 0.177856
2 0.267334 0.781738 0.130371 0.169922 0.162476
1 0.979248 0.958496 0.0375977 0.0771484 0.137817
1 0.0240631 0.932373 0.0295105 0.0942383 0.105774
13 0.0270081 0.895996 0.0305786 0.161133 0.0483093
13 0.149902 0.645996 0.106689 0.282227 0.0457458
1 0.0235291 0.905762 0.0349731 0.147461 0.0334473
4 0.0395508 0.729004 0.0488281 0.483398 0.0332336
13 0.0324707 0.866211 0.0311279 0.216797 0.0313721
1 0.135498 0.612793 0.0935059 0.198242 0.0302124
13 0.126953 0.57959 0.0744629 0.142578 0.0293732
1 0.89624 0.0282135 0.17627 0.0225525 0.0246277
14 0.979736 0.95874 0.0385742 0.0766602 0.0221558
13 0.163788 0.614746 0.151428 0.219727 0.0167084
1 0.979736 0.0514984 0.0307617 0.0659485 0.0166321
13 0.0388184 0.858398 0.0307617 0.168945 0.01651
4 0.963135 0.473633 0.0737305 0.87793 0.0163116
13 0.125366 0.630371 0.0939941 0.288086 0.0161896
1 0.212158 0.699219 0.227051 0.335938 0.0160828
2 0.18161 0.654785 0.186096 0.301758 0.0160828
1 0.0316772 0.886963 0.0356445 0.163574 0.0150375
1 0.234131 0.753418 0.198242 0.22168 0.0149002
13 0.135773 0.660645 0.0951538 0.179688 0.0138397
13 0.124603 0.610352 0.159973 0.231445 0.0136261
13 0.0283203 0.822021 0.0401611 0.30127 0.0121841
4 0.0574188 0.458008 0.10025 0.883789 0.0120773
2 0.134644 0.613281 0.0952148 0.194336 0.0115204
2 0.218018 0.70166 0.223145 0.326172 0.0112152
1 0.976562 0.921875 0.0371094 0.142578 0.0110474
13 0.0263672 0.919189 0.038208 0.112793 0.0100098
13 0.258545 0.745117 0.149414 0.163086 0.00964355
1 0.260498 0.790527 0.13916 0.186523 0.00938416
14 0.135498 0.611328 0.0957031 0.195312 0.00853729
1 0.18161 0.654785 0.186096 0.301758 0.00828552
13 0.271912 0.78418 0.203247 0.211914 0.00823212
13 0.0224609 0.866699 0.0354004 0.202148 0.00798798
2 0.234131 0.753418 0.198242 0.22168 0.0075531
14 0.260803 0.790039 0.128784 0.189453 0.00751495
13 0.0385742 0.758057 0.0471191 0.460449 0.00732803
2 0.515625 0.193054 0.899414 0.363892 0.00725174
13 0.164124 0.712402 0.151245 0.338867 0.00720978
13 0.137207 0.655762 0.0859375 0.111328 0.00668335
13 0.261963 0.766113 0.108887 0.138672 0.00578308
1 0.977783 0.0601654 0.0444336 0.112091 0.0051651
4 0.258728 0.790039 0.137817 0.1875 0.00496292
13 0.214355 0.634277 0.245605 0.229492 0.00478363
2 0.450684 0.363159 0.826172 0.654541 0.00477219
13 0.0283203 0.736328 0.0499268 0.527344 0.00440598
2 0.512207 0.286926 0.838867 0.441772 0.00416183
13 0.0574188 0.458008 0.10025 0.883789 0.00410461
9 0.26123 0.789062 0.131836 0.183594 0.00385094
14 0.234131 0.753418 0.198242 0.22168 0.00384903
4 0.136475 0.610352 0.0932617 0.193359 0.00384903
1 0.0404816 0.0517426 0.042572 0.0915833 0.00383949
13 0.106445 0.691895 0.127197 0.498047 0.00371552
2 0.0605774 0.437012 0.107361 0.838867 0.00367165
1 0.971436 0.964355 0.0415039 0.0576172 0.00345802
13 0.15564 0.609863 0.113281 0.172852 0.00308228
4 0.234131 0.753418 0.198242 0.22168 0.00282097
2 0.979492 0.0705109 0.0410156 0.122894 0.00246811
13 0.0424805 0.897705 0.0380859 0.149902 0.00242043
2 0.978271 0.956299 0.0336914 0.0834961 0.00240326
2 0.515137 0.127441 0.930664 0.181152 0.00230217
13 0.0390625 0.648315 0.0567627 0.564697 0.00225258
4 0.937988 0.507446 0.0966797 0.908936 0.00222588
1 0.153931 0.974609 0.125 0.015625 0.00221252
4 0.212158 0.699219 0.227051 0.335938 0.00218201
1 0.896973 0.0200195 0.166992 0.0299072 0.00218201
2 0.0372314 0.283813 0.0571289 0.541748 0.00216675
1 0.983398 0.0833588 0.0292969 0.117706 0.00204468
13 0.14209 0.652832 0.28418 0.392578 0.00200653
8 0.260925 0.790039 0.133423 0.189453 0.00191402
13 0.0328979 0.898926 0.0229492 0.0947266 0.00188541
7 0.135254 0.61084 0.0932617 0.195312 0.0018158
18 0.134644 0.613281 0.0952148 0.194336 0.00181293
4 0.0378876 0.618652 0.0589905 0.576172 0.0017786
2 0.963135 0.473633 0.0737305 0.87793 0.00177479
8 0.134644 0.613281 0.0952148 0.194336 0.00177097
2 0.554199 0.557983 0.891602 0.550049 0.00175762
7 0.260925 0.790039 0.133423 0.189453 0.00173569
2 0.56543 0.680664 0.761719 0.580078 0.00173378
1 0.0269012 0.913574 0.0335999 0.09375 0.00168514
5 0.260925 0.790039 0.133423 0.189453 0.00166225
3 0.136475 0.610352 0.0932617 0.193359 0.001647
5 0.135254 0.61084 0.0932617 0.195312 0.00164032
2 0.97168 0.961426 0.0390625 0.0654297 0.00161648
1 0.0338135 0.916016 0.0411377 0.109375 0.00160027
2 0.271912 0.78418 0.203247 0.211914 0.00157356
13 0.529907 0.480713 0.832764 0.961426 0.00157166
7 0.234131 0.753418 0.198242 0.22168 0.00155449
3 0.260803 0.790039 0.128784 0.189453 0.00154972
2 0.710815 0.474487 0.5354 0.81665 0.00154114
9 0.234131 0.753418 0.198242 0.22168 0.0015192
1 0.0162048 0.88623 0.0322876 0.160156 0.00150967
2 0.970703 0.944092 0.0449219 0.0942383 0.0015049
18 0.260498 0.790527 0.13916 0.186523 0.00148106
12 0.260925 0.790039 0.133423 0.189453 0.00147915
9 0.136475 0.610352 0.0932617 0.193359 0.00147724
8 0.234131 0.753418 0.198242 0.22168 0.00146103
4 0.0526733 0.72998 0.0568848 0.467773 0.00145149
14 0.18161 0.654785 0.186096 0.301758 0.001441
10 0.260925 0.790039 0.133423 0.189453 0.00143337
13 0.21167 0.836914 0.0258789 0.0732422 0.00143337
12 0.135254 0.61084 0.0932617 0.195312 0.00143242
16 0.136475 0.610352 0.0932617 0.193359 0.00142574
13 0.982422 0.098999 0.0292969 0.12207 0.00142384
5 0.234131 0.753418 0.198242 0.22168 0.00140476
16 0.260925 0.790039 0.133423 0.189453 0.00140095
13 0.184082 0.785156 0.318359 0.333008 0.00139904
10 0.135254 0.61084 0.0932617 0.195312 0.00139332
15 0.260803 0.790039 0.128784 0.189453 0.0013895
4 0.0379639 0.790527 0.0375977 0.355469 0.00137711
13 0.0182648 0.899414 0.0325623 0.138672 0.00136662
6 0.136475 0.610352 0.0932617 0.193359 0.00136662
19 0.260803 0.790039 0.128784 0.189453 0.00135803
13 0.133301 0.618652 0.0812988 0.116211 0.00134277
1 0.0414886 0.0793152 0.0366516 0.139709 0.00132847
1 0.0183105 0.947266 0.0366211 0.078125 0.00132656
12 0.234131 0.753418 0.198242 0.22168 0.00132561
17 0.260925 0.790039 0.133423 0.189453 0.00131607
6 0.249023 0.776855 0.152832 0.177734 0.00131226
18 0.234131 0.753418 0.198242 0.22168 0.00129986
19 0.133057 0.610352 0.0949707 0.197266 0.00128937
0 0.260925 0.790039 0.133423 0.189453 0.0012846
14 0.212158 0.699219 0.227051 0.335938 0.00127983
11 0.260925 0.790039 0.133423 0.189453 0.00127983
3 0.234131 0.753418 0.198242 0.22168 0.00127888
4 0.529297 0.473755 0.832031 0.786865 0.00126553
17 0.135254 0.61084 0.0932617 0.195312 0.00126457
4 0.963623 0.686523 0.0610352 0.553711 0.00125694
10 0.234131 0.753418 0.198242 0.22168 0.00125027
15 0.136475 0.610352 0.0932617 0.193359 0.00123978
13 0.978271 0.956299 0.0336914 0.0834961 0.00123119
4 0.981689 0.760742 0.034668 0.389648 0.00122929
2 0.163788 0.614746 0.151428 0.219727 0.00122166
2 0.537109 0.695312 0.0302734 0.0458984 0.00121689
11 0.135254 0.61084 0.0932617 0.195312 0.0012064
16 0.234131 0.753418 0.198242 0.22168 0.0012064
13 0.129883 0.549805 0.0795898 0.0830078 0.00119495
4 0.0283203 0.736328 0.0499268 0.527344 0.001194
13 0.0403442 0.775879 0.0375977 0.197266 0.001194
1 0.126953 0.57959 0.0744629 0.142578 0.00119305
7 0.212158 0.699219 0.227051 0.335938 0.00117588
13 0.0375366 0.796387 0.0412598 0.313477 0.00116634
1 0.984375 0.912598 0.0195312 0.109375 0.00115871
13 0.191406 0.785645 0.256836 0.242188 0.00115299
1 0.905762 0.0288696 0.176758 0.0394287 0.00114632
9 0.18161 0.654785 0.186096 0.301758 0.00114059
4 0.18161 0.654785 0.186096 0.301758 0.00113201
13 0.0144806 0.871094 0.0289612 0.181641 0.00112915
0 0.135254 0.61084 0.0932617 0.195312 0.00112915
15 0.234131 0.753418 0.198242 0.22168 0.00112915
7 0.18161 0.654785 0.186096 0.301758 0.00112343
13 0.139526 0.564941 0.0683594 0.110352 0.00112057
2 0.124603 0.610352 0.159973 0.231445 0.00111198
13 0.978271 0.139313 0.0239258 0.210144 0.00109863
17 0.234131 0.753418 0.198242 0.22168 0.00109482
0 0.234131 0.753418 0.198242 0.22168 0.00109005
9 0.20752 0.703125 0.20166 0.357422 0.00108433
1 0.974609 0.123657 0.0332031 0.186035 0.00108337
11 0.234131 0.753418 0.198242 0.22168 0.00107765
13 0.0465088 0.84082 0.043457 0.168945 0.00106907
13 0.979492 0.0557709 0.0273438 0.0835266 0.00106049
1 0.98584 0.969971 0.0283203 0.0600586 0.00105095
1 0.969971 0.902832 0.0424805 0.166992 0.00105
1 0.982422 0.943848 0.0234375 0.0693359 0.00104332
13 0.0237732 0.778809 0.0475464 0.416992 0.00104237
18 0.212158 0.699219 0.227051 0.335938 0.00104141
19 0.234131 0.753418 0.198242 0.22168 0.00104046
18 0.18161 0.654785 0.186096 0.301758 0.00103951
5 0.18161 0.654785 0.186096 0.301758 0.00103474
5 0.212158 0.699219 0.227051 0.335938 0.00103378
1 0.9729 0.0449677 0.0483398 0.0709534 0.00102997
1 0.11792 0.0257568 0.198486 0.0240479 0.00102425
8 0.181183 0.652832 0.187927 0.296875 0.0010128
16 0.18161 0.654785 0.186096 0.301758 0.00101089
13 0.0526733 0.72998 0.0568848 0.467773 0.00100803
