2 0.604492 0.840332 0.117188 0.0751953 0.776367
4 0.250488 0.59375 0.173828 0.686523 0.630371
4 0.509277 0.622437 0.212891 0.518799 0.408203
1 0.984375 0.952393 0.03125 0.081543 0.283936
13 0.833496 0.775879 0.0478516 0.106445 0.279297
13 0.613281 0.839844 0.120117 0.0742188 0.2771
1 0.983398 0.94873 0.0234375 0.0634766 0.176392
4 0.246582 0.605469 0.145508 0.486328 0.112061
13 0.834473 0.759277 0.0380859 0.0693359 0.102844
1 0.982422 0.924316 0.0292969 0.135742 0.0735474
14 0.604004 0.840332 0.112305 0.0712891 0.0690308
13 0.828613 0.788574 0.0664062 0.12793 0.0617065
2 0.603027 0.839844 0.0732422 0.0664062 0.0222778
4 0.256348 0.503296 0.234863 0.815674 0.0187836
2 0.651367 0.839355 0.208984 0.0810547 0.01651
1 0.974854 0.0595245 0.0366211 0.10434 0.0159149
2 0.613281 0.836914 0.139648 0.126953 0.0143204
4 0.961426 0.474731 0.0673828 0.884521 0.0133362
4 0.049881 0.474854 0.0982361 0.949707 0.0131454
1 0.975586 0.957764 0.0292969 0.0629883 0.0128021
4 0.584961 0.626343 0.398438 0.522705 0.0127182
1 0.0270081 0.941406 0.0275269 0.0839844 0.00950623
13 0.824707 0.810547 0.0488281 0.163086 0.00911713
1 0.984375 0.91748 0.0214844 0.108398 0.00878906
1 0.978516 0.885498 0.0351562 0.197754 0.00841522
2 0.544067 0.650024 0.284912 0.465576 0.00779724
2 0.704102 0.84375 0.329102 0.0957031 0.00762177
4 0.502563 0.659058 0.129639 0.580322 0.0074501
4 0.512085 0.561646 0.162354 0.761475 0.00736237
9 0.604004 0.840332 0.112305 0.0712891 0.00676727
1 0.979736 0.0832825 0.034668 0.145447 0.00651932
1 0.122986 0.0210266 0.192505 0.0278931 0.00634766
2 0.0424194 0.371094 0.0623779 0.742188 0.00580978
1 0.916992 0.972412 0.144531 0.0258789 0.00554657
4 0.214355 0.59668 0.169434 0.618164 0.00550461
2 0.130402 0.021637 0.190857 0.0278931 0.00531769
13 0.82373 0.844238 0.0722656 0.243164 0.00522232
13 0.908447 0.961182 0.128418 0.050293 0.00497818
13 0.980469 0.906006 0.0253906 0.152832 0.00485611
4 0.548828 0.694458 0.267578 0.540771 0.0047226
1 0.612793 0.841309 0.125977 0.0771484 0.00457764
1 0.0297546 0.914307 0.0265503 0.134277 0.00455093
2 0.0526886 0.0671692 0.0769958 0.119568 0.0045166
4 0.230896 0.68811 0.133911 0.539795 0.00451279
13 0.0524292 0.120972 0.0441895 0.114746 0.00440216
4 0.977295 0.768066 0.0375977 0.411133 0.00426865
2 0.555664 0.736816 0.233398 0.272461 0.00419998
2 0.61377 0.817871 0.226562 0.155273 0.00413132
8 0.604492 0.84082 0.108398 0.0703125 0.0039711
13 0.609375 0.835938 0.128906 0.118164 0.00396347
4 0.979736 0.825195 0.0268555 0.302734 0.0039444
2 0.055603 0.435547 0.102417 0.871094 0.00361061
13 0.0583496 0.123505 0.0360107 0.0650024 0.00359726
1 0.0302887 0.950928 0.0238953 0.0551758 0.0033989
1 0.534668 0.623047 0.285156 0.511719 0.00332451
13 0.651367 0.839355 0.208984 0.0810547 0.00327301
1 0.98584 0.933838 0.0283203 0.0776367 0.00323296
13 0.976318 0.862305 0.0336914 0.196289 0.00305557
4 0.0479126 0.428223 0.0650635 0.856445 0.002985
1 0.967529 0.0715637 0.0454102 0.129333 0.0029335
1 0.833496 0.774414 0.046875 0.104492 0.00278664
1 0.972656 0.955566 0.0449219 0.0732422 0.00270271
14 0.984375 0.949951 0.0273438 0.0610352 0.00266647
13 0.835449 0.818848 0.0595703 0.195312 0.00257874
1 0.249512 0.595337 0.173828 0.686279 0.00256538
1 0.94458 0.962646 0.097168 0.0532227 0.00256157
1 0.971924 0.0494995 0.0522461 0.0955811 0.00254822
4 0.936523 0.49231 0.0976562 0.931396 0.00241089
14 0.833496 0.775879 0.0498047 0.105469 0.0023365
13 0.803223 0.823242 0.046875 0.12793 0.00232887
1 0.834473 0.759277 0.0380859 0.0693359 0.00231934
13 0.786621 0.82666 0.0263672 0.0986328 0.00226974
14 0.534668 0.623047 0.285156 0.511719 0.00224113
2 0.984375 0.949951 0.0273438 0.0610352 0.0022316
1 0.898682 0.963379 0.19873 0.0400391 0.00219536
13 0.859863 0.963623 0.0361328 0.0415039 0.00219154
1 0.974365 0.103363 0.0395508 0.179993 0.00208473
1 0.979736 0.935791 0.0327148 0.0893555 0.00208282
2 0.102448 0.026947 0.170593 0.0363159 0.00207138
1 0.969482 0.172791 0.0356445 0.30481 0.00204086
13 0.805664 0.821289 0.0654297 0.18457 0.00201416
2 0.600586 0.762695 0.175781 0.240234 0.00193787
2 0.834473 0.760742 0.0351562 0.0722656 0.00193405
1 0.974609 0.92041 0.0371094 0.135742 0.00192356
6 0.604492 0.84082 0.108398 0.0703125 0.00191784
13 0.704102 0.84375 0.329102 0.0957031 0.00190067
4 0.597656 0.840332 0.117188 0.0771484 0.00187969
2 0.0421295 0.23877 0.0509949 0.477539 0.00186253
13 0.534668 0.623047 0.285156 0.511719 0.0018549
13 0.979736 0.825195 0.0268555 0.302734 0.00185394
4 0.0429688 0.584351 0.0445557 0.626221 0.00182819
1 0.974609 0.0423431 0.0429688 0.0688782 0.00175858
2 0.639648 0.697754 0.415039 0.447266 0.00175381
13 0.839355 0.749512 0.0380859 0.0615234 0.00174809
13 0.984375 0.949951 0.0273438 0.0610352 0.00172806
1 0.991211 0.946289 0.0175781 0.0566406 0.00171852
1 0.97583 0.145569 0.0327148 0.259644 0.00171185
4 0.466675 0.560547 0.217041 0.591797 0.00170326
13 0.85791 0.966553 0.0244141 0.0375977 0.00169468
1 0.0395508 0.0501099 0.0375977 0.0802002 0.0016613
13 0.603027 0.839844 0.0732422 0.0664062 0.00165176
4 0.0421295 0.23877 0.0509949 0.477539 0.00161362
2 0.59375 0.805176 0.12793 0.152344 0.00156879
13 0.830078 0.795898 0.0458984 0.09375 0.00150967
13 0.904297 0.949707 0.148438 0.0771484 0.00144958
4 0.833496 0.774414 0.046875 0.104492 0.00143147
19 0.604492 0.840332 0.108398 0.0722656 0.00142002
3 0.604492 0.84082 0.108398 0.0703125 0.00141525
10 0.604492 0.84082 0.108398 0.0703125 0.00140953
16 0.604492 0.84082 0.108398 0.0703125 0.00136662
11 0.604492 0.84082 0.108398 0.0703125 0.00136662
12 0.603027 0.840332 0.112305 0.0712891 0.00136471
2 0.833496 0.775879 0.0498047 0.105469 0.00136185
2 0.602051 0.728027 0.266602 0.399414 0.00135231
2 0.711792 0.190552 0.543213 0.337646 0.00133705
7 0.603516 0.839844 0.110352 0.0693359 0.0013361
2 0.243652 0.661621 0.141113 0.552734 0.00130653
14 0.603516 0.831055 0.123047 0.109375 0.00128651
15 0.603027 0.839844 0.114258 0.0722656 0.00128365
9 0.534668 0.623047 0.285156 0.511719 0.00119114
1 0.986816 0.965332 0.0263672 0.0693359 0.00117874
13 0.249512 0.595337 0.173828 0.686279 0.00116348
0 0.603027 0.840332 0.112305 0.0712891 0.00115776
5 0.604492 0.84082 0.108398 0.0703125 0.00115013
13 0.593262 0.812012 0.144531 0.164062 0.00114918
2 0.584473 0.834473 0.09375 0.0654297 0.0011301
13 0.97583 0.81958 0.0444336 0.36084 0.00111008
2 0.633789 0.851074 0.142578 0.0673828 0.00110054
13 0.596191 0.828613 0.109375 0.078125 0.00109959
17 0.604492 0.84082 0.108398 0.0703125 0.00108147
18 0.604004 0.840332 0.112305 0.0712891 0.00107956
1 0.967773 0.941895 0.0546875 0.0849609 0.00106525
14 0.603027 0.840332 0.0732422 0.0634766 0.00106335
13 0.838867 0.966309 0.0615234 0.0380859 0.0010519
14 0.983398 0.947021 0.0332031 0.0922852 0.00102615
