13 0.785156 0.56543 0.107422 0.274414 0.858398
1 0.906006 0.805664 0.143066 0.0957031 0.822266
2 0.782227 0.568359 0.102539 0.277344 0.587402
2 0.899414 0.785156 0.124023 0.0644531 0.441895
2 0.911377 0.80957 0.13623 0.0927734 0.335205
14 0.902344 0.788086 0.120117 0.0625 0.192017
1 0.972656 0.911621 0.0292969 0.137695 0.161499
13 0.899414 0.390869 0.0283203 0.0864258 0.156738
1 0.0142059 0.934326 0.0284119 0.0883789 0.141968
13 0.756836 0.389771 0.0507812 0.159912 0.103088
13 0.19043 0.797852 0.0463867 0.0849609 0.0878906
14 0.909668 0.806641 0.135742 0.0927734 0.0827026
13 0.955566 0.264404 0.0576172 0.456543 0.0734863
13 0.768555 0.397461 0.0546875 0.177734 0.0689087
2 0.904297 0.751953 0.126953 0.130859 0.0671387
1 0.968262 0.956787 0.0439453 0.0805664 0.0590515
1 0.902832 0.791016 0.119141 0.0566406 0.0449524
13 0.755371 0.393433 0.0732422 0.293213 0.042572
1 0.0164185 0.916992 0.0328369 0.130859 0.0415344
13 0.955566 0.420044 0.0693359 0.556396 0.0404358
13 0.922363 0.417358 0.0634766 0.510986 0.0357971
2 0.861328 0.632812 0.207031 0.298828 0.032135
9 0.908691 0.809082 0.133789 0.09375 0.0318604
13 0.971924 0.902344 0.0327148 0.12793 0.0280304
2 0.809082 0.570801 0.167969 0.266602 0.0259705
13 0.871582 0.592896 0.239258 0.343506 0.0251007
13 0.828613 0.560913 0.178711 0.315674 0.024353
13 0.898438 0.401733 0.0429688 0.374268 0.0242767
1 0.0205688 0.036377 0.0279541 0.0727539 0.0230255
13 0.929688 0.292664 0.0742188 0.498657 0.0229645
13 0.904297 0.769043 0.115234 0.0966797 0.0199127
13 0.772461 0.564331 0.193359 0.306885 0.0187378
1 0.970459 0.932129 0.0375977 0.118164 0.0176392
1 0.01474 0.885742 0.0271606 0.177734 0.0174103
1 0.964844 0.914551 0.046875 0.143555 0.0156708
13 0.909668 0.386841 0.0488281 0.470459 0.0154572
13 0.705078 0.375244 0.0351562 0.14502 0.0138321
1 0.899902 0.770508 0.121094 0.0908203 0.0124512
4 0.0522919 0.475098 0.0758362 0.950195 0.0122986
13 0.4375 0.17395 0.0268555 0.118408 0.0115509
13 0.907227 0.391846 0.0390625 0.11377 0.0113907
4 0.0212708 0.792725 0.0370483 0.355957 0.011055
13 0.698242 0.363525 0.0253906 0.126953 0.0105133
14 0.784668 0.568359 0.107422 0.273438 0.0103912
13 0.897949 0.400146 0.0224609 0.159668 0.010376
13 0.862305 0.419067 0.162109 0.55249 0.0102692
13 0.936279 0.378296 0.102051 0.680908 0.010025
2 0.0146179 0.932129 0.0292358 0.0771484 0.010025
13 0.893066 0.298828 0.0322266 0.268555 0.00999451
13 0.926758 0.292175 0.0585938 0.377563 0.00991058
13 0.900879 0.790039 0.124023 0.0605469 0.00989532
1 0.905762 0.805176 0.0878906 0.0839844 0.00952911
14 0.897949 0.769531 0.123047 0.0917969 0.00918579
13 0.910156 0.804688 0.138672 0.0966797 0.00907898
13 0.766602 0.387817 0.0839844 0.421631 0.00872803
1 0.782715 0.570801 0.103516 0.279297 0.00854492
13 0.897949 0.450439 0.0771484 0.54834 0.00824738
13 0.887695 0.30365 0.0488281 0.187622 0.00811005
13 0.894043 0.298584 0.0429688 0.341309 0.00773621
2 0.766602 0.573242 0.167969 0.263672 0.00720215
1 0.164062 0.975342 0.292969 0.027832 0.00709152
13 0.888672 0.379639 0.0390625 0.0942383 0.00708389
13 0.90625 0.390503 0.0302734 0.162354 0.00702667
9 0.901367 0.783691 0.124023 0.0722656 0.00675964
13 0.781738 0.444031 0.101562 0.471313 0.00647354
1 0.019104 0.828369 0.036499 0.294434 0.00635529
13 0.447998 0.259277 0.0737305 0.464844 0.00629425
2 0.905518 0.710449 0.130371 0.222656 0.00626373
13 0.745117 0.379883 0.0566406 0.160156 0.00577927
2 0.849609 0.744141 0.0185547 0.0478516 0.00535202
13 0.886963 0.636841 0.179199 0.343506 0.00510025
1 0.978516 0.89917 0.03125 0.14502 0.00491714
13 0.754395 0.355469 0.0898438 0.177246 0.00457001
8 0.909424 0.809082 0.132324 0.0908203 0.00447083
4 0.781738 0.566895 0.110352 0.286133 0.0044632
2 0.912598 0.80127 0.174805 0.141602 0.00429535
1 0.0184326 0.945801 0.0340576 0.0712891 0.00424576
9 0.782715 0.569214 0.106445 0.29126 0.00423813
13 0.955566 0.352356 0.0498047 0.415405 0.00406265
4 0.0321045 0.765381 0.050415 0.436035 0.00402832
13 0.898438 0.371826 0.104492 0.627441 0.00398254
13 0.0209656 0.856689 0.0390015 0.247559 0.00391006
13 0.797363 0.385376 0.205078 0.582764 0.00390244
13 0.916016 0.379395 0.0390625 0.125488 0.00387955
13 0.922607 0.477539 0.10791 0.493164 0.00374031
1 0.0185852 0.0523987 0.0331421 0.104675 0.00372124
14 0.899414 0.390869 0.0253906 0.0942383 0.00356674
1 0.0235901 0.0257568 0.0317993 0.0506592 0.00325203
13 0.914551 0.330017 0.0673828 0.324341 0.00318718
2 0.894531 0.781738 0.210938 0.198242 0.00316238
13 0.0141296 0.901855 0.0265503 0.135742 0.0031414
2 0.769531 0.579102 0.277344 0.318359 0.00311852
13 0.787109 0.583984 0.0986328 0.144531 0.00307274
6 0.908691 0.809082 0.133789 0.09375 0.00306129
13 0.893066 0.50769 0.170898 0.470947 0.00305748
1 0.0115051 0.913086 0.0230103 0.0957031 0.00301361
13 0.779297 0.421875 0.0683594 0.318359 0.00295639
13 0.240234 0.50354 0.0712891 0.719482 0.00292015
17 0.908691 0.809082 0.133789 0.09375 0.00279999
13 0.25293 0.333008 0.0327148 0.165039 0.00279808
13 0.220215 0.355835 0.090332 0.530518 0.0027523
10 0.908691 0.809082 0.133789 0.09375 0.00269318
2 0.855957 0.744629 0.0253906 0.0507812 0.00267792
13 0.770508 0.386475 0.0839844 0.187988 0.00266647
4 0.910156 0.806641 0.134766 0.0957031 0.00264931
2 0.50061 0.931396 0.895264 0.125488 0.00264359
7 0.908691 0.809082 0.133789 0.09375 0.00263023
16 0.908691 0.809082 0.133789 0.09375 0.00263023
13 0.704102 0.373291 0.0546875 0.169922 0.00256157
2 0.843506 0.581055 0.254395 0.319336 0.0025444
12 0.908691 0.809082 0.133789 0.09375 0.00254059
13 0.727539 0.376831 0.105469 0.29126 0.00253677
8 0.782715 0.569214 0.106445 0.29126 0.00245857
11 0.908691 0.809082 0.133789 0.09375 0.00244331
2 0.970459 0.907959 0.0317383 0.137207 0.00242233
13 0.953125 0.258362 0.0488281 0.319214 0.00237274
13 0.727539 0.374023 0.0742188 0.205078 0.00236702
2 0.899414 0.390869 0.0234375 0.0917969 0.00234032
13 0.192627 0.779297 0.0732422 0.136719 0.00233269
18 0.908691 0.809082 0.133789 0.09375 0.00233078
13 0.436035 0.157654 0.03125 0.171021 0.00231934
5 0.908936 0.809082 0.135254 0.0917969 0.00231361
19 0.908691 0.809082 0.133789 0.09375 0.00231361
2 0.0115051 0.913086 0.0230103 0.0957031 0.0023098
18 0.783691 0.566895 0.106445 0.280273 0.00230026
15 0.908691 0.809082 0.133789 0.09375 0.00228691
1 0.968994 0.0555878 0.0424805 0.106354 0.00228691
13 0.896973 0.394897 0.0556641 0.239502 0.00226974
0 0.908936 0.809082 0.135254 0.0917969 0.00226784
1 0.906982 0.80957 0.186035 0.158203 0.00226021
1 0.97583 0.0459595 0.034668 0.0664062 0.00221062
13 0.778809 0.409912 0.0507812 0.174316 0.00219345
7 0.783691 0.566895 0.106445 0.280273 0.00218582
13 0.710449 0.391235 0.15625 0.567139 0.00216484
1 0.899414 0.390869 0.0253906 0.0942383 0.00214958
13 0.427246 0.286438 0.0698242 0.473999 0.00213814
4 0.934814 0.324707 0.0776367 0.649414 0.00211716
5 0.782715 0.569214 0.106445 0.29126 0.00204659
1 0.977539 0.911133 0.03125 0.0898438 0.00204468
13 0.879639 0.456909 0.240723 0.576416 0.00203323
13 0.907959 0.38916 0.164551 0.728516 0.0019989
13 0.911621 0.479004 0.0898438 0.345703 0.00191021
3 0.908936 0.809082 0.135254 0.0917969 0.00190353
1 0.0273438 0.0394897 0.0328369 0.0789795 0.0018816
3 0.782715 0.569214 0.106445 0.29126 0.00187111
16 0.783691 0.566895 0.106445 0.280273 0.0018568
8 0.899902 0.78418 0.121094 0.0673828 0.00184631
13 0.933105 0.448364 0.133789 0.775146 0.00183964
13 0.222168 0.358154 0.0688477 0.414551 0.00183105
2 0.500122 0.875977 0.886475 0.21875 0.00182533
13 0.835938 0.477051 0.1875 0.427734 0.0018158
10 0.782715 0.569214 0.106445 0.29126 0.00179958
13 0.697754 0.345215 0.0205078 0.0878906 0.00179577
2 0.903564 0.61145 0.192871 0.419678 0.00175762
19 0.782715 0.569214 0.106445 0.29126 0.0017519
12 0.783691 0.566895 0.106445 0.280273 0.00172424
13 0.434082 0.201599 0.0332031 0.157349 0.00170803
13 0.916992 0.153076 0.0166016 0.0476074 0.00169659
2 0.187988 0.80127 0.0449219 0.0917969 0.00169659
1 0.100067 0.961914 0.191956 0.0253906 0.00168991
13 0.898438 0.370361 0.0322266 0.160156 0.00168419
13 0.899902 0.327148 0.0390625 0.200195 0.00167274
13 0.212463 0.285645 0.0877686 0.341309 0.00165462
17 0.782715 0.569214 0.106445 0.29126 0.00165176
1 0.030304 0.88208 0.0492554 0.20459 0.00163841
15 0.782715 0.569214 0.106445 0.29126 0.00161362
6 0.783691 0.566895 0.106445 0.280273 0.00158215
13 0.855957 0.744629 0.0253906 0.0507812 0.00157833
11 0.782715 0.569214 0.106445 0.29126 0.00156403
13 0.178223 0.801758 0.0576172 0.0927734 0.00154972
13 0.242188 0.353577 0.0527344 0.488159 0.00154877
13 0.896484 0.290283 0.03125 0.138672 0.00154781
13 0.862305 0.56543 0.162109 0.253906 0.001544
1 0.138672 0.9646 0.26709 0.0297852 0.00154114
13 0.710938 0.370605 0.313477 0.657227 0.00153732
4 0.899414 0.785156 0.124023 0.0644531 0.00151253
13 0.437866 0.429443 0.555908 0.812012 0.00150585
1 0.970459 0.878418 0.0375977 0.130859 0.00150299
13 0.759766 0.356445 0.0664062 0.129395 0.00149345
13 0.904297 0.738281 0.142578 0.18457 0.00148296
0 0.782227 0.568848 0.108398 0.283203 0.00142193
1 0.0302734 0.0314331 0.0476074 0.0628662 0.00140762
4 0.955566 0.420044 0.0693359 0.556396 0.00140285
4 0.952637 0.289185 0.0595703 0.525146 0.00138378
13 0.903076 0.572266 0.193848 0.566406 0.00137329
4 0.0230713 0.865723 0.0411377 0.219727 0.0013628
13 0.875977 0.325562 0.0859375 0.540283 0.00135899
13 0.899414 0.379883 0.0205078 0.0952148 0.00135708
13 0.69873 0.336182 0.0166016 0.059082 0.00135612
1 0.959961 0.961182 0.0566406 0.0581055 0.00134945
13 0.694336 0.359375 0.0361328 0.151855 0.00131512
13 0.769531 0.398926 0.046875 0.0947266 0.00129414
2 0.918213 0.791016 0.101074 0.0546875 0.00128746
1 0.19043 0.799316 0.0439453 0.0878906 0.00128365
1 0.116821 0.97168 0.203857 0.0175781 0.00128078
13 0.924316 0.435547 0.0595703 0.290039 0.00125217
6 0.900879 0.783691 0.119141 0.0683594 0.00124931
13 0.849609 0.744141 0.0185547 0.0478516 0.00122643
1 0.960693 0.945557 0.043457 0.0991211 0.00121498
13 0.0303345 0.866699 0.0495605 0.217773 0.00121307
1 0.756836 0.389771 0.0507812 0.159912 0.00118923
5 0.899902 0.78418 0.121094 0.0673828 0.00118351
15 0.899902 0.78418 0.121094 0.0673828 0.00118351
2 0.0140686 0.907959 0.0281372 0.13916 0.00117493
1 0.861328 0.632812 0.207031 0.298828 0.0011673
2 0.95459 0.367432 0.0693359 0.633301 0.00116348
13 0.709961 0.405273 0.0664062 0.336914 0.00114346
13 0.185059 0.280701 0.151855 0.379028 0.00114155
3 0.899902 0.78418 0.121094 0.0673828 0.00113869
10 0.899902 0.78418 0.121094 0.0673828 0.00113869
13 0.926758 0.359497 0.0566406 0.231201 0.0011301
13 0.949463 0.572266 0.0932617 0.628906 0.00112915
0 0.899902 0.78418 0.121094 0.0673828 0.00111198
13 0.810547 0.617188 0.150391 0.314453 0.00111103
13 0.775391 0.52356 0.0800781 0.175537 0.00110626
13 0.87207 0.303467 0.0654297 0.179688 0.00110245
1 0.977539 0.960205 0.0449219 0.0737305 0.00104332
13 0.244141 0.352295 0.03125 0.229492 0.00104237
4 0.922363 0.417358 0.0634766 0.510986 0.00103855
13 0.91748 0.153442 0.0234375 0.0649414 0.00103664
7 0.900879 0.783691 0.119141 0.0683594 0.00103664
13 0.736816 0.405762 0.0605469 0.15332 0.00103283
13 0.19043 0.769043 0.0410156 0.132812 0.00101757
13 0.863281 0.423096 0.117188 0.422363 0.00101471
12 0.900879 0.783691 0.119141 0.0683594 0.00100517
16 0.900879 0.783691 0.119141 0.0683594 0.00100136
