2 0.369507 0.306641 0.264893 0.245605 0.856445
1 0.982422 0.958984 0.0351562 0.078125 0.0823975
2 0.534668 0.546875 0.838867 0.867188 0.0549011
13 0.368408 0.310364 0.26123 0.24939 0.0328064
1 0.0269775 0.928223 0.032959 0.118164 0.0298462
2 0.497925 0.554077 0.949463 0.532471 0.028595
1 0.980713 0.923584 0.0366211 0.137207 0.0142593
4 0.953857 0.491089 0.0883789 0.912354 0.0132217
2 0.293213 0.301025 0.345703 0.291016 0.012146
9 0.368042 0.303711 0.26001 0.213867 0.0113831
14 0.368042 0.303711 0.26001 0.213867 0.0113831
1 0.368042 0.303711 0.26001 0.213867 0.0106125
4 0.363647 0.307129 0.284424 0.224609 0.00913239
1 0.0224609 0.950439 0.0350342 0.0893555 0.00783539
4 0.966309 0.690063 0.0556641 0.506592 0.00742722
1 0.981201 0.0673523 0.0356445 0.0947876 0.00736618
1 0.0278931 0.886719 0.0358887 0.183594 0.00721741
2 0.473022 0.384033 0.608643 0.668457 0.00547028
4 0.0574951 0.491699 0.102783 0.932617 0.0051651
2 0.977539 0.963135 0.0351562 0.0678711 0.00469208
2 0.594116 0.385498 0.692627 0.493652 0.00423813
2 0.442749 0.324768 0.487549 0.305542 0.00411224
2 0.263794 0.254333 0.480225 0.254028 0.00376701
4 0.0383148 0.756592 0.0447083 0.443848 0.00370407
1 0.980713 0.0510864 0.0385742 0.0576172 0.00366974
19 0.368042 0.303711 0.26001 0.213867 0.00349617
16 0.368042 0.303711 0.26001 0.213867 0.00325966
1 0.977295 0.966553 0.0356445 0.059082 0.00322914
18 0.368042 0.303711 0.26001 0.213867 0.00319481
8 0.368408 0.310364 0.26123 0.24939 0.0031147
7 0.368042 0.303711 0.26001 0.213867 0.00309944
13 0.978516 0.904297 0.0390625 0.164062 0.00284004
2 0.0567627 0.499512 0.0959473 0.927734 0.00283623
15 0.368042 0.303711 0.26001 0.213867 0.00283241
11 0.368042 0.303711 0.26001 0.213867 0.00283241
3 0.366577 0.306396 0.25708 0.217773 0.00278854
12 0.368042 0.303711 0.26001 0.213867 0.00269318
1 0.976807 0.698608 0.0405273 0.491455 0.00268936
17 0.368042 0.303711 0.26001 0.213867 0.0026722
10 0.368042 0.303711 0.26001 0.213867 0.0026722
2 0.55603 0.310974 0.665283 0.255981 0.00266647
0 0.366577 0.306396 0.25708 0.217773 0.00254059
5 0.368042 0.303711 0.26001 0.213867 0.00245285
6 0.368042 0.303711 0.26001 0.213867 0.00239563
1 0.97876 0.103851 0.0366211 0.159485 0.00229836
1 0.0203857 0.966064 0.0407715 0.0678711 0.00182819
2 0.600098 0.267761 0.714844 0.416626 0.00174904
13 0.0285645 0.856689 0.0333252 0.249512 0.0016737
13 0.972656 0.868652 0.0527344 0.262695 0.00140953
2 0.430176 0.312561 0.317383 0.271362 0.00135326
2 0.510742 0.937256 0.899414 0.125488 0.00130844
13 0.976807 0.94043 0.034668 0.109375 0.00128746
2 0.301514 0.309753 0.224121 0.25647 0.00123501
4 0.0443726 0.679199 0.0482178 0.486328 0.0012207
1 0.975586 0.143799 0.0449219 0.228516 0.00116158
1 0.985352 0.969727 0.0292969 0.0605469 0.00114155
1 0.984863 0.939453 0.0302734 0.107422 0.00108051
2 0.244873 0.297668 0.393066 0.411499 0.00107861
1 0.974609 0.955566 0.0351562 0.0869141 0.0010767
13 0.981201 0.956543 0.0356445 0.0830078 0.00100136
