13 0.18927 0.277771 0.110718 0.240356 0.796875
1 0.0283203 0.915771 0.046875 0.127441 0.329102
1 0.982178 0.93042 0.027832 0.0942383 0.176636
1 0.984375 0.913818 0.0195312 0.119629 0.0532227
1 0.980225 0.920166 0.0336914 0.138184 0.028656
1 0.980469 0.94873 0.0390625 0.0927734 0.026062
1 0.0214844 0.901855 0.0368652 0.112305 0.0259552
1 0.0291138 0.942383 0.0511475 0.0996094 0.0247192
13 0.167969 0.285156 0.0827637 0.221191 0.0186768
1 0.980469 0.947021 0.0332031 0.0629883 0.0176086
2 0.19104 0.275574 0.113525 0.244751 0.0173187
2 0.02948 0.924316 0.0458984 0.124023 0.0172272
13 0.183289 0.341919 0.102661 0.378662 0.0130005
14 0.0308228 0.923096 0.0443115 0.122559 0.0123749
13 0.217285 0.28418 0.117676 0.242188 0.0122681
4 0.0371094 0.323242 0.0526123 0.646484 0.012085
13 0.188843 0.281677 0.10083 0.139771 0.01194
1 0.0273438 0.876221 0.0406494 0.208496 0.0111618
13 0.204712 0.281982 0.0744629 0.208496 0.0106812
13 0.0371094 0.323242 0.0526123 0.646484 0.00870514
13 0.171356 0.270508 0.190491 0.26123 0.00728989
13 0.223145 0.281738 0.19043 0.269531 0.00720596
14 0.187988 0.274414 0.104004 0.224121 0.0063858
1 0.978516 0.885254 0.0292969 0.180664 0.0063858
13 0.155273 0.302002 0.0507812 0.190918 0.00627518
4 0.956055 0.483398 0.0605469 0.966797 0.00621414
1 0.190002 0.273499 0.105347 0.22644 0.00613403
4 0.189392 0.273682 0.108521 0.216309 0.00568008
4 0.979492 0.790527 0.0351562 0.362305 0.00461578
1 0.973633 0.0552063 0.046875 0.100525 0.0043335
13 0.15271 0.287109 0.256592 0.325195 0.00409698
1 0.0302734 0.830078 0.0466309 0.287109 0.00387192
4 0.0395508 0.462524 0.0616455 0.901123 0.00372887
14 0.431641 0.68457 0.0644531 0.0693359 0.00337601
9 0.0301208 0.920166 0.0458374 0.138184 0.00331116
1 0.0417023 0.931641 0.0533142 0.101562 0.00316811
1 0.0366211 0.897949 0.0488281 0.166992 0.00297737
1 0.0314484 0.0541992 0.0418396 0.0932617 0.00268555
2 0.0395508 0.462524 0.0616455 0.901123 0.00261307
13 0.161133 0.319153 0.0771484 0.339233 0.00251198
1 0.0334473 0.970703 0.0447998 0.0449219 0.0022068
4 0.0301208 0.920166 0.0458374 0.138184 0.00212097
1 0.976562 0.0652924 0.03125 0.102325 0.0021019
1 0.0280457 0.968018 0.0510864 0.0620117 0.00207901
13 0.0281677 0.920166 0.0462036 0.134277 0.00203514
1 0.0385742 0.90625 0.0718994 0.134766 0.00190544
1 0.978516 0.146912 0.03125 0.221802 0.0018549
18 0.187927 0.272949 0.107544 0.220703 0.00184727
7 0.187988 0.274414 0.104004 0.224121 0.00181198
14 0.981689 0.930176 0.0307617 0.0830078 0.001791
8 0.190369 0.278625 0.117798 0.237671 0.00176239
5 0.187988 0.274414 0.104004 0.224121 0.00171566
4 0.975586 0.333496 0.0449219 0.666992 0.00169754
13 0.239319 0.262695 0.100464 0.206055 0.00167751
3 0.187988 0.274414 0.104004 0.224121 0.00165749
9 0.189209 0.282227 0.114746 0.245605 0.00165462
4 0.0278015 0.831299 0.0360718 0.310059 0.00161457
12 0.187988 0.274414 0.104004 0.224121 0.00156212
16 0.187988 0.274414 0.104004 0.224121 0.00147438
13 0.0356598 0.137268 0.0331726 0.239136 0.00147438
1 0.972656 0.940186 0.0390625 0.090332 0.00146675
13 0.0356445 0.0808105 0.0325928 0.147461 0.00145531
10 0.187927 0.272949 0.107544 0.220703 0.00144577
13 0.0380859 0.189209 0.0391846 0.341309 0.00142479
1 0.977783 0.967041 0.0366211 0.0483398 0.0013628
6 0.187927 0.272949 0.107544 0.220703 0.0013628
4 0.0380859 0.217224 0.0443115 0.409302 0.00135612
17 0.187988 0.274414 0.104004 0.224121 0.00134182
15 0.187988 0.274414 0.104004 0.224121 0.0013113
19 0.187683 0.27832 0.114868 0.235352 0.00130653
1 0.95166 0.0610046 0.0810547 0.0933228 0.00129509
13 0.210388 0.384888 0.141724 0.503662 0.00126839
11 0.187988 0.274414 0.104004 0.224121 0.00125599
1 0.0258789 0.0833435 0.0318604 0.150208 0.00124359
1 0.972412 0.13385 0.0317383 0.191284 0.00122929
4 0.961182 0.672607 0.0541992 0.654785 0.00118637
0 0.187988 0.274414 0.104004 0.224121 0.00118542
2 0.0323486 0.336792 0.0544434 0.650635 0.00115299
13 0.195496 0.237244 0.09729 0.141724 0.0011301
13 0.0922852 0.28418 0.114746 0.361328 0.00107956
1 0.0302734 0.902832 0.038208 0.0927734 0.00106525
13 0.258301 0.262207 0.0629883 0.185059 0.00102806
4 0.97168 0.700073 0.0449219 0.56665 0.0010128
