2 0.839844 0.375 0.135742 0.266602 0.790527
13 0.851074 0.374268 0.145508 0.274902 0.167847
2 0.499512 0.495117 0.821289 0.990234 0.0673218
1 0.844238 0.376465 0.131836 0.264648 0.044342
2 0.434204 0.443848 0.793701 0.612305 0.0413818
4 0.0695038 0.476074 0.105621 0.941406 0.0377197
13 0.256836 0.747559 0.0263672 0.0498047 0.035675
2 0.855469 0.368896 0.259766 0.269043 0.0220947
2 0.868652 0.369629 0.106445 0.279297 0.0194244
13 0.974365 0.0617676 0.0317383 0.0795898 0.0160522
1 0.0280304 0.928223 0.0302429 0.110352 0.0157013
2 0.511841 0.182373 0.880615 0.364746 0.013382
13 0.977783 0.0961914 0.0268555 0.135498 0.0126114
2 0.504028 0.308838 0.866943 0.617676 0.0119629
14 0.844238 0.376343 0.129883 0.262939 0.0102692
2 0.794922 0.393311 0.0527344 0.225098 0.00925446
2 0.844238 0.255859 0.134766 0.034668 0.00800323
2 0.51062 0.128265 0.912354 0.215637 0.00756454
13 0.981445 0.115479 0.0273438 0.154785 0.00745773
1 0.0395508 0.0673981 0.0488281 0.106903 0.00715637
13 0.794922 0.393311 0.0527344 0.225098 0.00705719
1 0.975586 0.0584106 0.0390625 0.0679932 0.00515747
2 0.437988 0.31134 0.807617 0.412476 0.0051384
9 0.849609 0.375732 0.136719 0.279785 0.00508881
13 0.977295 0.174316 0.027832 0.269531 0.00439835
2 0.974609 0.0551758 0.0351562 0.059082 0.0041275
2 0.812988 0.389404 0.0966797 0.256348 0.00408173
4 0.853516 0.368408 0.126953 0.268066 0.00377464
1 0.0238037 0.952881 0.0330811 0.0805664 0.00344849
13 0.855469 0.368896 0.259766 0.269043 0.00332451
1 0.030014 0.88208 0.0312805 0.185059 0.00323677
8 0.843262 0.375 0.137695 0.279297 0.00304413
13 0.812988 0.389404 0.0966797 0.256348 0.00290108
2 0.256836 0.74707 0.0224609 0.0517578 0.00259972
2 0.562012 0.558716 0.810547 0.616943 0.00250626
2 0.977295 0.0664825 0.0356445 0.0916443 0.00240135
4 0.0516357 0.533569 0.0726318 0.759033 0.00210762
19 0.841797 0.374634 0.143555 0.283936 0.00193024
5 0.843262 0.375 0.137695 0.279297 0.00191593
13 0.980469 0.111084 0.0390625 0.19873 0.00189686
2 0.844727 0.371826 0.105469 0.143066 0.00188446
10 0.841797 0.374634 0.143555 0.283936 0.00185108
13 0.971436 0.0545654 0.0473633 0.0614014 0.00184059
18 0.841797 0.374634 0.143555 0.283936 0.00179291
3 0.843262 0.375 0.137695 0.279297 0.00175762
2 0.783691 0.396118 0.0458984 0.205811 0.00175476
1 0.0322418 0.109375 0.0346375 0.184082 0.00174332
13 0.846191 0.255127 0.118164 0.0385742 0.00173187
7 0.843262 0.375 0.137695 0.279297 0.00172424
4 0.499512 0.495117 0.821289 0.990234 0.00172234
1 0.0728455 0.050354 0.138 0.100708 0.00167942
15 0.843262 0.375 0.137695 0.279297 0.00166416
12 0.843262 0.375 0.137695 0.279297 0.00165176
16 0.841797 0.374634 0.143555 0.283936 0.00164604
2 0.0665588 0.476685 0.102722 0.943115 0.00163078
1 0.437622 0.440796 0.775146 0.802002 0.00162888
2 0.620605 0.172302 0.708008 0.246216 0.00160217
17 0.843262 0.375 0.137695 0.279297 0.00159454
11 0.843262 0.375 0.137695 0.279297 0.00158882
6 0.841797 0.374634 0.143555 0.283936 0.0015831
2 0.79248 0.389038 0.168945 0.251221 0.00155163
2 0.780762 0.348389 0.0253906 0.106934 0.00151443
2 0.503052 0.0764771 0.898193 0.152954 0.00146484
4 0.0431519 0.747559 0.0460205 0.463867 0.00146008
0 0.843262 0.375 0.137695 0.279297 0.00144672
13 0.976318 0.0750885 0.043457 0.119843 0.00142097
13 0.442749 0.478882 0.778564 0.837158 0.00132561
2 0.783691 0.382812 0.0292969 0.169922 0.00122166
1 0.0510254 0.0552368 0.0845947 0.0938721 0.00112152
2 0.256592 0.746582 0.0356445 0.0585938 0.00112057
14 0.255371 0.745117 0.0263672 0.0507812 0.00107479
1 0.979492 0.145081 0.0292969 0.22644 0.00104427
