13 0.738281 0.779297 0.126953 0.180664 0.777832
13 0.867188 0.608887 0.0917969 0.194336 0.773926
13 0.788574 0.702637 0.235352 0.336914 0.683594
13 0.763672 0.742188 0.194336 0.24707 0.610352
2 0.737793 0.793945 0.134766 0.181641 0.462646
13 0.862305 0.646484 0.0908203 0.150391 0.325195
1 0.979492 0.928711 0.03125 0.101562 0.317627
13 0.85498 0.640137 0.110352 0.254883 0.122986
1 0.961426 0.0564728 0.0458984 0.112885 0.115967
4 0.0493164 0.469482 0.0882568 0.938965 0.0899658
1 0.979492 0.913574 0.0410156 0.133789 0.0876465
1 0.975342 0.913086 0.0297852 0.105469 0.0822144
13 0.785156 0.783203 0.229492 0.212891 0.0802002
2 0.474976 0.481689 0.844971 0.963379 0.0770874
1 0.0204926 0.963135 0.0271301 0.0678711 0.04953
13 0.825195 0.674805 0.176758 0.297852 0.0407715
2 0.78125 0.790039 0.224609 0.180664 0.0374146
13 0.980225 0.828369 0.0297852 0.284668 0.0368347
13 0.970703 0.852539 0.03125 0.232422 0.0338745
1 0.979492 0.874023 0.0371094 0.212891 0.0288696
13 0.980713 0.913574 0.0307617 0.137695 0.026825
13 0.789062 0.835938 0.0214844 0.0644531 0.0247192
1 0.879395 0.0273438 0.178711 0.0222168 0.0222015
2 0.86377 0.620605 0.0888672 0.194336 0.0150299
13 0.869629 0.586426 0.0703125 0.157227 0.0144272
4 0.977295 0.73877 0.0415039 0.504883 0.0139847
1 0.86377 0.620605 0.0888672 0.194336 0.0133362
13 0.979492 0.760254 0.0390625 0.428711 0.0123215
2 0.796875 0.675781 0.222656 0.34668 0.0122604
13 0.983643 0.871826 0.0307617 0.195801 0.0117493
13 0.716309 0.781738 0.1875 0.212891 0.011734
1 0.73877 0.779297 0.136719 0.176758 0.0113144
13 0.969727 0.793945 0.0351562 0.345703 0.0107803
1 0.963379 0.0395508 0.0576172 0.0791016 0.0102081
13 0.86377 0.687988 0.102539 0.243164 0.0100555
2 0.769043 0.736328 0.191406 0.250977 0.00958252
13 0.797363 0.631348 0.238281 0.280273 0.00837708
1 0.795898 0.67627 0.220703 0.354492 0.00832367
1 0.0220642 0.0660706 0.0385132 0.107117 0.00810242
4 0.740234 0.779785 0.131836 0.180664 0.00717926
1 0.97998 0.943115 0.0400391 0.090332 0.00716782
14 0.740234 0.779785 0.131836 0.180664 0.00714874
1 0.974609 0.890625 0.0351562 0.141602 0.00705719
14 0.0207214 0.967529 0.0305786 0.0551758 0.00702286
4 0.979736 0.796387 0.0327148 0.338867 0.00690079
1 0.118683 0.0292053 0.190857 0.0303345 0.00664902
13 0.975586 0.875977 0.0273438 0.179688 0.00626373
13 0.843262 0.612305 0.206055 0.258789 0.00625992
1 0.0193939 0.945557 0.030304 0.103027 0.00611496
13 0.867188 0.617188 0.0800781 0.116211 0.00605392
13 0.899414 0.614258 0.201172 0.266602 0.00547791
1 0.96582 0.0888367 0.046875 0.169983 0.00531769
1 0.769043 0.736328 0.191406 0.250977 0.00520706
2 0.513184 0.398071 0.887695 0.625732 0.00513458
1 0.966309 0.924805 0.0439453 0.0898438 0.00504684
4 0.769043 0.736328 0.191406 0.250977 0.00496674
1 0.976318 0.82373 0.0375977 0.30957 0.00477219
2 0.787109 0.834473 0.0302734 0.0722656 0.00473022
2 0.0548096 0.483765 0.101318 0.942627 0.0046463
1 0.970703 0.852539 0.03125 0.232422 0.00455093
1 0.0275726 0.918701 0.0395813 0.13916 0.00453568
14 0.865234 0.611816 0.0869141 0.186523 0.00407028
1 0.866699 0.973389 0.165039 0.0180664 0.00405884
13 0.826172 0.647461 0.175781 0.152344 0.00380325
9 0.741211 0.793945 0.132812 0.1875 0.00353241
4 0.953369 0.472534 0.0893555 0.849854 0.00345612
13 0.819824 0.741211 0.0214844 0.0351562 0.00345039
1 0.983643 0.919434 0.0327148 0.112305 0.00339508
13 0.9729 0.906738 0.0405273 0.129883 0.00334549
13 0.787109 0.815918 0.0478516 0.0966797 0.00327682
1 0.0188904 0.0971985 0.0326538 0.154236 0.00325203
4 0.864258 0.621094 0.0869141 0.199219 0.00307465
2 0.487915 0.623047 0.750732 0.5625 0.00299263
4 0.785645 0.703125 0.245117 0.336914 0.00287056
14 0.769043 0.736328 0.191406 0.250977 0.00277328
14 0.977783 0.913086 0.0307617 0.104492 0.00266075
1 0.017807 0.169495 0.0354309 0.316284 0.00258446
1 0.969727 0.751465 0.0371094 0.432617 0.00232315
8 0.741211 0.793945 0.132812 0.1875 0.00230217
2 0.020813 0.0664978 0.0362549 0.11261 0.00226593
13 0.723633 0.771973 0.262695 0.267578 0.00224304
2 0.0228577 0.957764 0.0366821 0.0805664 0.00219345
13 0.87207 0.554199 0.0771484 0.09375 0.00217056
1 0.961426 0.0505524 0.0361328 0.079071 0.00209618
14 0.0240784 0.957275 0.036438 0.0756836 0.00205421
1 0.965088 0.895996 0.0581055 0.145508 0.00197411
1 0.975342 0.941162 0.0297852 0.0708008 0.00195503
13 0.887695 0.591797 0.09375 0.207031 0.00192928
1 0.0224762 0.0521698 0.0329285 0.0702209 0.00191593
1 0.0307922 0.958984 0.0355835 0.0722656 0.00185204
1 0.950195 0.0512238 0.0683594 0.0884705 0.00182915
13 0.966064 0.740234 0.0444336 0.488281 0.00180531
2 0.979492 0.874023 0.0371094 0.212891 0.00180149
5 0.741211 0.793945 0.132812 0.1875 0.00175285
7 0.741211 0.793945 0.132812 0.1875 0.00168514
13 0.737793 0.771973 0.0849609 0.111328 0.0016737
3 0.741211 0.793945 0.132812 0.1875 0.00165367
1 0.97583 0.871094 0.0268555 0.137695 0.0016222
2 0.980713 0.913574 0.0307617 0.137695 0.00162125
13 0.760254 0.773926 0.105469 0.138672 0.00160503
7 0.862793 0.617676 0.0878906 0.196289 0.00159645
19 0.741211 0.793945 0.132812 0.1875 0.0015955
13 0.716309 0.804199 0.107422 0.174805 0.00159359
18 0.739258 0.780762 0.132812 0.176758 0.00159168
10 0.741211 0.793945 0.132812 0.1875 0.00158405
13 0.862305 0.645996 0.0703125 0.0947266 0.00157166
7 0.788574 0.702637 0.235352 0.336914 0.00156784
18 0.862793 0.617676 0.0878906 0.196289 0.00155926
8 0.862793 0.617676 0.0878906 0.196289 0.00153637
13 0.966309 0.924805 0.0439453 0.0898438 0.00151825
5 0.862793 0.617676 0.0878906 0.196289 0.0015173
13 0.859375 0.709473 0.166016 0.397461 0.0015173
1 0.0186768 0.915771 0.0275879 0.127441 0.00151634
12 0.741211 0.793945 0.132812 0.1875 0.00151157
15 0.741211 0.793945 0.132812 0.1875 0.00151157
1 0.984375 0.903076 0.0253906 0.166504 0.00150967
1 0.962646 0.0793762 0.0356445 0.123962 0.00148487
16 0.741211 0.793945 0.132812 0.1875 0.00147629
13 0.981201 0.828125 0.0336914 0.180664 0.00147152
17 0.741211 0.793945 0.132812 0.1875 0.00146484
1 0.880371 0.0211182 0.165039 0.0286865 0.0014534
9 0.788574 0.702637 0.235352 0.336914 0.00145054
11 0.741211 0.793945 0.132812 0.1875 0.00143147
13 0.842285 0.620605 0.142578 0.15918 0.0014019
0 0.741211 0.793945 0.132812 0.1875 0.0013876
6 0.737793 0.793945 0.134766 0.181641 0.00138283
19 0.796875 0.675781 0.222656 0.34668 0.00138283
14 0.795898 0.67627 0.220703 0.354492 0.00138187
13 0.953857 0.504395 0.0864258 0.844727 0.00137806
3 0.862793 0.617676 0.0878906 0.196289 0.00137615
6 0.796875 0.675781 0.222656 0.34668 0.00137234
1 0.0895081 0.0265503 0.16864 0.0214844 0.00136757
12 0.862793 0.617676 0.0878906 0.196289 0.00136566
13 0.947266 0.743652 0.09375 0.417969 0.00135708
4 0.0343628 0.439941 0.0687256 0.879883 0.00134277
16 0.862793 0.617676 0.0878906 0.196289 0.00133991
8 0.796875 0.675781 0.222656 0.34668 0.00129986
18 0.795898 0.67627 0.220703 0.354492 0.00128365
5 0.788574 0.702637 0.235352 0.336914 0.00127983
8 0.769043 0.736328 0.191406 0.250977 0.00127792
10 0.862793 0.617676 0.0878906 0.196289 0.00126362
3 0.769043 0.736328 0.191406 0.250977 0.00125885
2 0.832031 0.626953 0.166992 0.238281 0.00125599
16 0.788574 0.702637 0.235352 0.336914 0.00124073
12 0.769043 0.736328 0.191406 0.250977 0.00123405
13 0.972412 0.850586 0.0258789 0.139648 0.0012331
19 0.867188 0.608887 0.0917969 0.194336 0.00122547
3 0.795898 0.67627 0.220703 0.354492 0.00121117
1 0.786133 0.785645 0.199219 0.220703 0.00120735
6 0.862793 0.617676 0.0878906 0.196289 0.00120544
11 0.796875 0.675781 0.222656 0.34668 0.00119305
17 0.862793 0.617676 0.0878906 0.196289 0.00118732
10 0.796875 0.675781 0.222656 0.34668 0.00117874
18 0.769043 0.736328 0.191406 0.250977 0.00117302
1 0.0206604 0.97168 0.0369263 0.0546875 0.00116062
10 0.769043 0.736328 0.191406 0.250977 0.0011549
2 0.503906 0.188354 0.892578 0.349854 0.00113106
2 0.0195312 0.0510864 0.0336914 0.0622559 0.00112629
6 0.769043 0.736328 0.191406 0.250977 0.0011158
11 0.862793 0.617676 0.0878906 0.196289 0.00111103
15 0.862793 0.617676 0.0878906 0.196289 0.00110245
12 0.795898 0.67627 0.220703 0.354492 0.00109863
2 0.0195465 0.142212 0.0365906 0.247803 0.00109673
9 0.86377 0.620605 0.0888672 0.194336 0.00106335
0 0.796875 0.675781 0.222656 0.34668 0.00105762
11 0.769043 0.736328 0.191406 0.250977 0.00105667
13 0.76416 0.781738 0.204102 0.150391 0.00104713
0 0.862793 0.617676 0.0878906 0.196289 0.00103188
15 0.769043 0.736328 0.191406 0.250977 0.00103188
17 0.769043 0.736328 0.191406 0.250977 0.00102329
1 0.974609 0.0453491 0.0507812 0.0869141 0.00101566
19 0.769043 0.736328 0.191406 0.250977 0.00100803
