13 0.23584 0.703125 0.166016 0.200195 0.848633
13 0.189941 0.699219 0.289062 0.219727 0.69043
2 0.182251 0.699219 0.317139 0.220703 0.272461
2 0.101685 0.656738 0.151611 0.03125 0.0894165
13 0.139526 0.212524 0.0754395 0.0368652 0.044281
2 0.918945 0.182739 0.105469 0.032959 0.0427856
13 0.174011 0.669434 0.296509 0.130859 0.0364685
13 0.170227 0.640137 0.324585 0.0849609 0.0308228
13 0.102142 0.656738 0.14679 0.0292969 0.0268555
1 0.028656 0.93042 0.0272827 0.127441 0.0241852
13 0.186523 0.711426 0.171387 0.212891 0.019516
2 0.211365 0.205872 0.280396 0.0501709 0.0140839
1 0.0251465 0.0582733 0.0286865 0.0821838 0.0137253
2 0.0274811 0.937988 0.0246277 0.114258 0.0136795
13 0.154816 0.652832 0.246521 0.0673828 0.0117874
2 0.127136 0.649902 0.204712 0.0361328 0.011734
2 0.219971 0.713867 0.163086 0.228516 0.0114441
13 0.125 0.213318 0.123291 0.0494385 0.0102615
13 0.122528 0.726562 0.175354 0.158203 0.0098877
13 0.171753 0.766602 0.273682 0.337891 0.00938416
2 0.901855 0.178345 0.121094 0.0344238 0.00848389
2 0.10202 0.793701 0.156799 0.359863 0.00821686
1 0.184448 0.706543 0.28833 0.229492 0.00727081
14 0.028656 0.93042 0.0272827 0.127441 0.00722122
2 0.180359 0.657227 0.296509 0.12793 0.00703812
13 0.140106 0.168762 0.107971 0.113159 0.00675964
4 0.235352 0.706055 0.156738 0.204102 0.00668335
1 0.0246887 0.935547 0.0215454 0.0996094 0.00651932
2 0.0228119 0.95459 0.0193176 0.0751953 0.00629044
14 0.23584 0.703125 0.166016 0.200195 0.00616455
2 0.149536 0.649902 0.279053 0.0576172 0.00605774
1 0.983398 0.956787 0.0253906 0.0649414 0.00580215
1 0.23584 0.703125 0.166016 0.200195 0.00516129
14 0.187744 0.700684 0.278809 0.225586 0.00507355
13 0.127899 0.203369 0.0908813 0.0498047 0.00491333
13 0.19873 0.748047 0.0913086 0.136719 0.00442123
13 0.202209 0.720215 0.112183 0.188477 0.00433731
4 0.189941 0.699219 0.289062 0.219727 0.00430298
1 0.308594 0.0386353 0.250977 0.034668 0.00428772
1 0.97583 0.910156 0.0268555 0.134766 0.00365257
13 0.141174 0.696289 0.244019 0.169922 0.00362587
2 0.927734 0.180176 0.0712891 0.0332031 0.00354195
2 0.13916 0.212524 0.0739746 0.0388184 0.00339317
9 0.187744 0.700684 0.278809 0.225586 0.00337601
14 0.0228119 0.95459 0.0193176 0.0751953 0.0033226
4 0.307617 0.515137 0.108887 0.821289 0.00299454
13 0.192261 0.197815 0.2146 0.071167 0.00282288
2 0.179199 0.782227 0.318359 0.375 0.00272942
9 0.235352 0.712891 0.15332 0.223633 0.00264359
13 0.915527 0.179688 0.0976562 0.0288086 0.00246811
13 0.226624 0.735352 0.139526 0.161133 0.00244522
2 0.0210571 0.94043 0.0297852 0.109375 0.00240135
13 0.249268 0.67041 0.166992 0.148438 0.00240135
2 0.123138 0.643066 0.181458 0.0556641 0.00227737
13 0.119965 0.20105 0.136536 0.076416 0.00218201
0 0.219971 0.713867 0.163086 0.228516 0.00217628
13 0.0256958 0.915527 0.0266113 0.15332 0.00215912
13 0.121918 0.655762 0.179993 0.0429688 0.00214958
2 0.154175 0.626953 0.267334 0.0947266 0.0020256
7 0.234375 0.709473 0.163086 0.211914 0.00194073
13 0.899902 0.176147 0.128906 0.0375977 0.00193024
8 0.187744 0.700684 0.278809 0.225586 0.00191116
5 0.219971 0.713867 0.163086 0.228516 0.00185108
19 0.232483 0.710938 0.168823 0.209961 0.00176334
2 0.0406494 0.338867 0.0598145 0.657227 0.00173378
12 0.219971 0.713867 0.163086 0.228516 0.00173283
11 0.219971 0.713867 0.163086 0.228516 0.00169945
1 0.983398 0.961426 0.0195312 0.0478516 0.00169277
18 0.234375 0.709473 0.163086 0.211914 0.0016737
8 0.23584 0.703125 0.166016 0.200195 0.00165558
7 0.187744 0.700684 0.278809 0.225586 0.00163555
16 0.234375 0.709473 0.163086 0.211914 0.00162125
3 0.187744 0.700684 0.278809 0.225586 0.00157261
13 0.0317993 0.905273 0.0252686 0.144531 0.00157261
6 0.232483 0.710938 0.168823 0.209961 0.00156879
4 0.80957 0.70166 0.0957031 0.551758 0.0015564
3 0.234375 0.709961 0.155273 0.212891 0.00155354
1 0.978516 0.954102 0.0214844 0.0507812 0.00154972
5 0.187744 0.700684 0.278809 0.225586 0.00154781
2 0.0430298 0.82251 0.0579834 0.327637 0.00152302
10 0.235352 0.712891 0.15332 0.223633 0.00151539
13 0.159668 0.201782 0.120117 0.0583496 0.00151253
2 0.380615 0.21167 0.231934 0.0332031 0.00151062
1 0.0228119 0.95459 0.0193176 0.0751953 0.0014658
15 0.187744 0.700684 0.278809 0.225586 0.00146103
6 0.183716 0.701172 0.287354 0.21875 0.00145531
10 0.181458 0.712891 0.261108 0.235352 0.00144291
13 0.140808 0.151398 0.157837 0.159607 0.00143337
19 0.187744 0.700684 0.278809 0.225586 0.00143242
16 0.181458 0.712891 0.261108 0.235352 0.00143147
12 0.187744 0.700684 0.278809 0.225586 0.00141525
11 0.187744 0.700684 0.278809 0.225586 0.00141048
18 0.189941 0.699219 0.289062 0.219727 0.0014019
1 0.969727 0.121002 0.0371094 0.170593 0.00139809
14 0.0246887 0.935547 0.0215454 0.0996094 0.00139523
17 0.187744 0.700684 0.278809 0.225586 0.00136089
2 0.0252686 0.923828 0.0330811 0.134766 0.00135994
14 0.0237122 0.965088 0.0162964 0.0444336 0.00132942
13 0.115692 0.729492 0.198792 0.293945 0.00132561
0 0.187744 0.700684 0.278809 0.225586 0.00129414
15 0.234375 0.709961 0.155273 0.212891 0.00126362
13 0.174744 0.602539 0.280396 0.140625 0.0012579
17 0.234375 0.709473 0.163086 0.211914 0.00124836
1 0.0233307 0.0897217 0.0304871 0.137695 0.00119305
1 0.138641 0.0363922 0.214417 0.0326843 0.00115204
13 0.11853 0.735352 0.108398 0.161133 0.0011282
2 0.0496368 0.459229 0.0669861 0.851074 0.00111675
13 0.20343 0.640625 0.329468 0.128906 0.00110245
13 0.101288 0.666016 0.1651 0.0400391 0.00109959
13 0.239502 0.725098 0.257324 0.261719 0.00109959
1 0.869141 0.0447388 0.212891 0.0352783 0.00109482
2 0.117645 0.660645 0.208069 0.0439453 0.0010643
2 0.106689 0.628906 0.155273 0.0742188 0.00104618
2 0.209839 0.225403 0.282959 0.0858154 0.00104046
1 0.975342 0.957275 0.0297852 0.065918 0.00103188
13 0.123138 0.643066 0.181458 0.0556641 0.00102615
14 0.13916 0.212524 0.0739746 0.0388184 0.00102043
13 0.198242 0.685547 0.211426 0.139648 0.00100803
2 0.051651 0.79541 0.085907 0.397461 0.00100708
