13 0.437988 0.111053 0.12207 0.152893 0.799316
1 0.984375 0.962891 0.03125 0.0742188 0.624512
13 0.634277 0.337158 0.0332031 0.29541 0.532227
13 0.627441 0.349609 0.0332031 0.243164 0.427002
13 0.583008 0.183594 0.0351562 0.114258 0.331055
2 0.627441 0.36377 0.0371094 0.227539 0.175903
1 0.0286865 0.947266 0.0378418 0.09375 0.167114
13 0.578613 0.291565 0.046875 0.341675 0.105408
1 0.978516 0.956055 0.0332031 0.0839844 0.0980835
13 0.597168 0.284668 0.0458984 0.351562 0.0896606
13 0.581055 0.205444 0.0429688 0.148682 0.0856323
13 0.628906 0.302185 0.0576172 0.350708 0.0776978
1 0.0273438 0.926025 0.0280762 0.112793 0.0692749
13 0.643066 0.252014 0.0380859 0.256714 0.0657959
13 0.581543 0.220215 0.0292969 0.181641 0.0608826
1 0.62793 0.351929 0.0351562 0.235596 0.0506897
13 0.462036 0.100464 0.0681152 0.141602 0.0455322
1 0.985352 0.93457 0.0292969 0.121094 0.0411377
13 0.617188 0.272766 0.0771484 0.421265 0.040741
14 0.629883 0.369629 0.0361328 0.208008 0.035614
13 0.648438 0.217346 0.0341797 0.0784912 0.0346985
1 0.031311 0.914795 0.0355225 0.158691 0.0276947
13 0.643066 0.328979 0.0351562 0.297119 0.0227966
13 0.645508 0.275696 0.0507812 0.424194 0.0209503
13 0.58252 0.231689 0.0361328 0.313965 0.0195618
14 0.0283661 0.94751 0.0379944 0.0932617 0.0190277
2 0.623535 0.31189 0.0585938 0.325439 0.0187683
13 0.586426 0.265137 0.0742188 0.405762 0.0169678
13 0.641602 0.323669 0.0654297 0.299927 0.0167847
1 0.978516 0.923096 0.0371094 0.149902 0.0163727
4 0.973877 0.20697 0.0483398 0.343872 0.0162506
1 0.0264282 0.0588074 0.0375977 0.104553 0.0157318
13 0.627441 0.353516 0.0283203 0.144043 0.0154419
2 0.615234 0.298645 0.0927734 0.367554 0.014267
2 0.638672 0.362183 0.0439453 0.224854 0.01297
13 0.476929 0.083252 0.0412598 0.097168 0.0105743
13 0.646484 0.236816 0.0273438 0.145508 0.0102844
14 0.440186 0.110809 0.121582 0.15094 0.0100098
1 0.0237732 0.963379 0.0386353 0.0732422 0.00982666
1 0.438599 0.113312 0.11792 0.154236 0.00982666
13 0.643066 0.209534 0.0439453 0.119995 0.00926971
1 0.0224609 0.938232 0.0308838 0.0844727 0.0087738
1 0.634277 0.337158 0.0332031 0.29541 0.00740433
1 0.979492 0.062561 0.03125 0.0699463 0.00717926
13 0.484741 0.0753784 0.0461426 0.0794678 0.00678635
2 0.440674 0.111725 0.126465 0.150574 0.0060997
13 0.591797 0.153931 0.0351562 0.145264 0.00605392
1 0.583984 0.183533 0.0283203 0.112915 0.00579071
1 0.0339813 0.868408 0.0375061 0.228027 0.0057373
4 0.435547 0.116821 0.114258 0.151123 0.0056076
1 0.0385742 0.0701294 0.0375977 0.112671 0.00556564
13 0.609375 0.134155 0.0732422 0.190186 0.00494766
13 0.575195 0.266541 0.0341797 0.277466 0.0049057
1 0.986328 0.936523 0.0234375 0.0878906 0.00487137
1 0.978516 0.0529175 0.0410156 0.0509033 0.00472641
1 0.982178 0.854492 0.0297852 0.283203 0.004673
13 0.653809 0.229004 0.0283203 0.0996094 0.00456619
13 0.575684 0.233154 0.0292969 0.180176 0.00424957
13 0.394287 0.11496 0.193848 0.147522 0.00393295
13 0.662109 0.276672 0.0761719 0.392944 0.00377846
13 0.592285 0.20929 0.115234 0.323608 0.00371742
13 0.587891 0.177795 0.0478516 0.199097 0.00364685
13 0.616211 0.167053 0.0917969 0.332886 0.00363731
14 0.984131 0.96167 0.0317383 0.074707 0.00359535
13 0.420898 0.118408 0.15918 0.197266 0.00352287
4 0.973877 0.16333 0.0424805 0.219727 0.00346184
1 0.987793 0.962646 0.0244141 0.074707 0.00341415
4 0.981934 0.798096 0.0361328 0.403809 0.00337029
13 0.4021 0.123047 0.257324 0.246094 0.00336266
13 0.476196 0.121582 0.254639 0.243164 0.00332642
13 0.584473 0.246765 0.0527344 0.238892 0.00315666
13 0.63916 0.363159 0.0488281 0.227783 0.00315285
13 0.471191 0.0981445 0.0400391 0.125488 0.00311089
13 0.641602 0.254395 0.0273438 0.20166 0.00296402
4 0.972412 0.740723 0.0395508 0.518555 0.00281715
13 0.608887 0.098999 0.0800781 0.123047 0.00281525
1 0.0283356 0.885498 0.0273132 0.191895 0.00281143
4 0.966309 0.262512 0.0537109 0.420288 0.00266647
1 0.989746 0.949463 0.0205078 0.0913086 0.00265694
2 0.983643 0.960938 0.0327148 0.0742188 0.00265312
13 0.577148 0.153198 0.03125 0.123779 0.00252151
13 0.62793 0.125732 0.0605469 0.174561 0.00248718
13 0.635254 0.241699 0.0488281 0.353027 0.00244713
4 0.0366211 0.769775 0.034668 0.427246 0.00242805
2 0.583008 0.183594 0.0351562 0.114258 0.00241852
13 0.979492 0.957764 0.03125 0.074707 0.00220108
14 0.634766 0.337036 0.0371094 0.284912 0.00219727
13 0.635742 0.351318 0.0283203 0.14209 0.00214195
13 0.975586 0.149506 0.0449219 0.238586 0.00209045
13 0.78418 0.237061 0.0722656 0.134766 0.00205994
14 0.583008 0.183594 0.0273438 0.111816 0.00202751
13 0.603027 0.333252 0.0917969 0.274902 0.0019989
13 0.582031 0.146027 0.104492 0.226501 0.00193024
13 0.583496 0.187988 0.0244141 0.0966797 0.00189209
14 0.963623 0.354736 0.027832 0.0288086 0.00187492
13 0.976562 0.905273 0.0371094 0.189453 0.00185299
4 0.616211 0.269836 0.0869141 0.394897 0.00184441
1 0.0375977 0.955322 0.0402832 0.0698242 0.0018425
14 0.978271 0.955322 0.0317383 0.0834961 0.00183964
9 0.632812 0.365112 0.0390625 0.2229 0.00182724
8 0.440186 0.110809 0.121582 0.15094 0.00181961
13 0.63623 0.25116 0.103516 0.414673 0.00180435
1 0.0341797 0.8125 0.0325928 0.349609 0.00174236
7 0.440186 0.110809 0.121582 0.15094 0.00170994
4 0.976562 0.107574 0.0390625 0.156433 0.00170326
12 0.440186 0.110809 0.121582 0.15094 0.00167084
18 0.440186 0.110809 0.121582 0.15094 0.00165749
3 0.440186 0.110809 0.121582 0.15094 0.00165749
5 0.440186 0.110809 0.121582 0.15094 0.00163269
1 0.627441 0.353516 0.0283203 0.144043 0.00162792
1 0.975586 0.96875 0.0351562 0.0527344 0.00160694
13 0.589844 0.193298 0.0351562 0.126099 0.00159836
14 0.627441 0.353516 0.0283203 0.144043 0.00158978
13 0.40625 0.12674 0.103027 0.142517 0.00155354
13 0.579102 0.218628 0.0253906 0.0964355 0.00154686
2 0.0282898 0.947266 0.0368042 0.09375 0.00152111
1 0.982422 0.0861664 0.0332031 0.111115 0.00150108
13 0.933594 0.779785 0.0673828 0.341797 0.00147915
13 0.564453 0.313232 0.0732422 0.36377 0.0014677
1 0.975586 0.149506 0.0449219 0.238586 0.00145721
6 0.440186 0.110809 0.121582 0.15094 0.001441
2 0.628906 0.370605 0.0351562 0.117676 0.00142574
13 0.430542 0.135956 0.101807 0.125061 0.00141239
4 0.628418 0.342163 0.0341797 0.262939 0.00140858
9 0.0276184 0.936768 0.0372925 0.126465 0.00140285
4 0.949951 0.706299 0.090332 0.587402 0.00139713
10 0.440186 0.110809 0.121582 0.15094 0.00138569
16 0.440186 0.110809 0.121582 0.15094 0.00138569
9 0.983643 0.960938 0.0327148 0.0742188 0.00137424
4 0.984131 0.96167 0.0317383 0.074707 0.00136566
9 0.439941 0.113037 0.130859 0.1521 0.00131702
13 0.947021 0.734863 0.0727539 0.512695 0.00131512
3 0.983643 0.960938 0.0327148 0.0742188 0.00129128
6 0.984131 0.96167 0.0317383 0.074707 0.00128174
13 0.970703 0.200623 0.0390625 0.295044 0.00127792
15 0.440186 0.110809 0.121582 0.15094 0.00127697
4 0.638672 0.318542 0.0380859 0.324829 0.00126743
13 0.583496 0.158997 0.0292969 0.140015 0.00126362
1 0.0213165 0.914795 0.0376892 0.143066 0.00124264
2 0.633789 0.326294 0.0341797 0.318115 0.00124168
13 0.577637 0.152374 0.0498047 0.131287 0.00123501
13 0.381348 0.119537 0.046875 0.150574 0.00122261
19 0.440186 0.110809 0.121582 0.15094 0.0012188
17 0.440186 0.110809 0.121582 0.15094 0.00121403
13 0.94751 0.831055 0.0776367 0.314453 0.00119209
1 0.614258 0.295959 0.0849609 0.349487 0.00118637
14 0.962158 0.347412 0.0288086 0.0375977 0.00117302
10 0.984131 0.96167 0.0317383 0.074707 0.00117302
13 0.65332 0.352173 0.0654297 0.248779 0.00115967
7 0.984131 0.96167 0.0317383 0.074707 0.00115871
13 0.564941 0.133423 0.0517578 0.170654 0.00115871
11 0.440186 0.110809 0.121582 0.15094 0.00114059
1 0.981934 0.798096 0.0361328 0.403809 0.00113201
13 0.0279846 0.951904 0.0361938 0.0844727 0.0011301
0 0.440186 0.110809 0.121582 0.15094 0.00112247
13 0.974854 0.777344 0.0405273 0.445312 0.00111198
2 0.0264893 0.903809 0.0380859 0.188477 0.00108337
1 0.0310669 0.0858459 0.0415039 0.152039 0.00107956
19 0.983643 0.960938 0.0327148 0.0742188 0.00107098
13 0.460327 0.955566 0.0227051 0.0419922 0.00106907
0 0.983643 0.960938 0.0327148 0.0742188 0.00105858
4 0.578613 0.291565 0.046875 0.341675 0.00104809
15 0.983643 0.960938 0.0327148 0.0742188 0.00104618
18 0.983643 0.960938 0.0327148 0.0742188 0.0010376
13 0.641113 0.17334 0.0449219 0.253906 0.00102425
5 0.983643 0.960938 0.0327148 0.0742188 0.00101089
13 0.890625 0.8125 0.0546875 0.199219 0.00100422
