13 0.577148 0.305176 0.0605469 0.216797 0.699707
13 0.461304 0.0829468 0.0852051 0.111938 0.654785
2 0.459473 0.0811462 0.0820312 0.11554 0.553223
2 0.583008 0.309753 0.0566406 0.212524 0.521484
13 0.474487 0.0926514 0.0822754 0.0805664 0.5
13 0.563477 0.134033 0.0253906 0.0498047 0.365967
13 0.572266 0.0521698 0.0234375 0.0853577 0.215942
1 0.0287781 0.934814 0.052063 0.118652 0.206177
13 0.564941 0.164368 0.0351562 0.127319 0.19043
1 0.0283203 0.925781 0.0336914 0.0976562 0.188965
13 0.570801 0.0506592 0.0175781 0.0584717 0.149658
13 0.492188 0.0884399 0.138672 0.0955811 0.107178
13 0.568359 0.200378 0.0439453 0.267212 0.0915527
1 0.984375 0.953125 0.03125 0.0742188 0.0732422
2 0.466431 0.0996094 0.072998 0.081543 0.059082
13 0.570312 0.0736389 0.0263672 0.12323 0.0574951
13 0.577637 0.302246 0.0478516 0.145508 0.0550537
1 0.0260468 0.06427 0.0401917 0.12854 0.0377197
13 0.568359 0.152374 0.0351562 0.248474 0.0278931
13 0.594238 0.314697 0.0791016 0.204102 0.0262299
13 0.56543 0.205811 0.0683594 0.347168 0.0248566
14 0.583008 0.309326 0.0566406 0.210938 0.0242004
14 0.470093 0.0872803 0.0773926 0.110596 0.0241241
2 0.480347 0.0901489 0.098877 0.114868 0.0236359
1 0.982422 0.0466919 0.0273438 0.0577393 0.0235748
1 0.578613 0.301025 0.0546875 0.206543 0.0227661
13 0.571777 0.134399 0.03125 0.0578613 0.0202637
1 0.0341797 0.0584717 0.0429688 0.110352 0.0200043
1 0.0260925 0.908691 0.0343628 0.145508 0.0183411
13 0.5625 0.137695 0.0371094 0.0668945 0.0168457
1 0.463257 0.0854034 0.0773926 0.111664 0.0158539
13 0.523926 0.204834 0.160156 0.393555 0.0153809
13 0.555664 0.283203 0.107422 0.290039 0.015213
1 0.0333862 0.849609 0.0471191 0.285156 0.0148087
13 0.981445 0.0561066 0.0253906 0.0845642 0.0142441
1 0.988281 0.94043 0.0195312 0.0625 0.0133286
2 0.563477 0.13208 0.0253906 0.0534668 0.0123062
13 0.504395 0.122498 0.129883 0.219849 0.0120392
1 0.985352 0.925781 0.0292969 0.109375 0.0117874
2 0.568359 0.318604 0.133789 0.242676 0.0115967
4 0.044754 0.774414 0.0452576 0.417969 0.010025
1 0.988281 0.916504 0.0195312 0.108398 0.0093689
13 0.574219 0.164734 0.0410156 0.115845 0.00911713
13 0.584961 0.302979 0.046875 0.115234 0.00865173
1 0.563477 0.134033 0.0253906 0.0498047 0.00837708
4 0.0664368 0.489136 0.0961304 0.955322 0.00758743
1 0.0302734 0.870361 0.0350342 0.212402 0.00751495
2 0.325806 0.272217 0.584717 0.534668 0.00744629
13 0.570312 0.251221 0.0458984 0.132324 0.00734711
13 0.980713 0.0943298 0.0288086 0.150208 0.00693512
1 0.979492 0.945312 0.0371094 0.0820312 0.00675964
2 0.449585 0.0926208 0.181885 0.150696 0.00648499
13 0.522949 0.0811768 0.102539 0.0976562 0.00634384
2 0.571289 0.0493774 0.0166016 0.0510254 0.00603104
14 0.0281372 0.934814 0.0534668 0.114746 0.0055809
13 0.572754 0.0469513 0.0283203 0.0533142 0.00536346
13 0.493652 0.0794678 0.175781 0.158936 0.00522614
13 0.443115 0.0804443 0.180176 0.160889 0.00503159
2 0.578125 0.303223 0.0458984 0.14502 0.00454712
14 0.578125 0.303223 0.0458984 0.14502 0.00450897
13 0.455322 0.0932007 0.0668945 0.0853271 0.00439835
13 0.582031 0.266113 0.0429688 0.151855 0.00435638
13 0.570312 0.164001 0.0546875 0.167114 0.00435638
1 0.0224457 0.905273 0.0298157 0.102539 0.00417709
4 0.463379 0.0821381 0.0859375 0.115265 0.00412369
2 0.0627747 0.489624 0.0927124 0.960205 0.00411987
1 0.981689 0.0587158 0.0307617 0.0893555 0.00407028
1 0.0371094 0.930664 0.0522461 0.0917969 0.00403976
1 0.0379028 0.791504 0.0507812 0.385742 0.00394821
1 0.977539 0.141083 0.0292969 0.235901 0.00380898
1 0.474487 0.0926514 0.0822754 0.0805664 0.00369072
13 0.566895 0.0655518 0.0205078 0.0849609 0.00350952
13 0.978271 0.170227 0.0297852 0.299194 0.00342941
4 0.946777 0.510376 0.0849609 0.924561 0.0034256
9 0.46167 0.0823669 0.0834961 0.112122 0.00339508
13 0.576172 0.248047 0.0410156 0.246582 0.00327682
14 0.0272064 0.931641 0.0393372 0.0917969 0.0032692
13 0.55957 0.142944 0.0449219 0.14917 0.00325584
1 0.570312 0.0498047 0.0136719 0.0623779 0.00323296
9 0.58252 0.310059 0.0585938 0.215332 0.00318909
8 0.46106 0.0812073 0.0837402 0.118835 0.00303078
2 0.493652 0.0794678 0.175781 0.158936 0.00299454
2 0.57666 0.246094 0.0634766 0.307129 0.00292015
13 0.561523 0.319031 0.164062 0.311157 0.00291443
13 0.984863 0.0686188 0.0302734 0.1091 0.00286865
4 0.977783 0.296509 0.0424805 0.571045 0.0028553
1 0.026535 0.96875 0.0440979 0.0625 0.00282097
13 0.55127 0.130005 0.0292969 0.0427246 0.00279427
2 0.56543 0.306152 0.208984 0.240234 0.00279236
2 0.326172 0.269592 0.555664 0.333862 0.00277901
13 0.555664 0.119995 0.0859375 0.20874 0.00265121
13 0.446899 0.0622559 0.0612793 0.0727539 0.00263596
2 0.626953 0.3078 0.195312 0.229126 0.00261116
13 0.550781 0.163574 0.0400391 0.115723 0.00260544
1 0.977539 0.924561 0.0390625 0.115723 0.00254059
13 0.568848 0.14502 0.0478516 0.0944824 0.00248528
1 0.564941 0.164368 0.0351562 0.127319 0.00247955
2 0.769043 0.233704 0.420898 0.458374 0.00245667
13 0.566895 0.0418701 0.0234375 0.0756836 0.00241661
13 0.53418 0.176941 0.120117 0.303345 0.00241661
14 0.563477 0.134033 0.0253906 0.0498047 0.00231552
1 0.573242 0.0511932 0.0185547 0.0882874 0.0023098
2 0.572266 0.0521698 0.0234375 0.0853577 0.00227928
13 0.575195 0.0425873 0.0351562 0.0827942 0.00225449
13 0.589355 0.315186 0.0527344 0.17627 0.00222206
2 0.761719 0.191528 0.383789 0.283936 0.00220108
13 0.0393066 0.808105 0.0410156 0.336914 0.00219727
4 0.584961 0.310547 0.0517578 0.224121 0.00206757
13 0.56543 0.0970459 0.0410156 0.113037 0.00204849
13 0.514771 0.0581055 0.129639 0.116211 0.00201416
1 0.980713 0.0943298 0.0288086 0.150208 0.00201225
1 0.0263977 0.948975 0.034729 0.074707 0.00196648
13 0.986328 0.90332 0.0214844 0.138672 0.00195694
13 0.982422 0.0450439 0.0273438 0.0510254 0.00194645
2 0.984375 0.0482788 0.0292969 0.0601807 0.00192642
2 0.477417 0.480469 0.787354 0.960938 0.00191593
5 0.461426 0.0822601 0.0859375 0.115265 0.00188255
1 0.0213165 0.938477 0.0420837 0.0859375 0.00187874
13 0.0311279 0.855225 0.0391846 0.254395 0.00187778
7 0.461426 0.0822601 0.0859375 0.115265 0.00185299
8 0.583008 0.309326 0.0566406 0.210938 0.00185108
2 0.0281372 0.934814 0.0534668 0.114746 0.00184631
2 0.257812 0.0755157 0.457031 0.106537 0.00182915
19 0.46106 0.0812073 0.0837402 0.118835 0.00181961
18 0.461426 0.0822601 0.0859375 0.115265 0.00181103
13 0.571289 0.306641 0.108398 0.206055 0.00180721
2 0.567383 0.0512848 0.015625 0.0627136 0.00177383
3 0.463379 0.0821381 0.0859375 0.115265 0.00173855
15 0.46106 0.0812073 0.0837402 0.118835 0.00172901
1 0.983398 0.82959 0.0273438 0.288086 0.00172615
2 0.59375 0.314453 0.0986328 0.206055 0.00172329
2 0.571777 0.134399 0.03125 0.0578613 0.00170517
10 0.46106 0.0812073 0.0837402 0.118835 0.00170231
12 0.46106 0.0812073 0.0837402 0.118835 0.00169659
1 0.03125 0.0852051 0.0361328 0.162842 0.001688
13 0.521362 0.0847778 0.158447 0.125854 0.00167465
11 0.46106 0.0812073 0.0837402 0.118835 0.00165749
13 0.559082 0.187805 0.0458984 0.179077 0.00163364
17 0.46106 0.0812073 0.0837402 0.118835 0.00163269
13 0.0253906 0.868652 0.0324707 0.174805 0.00162506
2 0.946777 0.510376 0.0849609 0.924561 0.00157356
13 0.567383 0.102905 0.0263672 0.115723 0.0015583
16 0.463379 0.0821381 0.0859375 0.115265 0.00152302
6 0.463379 0.0821381 0.0859375 0.115265 0.0015173
1 0.0363159 0.893066 0.0588379 0.200195 0.00151348
4 0.474487 0.0926514 0.0822754 0.0805664 0.00150299
1 0.0194092 0.081604 0.0388184 0.148315 0.00143909
13 0.557129 0.137207 0.0322266 0.0947266 0.00142097
1 0.568359 0.200378 0.0439453 0.267212 0.00140858
1 0.48938 0.0882568 0.116943 0.109131 0.00139046
4 0.958984 0.592041 0.0585938 0.815918 0.00135994
0 0.46106 0.0812073 0.0837402 0.118835 0.00134754
2 0.560547 0.306152 0.0800781 0.217773 0.00133038
2 0.523438 0.319763 0.181641 0.220825 0.00132084
4 0.0537109 0.520996 0.0688477 0.757812 0.00130463
13 0.470703 0.0959473 0.257812 0.191895 0.00127697
4 0.568359 0.200378 0.0439453 0.267212 0.00123119
2 0.763916 0.100677 0.433105 0.156555 0.00117302
1 0.985352 0.0344238 0.0253906 0.0456543 0.00117111
2 0.570312 0.0736389 0.0263672 0.12323 0.00116444
13 0.560547 0.125 0.0253906 0.0585938 0.00115776
1 0.992676 0.942383 0.0146484 0.0566406 0.00115108
19 0.583008 0.309753 0.0566406 0.212524 0.0011282
2 0.510742 0.0785217 0.138672 0.115906 0.00109959
14 0.570312 0.0505981 0.015625 0.0621338 0.00109577
13 0.0281372 0.934814 0.0534668 0.114746 0.00109005
10 0.583008 0.309326 0.0566406 0.210938 0.0010891
10 0.563477 0.131104 0.0273438 0.0500488 0.00107861
4 0.564941 0.164368 0.0351562 0.127319 0.00105762
9 0.563477 0.13208 0.0253906 0.0534668 0.00105667
7 0.58252 0.310059 0.0585938 0.215332 0.00102234
9 0.481934 0.0941162 0.103516 0.0876465 0.00101662
