2 0.396484 0.586426 0.0493164 0.0800781 0.772461
1 0.034668 0.926514 0.0446777 0.117676 0.376709
1 0.981934 0.941162 0.0361328 0.10791 0.253418
1 0.987305 0.932373 0.0253906 0.10791 0.135986
14 0.394043 0.587402 0.0478516 0.0771484 0.0912476
1 0.0350342 0.94873 0.0488281 0.0810547 0.0901489
1 0.0345306 0.893799 0.0513 0.192871 0.0828247
13 0.395508 0.585449 0.0454102 0.0849609 0.0536499
1 0.0302734 0.904785 0.0301514 0.149414 0.0534668
1 0.0351562 0.865479 0.0361328 0.23584 0.0490417
1 0.977295 0.0642395 0.0395508 0.107849 0.0411682
1 0.0371094 0.784668 0.0373535 0.368164 0.0341187
1 0.984375 0.911621 0.0273438 0.15918 0.0292206
1 0.0430908 0.916504 0.0385742 0.139648 0.0149307
1 0.0415039 0.0664673 0.0533447 0.12146 0.0126953
1 0.0415039 0.17688 0.0466309 0.324463 0.0118103
1 0.982422 0.869385 0.0292969 0.22998 0.0116959
1 0.978516 0.918213 0.0332031 0.112793 0.0107803
4 0.0672913 0.490723 0.105164 0.956055 0.0103531
1 0.396484 0.587891 0.0498047 0.0800781 0.0102386
1 0.976807 0.952881 0.034668 0.0825195 0.00946808
2 0.381348 0.591797 0.0644531 0.0800781 0.00712585
1 0.976562 0.904297 0.0390625 0.166016 0.00578308
1 0.984375 0.805664 0.0273438 0.339844 0.00551987
1 0.0395508 0.108398 0.043335 0.182861 0.00533295
1 0.976318 0.10434 0.0356445 0.179504 0.00522614
13 0.157715 0.608398 0.0361328 0.0429688 0.00486374
1 0.975342 0.169739 0.0375977 0.313843 0.00478363
1 0.0426636 0.836914 0.0518799 0.304688 0.00470734
2 0.416016 0.583008 0.0654297 0.0810547 0.00426865
1 0.969482 0.0525055 0.0415039 0.0820007 0.00411987
2 0.494019 0.315002 0.843994 0.499878 0.00403214
1 0.981445 0.959961 0.0371094 0.0800781 0.00356865
9 0.394043 0.587402 0.0478516 0.0771484 0.00339317
1 0.971436 0.939941 0.0493164 0.100586 0.00304985
8 0.39502 0.587891 0.0478516 0.0791016 0.00278473
1 0.026886 0.913086 0.053772 0.140625 0.00263023
2 0.157715 0.608398 0.0361328 0.0429688 0.00249672
1 0.98877 0.944824 0.0224609 0.0908203 0.00242043
1 0.976318 0.148102 0.0317383 0.200378 0.00237846
1 0.959961 0.944092 0.078125 0.0981445 0.00224304
12 0.395752 0.587402 0.0483398 0.0820312 0.00222397
1 0.990234 0.916992 0.0195312 0.123047 0.0021553
2 0.399902 0.580566 0.074707 0.101562 0.00214386
4 0.0443726 0.69751 0.0473633 0.558105 0.00207901
1 0.979492 0.831299 0.0410156 0.337402 0.00198936
1 0.0597687 0.866455 0.0791931 0.243652 0.0019722
6 0.395752 0.587402 0.0483398 0.0820312 0.00194168
4 0.395752 0.587402 0.0483398 0.0820312 0.00193405
1 0.0390625 0.758789 0.0512695 0.464844 0.00189781
1 0.0334473 0.966064 0.0527344 0.0620117 0.00178051
19 0.39502 0.587891 0.0478516 0.0791016 0.0017519
10 0.39502 0.587891 0.0478516 0.0791016 0.00169086
2 0.330811 0.594238 0.205566 0.0849609 0.00168705
16 0.39502 0.587891 0.0478516 0.0791016 0.00163937
2 0.40625 0.57666 0.0361328 0.0751953 0.0016346
1 0.0345917 0.144836 0.0411682 0.264038 0.00159264
13 0.986328 0.904297 0.0234375 0.144531 0.00157547
1 0.0292969 0.813965 0.0432129 0.311523 0.00153065
11 0.39502 0.587891 0.0478516 0.0791016 0.00149918
1 0.873047 0.965576 0.236328 0.0512695 0.00146675
5 0.396484 0.587891 0.0498047 0.0800781 0.0014534
1 0.0350952 0.0799866 0.0389404 0.157898 0.00143719
1 0.0224762 0.904297 0.0368347 0.15625 0.00139046
7 0.394043 0.587402 0.0478516 0.0771484 0.00134754
4 0.877441 0.432617 0.143555 0.767578 0.00131989
1 0.981201 0.974609 0.0336914 0.0507812 0.00130844
3 0.39502 0.587891 0.0478516 0.0791016 0.00122356
15 0.395752 0.587402 0.0483398 0.0820312 0.00121212
13 0.973877 0.144592 0.0444336 0.245972 0.00120831
2 0.484375 0.220886 0.905273 0.309204 0.00120354
4 0.0426025 0.800537 0.0418701 0.391113 0.00115871
13 0.034668 0.926514 0.0446777 0.117676 0.0011425
2 0.0604706 0.455566 0.106842 0.898438 0.0011282
1 0.971924 0.0537567 0.0561523 0.103668 0.00111389
18 0.394043 0.587402 0.0478516 0.0771484 0.00110912
2 0.502808 0.94751 0.888916 0.10498 0.00103951
4 0.0355377 0.929443 0.0480652 0.117676 0.00103855
0 0.39502 0.587891 0.0478516 0.0791016 0.00103092
14 0.985352 0.931152 0.0292969 0.0888672 0.00102425
