13 0.635254 0.758789 0.0625 0.25 0.867188
1 0.0270996 0.953369 0.0471191 0.0737305 0.139038
1 0.974854 0.0545807 0.0366211 0.0822449 0.133301
4 0.933105 0.473633 0.0771484 0.889648 0.0853882
4 0.0438843 0.761475 0.0491943 0.436035 0.0656738
13 0.638672 0.713379 0.0546875 0.179688 0.054657
1 0.983154 0.951904 0.0317383 0.0825195 0.0523071
1 0.0272827 0.938477 0.0354004 0.0898438 0.0452271
13 0.641602 0.755859 0.114258 0.257812 0.0278473
2 0.642578 0.752441 0.0810547 0.248047 0.0273132
1 0.03125 0.915771 0.0426025 0.13916 0.0247955
13 0.641602 0.750488 0.0595703 0.143555 0.0228882
1 0.0319214 0.941895 0.0500488 0.106445 0.0215454
13 0.085907 0.756348 0.0606079 0.0771484 0.0196991
1 0.640137 0.766602 0.0634766 0.264648 0.019516
2 0.496582 0.47583 0.772461 0.95166 0.0134735
13 0.0721436 0.760254 0.0495605 0.0888672 0.0133209
1 0.970947 0.0619965 0.0463867 0.109894 0.011879
13 0.0611725 0.841309 0.0744324 0.280273 0.0117722
1 0.0361328 0.865234 0.0447998 0.238281 0.0117493
1 0.981445 0.922119 0.03125 0.122559 0.0116348
13 0.0438843 0.761475 0.0491943 0.436035 0.0103302
1 0.0273285 0.94043 0.0298157 0.0566406 0.00981903
1 0.964355 0.0485229 0.0595703 0.0681152 0.00942993
14 0.640625 0.755371 0.0595703 0.248047 0.00926971
1 0.0380859 0.057663 0.0394287 0.0990295 0.00830841
1 0.0385742 0.0895081 0.0396729 0.166199 0.0079422
1 0.978516 0.0782166 0.0371094 0.129211 0.00764465
13 0.623535 0.756348 0.189453 0.305664 0.00745392
13 0.671875 0.757324 0.166992 0.286133 0.00741196
13 0.03508 0.854004 0.0482483 0.280273 0.00708771
1 0.983398 0.940918 0.0234375 0.0869141 0.0067749
1 0.969727 0.103973 0.0371094 0.183655 0.00627136
4 0.069931 0.467529 0.0847473 0.900879 0.00605392
14 0.0296021 0.950195 0.0544434 0.0859375 0.0059967
13 0.646484 0.697266 0.0449219 0.140625 0.00572205
4 0.635254 0.756836 0.0703125 0.24707 0.00563812
2 0.49707 0.443604 0.925781 0.614746 0.00559235
2 0.666992 0.76709 0.124023 0.238281 0.00554657
14 0.0271606 0.938477 0.0358887 0.09375 0.0053215
13 0.055603 0.852051 0.0350342 0.220703 0.00504684
1 0.981445 0.955322 0.0234375 0.065918 0.00471878
1 0.0455322 0.843262 0.0516357 0.286133 0.00461197
1 0.979492 0.833252 0.0292969 0.29248 0.00388718
1 0.02771 0.90332 0.0264893 0.144531 0.00358009
1 0.041687 0.0438232 0.057251 0.0874023 0.00311089
13 0.887207 0.527344 0.0390625 0.150391 0.00307083
13 0.071228 0.763672 0.0592041 0.176758 0.00296021
13 0.0363159 0.897949 0.0355225 0.163086 0.00293732
13 0.0600433 0.758789 0.072052 0.388672 0.00288963
13 0.0641479 0.834473 0.0523682 0.21582 0.0028801
1 0.0402832 0.0722656 0.0577393 0.143799 0.00232506
4 0.0579071 0.787109 0.063385 0.388672 0.00231743
1 0.0283051 0.925293 0.0278625 0.0742188 0.002285
1 0.0353394 0.120941 0.0500488 0.215637 0.00224876
13 0.0290833 0.894043 0.0444946 0.192383 0.00224113
1 0.97583 0.959717 0.0307617 0.0551758 0.00217247
2 0.0847473 0.755859 0.0592651 0.0849609 0.00215912
13 0.661621 0.736816 0.0878906 0.231445 0.00205994
1 0.974854 0.14212 0.034668 0.245544 0.00201607
13 0.647461 0.723633 0.0488281 0.244141 0.00197601
1 0.97583 0.941162 0.0288086 0.0981445 0.00191784
13 0.0988464 0.749023 0.0635376 0.0742188 0.00178051
19 0.633301 0.755371 0.0712891 0.257812 0.00177956
1 0.976318 0.884277 0.0356445 0.198242 0.00176334
13 0.650391 0.682129 0.0361328 0.103516 0.00175667
1 0.974609 0.911133 0.0292969 0.144531 0.00165844
4 0.0519409 0.673096 0.0622559 0.653809 0.00164986
13 0.0435791 0.88501 0.0443115 0.19873 0.00161171
2 0.494141 0.311401 0.938477 0.396729 0.00159836
11 0.633301 0.755371 0.0712891 0.257812 0.00154781
2 0.620117 0.775391 0.134766 0.253906 0.00153732
2 0.0611725 0.841309 0.0744324 0.280273 0.00152493
10 0.633301 0.755371 0.0712891 0.257812 0.00149345
8 0.633301 0.755371 0.0712891 0.257812 0.0014534
1 0.975586 0.17218 0.046875 0.312866 0.00143909
2 0.369751 0.460083 0.655029 0.804443 0.00142002
7 0.633301 0.755371 0.0712891 0.257812 0.00140858
6 0.633301 0.755371 0.0712891 0.257812 0.00139809
3 0.633301 0.755371 0.0712891 0.257812 0.00137043
13 0.60791 0.770508 0.110352 0.243164 0.00137043
16 0.633301 0.755371 0.0712891 0.257812 0.00132275
5 0.633301 0.755371 0.0712891 0.257812 0.00131321
9 0.63623 0.758789 0.0615234 0.257812 0.00128555
18 0.633301 0.755371 0.0712891 0.257812 0.00126743
0 0.633301 0.755371 0.0712891 0.257812 0.00126362
1 0.975586 0.0458374 0.0488281 0.0891113 0.00125313
2 0.635254 0.75 0.0566406 0.211914 0.00119114
13 0.729492 0.758789 0.283203 0.267578 0.00118065
13 0.0654907 0.703125 0.0556641 0.355469 0.00117683
13 0.67041 0.757812 0.302734 0.345703 0.00113964
12 0.633301 0.755371 0.0712891 0.257812 0.00107193
13 0.902832 0.518066 0.0595703 0.182617 0.00106049
17 0.633301 0.755371 0.0712891 0.257812 0.00105572
1 0.98584 0.926514 0.0283203 0.0961914 0.0010519
2 0.0322876 0.89502 0.0511475 0.198242 0.00104809
13 0.0713501 0.680176 0.0679932 0.21875 0.00104427
15 0.633301 0.755371 0.0712891 0.257812 0.00101471
13 0.0910339 0.740723 0.0664673 0.115234 0.00100994
