2 0.491577 0.89624 0.184814 0.160645 0.843262
2 0.403748 0.890381 0.382935 0.182129 0.281982
13 0.619141 0.235657 0.0439453 0.074585 0.230347
1 0.986328 0.942627 0.0234375 0.0678711 0.211182
1 0.0231476 0.959473 0.0287781 0.0712891 0.169434
1 0.984375 0.942383 0.0292969 0.0917969 0.15918
2 0.313843 0.891602 0.540283 0.207031 0.154541
13 0.624512 0.261963 0.0556641 0.138184 0.153442
13 0.922363 0.787109 0.0634766 0.0351562 0.129395
13 0.629883 0.282776 0.0742188 0.156128 0.112854
4 0.0439453 0.753906 0.0469971 0.449219 0.0562439
1 0.985352 0.915771 0.0253906 0.127441 0.0459595
1 0.0385742 0.0558929 0.0511475 0.0837708 0.0420837
13 0.619629 0.226807 0.0595703 0.103027 0.0387878
13 0.620117 0.234131 0.03125 0.0620117 0.0370483
13 0.905762 0.735352 0.121094 0.128906 0.03479
13 0.492188 0.894531 0.19043 0.164062 0.0279694
1 0.0354462 0.0649414 0.0614319 0.117676 0.0213928
14 0.491699 0.890869 0.19043 0.157715 0.0206451
13 0.914551 0.78418 0.0800781 0.0537109 0.0205078
13 0.934082 0.788086 0.0664062 0.0419922 0.0204163
1 0.985352 0.959961 0.0292969 0.0800781 0.0196838
13 0.619141 0.275818 0.107422 0.183716 0.0196533
2 0.519531 0.537476 0.835938 0.803955 0.0179443
1 0.979492 0.920166 0.0371094 0.145996 0.0171204
2 0.48938 0.902588 0.267334 0.188965 0.0166016
1 0.0213928 0.947021 0.0352173 0.0649414 0.0165558
1 0.975586 0.0649109 0.0410156 0.0859985 0.0158539
1 0.975586 0.883545 0.0371094 0.217285 0.0153885
4 0.0499878 0.612915 0.0507812 0.614014 0.0128632
1 0.975586 0.937744 0.0273438 0.0932617 0.0127792
13 0.978516 0.828125 0.0351562 0.283203 0.0125122
9 0.492065 0.894531 0.192627 0.164062 0.0119629
1 0.0253448 0.943848 0.0271912 0.106445 0.0106888
4 0.945312 0.470581 0.0820312 0.818604 0.0102997
1 0.967041 0.121063 0.0405273 0.197815 0.0102539
4 0.0636444 0.492065 0.0987854 0.955322 0.00967407
13 0.623047 0.250732 0.0742188 0.175293 0.00966644
1 0.97168 0.0912781 0.0429688 0.140198 0.0091629
13 0.905762 0.78418 0.0976562 0.0371094 0.00899506
1 0.966309 0.166718 0.0458984 0.235901 0.00839996
13 0.888184 0.708008 0.109375 0.151367 0.00723267
2 0.358276 0.309998 0.646729 0.445435 0.00709534
13 0.910889 0.708984 0.119629 0.222656 0.00662994
13 0.981445 0.908203 0.0273438 0.144531 0.00649643
2 0.619995 0.893066 0.435791 0.15918 0.00622559
13 0.95874 0.849609 0.0668945 0.213867 0.00620651
1 0.978516 0.831055 0.0332031 0.279297 0.00618362
13 0.901367 0.775391 0.115234 0.0664062 0.0059433
4 0.303589 0.886475 0.549072 0.184082 0.00589752
1 0.493652 0.890137 0.185547 0.154297 0.0056839
1 0.965088 0.0627594 0.065918 0.0846863 0.00555038
13 0.611328 0.208374 0.0595703 0.138428 0.0050354
13 0.975586 0.883545 0.0371094 0.217285 0.00502014
1 0.0250854 0.915771 0.0335693 0.125488 0.00496674
2 0.619629 0.236145 0.0371094 0.0814209 0.00496292
14 0.620605 0.236389 0.0332031 0.0701904 0.00471878
13 0.619141 0.237793 0.0449219 0.13916 0.00465012
13 0.9729 0.910156 0.0307617 0.132812 0.00460815
13 0.322876 0.888672 0.610107 0.1875 0.0044632
4 0.0393066 0.246399 0.0603027 0.451538 0.00440216
13 0.854492 0.694824 0.0371094 0.0830078 0.00414276
13 0.0400391 0.865234 0.0354004 0.208984 0.00386429
2 0.922363 0.787109 0.0644531 0.0351562 0.00382423
4 0.490234 0.894043 0.192383 0.166992 0.00370026
8 0.491333 0.890381 0.182373 0.160645 0.00352097
1 0.026886 0.0802002 0.0435181 0.133545 0.00351715
1 0.97583 0.95459 0.0327148 0.0673828 0.0034771
13 0.642578 0.26001 0.12207 0.20752 0.00344658
13 0.63916 0.335266 0.0957031 0.258179 0.00344086
2 0.693726 0.939697 0.585205 0.114746 0.00314713
2 0.686523 0.891113 0.557617 0.213867 0.00313759
1 0.981445 0.895752 0.0292969 0.159668 0.00313377
13 0.625 0.248474 0.0390625 0.0977783 0.00309181
2 0.495483 0.88916 0.106689 0.131836 0.00308037
1 0.976562 0.914307 0.0292969 0.11084 0.00307274
4 0.965332 0.473633 0.0673828 0.833008 0.00302315
13 0.967285 0.847168 0.0361328 0.226562 0.00286674
13 0.632324 0.208191 0.0566406 0.104614 0.00276184
1 0.972656 0.945068 0.0410156 0.090332 0.00263023
1 0.963135 0.220032 0.0561523 0.392944 0.0025444
14 0.986328 0.94165 0.0253906 0.065918 0.002491
2 0.981445 0.908203 0.0273438 0.144531 0.00239944
1 0.0327148 0.105804 0.043457 0.176086 0.00237465
13 0.620605 0.190491 0.0664062 0.193237 0.00218773
13 0.933594 0.797852 0.0800781 0.238281 0.0021553
1 0.621094 0.235168 0.0351562 0.0784912 0.00210953
13 0.860352 0.692383 0.0507812 0.107422 0.00210762
4 0.0616913 0.675171 0.0724182 0.649658 0.00209618
13 0.629883 0.239502 0.0722656 0.107422 0.00207329
14 0.922363 0.787109 0.0644531 0.0351562 0.00207138
1 0.0547028 0.0531769 0.0883484 0.0816345 0.00200653
9 0.315186 0.890381 0.630371 0.184082 0.00199318
13 0.922363 0.775391 0.0830078 0.135742 0.00197411
16 0.495605 0.895508 0.189453 0.148438 0.00196838
2 0.3125 0.943359 0.624023 0.0898438 0.00195503
14 0.621094 0.24884 0.0478516 0.105347 0.00194931
19 0.496582 0.895996 0.183594 0.143555 0.00193691
7 0.495605 0.895508 0.189453 0.148438 0.00192356
13 0.036499 0.896484 0.0279541 0.167969 0.00189304
11 0.495605 0.895508 0.189453 0.148438 0.00187778
18 0.495605 0.895508 0.189453 0.148438 0.00186348
13 0.0375977 0.121185 0.0411377 0.219055 0.00184441
3 0.495605 0.895508 0.189453 0.148438 0.00182819
13 0.929199 0.820801 0.0771484 0.118164 0.00182533
1 0.991211 0.942383 0.0175781 0.0644531 0.00176525
1 0.922852 0.785645 0.0712891 0.0351562 0.00175858
6 0.490723 0.889404 0.196289 0.162598 0.00175571
1 0.990234 0.934326 0.0195312 0.0922852 0.00169182
5 0.487793 0.888916 0.205078 0.17334 0.00165939
10 0.487793 0.888916 0.205078 0.17334 0.00165939
12 0.495605 0.895508 0.189453 0.148438 0.00160217
15 0.495605 0.895508 0.189453 0.148438 0.00160217
13 0.0248108 0.0966492 0.0361938 0.163147 0.00159359
13 0.875977 0.785156 0.124023 0.0400391 0.00156975
17 0.496582 0.895996 0.183594 0.143555 0.00156975
4 0.0394897 0.811768 0.0336914 0.337402 0.00153446
13 0.521973 0.491211 0.823242 0.829102 0.00151634
0 0.495605 0.895508 0.189453 0.148438 0.00149918
13 0.945312 0.470581 0.0820312 0.818604 0.00147533
13 0.605469 0.244629 0.128906 0.226074 0.00147152
2 0.0640411 0.472046 0.087738 0.921143 0.00144863
9 0.405762 0.891357 0.378906 0.187988 0.00144672
13 0.876953 0.686523 0.0751953 0.130859 0.00144005
2 0.97876 0.86377 0.0307617 0.219727 0.00140095
13 0.93335 0.805176 0.109863 0.149414 0.00139809
13 0.942383 0.786621 0.0429688 0.103516 0.00138283
2 0.695312 0.965576 0.544922 0.0688477 0.00132942
2 0.986328 0.94165 0.0253906 0.065918 0.00131607
2 0.689575 0.970459 0.58374 0.0493164 0.00128841
10 0.621094 0.235168 0.0351562 0.0784912 0.00128555
4 0.968506 0.763916 0.0512695 0.472168 0.00127506
1 0.967773 0.0589294 0.0449219 0.071106 0.00124741
13 0.641602 0.390503 0.143555 0.484619 0.00121212
13 0.62793 0.228516 0.03125 0.0571289 0.00119686
2 0.537109 0.874512 0.219727 0.142578 0.00116634
1 0.018692 0.967773 0.032196 0.0605469 0.00116158
14 0.0229797 0.959229 0.0308228 0.0678711 0.0011301
13 0.915527 0.764648 0.0888672 0.0908203 0.00110912
13 0.82959 0.78418 0.0302734 0.0390625 0.00109577
14 0.405762 0.891357 0.378906 0.187988 0.0010891
4 0.920898 0.47168 0.113281 0.782227 0.00107002
1 0.322876 0.888672 0.610107 0.1875 0.00105667
13 0.0294189 0.899414 0.0289307 0.197266 0.00103188
1 0.0294189 0.899414 0.0289307 0.197266 0.00101376
13 0.986328 0.94165 0.0253906 0.065918 0.00100613
