2 0.500977 0.26123 0.305664 0.208008 0.842285
2 0.516113 0.308838 0.253906 0.102539 0.600586
1 0.981689 0.954346 0.0366211 0.0834961 0.32959
2 0.674683 0.175415 0.595947 0.325928 0.200317
2 0.507446 0.2854 0.291748 0.129395 0.197998
1 0.986328 0.948486 0.0273438 0.065918 0.14917
13 0.381836 0.213074 0.0380859 0.134399 0.135254
4 0.960205 0.498535 0.0795898 0.99707 0.0979614
13 0.805664 0.364014 0.0380859 0.0917969 0.0316772
1 0.981445 0.924561 0.0351562 0.141113 0.023819
4 0.969971 0.72644 0.0581055 0.537354 0.0228729
1 0.034668 0.0765991 0.0344238 0.135132 0.0167694
2 0.626953 0.242676 0.552734 0.244629 0.0157166
13 0.504395 0.26416 0.293945 0.205566 0.0151443
1 0.0249481 0.939209 0.0326233 0.0942383 0.0149689
4 0.0473633 0.726074 0.0455322 0.475586 0.0148926
9 0.50354 0.261719 0.30542 0.202148 0.0130157
14 0.502808 0.269348 0.301025 0.214233 0.00996399
4 0.515625 0.262695 0.275391 0.17627 0.00863647
13 0.162109 0.199951 0.0268555 0.0629883 0.0085144
1 0.987305 0.917236 0.0253906 0.122559 0.00826263
13 0.0390625 0.235596 0.0587158 0.450684 0.0082016
1 0.515625 0.262695 0.275391 0.17627 0.00814819
4 0.0612335 0.488281 0.0935974 0.932617 0.0079422
13 0.516113 0.308838 0.253906 0.102539 0.00775146
1 0.0232239 0.966797 0.0447388 0.0566406 0.00731277
2 0.577637 0.280029 0.400391 0.149902 0.00713348
13 0.396973 0.237793 0.0712891 0.177246 0.0067749
2 0.521118 0.310791 0.148193 0.0961914 0.00503159
4 0.0479889 0.608521 0.0517273 0.62085 0.00447464
4 0.96582 0.575684 0.0644531 0.739258 0.00439835
2 0.382324 0.2146 0.043457 0.129395 0.00431824
2 0.493774 0.274231 0.184326 0.192749 0.00415802
13 0.0356293 0.127686 0.0366516 0.232422 0.00410461
1 0.0346527 0.057785 0.0395813 0.0873108 0.0039444
13 0.980225 0.884766 0.0375977 0.197266 0.0038662
13 0.444336 0.246033 0.227539 0.191528 0.00378036
2 0.0645752 0.484863 0.0979004 0.927734 0.0037365
13 0.369629 0.212769 0.03125 0.125244 0.00362015
4 0.977539 0.789551 0.0410156 0.385742 0.003582
13 0.0346069 0.16864 0.0446777 0.325806 0.00354576
9 0.513184 0.309326 0.271484 0.09375 0.00338364
13 0.984375 0.899658 0.0273438 0.161621 0.00309372
2 0.444336 0.246033 0.227539 0.191528 0.00308609
8 0.505371 0.261475 0.293945 0.197754 0.00308418
1 0.507324 0.304688 0.299805 0.106445 0.00303078
14 0.514648 0.308105 0.280273 0.0976562 0.00288391
1 0.991211 0.946289 0.0175781 0.0625 0.00281334
14 0.224121 0.663086 0.0263672 0.0791016 0.00280571
2 0.515137 0.322266 0.307617 0.188965 0.00267601
1 0.379883 0.212769 0.0429688 0.133545 0.00248528
18 0.515625 0.262695 0.275391 0.17627 0.00247765
1 0.0322266 0.108887 0.0349121 0.192383 0.0024662
1 0.977539 0.144073 0.0332031 0.22113 0.00243378
19 0.515625 0.262695 0.275391 0.17627 0.00242233
16 0.515625 0.262695 0.275391 0.17627 0.00240326
1 0.0252228 0.950928 0.0447693 0.0864258 0.00237465
4 0.971191 0.510986 0.0576172 0.938965 0.00236702
13 0.808594 0.354248 0.0263672 0.0605469 0.00233459
3 0.515625 0.262695 0.275391 0.17627 0.00229263
7 0.515625 0.262695 0.275391 0.17627 0.00225639
11 0.515625 0.262695 0.275391 0.17627 0.00223923
13 0.375977 0.231689 0.0449219 0.157715 0.00215149
13 0.373535 0.220154 0.112793 0.131958 0.00214577
1 0.0283203 0.921387 0.0247803 0.0849609 0.00212479
15 0.512207 0.257568 0.290039 0.166992 0.00206947
2 0.981445 0.953857 0.0371094 0.0805664 0.00206566
0 0.515625 0.262695 0.275391 0.17627 0.00204086
17 0.515625 0.262695 0.275391 0.17627 0.00204086
6 0.500977 0.26123 0.305664 0.208008 0.00201225
12 0.515625 0.262695 0.275391 0.17627 0.00191689
1 0.980469 0.868408 0.0332031 0.233887 0.00184155
14 0.98584 0.94751 0.0283203 0.065918 0.00183201
10 0.515625 0.262695 0.275391 0.17627 0.00180149
5 0.515625 0.262695 0.275391 0.17627 0.00177288
8 0.514648 0.308105 0.280273 0.0976562 0.00176811
1 0.0312958 0.907471 0.035553 0.153809 0.00172043
4 0.680664 0.175903 0.561523 0.241455 0.00168133
4 0.514648 0.308105 0.280273 0.0976562 0.00166225
1 0.97583 0.943848 0.0405273 0.0888672 0.00163174
2 0.980225 0.884766 0.0375977 0.197266 0.00159168
13 0.981445 0.953857 0.0371094 0.0805664 0.00154495
13 0.821289 0.238464 0.0146484 0.0465088 0.00152969
13 0.223389 0.660156 0.0292969 0.0800781 0.00152969
1 0.0380859 0.173523 0.0418701 0.317993 0.00151062
1 0.0343628 0.871094 0.0391846 0.205078 0.00150967
13 0.680664 0.175903 0.561523 0.241455 0.00149155
2 0.53418 0.220703 0.411133 0.269043 0.00140667
6 0.514648 0.297607 0.30957 0.111816 0.00136185
1 0.680664 0.175903 0.561523 0.241455 0.00135326
1 0.969727 0.958984 0.0566406 0.0742188 0.0013504
14 0.680664 0.175903 0.561523 0.241455 0.00134373
4 0.94458 0.464478 0.11084 0.828857 0.00127316
9 0.680664 0.175903 0.561523 0.241455 0.00126266
2 0.715576 0.156586 0.568848 0.212708 0.0011425
13 0.975586 0.148315 0.0429688 0.24585 0.00113392
1 0.980469 0.0858154 0.0351562 0.121094 0.00110245
4 0.966309 0.306396 0.0673828 0.562012 0.00103664
13 0.97583 0.943848 0.0405273 0.0888672 0.00101185
