13 0.209778 0.343384 0.067749 0.406982 0.28833
1 0.985352 0.972412 0.0195312 0.0493164 0.116516
2 0.711914 0.518066 0.0800781 0.0332031 0.0821533
1 0.986328 0.959717 0.0253906 0.0688477 0.058197
13 0.216797 0.305908 0.0478516 0.340332 0.0561523
13 0.190918 0.479614 0.0634766 0.570068 0.0523376
13 0.208069 0.418091 0.0843506 0.556396 0.0462952
13 0.715332 0.476562 0.0644531 0.137695 0.0457764
1 0.0258179 0.948242 0.0270996 0.09375 0.0418091
13 0.218323 0.188416 0.0286865 0.108521 0.0379028
2 0.712891 0.511597 0.0742188 0.0959473 0.0306702
13 0.0839844 0.4552 0.0495605 0.0651855 0.0303802
13 0.728027 0.463135 0.0380859 0.120605 0.0282593
13 0.102905 0.430298 0.126465 0.110107 0.0232086
4 0.0444336 0.30957 0.0606689 0.575195 0.0200958
2 0.71582 0.529297 0.0810547 0.0546875 0.0146179
13 0.0426636 0.416626 0.0495605 0.780029 0.0137863
13 0.162964 0.607422 0.0617676 0.137695 0.0135651
13 0.219666 0.181152 0.0196533 0.081543 0.0114975
1 0.986328 0.975586 0.0273438 0.0488281 0.0105286
1 0.027359 0.950195 0.0209656 0.0722656 0.0102005
1 0.0297699 0.916016 0.0325012 0.160156 0.0101776
1 0.0250244 0.936768 0.0340576 0.126465 0.0101624
13 0.207031 0.475098 0.0712891 0.883789 0.00871277
13 0.179199 0.565796 0.0651855 0.497314 0.00658798
14 0.713379 0.518066 0.0800781 0.03125 0.00658035
1 0.0291901 0.0523682 0.0264587 0.0737305 0.00571823
2 0.707031 0.519531 0.0703125 0.0537109 0.00571823
13 0.717773 0.492065 0.0761719 0.083252 0.00494003
13 0.185059 0.504395 0.0517578 0.369141 0.00481796
1 0.0203247 0.955322 0.0310059 0.0795898 0.00455475
13 0.101593 0.430298 0.1474 0.248779 0.00446701
1 0.981934 0.956055 0.0361328 0.0820312 0.0043602
1 0.981445 0.919922 0.0292969 0.140625 0.00434875
13 0.188965 0.446289 0.0454102 0.203125 0.00421906
2 0.716797 0.489868 0.0703125 0.0866699 0.00412369
13 0.16803 0.478394 0.134644 0.820557 0.00411224
13 0.710938 0.518066 0.0810547 0.0322266 0.00405502
4 0.334229 0.546509 0.0859375 0.852295 0.00400543
4 0.208008 0.506226 0.0805664 0.936768 0.00400543
1 0.979248 0.968018 0.0297852 0.0541992 0.00388718
13 0.711914 0.512207 0.078125 0.12793 0.00368118
2 0.712891 0.480591 0.0703125 0.142334 0.00350571
2 0.709473 0.518188 0.0771484 0.148193 0.00328827
4 0.207764 0.415894 0.0761719 0.560791 0.00328064
14 0.711914 0.541992 0.0791016 0.0839844 0.00312233
13 0.217712 0.230286 0.0279541 0.18103 0.00304413
13 0.161865 0.596191 0.0664062 0.217773 0.00297546
13 0.0840759 0.532593 0.131165 0.872314 0.00287437
13 0.712891 0.54248 0.0800781 0.0742188 0.00283813
2 0.711914 0.54834 0.0761719 0.09375 0.00283623
4 0.212952 0.344482 0.05896 0.431152 0.0026989
13 0.22052 0.273193 0.0340576 0.258789 0.00260353
1 0.983398 0.979492 0.0214844 0.0292969 0.00259972
1 0.209778 0.343384 0.067749 0.406982 0.00259209
14 0.0246735 0.952148 0.0258484 0.0820312 0.00244331
4 0.0461273 0.44458 0.0495911 0.681152 0.00239563
2 0.209778 0.343384 0.067749 0.406982 0.00234222
2 0.0280304 0.947998 0.0296326 0.0922852 0.00234222
13 0.201294 0.444092 0.060791 0.330566 0.00232887
13 0.713867 0.522461 0.0722656 0.0605469 0.00220299
1 0.0256805 0.862061 0.0331116 0.262207 0.00216484
13 0.177002 0.564331 0.0522461 0.310791 0.00211906
13 0.133087 0.407532 0.174255 0.490601 0.00209618
2 0.0839844 0.4552 0.0495605 0.0651855 0.00208664
1 0.981445 0.941895 0.0234375 0.114258 0.00198936
13 0.701172 0.46936 0.0625 0.133545 0.00198746
13 0.180695 0.369019 0.188904 0.529541 0.00194073
4 0.193481 0.472168 0.0656738 0.551758 0.0019083
2 0.716797 0.450439 0.0800781 0.144043 0.00165272
13 0.716797 0.450439 0.0800781 0.144043 0.00157261
1 0.0264282 0.968018 0.0217285 0.0620117 0.00149727
13 0.161377 0.541138 0.0852051 0.628662 0.00148678
13 0.0610657 0.409424 0.0785522 0.623535 0.00147724
1 0.991211 0.975098 0.0175781 0.0498047 0.00147629
1 0.712891 0.479858 0.0722656 0.137939 0.00144863
4 0.243164 0.508301 0.134766 0.913086 0.00137234
13 0.199219 0.295166 0.0961914 0.463379 0.00136566
13 0.174683 0.530762 0.0429688 0.216797 0.00134945
4 0.702148 0.688599 0.0869141 0.573975 0.00134754
13 0.181763 0.51062 0.0380859 0.186768 0.00134373
4 0.0493164 0.408936 0.0693359 0.817871 0.00128078
13 0.0648651 0.438477 0.0680237 0.238281 0.00122738
4 0.0840759 0.532593 0.131165 0.872314 0.00114822
4 0.16803 0.478394 0.134644 0.820557 0.00105762
14 0.709473 0.518188 0.0771484 0.148193 0.00104618
13 0.166016 0.597656 0.059082 0.408203 0.00104523
13 0.0865936 0.44458 0.120514 0.0961914 0.00103569
13 0.176208 0.546875 0.0889893 0.767578 0.00101757
