1 0.0400391 0.943115 0.0477295 0.105957 0.583984
1 0.979736 0.938477 0.0405273 0.113281 0.372803
1 0.987305 0.929443 0.0253906 0.0825195 0.234375
1 0.0341797 0.929199 0.0426025 0.0908203 0.136475
1 0.0349121 0.916992 0.0518799 0.152344 0.117798
13 0.179443 0.378662 0.0507812 0.0888672 0.0636597
2 0.77002 0.273193 0.0576172 0.11084 0.0553284
1 0.981445 0.907715 0.0332031 0.149414 0.043396
13 0.77002 0.272705 0.0556641 0.109375 0.0372925
1 0.0463867 0.963135 0.0511475 0.065918 0.0176239
4 0.963135 0.440918 0.0600586 0.881836 0.016037
4 0.0411377 0.819092 0.043457 0.346191 0.0154037
1 0.0302734 0.913086 0.0288086 0.115234 0.014061
4 0.975586 0.271606 0.0449219 0.525146 0.0132141
13 0.398438 0.62793 0.0341797 0.0742188 0.0129395
1 0.0335083 0.87085 0.041748 0.230957 0.0126953
14 0.0339203 0.940918 0.0569153 0.114258 0.0126343
1 0.979492 0.871582 0.0390625 0.237305 0.0122452
13 0.771973 0.25116 0.0556641 0.0650635 0.0110855
1 0.0318451 0.960938 0.0525208 0.078125 0.0092392
4 0.621582 0.725098 0.0976562 0.47168 0.008461
1 0.983398 0.825684 0.0292969 0.28418 0.00817871
1 0.987305 0.902832 0.0253906 0.129883 0.00721359
4 0.983154 0.797852 0.0297852 0.333984 0.00683975
2 0.775879 0.251953 0.0537109 0.0654297 0.00683594
1 0.991211 0.917725 0.0175781 0.104004 0.00675583
1 0.981689 0.942139 0.0288086 0.0688477 0.00652313
1 0.0302734 0.88501 0.0317383 0.181152 0.00616837
1 0.026062 0.936279 0.052124 0.111816 0.00579834
1 0.984863 0.921143 0.0302734 0.112793 0.0057106
1 0.978271 0.915527 0.0336914 0.102539 0.00554657
4 0.767578 0.269043 0.0615234 0.104492 0.00527191
4 0.939209 0.49231 0.0961914 0.921631 0.00507355
4 0.0379486 0.901123 0.0449524 0.197754 0.00505447
2 0.179443 0.378662 0.0507812 0.0888672 0.00485611
14 0.755859 0.214722 0.0185547 0.0212402 0.00468063
4 0.967529 0.331055 0.0512695 0.603516 0.00451279
1 0.97168 0.943359 0.0371094 0.09375 0.00441742
1 0.980225 0.0727692 0.0356445 0.0912781 0.00431061
1 0.0355225 0.071701 0.052124 0.113678 0.00419617
1 0.0516357 0.0744476 0.0610352 0.102814 0.00405121
14 0.178955 0.386719 0.0495605 0.0961914 0.00391006
14 0.986816 0.928223 0.0263672 0.0771484 0.0038147
1 0.0224609 0.922363 0.0327148 0.0839844 0.00381088
2 0.788086 0.480469 0.0273438 0.0332031 0.0037632
14 0.76123 0.214233 0.0224609 0.0256348 0.0032959
4 0.985352 0.912109 0.0292969 0.119141 0.00328445
13 0.765625 0.354858 0.0673828 0.28833 0.00305939
14 0.844238 0.308838 0.0371094 0.0410156 0.0030098
4 0.272949 0.691528 0.103516 0.531006 0.00280952
14 0.979736 0.939453 0.0405273 0.107422 0.00270653
4 0.0344238 0.774658 0.0432129 0.431152 0.00264549
1 0.977051 0.830566 0.0458984 0.331055 0.00257874
1 0.977539 0.151672 0.0371094 0.237671 0.00254059
1 0.0405273 0.0860443 0.0385742 0.120148 0.00249672
13 0.985352 0.913574 0.0253906 0.116211 0.00220871
13 0.374268 0.562378 0.0610352 0.193604 0.00208092
1 0.970703 0.900391 0.0527344 0.183594 0.00203705
1 0.0497894 0.946289 0.0764465 0.09375 0.00201035
14 0.0341797 0.929199 0.0426025 0.0908203 0.00172806
13 0.759766 0.284912 0.0761719 0.141113 0.0016737
13 0.388672 0.577637 0.0429688 0.151367 0.00165558
14 0.771973 0.25116 0.0556641 0.0650635 0.00162029
2 0.0339203 0.940918 0.0569153 0.114258 0.00161362
4 0.970703 0.739014 0.0546875 0.467285 0.00159168
1 0.984863 0.868652 0.0302734 0.180664 0.0015564
13 0.17395 0.394043 0.0527344 0.102051 0.00154877
4 0.662109 0.515625 0.182617 0.96875 0.00153255
13 0.0439453 0.944336 0.0512695 0.103516 0.00151634
14 0.767578 0.269043 0.0615234 0.104492 0.00148296
1 0.034729 0.945557 0.069458 0.106934 0.00146008
13 0.0638428 0.0778809 0.0397949 0.0910645 0.00138855
13 0.768555 0.317627 0.0595703 0.193848 0.0013752
1 0.0341797 0.770508 0.0356445 0.402344 0.00136662
4 0.0405273 0.942627 0.0517578 0.10498 0.00135422
4 0.983398 0.867432 0.0273438 0.206543 0.00130463
1 0.914062 0.0425415 0.142578 0.0422363 0.00130177
4 0.76416 0.145599 0.101562 0.222961 0.00126648
13 0.0327148 0.903809 0.0469971 0.192383 0.00124836
1 0.0395508 0.146973 0.0323486 0.234863 0.00118923
4 0.0379028 0.685425 0.0545654 0.62915 0.00118446
2 0.757324 0.214294 0.0205078 0.0220947 0.00116539
1 0.981445 0.773682 0.0351562 0.41748 0.00116539
2 0.0439453 0.946045 0.055542 0.0922852 0.00116062
4 0.947266 0.628418 0.0703125 0.743164 0.00115013
13 0.979736 0.938477 0.0405273 0.113281 0.00114822
2 0.0336304 0.902344 0.0528564 0.195312 0.00111961
4 0.96167 0.678589 0.0551758 0.640869 0.00110435
4 0.698242 0.563477 0.165039 0.810547 0.00109291
2 0.979492 0.871582 0.0390625 0.237305 0.00107193
4 0.97876 0.937012 0.0424805 0.112305 0.00106621
4 0.9729 0.904053 0.0463867 0.162598 0.00105667
1 0.978027 0.960938 0.0439453 0.078125 0.00104618
1 0.0327606 0.848389 0.0531311 0.303223 0.00104141
4 0.973389 0.450439 0.0415039 0.721191 0.00102043
