2 0.108398 0.458496 0.0275879 0.0732422 0.266113
14 0.108154 0.457031 0.027832 0.0693359 0.0448914
4 0.665039 0.515137 0.135742 0.881836 0.0319519
4 0.376465 0.542358 0.143555 0.815674 0.0247192
1 0.977783 0.0633698 0.0327148 0.099823 0.0179138
13 0.106079 0.46167 0.0217285 0.0649414 0.0130615
13 0.671387 0.272949 0.046875 0.10791 0.011055
13 0.283936 0.191895 0.0195312 0.125977 0.0104141
1 0.0216827 0.945557 0.0208435 0.0717773 0.00857544
1 0.133667 0.0134888 0.147705 0.0247803 0.00833893
13 0.281494 0.18396 0.0322266 0.107666 0.00548172
13 0.112305 0.458618 0.026123 0.0710449 0.00546265
1 0.973389 0.177673 0.043457 0.322388 0.00534821
1 0.108887 0.460083 0.0275879 0.072998 0.00472641
1 0.977539 0.101562 0.0351562 0.167725 0.0044899
2 0.114746 0.4552 0.0314941 0.0788574 0.00426102
1 0.0228729 0.916016 0.0274963 0.123047 0.00391006
1 0.978516 0.834961 0.0332031 0.157227 0.00375366
1 0.981689 0.0812683 0.0327148 0.125549 0.00343323
4 0.0333099 0.797363 0.0393372 0.362305 0.00269318
1 0.0302124 0.816895 0.0310059 0.336914 0.00266838
2 0.0976257 0.455688 0.0305786 0.072998 0.00261688
1 0.0240784 0.95166 0.0298462 0.0576172 0.002491
4 0.347656 0.587158 0.13623 0.782715 0.00240707
1 0.0201416 0.941162 0.0310059 0.0825195 0.00237656
1 0.769775 0.0390778 0.42334 0.0314636 0.00231552
4 0.82666 0.494019 0.0966797 0.865479 0.00216293
13 0.281006 0.207581 0.0268555 0.161987 0.00195312
1 0.915039 0.970703 0.142578 0.0195312 0.00175571
8 0.108398 0.460083 0.0263672 0.0739746 0.00172615
1 0.681641 0.0385132 0.230469 0.0286865 0.00167084
4 0.97876 0.741211 0.0366211 0.347656 0.00149632
2 0.103668 0.466187 0.0221558 0.0637207 0.00143147
4 0.969971 0.660156 0.050293 0.522461 0.00135136
1 0.970947 0.264648 0.0541992 0.477539 0.00134277
1 0.971924 0.121918 0.0366211 0.210754 0.00133228
9 0.108887 0.459961 0.0275879 0.0732422 0.00122929
12 0.108398 0.458496 0.0275879 0.0732422 0.00118256
2 0.109375 0.469116 0.0212402 0.0725098 0.00115108
1 0.0230408 0.969727 0.0209351 0.0507812 0.00107193
6 0.108398 0.458496 0.0275879 0.0732422 0.00105572
13 0.286621 0.19342 0.034668 0.136597 0.00105476
1 0.0229645 0.971924 0.0365906 0.0483398 0.0010376
