2 0.37085 0.798828 0.081543 0.235352 0.591309
13 0.371338 0.800293 0.0825195 0.235352 0.587891
1 0.0297546 0.946777 0.0376587 0.0888672 0.123596
2 0.515259 0.52356 0.832764 0.841553 0.0738525
1 0.984375 0.946777 0.03125 0.0869141 0.0602417
4 0.0426025 0.758301 0.0467529 0.473633 0.0444946
2 0.414062 0.802734 0.192383 0.237305 0.0418091
1 0.0273743 0.962646 0.0403442 0.0649414 0.0384827
1 0.987305 0.914795 0.0253906 0.131348 0.0312347
2 0.341553 0.806641 0.15332 0.245117 0.0252228
14 0.376465 0.798828 0.0805664 0.230469 0.0237427
1 0.376465 0.798828 0.0805664 0.230469 0.0231476
13 0.371826 0.794434 0.0756836 0.142578 0.0193176
2 0.645996 0.819336 0.612305 0.25 0.0179901
4 0.0472565 0.612915 0.0561218 0.588623 0.0175781
2 0.506348 0.564453 0.921875 0.514648 0.0148239
1 0.981445 0.829346 0.0332031 0.29834 0.0144424
4 0.0388794 0.823975 0.0411377 0.316895 0.0136871
2 0.0606995 0.491699 0.0944214 0.948242 0.0133591
4 0.0606995 0.491699 0.0944214 0.948242 0.0129089
1 0.0292969 0.942871 0.0288086 0.0693359 0.0108795
1 0.0296936 0.917725 0.0361938 0.135254 0.00973511
2 0.490723 0.8479 0.666016 0.241699 0.00827026
1 0.983398 0.906494 0.0273438 0.169434 0.00823975
13 0.98584 0.898193 0.0283203 0.164551 0.00754547
13 0.376465 0.803223 0.188477 0.233398 0.00754166
2 0.661865 0.631958 0.621582 0.712646 0.00752258
1 0.978271 0.943359 0.0415039 0.101562 0.00675964
2 0.576416 0.943848 0.79248 0.112305 0.0063591
1 0.981445 0.960205 0.0371094 0.0756836 0.00624084
1 0.987305 0.930176 0.0234375 0.0830078 0.00622177
1 0.0302734 0.924561 0.0252686 0.111816 0.00556564
2 0.213379 0.79834 0.370117 0.334961 0.00514603
14 0.0294495 0.949219 0.0363159 0.0859375 0.00498581
2 0.236328 0.817871 0.337891 0.224609 0.00453568
1 0.0352936 0.0482178 0.0363464 0.0817871 0.00411987
2 0.371826 0.794434 0.0756836 0.142578 0.00405121
2 0.419434 0.814941 0.319336 0.25293 0.00398254
2 0.514771 0.80957 0.531006 0.241211 0.00325584
1 0.0321655 0.902832 0.0482178 0.174805 0.00310135
4 0.941406 0.489258 0.0917969 0.957031 0.00284195
2 0.984131 0.887207 0.0317383 0.192383 0.00278664
4 0.540039 0.494629 0.865234 0.947266 0.00273705
1 0.982422 0.922852 0.0351562 0.101562 0.00258255
9 0.370361 0.798828 0.0825195 0.245117 0.00246811
1 0.0294189 0.0917358 0.0456543 0.182983 0.00238991
4 0.37085 0.798828 0.081543 0.235352 0.00235558
1 0.978271 0.170532 0.0317383 0.290283 0.00226784
1 0.0314941 0.0678558 0.0367432 0.121368 0.0022049
8 0.371582 0.798828 0.0844727 0.244141 0.00214767
2 0.51062 0.910156 0.902588 0.179688 0.00201797
1 0.975586 0.916016 0.0429688 0.138672 0.0019722
13 0.327637 0.806641 0.21582 0.249023 0.00196838
1 0.0408936 0.865234 0.0437012 0.240234 0.00195885
2 0.307373 0.798828 0.321289 0.294922 0.00190926
1 0.974609 0.776855 0.0429688 0.420898 0.00188446
2 0.685059 0.959717 0.62793 0.0805664 0.00174427
2 0.0274811 0.956299 0.0368347 0.0756836 0.0017395
5 0.370605 0.799316 0.0844727 0.244141 0.00164509
1 0.0340424 0.171631 0.0422668 0.343262 0.00163174
18 0.371582 0.798828 0.0844727 0.244141 0.00156021
10 0.371582 0.798828 0.0844727 0.244141 0.00148869
14 0.373535 0.78125 0.0761719 0.145508 0.00148678
1 0.979492 0.101807 0.03125 0.156494 0.00147057
7 0.370605 0.799316 0.0844727 0.244141 0.00145245
3 0.370605 0.799316 0.0844727 0.244141 0.00143051
19 0.371582 0.798828 0.0844727 0.244141 0.00141525
13 0.0296021 0.946289 0.0357666 0.09375 0.00138187
6 0.37085 0.798828 0.081543 0.235352 0.00137043
17 0.370605 0.799316 0.0844727 0.244141 0.00133801
16 0.371582 0.798828 0.0844727 0.244141 0.00131416
12 0.370605 0.799316 0.0844727 0.244141 0.00129223
15 0.370605 0.799316 0.0844727 0.244141 0.00127697
1 0.980225 0.886719 0.0375977 0.183594 0.00127316
4 0.976318 0.300781 0.0473633 0.558594 0.00127125
1 0.414062 0.802734 0.192383 0.237305 0.00124931
11 0.370605 0.799316 0.0844727 0.244141 0.00124168
0 0.369385 0.798828 0.0800781 0.236328 0.00114059
13 0.034668 0.869629 0.0301514 0.225586 0.00111389
2 0.229065 0.717285 0.415894 0.358398 0.00102234
1 0.967285 0.945557 0.0654297 0.0952148 0.00101185
