2 0.405273 0.783691 0.197266 0.314453 0.777344
13 0.410645 0.779785 0.168945 0.293945 0.360352
1 0.983398 0.945557 0.03125 0.0834961 0.314209
1 0.980713 0.920654 0.034668 0.150879 0.214355
2 0.512085 0.520996 0.813721 0.876953 0.10968
1 0.0288696 0.94458 0.043457 0.0893555 0.0964355
1 0.975342 0.937988 0.0336914 0.112305 0.0506897
2 0.359802 0.790527 0.286255 0.260742 0.044281
1 0.977539 0.886719 0.0351562 0.208984 0.0421143
2 0.254517 0.785645 0.455811 0.320312 0.0414734
1 0.981445 0.0557861 0.0332031 0.0773926 0.0382996
13 0.982178 0.906494 0.027832 0.165527 0.0379639
13 0.975586 0.896484 0.0371094 0.185547 0.0301514
2 0.497559 0.497559 0.824219 0.504883 0.0288849
13 0.980469 0.864502 0.03125 0.23584 0.0269928
1 0.0339966 0.915039 0.0428467 0.136719 0.0263519
1 0.98584 0.925537 0.0283203 0.104004 0.0240479
13 0.969727 0.850586 0.0410156 0.277344 0.0205841
1 0.977783 0.149933 0.0366211 0.246521 0.0203247
1 0.0269165 0.904541 0.0418701 0.169434 0.0191193
4 0.0654297 0.493408 0.10083 0.95459 0.018631
13 0.0299072 0.900879 0.0466309 0.178711 0.0157776
13 0.0673065 0.469116 0.0956116 0.909424 0.0123901
1 0.982178 0.0828247 0.0336914 0.137573 0.0117874
14 0.410645 0.779297 0.163086 0.287109 0.00921631
13 0.0871277 0.263367 0.0894165 0.143188 0.00889587
13 0.0349121 0.826904 0.0462646 0.303223 0.00808716
4 0.0496826 0.294922 0.0604248 0.508789 0.00776672
1 0.0380859 0.0452881 0.0419922 0.0861816 0.0077095
1 0.981934 0.960449 0.0361328 0.0771484 0.00749207
13 0.979248 0.797852 0.0356445 0.359375 0.00738144
2 0.266418 0.677734 0.442749 0.43457 0.00737
13 0.0368652 0.85498 0.0383301 0.189453 0.00727463
2 0.0300293 0.931885 0.0395508 0.10498 0.00670242
13 0.13916 0.245605 0.0258789 0.0664062 0.00653839
14 0.0287476 0.93457 0.0393066 0.0996094 0.00653458
2 0.631836 0.804688 0.646484 0.296875 0.00652313
9 0.404297 0.783691 0.193359 0.288086 0.00643158
1 0.0259094 0.918213 0.0358276 0.108887 0.00629807
2 0.675049 0.945068 0.614746 0.10791 0.00603104
1 0.0283051 0.935303 0.0322571 0.074707 0.00562286
13 0.131348 0.249756 0.034668 0.078125 0.00539017
1 0.405762 0.78418 0.196289 0.329102 0.00493622
4 0.401855 0.782715 0.193359 0.301758 0.00489807
2 0.982178 0.906494 0.027832 0.165527 0.00483704
1 0.978516 0.815674 0.0371094 0.351074 0.00398254
4 0.0339966 0.76709 0.0480957 0.448242 0.00391388
1 0.971924 0.746582 0.0444336 0.487305 0.00385857
13 0.0453491 0.902344 0.0561523 0.142578 0.00366974
13 0.0300293 0.931885 0.0395508 0.10498 0.00352859
2 0.0653076 0.519653 0.0947266 0.911865 0.00343323
2 0.972656 0.900879 0.0371094 0.178711 0.00339699
1 0.0320282 0.861328 0.0440979 0.244141 0.00333405
2 0.678589 0.646973 0.506104 0.696289 0.00326538
2 0.980469 0.864502 0.03125 0.23584 0.00289345
13 0.115723 0.265625 0.0668945 0.120117 0.00266647
1 0.964355 0.935059 0.0537109 0.104492 0.00266266
8 0.410278 0.780762 0.164795 0.288086 0.0024662
4 0.965332 0.509766 0.0693359 0.916016 0.0024662
4 0.945068 0.478027 0.0825195 0.87793 0.00244331
2 0.260254 0.708984 0.458008 0.238281 0.00241852
2 0.975586 0.948242 0.0332031 0.0878906 0.00239182
4 0.979248 0.797852 0.0356445 0.359375 0.0023365
13 0.968506 0.795654 0.0532227 0.398926 0.00229073
19 0.407959 0.782715 0.182129 0.254883 0.00219917
4 0.0426025 0.705566 0.0527344 0.504883 0.00214958
1 0.974365 0.957275 0.0415039 0.0854492 0.00209236
1 0.986328 0.897217 0.0273438 0.174316 0.00209045
4 0.0286255 0.866211 0.0437012 0.236328 0.0020771
7 0.404785 0.782227 0.178711 0.25293 0.00204659
18 0.404785 0.782227 0.178711 0.25293 0.00204659
13 0.0621338 0.296448 0.0561523 0.4823 0.00201225
11 0.404785 0.782227 0.178711 0.25293 0.00200844
16 0.407959 0.782715 0.182129 0.254883 0.00200272
2 0.664673 0.955811 0.639404 0.0883789 0.00199127
3 0.404785 0.782227 0.178711 0.25293 0.00197029
13 0.0292969 0.916748 0.0291748 0.10791 0.00196075
1 0.0385895 0.0359039 0.0585632 0.0688171 0.00195885
13 0.983398 0.939697 0.0273438 0.097168 0.00194836
13 0.355591 0.79248 0.310303 0.317383 0.00186062
0 0.404785 0.782227 0.178711 0.25293 0.00183582
15 0.407959 0.782715 0.182129 0.254883 0.00176907
17 0.407959 0.782715 0.182129 0.254883 0.00176907
10 0.407959 0.782715 0.182129 0.254883 0.00175571
14 0.983643 0.944092 0.0327148 0.0786133 0.00175095
13 0.975342 0.937988 0.0336914 0.112305 0.00173187
12 0.404785 0.782227 0.178711 0.25293 0.00171852
13 0.0253906 0.867676 0.0338135 0.1875 0.00171566
6 0.407959 0.782715 0.182129 0.254883 0.00166893
2 0.730469 0.960693 0.539062 0.0786133 0.00161552
5 0.411133 0.779785 0.168945 0.30957 0.00157928
4 0.972656 0.740234 0.0527344 0.517578 0.00151348
2 0.0341187 0.834229 0.0456543 0.272949 0.00150299
1 0.986328 0.0722961 0.0273438 0.0980835 0.00149632
1 0.969727 0.850586 0.0410156 0.277344 0.00148773
2 0.0266113 0.905029 0.0430908 0.17041 0.0014658
2 0.264221 0.566528 0.443237 0.798584 0.00144291
4 0.038147 0.220337 0.0582275 0.440674 0.00136375
2 0.838379 0.948242 0.286133 0.09375 0.00133038
13 0.134766 0.27124 0.0356445 0.131348 0.00129795
1 0.0294495 0.0507812 0.0421753 0.101562 0.00126362
2 0.983398 0.939697 0.0273438 0.097168 0.00125217
1 0.0449219 0.0550842 0.0598145 0.0949097 0.0012331
1 0.0367279 0.793213 0.0505676 0.364746 0.00119591
1 0.9646 0.88623 0.0571289 0.198242 0.00115776
13 0.9646 0.88623 0.0571289 0.198242 0.00104713
13 0.267029 0.806641 0.463989 0.353516 0.00103378
13 0.0878296 0.271973 0.119263 0.20752 0.00102901
13 0.13916 0.242676 0.0158691 0.0634766 0.00101089
2 0.545898 0.460449 0.773438 0.337891 0.00100517
