2 0.425903 0.213013 0.273193 0.211182 0.884766
13 0.565918 0.0845947 0.0410156 0.103027 0.646973
1 0.027832 0.924805 0.0292969 0.0771484 0.321045
1 0.978271 0.949951 0.0395508 0.0961914 0.249512
1 0.0285187 0.914062 0.0396423 0.115234 0.194214
13 0.744141 0.842285 0.0224609 0.0673828 0.0480652
1 0.977295 0.923828 0.0415039 0.152344 0.0441284
13 0.75 0.847168 0.0332031 0.0800781 0.0413818
13 0.429443 0.218018 0.245605 0.191895 0.0310974
1 0.0273285 0.886719 0.0256653 0.128906 0.0289307
1 0.0302582 0.868652 0.0346985 0.196289 0.0269775
1 0.0224609 0.918457 0.027832 0.0654297 0.0257721
1 0.984375 0.928955 0.0273438 0.10498 0.0252838
14 0.979248 0.951904 0.0415039 0.0864258 0.0203094
13 0.552246 0.084259 0.0644531 0.101013 0.0183258
1 0.0286865 0.933594 0.048584 0.0898438 0.0182343
1 0.980469 0.941895 0.0273438 0.0947266 0.0165863
13 0.568848 0.067337 0.0371094 0.0828552 0.0159302
1 0.981445 0.0471191 0.03125 0.0567627 0.014595
4 0.950928 0.691772 0.0551758 0.544189 0.0138626
9 0.428833 0.21814 0.253662 0.19751 0.0118713
1 0.0223541 0.914551 0.035614 0.0927734 0.0105133
1 0.0336914 0.82959 0.0338135 0.250977 0.0103455
1 0.565918 0.0845947 0.0410156 0.103027 0.00971222
14 0.433472 0.22876 0.243408 0.163086 0.009552
1 0.975586 0.93042 0.0332031 0.11377 0.00906372
1 0.0305786 0.0452271 0.0349121 0.0904541 0.00893402
14 0.565918 0.0845642 0.0419922 0.0979614 0.00789642
1 0.0395508 0.131592 0.0344238 0.235352 0.00761032
4 0.947754 0.477905 0.0771484 0.854736 0.00727844
1 0.434204 0.225891 0.244873 0.161499 0.00712585
13 0.946777 0.74707 0.0419922 0.0996094 0.00683975
4 0.434204 0.225891 0.244873 0.161499 0.00627136
2 0.566895 0.0839233 0.0449219 0.102173 0.00582504
2 0.429199 0.215576 0.148438 0.196289 0.00488663
13 0.757324 0.859375 0.0351562 0.110352 0.00455475
14 0.0270538 0.922852 0.0335388 0.0761719 0.00387764
1 0.983643 0.954834 0.0327148 0.0825195 0.00354385
8 0.425781 0.21582 0.259766 0.197754 0.00353432
13 0.577637 0.0586548 0.0224609 0.0499268 0.00333214
19 0.434204 0.225891 0.244873 0.161499 0.00302315
7 0.434204 0.225891 0.244873 0.161499 0.00298691
18 0.434204 0.225891 0.244873 0.161499 0.00298691
16 0.434204 0.225891 0.244873 0.161499 0.00292015
1 0.0410156 0.171204 0.043335 0.313843 0.00279808
1 0.0356293 0.922852 0.0337219 0.0703125 0.00273705
11 0.433472 0.22876 0.243408 0.163086 0.00272179
3 0.433472 0.22876 0.243408 0.163086 0.00271225
13 0.575684 0.0658264 0.0322266 0.0587769 0.00263023
13 0.538574 0.0850525 0.100586 0.108704 0.00252914
17 0.434204 0.225891 0.244873 0.161499 0.00247002
15 0.434204 0.225891 0.244873 0.161499 0.00243187
12 0.434204 0.225891 0.244873 0.161499 0.0024128
2 0.349243 0.218445 0.299561 0.220337 0.00240707
0 0.434204 0.225891 0.244873 0.161499 0.00234795
10 0.434204 0.225891 0.244873 0.161499 0.00233841
2 0.753906 0.851074 0.03125 0.0830078 0.00233459
4 0.98291 0.789307 0.0341797 0.421387 0.00230598
4 0.565918 0.0845947 0.0410156 0.103027 0.00230408
14 0.0281372 0.914795 0.0423584 0.109863 0.00224495
5 0.433472 0.22876 0.243408 0.163086 0.00221443
1 0.0240631 0.890625 0.0400085 0.147461 0.0022049
6 0.434204 0.225891 0.244873 0.161499 0.00219727
4 0.979248 0.365967 0.0375977 0.706543 0.00201607
1 0.972656 0.958496 0.0390625 0.0732422 0.00193214
1 0.981445 0.868896 0.03125 0.213379 0.00189304
2 0.74707 0.841797 0.0322266 0.0673828 0.00185394
1 0.974609 0.969482 0.0371094 0.0473633 0.00172901
1 0.980225 0.968018 0.0356445 0.0639648 0.00171757
13 0.570801 0.0569458 0.0273438 0.043335 0.00171566
1 0.0336914 0.745117 0.0338135 0.416016 0.0017128
1 0.0405273 0.0640411 0.0345459 0.118744 0.00170612
4 0.0606842 0.463745 0.0768738 0.908447 0.0016861
14 0.743652 0.841797 0.0185547 0.0722656 0.00162029
2 0.0283203 0.916992 0.0270996 0.0664062 0.00158882
1 0.982422 0.0637665 0.0332031 0.0965881 0.00156116
1 0.970703 0.881104 0.0449219 0.220215 0.00155735
13 0.570801 0.0825195 0.0683594 0.102051 0.00147533
1 0.0263672 0.949463 0.0361328 0.0600586 0.00139904
4 0.983398 0.817871 0.0273438 0.323242 0.00136185
14 0.0280151 0.905518 0.027832 0.126465 0.00133801
2 0.743652 0.841797 0.0185547 0.0722656 0.00132179
1 0.974609 0.0449829 0.046875 0.0859375 0.00129318
2 0.980225 0.949951 0.0395508 0.0942383 0.00123596
13 0.980225 0.949951 0.0395508 0.0942383 0.00119686
1 0.984375 0.901123 0.0234375 0.152832 0.00114059
2 0.29718 0.209839 0.488647 0.264404 0.00113869
14 0.0273438 0.912598 0.0250244 0.0810547 0.00113297
10 0.566406 0.0834961 0.0390625 0.0979004 0.00113201
2 0.570312 0.0560303 0.0283203 0.0438232 0.00112724
4 0.980713 0.272644 0.0385742 0.440063 0.00111294
14 0.75 0.84668 0.0273438 0.0849609 0.00107765
4 0.967773 0.735352 0.0488281 0.529297 0.00106812
1 0.0366058 0.904297 0.0395813 0.100586 0.00104809
1 0.0224609 0.883301 0.0297852 0.103516 0.00104618
13 0.027832 0.924805 0.0292969 0.0771484 0.00103378
