2 0.0263367 0.373779 0.038147 0.129395 0.158691
2 0.0341797 0.356934 0.032959 0.0976562 0.114746
1 0.977783 0.0636292 0.0327148 0.0900269 0.0975342
1 0.0278931 0.951904 0.0351562 0.0844727 0.085083
13 0.437988 0.130615 0.0224609 0.090332 0.0349731
1 0.981445 0.0793152 0.0371094 0.125549 0.025177
2 0.0289612 0.408081 0.0526733 0.758057 0.022644
2 0.0252686 0.414429 0.0386963 0.200439 0.0215607
1 0.797852 0.0501862 0.398438 0.0395203 0.0164948
2 0.0271912 0.264404 0.0429077 0.397461 0.0161285
1 0.0290527 0.918457 0.0366211 0.12793 0.0155869
13 0.439697 0.161438 0.0263672 0.158569 0.015007
2 0.0251923 0.478027 0.0411682 0.326172 0.0142059
13 0.0327148 0.36499 0.0343018 0.119141 0.0139847
13 0.0260315 0.37793 0.0361938 0.140137 0.011055
1 0.0370941 0.364014 0.0325012 0.109863 0.00940704
13 0.248291 0.234375 0.0268555 0.146484 0.00879669
4 0.946289 0.478027 0.0859375 0.916016 0.0083313
2 0.0534363 0.495483 0.102112 0.940674 0.0071373
13 0.151855 0.55957 0.0327148 0.164062 0.00684357
1 0.0249634 0.904785 0.0418701 0.176758 0.00610733
13 0.26001 0.654297 0.0258789 0.0917969 0.00568008
13 0.15332 0.546387 0.048584 0.317383 0.00483704
1 0.0254211 0.373047 0.0322876 0.129395 0.0048027
13 0.260254 0.202881 0.0532227 0.174805 0.00460052
13 0.442627 0.192322 0.0390625 0.215942 0.00417709
2 0.0318756 0.544434 0.0466003 0.499023 0.00409698
13 0.144531 0.562988 0.0283203 0.140625 0.0039711
4 0.0445862 0.490601 0.0891724 0.928955 0.00377846
2 0.0341797 0.273499 0.0332031 0.2948 0.00377655
13 0.263184 0.0505371 0.0292969 0.0469971 0.00366783
13 0.15332 0.538574 0.0458984 0.193359 0.00341606
14 0.0273132 0.951904 0.0355835 0.0805664 0.00316811
1 0.980225 0.939453 0.0375977 0.0761719 0.00310326
2 0.0301514 0.247009 0.0603027 0.439575 0.00307846
13 0.0259094 0.265625 0.0403442 0.370605 0.00271797
13 0.248352 0.207825 0.11853 0.229858 0.00259399
1 0.024704 0.416138 0.0387268 0.199951 0.00254059
1 0.0253906 0.928955 0.0286865 0.0952148 0.00252342
1 0.824219 0.0441895 0.306641 0.0412598 0.00248337
13 0.0341797 0.240234 0.0374756 0.347168 0.0024128
2 0.0351715 0.422974 0.0370789 0.213623 0.00239754
13 0.437988 0.124359 0.034668 0.079895 0.00236893
1 0.977295 0.043335 0.027832 0.0527344 0.00212479
2 0.979492 0.06427 0.0351562 0.0855713 0.00210953
1 0.983398 0.913574 0.0214844 0.0820312 0.00210762
13 0.251709 0.203583 0.0600586 0.220764 0.00208473
13 0.0242615 0.451904 0.0408325 0.269043 0.00207901
2 0.0366211 0.383789 0.0335693 0.121582 0.00196838
4 0.0305176 0.455322 0.0546875 0.782715 0.00196075
13 0.24762 0.175415 0.20105 0.250244 0.00195312
1 0.975586 0.121826 0.0332031 0.193115 0.00182533
13 0.256348 0.226318 0.0385742 0.17041 0.00175762
2 0.0283813 0.346436 0.0335693 0.132324 0.00167084
1 0.972412 0.0553436 0.0395508 0.0692444 0.00166035
14 0.0341797 0.356689 0.0327148 0.0976562 0.0016489
1 0.0341797 0.240234 0.0374756 0.347168 0.00164604
2 0.148743 0.204651 0.255249 0.331909 0.00164318
13 0.979492 0.06427 0.0351562 0.0855713 0.00161648
1 0.0259552 0.871826 0.0496521 0.248535 0.00160217
13 0.539062 0.781738 0.0302734 0.0722656 0.0015564
1 0.979492 0.16748 0.0332031 0.201172 0.00154305
13 0.198669 0.556641 0.137817 0.773438 0.00151253
4 0.198669 0.556641 0.137817 0.773438 0.00150394
13 0.738281 0.754883 0.0341797 0.0576172 0.00147915
1 0.0251923 0.478027 0.0411682 0.326172 0.0014286
2 0.0455322 0.23584 0.0740967 0.423828 0.00135422
13 0.271973 0.187866 0.0576172 0.106689 0.00131321
2 0.0276337 0.302979 0.0306702 0.180176 0.00128937
1 0.980469 0.0469513 0.0390625 0.0762634 0.00127697
14 0.0258179 0.372803 0.0368652 0.132324 0.00127029
1 0.977783 0.883057 0.0385742 0.175293 0.00122738
2 0.0378113 0.421997 0.0756226 0.812256 0.00121689
13 0.269775 0.233398 0.0532227 0.146484 0.00121307
1 0.98584 0.0726013 0.0283203 0.0911255 0.00120163
1 0.0351715 0.422974 0.0370789 0.213623 0.00118542
2 0.0231323 0.938965 0.0341797 0.0947266 0.00113392
13 0.246338 0.217285 0.043457 0.177734 0.00113106
13 0.416016 0.715332 0.0761719 0.110352 0.00105476
1 0.0318756 0.544434 0.0466003 0.499023 0.00104713
