2 0.466919 0.770508 0.273193 0.234375 0.852539
2 0.516113 0.465454 0.828125 0.922607 0.388672
1 0.0233154 0.932617 0.026001 0.0693359 0.190063
2 0.496094 0.449707 0.96875 0.577148 0.0939941
1 0.977539 0.94873 0.0371094 0.0966797 0.0730591
1 0.974609 0.171753 0.0410156 0.292725 0.0343323
13 0.461426 0.771973 0.255859 0.207031 0.0287018
4 0.045166 0.754883 0.0528564 0.414062 0.0236969
1 0.0222626 0.909424 0.0259094 0.122559 0.0174255
14 0.459961 0.769531 0.28418 0.21875 0.0154037
1 0.979248 0.828613 0.0317383 0.280273 0.0145798
2 0.414062 0.777832 0.194336 0.258789 0.0136185
1 0.978516 0.915527 0.0351562 0.166992 0.0124664
1 0.978027 0.965088 0.0439453 0.0698242 0.0108109
9 0.460449 0.767578 0.251953 0.199219 0.0103149
1 0.469238 0.775879 0.249023 0.21582 0.00993347
1 0.97168 0.23468 0.0507812 0.413452 0.00721359
4 0.469238 0.775879 0.249023 0.21582 0.00685501
13 0.0440063 0.756348 0.0472412 0.415039 0.00606537
1 0.0370483 0.043335 0.0495605 0.0866699 0.00537109
13 0.0385132 0.843262 0.0410156 0.254883 0.00497437
1 0.023056 0.943359 0.0337219 0.0742188 0.00492096
1 0.0263214 0.884277 0.0289001 0.163086 0.00471878
1 0.986328 0.915039 0.0273438 0.117188 0.00459671
14 0.0231476 0.932617 0.0271912 0.0673828 0.00449371
1 0.975586 0.122955 0.0351562 0.192566 0.00388336
1 0.978516 0.0851746 0.0332031 0.126526 0.00384521
1 0.977783 0.865967 0.0444336 0.268066 0.00361443
4 0.0506592 0.613892 0.0645752 0.592529 0.003582
2 0.369629 0.775391 0.0751953 0.255859 0.003582
19 0.460449 0.767578 0.251953 0.199219 0.00330925
2 0.504395 0.539185 0.731445 0.550537 0.00324249
18 0.461426 0.771973 0.255859 0.207031 0.0032177
2 0.493774 0.320007 0.932373 0.427368 0.00314522
7 0.461426 0.771973 0.255859 0.207031 0.00312042
8 0.466797 0.770508 0.269531 0.234375 0.0030899
16 0.461426 0.771973 0.255859 0.207031 0.00305939
1 0.515991 0.467529 0.835205 0.72998 0.00304222
3 0.461426 0.771973 0.255859 0.207031 0.00303841
11 0.461426 0.771973 0.255859 0.207031 0.00300217
1 0.0327759 0.913086 0.036499 0.115234 0.00300026
1 0.0269928 0.91748 0.0290222 0.0908203 0.00298309
0 0.461426 0.771973 0.255859 0.207031 0.00263977
12 0.461426 0.771973 0.255859 0.207031 0.0026207
2 0.479492 0.838379 0.27832 0.323242 0.00260353
4 0.0617523 0.479492 0.111847 0.945312 0.00257492
15 0.461426 0.771973 0.255859 0.207031 0.00255966
10 0.461426 0.771973 0.255859 0.207031 0.00255966
17 0.460449 0.767578 0.251953 0.199219 0.00250053
4 0.515991 0.467529 0.835205 0.72998 0.00246048
13 0.0298767 0.894775 0.0359497 0.151855 0.00245667
6 0.461426 0.771973 0.255859 0.207031 0.00242233
1 0.0343628 0.847412 0.0373535 0.242676 0.00241089
5 0.461426 0.771973 0.255859 0.207031 0.00235748
2 0.0622101 0.479614 0.104584 0.952881 0.00215149
13 0.515991 0.467529 0.835205 0.72998 0.00189877
9 0.516113 0.465454 0.828125 0.922607 0.00180626
13 0.369629 0.775391 0.0751953 0.255859 0.00176239
1 0.97583 0.921875 0.0405273 0.105469 0.00176144
1 0.0230103 0.865723 0.0389404 0.209961 0.00173092
1 0.0283203 0.935547 0.0257568 0.0546875 0.00166607
2 0.367432 0.46167 0.652832 0.819824 0.00153065
2 0.979736 0.856934 0.0307617 0.245117 0.00143528
13 0.0220184 0.900146 0.033844 0.137207 0.00142956
13 0.985352 0.900879 0.0292969 0.147461 0.00140381
2 0.618774 0.547852 0.674561 0.695312 0.00139046
1 0.982666 0.937988 0.0307617 0.0810547 0.00128555
13 0.0270081 0.851562 0.0404663 0.234375 0.00124264
13 0.0506592 0.613892 0.0645752 0.592529 0.00121498
2 0.597534 0.761719 0.496338 0.273438 0.00120354
1 0.0370941 0.0803223 0.0393372 0.160645 0.0011692
2 0.0231476 0.932617 0.0271912 0.0673828 0.00115871
1 0.0254517 0.928467 0.0428467 0.0961914 0.00113583
2 0.460449 0.819824 0.289062 0.161133 0.0011301
9 0.496094 0.449707 0.96875 0.577148 0.00111008
14 0.515991 0.467529 0.835205 0.72998 0.00108242
4 0.956787 0.445923 0.0844727 0.860107 0.00107574
13 0.0211182 0.933594 0.0292969 0.0664062 0.00107288
1 0.967529 0.964844 0.0415039 0.0605469 0.00107002
1 0.986328 0.916016 0.0214844 0.0869141 0.00103569
13 0.146484 0.691895 0.0478516 0.105469 0.0010252
