2 0.515137 0.226074 0.172852 0.308105 0.908691
13 0.72168 0.171021 0.0605469 0.0605469 0.815918
13 0.717285 0.167358 0.0742188 0.0830078 0.496338
2 0.724609 0.165771 0.0917969 0.0844727 0.126099
1 0.976562 0.065094 0.0449219 0.0817261 0.0895996
2 0.722168 0.169312 0.0673828 0.0681152 0.0643311
13 0.741211 0.166504 0.110352 0.0822754 0.055481
13 0.317139 0.076767 0.0673828 0.099884 0.0432434
14 0.722656 0.170654 0.0703125 0.0683594 0.0411987
1 0.984375 0.955078 0.03125 0.0839844 0.0376892
1 0.72168 0.171143 0.0625 0.0610352 0.0369263
4 0.0514526 0.662476 0.0567627 0.559814 0.0353394
13 0.515991 0.230652 0.174072 0.331665 0.0276184
2 0.312012 0.0758972 0.074707 0.0977173 0.0272064
1 0.0250244 0.915283 0.0310059 0.120605 0.0256348
1 0.0255127 0.942871 0.0305176 0.0849609 0.0252686
4 0.0598602 0.484741 0.102203 0.942627 0.0213013
2 0.309082 0.213257 0.540039 0.325928 0.0199127
1 0.0362701 0.0652313 0.0558777 0.118317 0.0187073
2 0.0573273 0.486694 0.0982361 0.942627 0.0166321
1 0.986328 0.927979 0.0253906 0.103027 0.0130234
1 0.710938 0.166992 0.0693359 0.0837402 0.0105743
1 0.96875 0.052475 0.0390625 0.0632629 0.0103149
1 0.0265198 0.956055 0.0392456 0.078125 0.00981903
14 0.515137 0.228821 0.180664 0.34021 0.00811005
9 0.516479 0.231506 0.179932 0.329956 0.00786591
1 0.521973 0.22699 0.188477 0.312622 0.007267
13 0.70166 0.160645 0.0820312 0.0786133 0.00680161
1 0.0272064 0.971924 0.0451965 0.0561523 0.00632858
2 0.976562 0.0642548 0.0449219 0.07901 0.00629044
13 0.975586 0.0665741 0.0429688 0.0814514 0.00618744
4 0.0551758 0.514282 0.0736084 0.776123 0.00587463
2 0.489258 0.530762 0.885742 0.832031 0.00549316
4 0.515015 0.228943 0.179932 0.322388 0.00548553
13 0.72168 0.159546 0.09375 0.117676 0.00517654
2 0.44751 0.22876 0.315918 0.353027 0.00465775
13 0.672852 0.133667 0.0537109 0.0317383 0.00455093
1 0.968506 0.069397 0.0610352 0.108765 0.00446701
1 0.0205078 0.928223 0.0327148 0.0869141 0.00422668
1 0.975586 0.083786 0.0371094 0.107086 0.00399017
14 0.71582 0.160645 0.0917969 0.0925293 0.00377655
4 0.0454712 0.745117 0.0552979 0.432617 0.00365448
1 0.981689 0.921631 0.034668 0.143066 0.00341415
2 0.341797 0.0830841 0.160156 0.106049 0.00329971
1 0.976318 0.172546 0.0395508 0.289673 0.00326538
13 0.732422 0.157227 0.0683594 0.0959473 0.00316048
1 0.0259857 0.882812 0.0400696 0.183594 0.00306702
13 0.969482 0.103394 0.0317383 0.160889 0.00304985
10 0.717285 0.167358 0.0742188 0.0830078 0.00285339
2 0.466187 0.220764 0.200439 0.32312 0.00281334
8 0.514648 0.226868 0.180664 0.345093 0.0028019
2 0.291077 0.0757141 0.302612 0.111755 0.00273514
2 0.71582 0.173767 0.118164 0.14856 0.00265312
13 0.0362701 0.0652313 0.0558777 0.118317 0.0026474
13 0.0305176 0.899658 0.034668 0.145996 0.00263214
2 0.25946 0.291931 0.429321 0.479614 0.00256157
19 0.521973 0.229004 0.178711 0.278809 0.00244141
2 0.71875 0.152588 0.142578 0.10083 0.00243568
1 0.981445 0.830566 0.0292969 0.295898 0.00234032
13 0.969727 0.0552521 0.0332031 0.0728455 0.00227737
1 0.982666 0.914062 0.0288086 0.0888672 0.00227356
16 0.521973 0.229004 0.178711 0.278809 0.0022583
1 0.95166 0.0556183 0.0966797 0.0765076 0.00221062
3 0.51709 0.229004 0.176758 0.279297 0.00218391
1 0.0193634 0.897461 0.0362244 0.141602 0.00217628
2 0.972412 0.0496979 0.0415039 0.0597839 0.00213051
13 0.736328 0.178223 0.0722656 0.0800781 0.00211525
11 0.717285 0.167358 0.0742188 0.0830078 0.00209045
18 0.521973 0.229004 0.178711 0.278809 0.00208855
13 0.962646 0.0613403 0.074707 0.081665 0.00208664
1 0.969482 0.103394 0.0317383 0.160889 0.00208473
11 0.51709 0.229004 0.176758 0.279297 0.00206947
7 0.519531 0.228943 0.174805 0.277466 0.0020256
12 0.716309 0.164795 0.0693359 0.0844727 0.00201988
14 0.741211 0.166504 0.110352 0.0822754 0.00201607
17 0.521973 0.229004 0.178711 0.278809 0.00200844
1 0.982422 0.901611 0.0253906 0.159668 0.0019989
8 0.722168 0.169312 0.0673828 0.0681152 0.00198555
15 0.521973 0.229004 0.178711 0.278809 0.00197792
10 0.521973 0.229004 0.178711 0.278809 0.00194836
6 0.722168 0.169312 0.0673828 0.0681152 0.00194645
9 0.716309 0.164795 0.0693359 0.0844727 0.00189018
1 0.0346527 0.0864868 0.0437317 0.146851 0.00187588
1 0.977295 0.94165 0.0395508 0.112793 0.00185966
4 0.72168 0.171143 0.0625 0.0610352 0.00181007
6 0.521973 0.229004 0.178711 0.278809 0.00180912
12 0.521973 0.229004 0.178711 0.278809 0.00175381
5 0.517456 0.229919 0.179932 0.347778 0.0017128
1 0.973877 0.042984 0.0405273 0.0632019 0.00169849
1 0.976562 0.955811 0.03125 0.0766602 0.00169468
0 0.519531 0.228943 0.174805 0.277466 0.00168133
13 0.966064 0.0731201 0.0405273 0.0932617 0.00167561
19 0.722168 0.169312 0.0673828 0.0681152 0.00165939
2 0.314087 0.359497 0.58667 0.597412 0.00155354
13 0.703613 0.163452 0.125977 0.0861816 0.00152016
13 0.0573273 0.486694 0.0982361 0.942627 0.00144291
16 0.722168 0.169312 0.0673828 0.0681152 0.00144196
3 0.722168 0.169312 0.0673828 0.0681152 0.00143623
13 0.691406 0.148804 0.0986328 0.0661621 0.00142097
7 0.717285 0.167358 0.0742188 0.0830078 0.00137901
17 0.716309 0.164795 0.0693359 0.0844727 0.00135708
18 0.717285 0.167358 0.0742188 0.0830078 0.00135708
13 0.741211 0.175781 0.136719 0.150391 0.00131798
5 0.720215 0.169678 0.0742188 0.081543 0.00131416
13 0.744629 0.176453 0.222656 0.199829 0.00130939
2 0.303467 0.614258 0.0292969 0.0644531 0.001297
1 0.976562 0.109894 0.046875 0.176697 0.00129604
1 0.983398 0.9729 0.0273438 0.0463867 0.00129128
2 0.561646 0.248962 0.27124 0.365356 0.00126266
13 0.978271 0.871094 0.0356445 0.255859 0.00124359
1 0.0578156 0.0544281 0.0857849 0.0962219 0.00124264
1 0.730469 0.164185 0.0800781 0.0849609 0.00122166
0 0.722168 0.169312 0.0673828 0.0681152 0.00121498
15 0.722168 0.169312 0.0673828 0.0681152 0.00120926
1 0.0388794 0.914551 0.046875 0.137695 0.00116634
1 0.981445 0.0769653 0.0351562 0.0811768 0.0011282
13 0.766602 0.167847 0.158203 0.0974121 0.00110912
2 0.9729 0.294189 0.0541992 0.549316 0.00110435
13 0.674805 0.138916 0.0683594 0.045166 0.00107384
13 0.972656 0.141815 0.0488281 0.239807 0.00106812
2 0.513794 0.593628 0.9021 0.515869 0.00105095
13 0.728027 0.142334 0.124023 0.147949 0.00102329
