2 0.348755 0.854004 0.243896 0.176758 0.792969
13 0.35498 0.855957 0.25 0.163086 0.150513
2 0.508667 0.534302 0.851807 0.841553 0.0916748
1 0.98584 0.96167 0.0283203 0.0708008 0.0872192
1 0.0289917 0.942871 0.0371094 0.0888672 0.0437927
1 0.030777 0.914307 0.0287781 0.140137 0.0227509
14 0.351929 0.854004 0.235596 0.166016 0.0210114
1 0.0302582 0.94043 0.0281067 0.0703125 0.0192261
1 0.987305 0.945312 0.0195312 0.0664062 0.0181427
9 0.352783 0.854004 0.240723 0.166992 0.0101471
2 0.452148 0.864746 0.504883 0.203125 0.0083847
2 0.0607147 0.489746 0.102936 0.944336 0.00802612
1 0.0380859 0.0625763 0.0487061 0.0855408 0.00621414
2 0.558228 0.549805 0.879639 0.53418 0.00554657
4 0.34668 0.860352 0.231445 0.146484 0.00494003
2 0.353516 0.84668 0.148438 0.163086 0.00483704
4 0.061554 0.487793 0.108826 0.938477 0.00467682
1 0.0230408 0.930176 0.0359497 0.0908203 0.00455856
1 0.988281 0.916748 0.0214844 0.123535 0.0045433
2 0.244934 0.727051 0.43689 0.452148 0.00453568
1 0.352783 0.852051 0.253418 0.176758 0.0045166
2 0.56189 0.878418 0.737549 0.243164 0.00403214
1 0.986328 0.956543 0.0234375 0.0556641 0.00395584
13 0.0321655 0.901367 0.0288086 0.164062 0.00382423
13 0.0327759 0.864258 0.0325928 0.244141 0.00337029
8 0.353149 0.853516 0.233154 0.164062 0.0030632
2 0.270508 0.850586 0.350098 0.206055 0.00292206
2 0.480835 0.984131 0.760986 0.0317383 0.00290108
2 0.32666 0.504883 0.640625 0.852539 0.00227928
2 0.480957 0.642456 0.833008 0.500244 0.00211334
1 0.983643 0.92334 0.0327148 0.135742 0.00206375
7 0.351562 0.859863 0.233887 0.144531 0.0020504
16 0.351562 0.859863 0.233887 0.144531 0.00203514
18 0.351562 0.859863 0.233887 0.144531 0.00203514
19 0.351562 0.859863 0.233887 0.144531 0.00195694
6 0.351807 0.853516 0.245605 0.169922 0.00185776
11 0.351562 0.859863 0.233887 0.144531 0.00182438
2 0.0035553 0.521118 0.0071106 0.864014 0.00178528
17 0.351562 0.859863 0.233887 0.144531 0.00176811
1 0.943115 0.0406952 0.11377 0.0548401 0.00176334
15 0.351562 0.859863 0.233887 0.144531 0.00176239
12 0.351562 0.859863 0.233887 0.144531 0.00170135
1 0.983398 0.942871 0.0273438 0.0966797 0.00168324
10 0.351562 0.859863 0.233887 0.144531 0.00167561
3 0.351562 0.859863 0.233887 0.144531 0.00166225
0 0.351562 0.859863 0.233887 0.144531 0.00161171
5 0.352539 0.852539 0.241211 0.173828 0.00160217
1 0.979492 0.967285 0.0390625 0.0634766 0.00140476
1 0.0327759 0.864258 0.0325928 0.244141 0.00138569
2 0.703979 0.510376 0.525635 0.719482 0.00130558
4 0.94751 0.475098 0.0893555 0.895508 0.00128555
13 0.0295105 0.928467 0.0302124 0.121582 0.00126839
2 0.598633 0.972168 0.761719 0.0556641 0.00121593
2 0.376465 0.899658 0.294922 0.200684 0.00119591
1 0.0392303 0.0601501 0.0702209 0.102356 0.00118065
13 0.353516 0.84668 0.148438 0.163086 0.00102806
