2 0.560547 0.348999 0.245117 0.341064 0.848633
2 0.516479 0.30542 0.314697 0.402832 0.529785
1 0.982178 0.951904 0.0356445 0.0844727 0.484131
13 0.512695 0.298523 0.308594 0.408813 0.447754
1 0.034668 0.0514374 0.0484619 0.101471 0.387695
1 0.0232697 0.931152 0.0258484 0.0908203 0.176147
2 0.600098 0.368164 0.160156 0.324219 0.0664062
2 0.377075 0.320984 0.61499 0.415649 0.0605469
13 0.553711 0.351257 0.223633 0.301392 0.0542297
1 0.0234985 0.908447 0.0281982 0.14209 0.0516663
13 0.480103 0.19458 0.235107 0.169922 0.0469055
1 0.982666 0.925293 0.0327148 0.12207 0.0427856
1 0.980225 0.0554199 0.0297852 0.0744629 0.0279541
13 0.473145 0.259766 0.319336 0.302246 0.0259247
1 0.0273438 0.92041 0.0257568 0.0947266 0.025177
1 0.512695 0.300964 0.279297 0.411743 0.0234375
4 0.512695 0.300964 0.279297 0.411743 0.0150528
1 0.975586 0.95459 0.03125 0.0732422 0.0148849
1 0.985352 0.943359 0.0195312 0.0742188 0.013855
13 0.437134 0.171875 0.198975 0.147949 0.0120163
14 0.553711 0.351257 0.223633 0.301392 0.0119781
9 0.553711 0.351257 0.223633 0.301392 0.0119324
13 0.466553 0.351074 0.415527 0.500977 0.0108643
13 0.383667 0.317871 0.588135 0.381836 0.0105438
1 0.979736 0.916504 0.0405273 0.157227 0.0098114
1 0.986328 0.913086 0.0195312 0.0986328 0.00944519
1 0.553711 0.351257 0.223633 0.301392 0.00901031
1 0.0322266 0.0826721 0.0422363 0.160339 0.00862885
1 0.0313263 0.0687256 0.0567322 0.137451 0.00842285
14 0.52002 0.3078 0.289062 0.372681 0.00803375
4 0.554688 0.347595 0.226562 0.292114 0.00645065
9 0.52002 0.3078 0.289062 0.372681 0.00551987
13 0.600098 0.368164 0.160156 0.324219 0.00502396
1 0.0278015 0.887207 0.0316772 0.186523 0.00453568
1 0.979492 0.110199 0.0332031 0.179504 0.00419235
1 0.983398 0.953369 0.0253906 0.0522461 0.0039444
1 0.979736 0.872559 0.0385742 0.241211 0.00391769
13 0.338989 0.414795 0.624756 0.70752 0.00390053
13 0.972656 0.110474 0.03125 0.173828 0.00382996
3 0.553711 0.351257 0.223633 0.301392 0.00372505
19 0.553711 0.351257 0.223633 0.301392 0.00365257
11 0.553711 0.351257 0.223633 0.301392 0.00343323
1 0.975586 0.96875 0.0332031 0.0488281 0.00341415
8 0.553711 0.351257 0.223633 0.301392 0.00330162
18 0.553711 0.351257 0.223633 0.301392 0.00330162
16 0.553711 0.351257 0.223633 0.301392 0.00329018
13 0.482544 0.157532 0.281006 0.241577 0.00317192
7 0.553711 0.351257 0.223633 0.301392 0.00313759
10 0.553711 0.351257 0.223633 0.301392 0.00300598
12 0.553711 0.351257 0.223633 0.301392 0.00299454
5 0.512695 0.300964 0.279297 0.411743 0.00290871
5 0.553711 0.351257 0.223633 0.301392 0.00285912
1 0.983398 0.0817566 0.0332031 0.129944 0.00285339
17 0.553711 0.351257 0.223633 0.301392 0.00282478
6 0.553711 0.351257 0.223633 0.301392 0.00282478
13 0.509766 0.212463 0.27832 0.236206 0.00280762
15 0.553711 0.351257 0.223633 0.301392 0.0028038
0 0.553711 0.351257 0.223633 0.301392 0.00271797
1 0.971436 0.94458 0.0493164 0.0893555 0.00271606
1 0.0351562 0.131958 0.0465088 0.262451 0.0025959
1 0.0238953 0.0532227 0.0477905 0.106445 0.00254631
18 0.52002 0.3078 0.289062 0.372681 0.00250244
4 0.0589905 0.47937 0.0910034 0.926025 0.00248718
2 0.980957 0.952881 0.0380859 0.0766602 0.00244904
3 0.512695 0.300964 0.279297 0.411743 0.00242424
8 0.512695 0.300964 0.279297 0.411743 0.0024147
11 0.512695 0.300964 0.279297 0.411743 0.00236702
0 0.512695 0.300964 0.279297 0.411743 0.00235748
16 0.52002 0.3078 0.289062 0.372681 0.00234222
13 0.972412 0.159302 0.0356445 0.260986 0.00231171
19 0.52002 0.3078 0.289062 0.372681 0.00224304
2 0.473145 0.259766 0.319336 0.302246 0.00223541
10 0.512695 0.300964 0.279297 0.411743 0.00223351
12 0.512695 0.300964 0.279297 0.411743 0.00214005
7 0.52002 0.3078 0.289062 0.372681 0.00214005
2 0.467896 0.376709 0.421631 0.557129 0.00213051
2 0.340454 0.455444 0.633545 0.85083 0.00205803
17 0.52002 0.3078 0.289062 0.372681 0.00204277
2 0.616211 0.342346 0.25 0.375854 0.00202751
15 0.52002 0.3078 0.289062 0.372681 0.00202751
2 0.0600739 0.475586 0.0929871 0.929688 0.00201225
6 0.52002 0.3078 0.289062 0.372681 0.0019722
14 0.981689 0.954102 0.0366211 0.0820312 0.00175095
13 0.980957 0.952881 0.0380859 0.0766602 0.00169373
1 0.986328 0.0524902 0.0253906 0.0582275 0.0016098
1 0.0225067 0.949219 0.0311584 0.0585938 0.00147629
13 0.0336761 0.0502319 0.0527649 0.0970459 0.00147629
1 0.0148315 0.927002 0.0296631 0.0913086 0.00145817
1 0.979492 0.0435791 0.0390625 0.0566406 0.00145531
13 0.980225 0.170349 0.0297852 0.296021 0.00144863
1 0.977539 0.0582581 0.0449219 0.0988159 0.00141907
2 0.480103 0.19458 0.235107 0.169922 0.00139809
2 0.57959 0.392456 0.202148 0.217041 0.00137043
1 0.984375 0.831055 0.0234375 0.28125 0.00136948
13 0.481934 0.223145 0.0732422 0.0869141 0.00136089
13 0.419556 0.152466 0.135498 0.102051 0.00128365
4 0.597168 0.359497 0.166016 0.325928 0.00119019
4 0.0524292 0.675781 0.0454102 0.492188 0.00118446
2 0.0336761 0.0502319 0.0527649 0.0970459 0.00110722
1 0.972412 0.0844879 0.0317383 0.124725 0.00109196
13 0.970703 0.224792 0.0410156 0.390259 0.0010891
13 0.467773 0.21875 0.0546875 0.074707 0.00107288
1 0.0203247 0.0823669 0.0406494 0.154114 0.00107002
13 0.864746 0.525269 0.0283203 0.113525 0.00106812
14 0.034668 0.0514374 0.0484619 0.101471 0.00106335
1 0.98584 0.92627 0.0283203 0.0839844 0.00105572
4 0.379272 0.3255 0.575439 0.345093 0.00104427
13 0.488281 0.242188 0.0966797 0.13623 0.00104046
2 0.341797 0.239075 0.649414 0.375366 0.00103474
1 0.0383911 0.0561066 0.0767822 0.105316 0.00102425
4 0.0334473 0.216064 0.0531006 0.432129 0.00100803
