13 0.415527 0.769531 0.112305 0.267578 0.859863
2 0.407959 0.767578 0.120117 0.276367 0.612793
13 0.532227 0.898438 0.0410156 0.0585938 0.363525
1 0.983154 0.950928 0.0336914 0.0961914 0.25708
1 0.0273438 0.943359 0.0264893 0.0683594 0.249634
1 0.987305 0.945557 0.0253906 0.065918 0.12561
1 0.979492 0.0652161 0.0390625 0.0751343 0.0932617
1 0.0256195 0.936279 0.0388489 0.0844727 0.0767822
13 0.538086 0.902344 0.0615234 0.0839844 0.0502014
1 0.980225 0.92334 0.0336914 0.143555 0.0317078
13 0.445312 0.773926 0.192383 0.299805 0.0279846
1 0.976562 0.94165 0.03125 0.10498 0.0220337
1 0.0243683 0.955566 0.0328064 0.0576172 0.0215912
13 0.395996 0.771973 0.194336 0.285156 0.0209351
2 0.484985 0.465942 0.817139 0.892334 0.0162506
1 0.0376129 0.0592194 0.0463562 0.0915222 0.0144272
4 0.962402 0.473145 0.0751953 0.921875 0.0132904
1 0.0283203 0.924805 0.0286865 0.0917969 0.0127487
1 0.986328 0.914307 0.0253906 0.128418 0.0104752
1 0.97876 0.0876312 0.034668 0.114777 0.00983429
14 0.406738 0.766602 0.103516 0.246094 0.00975037
1 0.0305786 0.91626 0.032959 0.132324 0.00946045
1 0.973389 0.0678711 0.0512695 0.0974121 0.00928497
13 0.0921326 0.734863 0.0339966 0.0771484 0.008461
1 0.407471 0.769043 0.102051 0.257812 0.00809479
2 0.445312 0.773926 0.192383 0.299805 0.00714493
1 0.968506 0.0557098 0.0629883 0.065094 0.00671768
1 0.0427856 0.0623322 0.0688477 0.118256 0.00611115
1 0.97583 0.886963 0.0405273 0.19873 0.00611115
1 0.531738 0.900879 0.0410156 0.0595703 0.0060463
1 0.0237122 0.908936 0.0366821 0.150879 0.0057869
1 0.0383911 0.869629 0.0418701 0.208008 0.00564194
1 0.969727 0.101562 0.0371094 0.154053 0.00561905
4 0.407959 0.767578 0.120117 0.276367 0.00517654
4 0.037674 0.762451 0.0457458 0.432129 0.0050621
1 0.981445 0.949463 0.0273438 0.065918 0.00481415
13 0.0351562 0.846191 0.0396729 0.256836 0.00473785
1 0.982178 0.105469 0.0356445 0.163818 0.00448608
14 0.0273438 0.942383 0.0272217 0.0664062 0.00447083
9 0.409668 0.771484 0.114258 0.283203 0.00398636
2 0.391602 0.776367 0.189453 0.28418 0.00397491
1 0.0321045 0.893555 0.0415039 0.164062 0.00396347
13 0.0797729 0.720703 0.041626 0.165039 0.00382805
13 0.0273438 0.942383 0.0272217 0.0664062 0.00367928
13 0.0812378 0.732422 0.0340576 0.0917969 0.00365829
13 0.969727 0.101562 0.0371094 0.154053 0.00356293
14 0.982422 0.952393 0.0351562 0.0854492 0.00349617
2 0.533691 0.900391 0.0419922 0.0595703 0.00324821
1 0.0376129 0.942627 0.0429382 0.065918 0.00316048
13 0.406006 0.772461 0.0986328 0.143555 0.00298119
13 0.526855 0.883789 0.0478516 0.0830078 0.00287819
14 0.532227 0.898438 0.0410156 0.0585938 0.00285912
13 0.980957 0.127136 0.0380859 0.211548 0.00281143
1 0.976562 0.966064 0.03125 0.065918 0.00263405
2 0.0263672 0.940674 0.026123 0.0639648 0.00253677
1 0.187439 0.0352173 0.318481 0.0339355 0.00250053
13 0.967285 0.163574 0.0419922 0.267578 0.00247383
1 0.986328 0.0713501 0.0273438 0.069458 0.00245476
1 0.0295868 0.0663757 0.0455627 0.115784 0.00245285
2 0.401367 0.742188 0.0878906 0.213867 0.00238419
13 0.0283051 0.9104 0.0300598 0.134277 0.00235939
1 0.060791 0.0520782 0.114258 0.0835876 0.00234222
8 0.409668 0.771484 0.114258 0.283203 0.00226021
13 0.0612793 0.751465 0.0473633 0.217773 0.00224495
4 0.0436249 0.271362 0.0658264 0.519775 0.00222588
13 0.0767212 0.708618 0.0582275 0.483154 0.00201035
13 0.0920715 0.717285 0.0385132 0.123047 0.00199699
13 0.977295 0.898193 0.0336914 0.178223 0.00198174
4 0.063324 0.493408 0.0979614 0.95459 0.00197792
7 0.413696 0.769531 0.111084 0.272461 0.00195217
18 0.413696 0.769531 0.111084 0.272461 0.00194454
1 0.97168 0.944336 0.0507812 0.105469 0.00193691
5 0.413696 0.769531 0.111084 0.272461 0.00190735
13 0.531738 0.882812 0.0693359 0.111328 0.00190639
1 0.0356445 0.822266 0.0380859 0.316406 0.0018158
13 0.0373535 0.797363 0.0518799 0.37793 0.00177193
1 0.949951 0.0540771 0.100098 0.0893555 0.00174046
1 0.0356445 0.105103 0.0447998 0.17334 0.00172234
16 0.413696 0.769531 0.111084 0.272461 0.00171661
3 0.413696 0.769531 0.111084 0.272461 0.00170422
13 0.9729 0.847168 0.0385742 0.286133 0.00168419
1 0.96582 0.0835419 0.0488281 0.105377 0.00166988
10 0.409668 0.771484 0.114258 0.283203 0.001647
12 0.413696 0.769531 0.111084 0.272461 0.00163841
19 0.409668 0.771484 0.114258 0.283203 0.0015974
17 0.413696 0.769531 0.111084 0.272461 0.0014801
14 0.987305 0.943848 0.0253906 0.0634766 0.00147915
1 0.894775 0.0411377 0.194824 0.026001 0.00147247
13 0.0321045 0.893555 0.0415039 0.164062 0.00145054
6 0.413696 0.769531 0.111084 0.272461 0.00144672
1 0.969482 0.143921 0.0473633 0.208252 0.00144005
15 0.409668 0.771484 0.114258 0.283203 0.00143242
1 0.0290833 0.859375 0.0385132 0.253906 0.00142574
1 0.991699 0.943604 0.0166016 0.0620117 0.0013895
11 0.413696 0.769531 0.111084 0.272461 0.00137997
13 0.978516 0.0640717 0.0410156 0.0708313 0.0013361
1 0.981689 0.828125 0.0307617 0.291016 0.0013361
13 0.0498657 0.735352 0.0452881 0.451172 0.00133419
4 0.945068 0.539673 0.0864258 0.781982 0.00129986
2 0.533203 0.904297 0.0810547 0.0878906 0.00129318
0 0.409668 0.771484 0.114258 0.283203 0.00128937
1 0.984375 0.11087 0.0253906 0.141541 0.00127983
2 0.509766 0.320557 0.821289 0.496582 0.00127125
2 0.408936 0.755859 0.0952148 0.142578 0.00126934
2 0.623169 0.537231 0.62085 0.845459 0.00119305
13 0.532227 0.895508 0.104492 0.128906 0.00118637
4 0.0496979 0.692749 0.0641785 0.614502 0.00117874
13 0.983154 0.950928 0.0336914 0.0961914 0.00117588
13 0.398438 0.730469 0.0908203 0.145508 0.00116634
13 0.377686 0.687012 0.050293 0.106445 0.00115395
1 0.0395508 0.134186 0.0473633 0.249695 0.00115395
1 0.958008 0.0381927 0.0800781 0.066925 0.0011282
1 0.923096 0.0495605 0.153809 0.0445557 0.00108051
1 0.984375 0.893066 0.03125 0.182617 0.00107002
13 0.539062 0.903809 0.0400391 0.0439453 0.00105476
1 0.043457 0.294067 0.0614014 0.532959 0.00105381
1 0.990723 0.934326 0.0185547 0.0883789 0.00105
4 0.0498657 0.735352 0.0452881 0.451172 0.00101757
