2 0.486816 0.27124 0.337891 0.102051 0.803223
1 0.974609 0.931641 0.0332031 0.107422 0.349609
1 0.0177002 0.963867 0.0336914 0.0703125 0.277588
13 0.305908 0.664062 0.0214844 0.0664062 0.277344
1 0.964111 0.0535736 0.0405273 0.0979309 0.262939
14 0.578613 0.483887 0.0253906 0.0439453 0.17395
13 0.493042 0.281494 0.330322 0.120117 0.0830078
4 0.0524292 0.469727 0.0926514 0.939453 0.0650024
2 0.5 0.277832 0.357422 0.159668 0.0575562
2 0.577148 0.484497 0.0263672 0.0446777 0.0492554
1 0.96875 0.0650635 0.0507812 0.130127 0.0489197
2 0.494141 0.234802 0.336914 0.157349 0.0313721
1 0.97583 0.914551 0.0424805 0.143555 0.0307007
14 0.0177002 0.960938 0.0354004 0.0761719 0.029541
1 0.97583 0.864258 0.0307617 0.224609 0.0211945
1 0.978516 0.901855 0.0273438 0.137695 0.0191956
14 0.493042 0.281494 0.330322 0.120117 0.0189667
2 0.342285 0.158447 0.617188 0.266113 0.0185089
1 0.0180206 0.939453 0.0347595 0.121094 0.0179291
9 0.491211 0.276855 0.339844 0.0957031 0.0171509
1 0.967285 0.116791 0.0458984 0.208313 0.00894928
1 0.976318 0.945801 0.0454102 0.0908203 0.00771713
2 0.485962 0.211548 0.406982 0.220459 0.00721359
13 0.307373 0.67334 0.0297852 0.0878906 0.00718689
1 0.0194702 0.90332 0.0372314 0.193359 0.00677109
2 0.6073 0.279053 0.57251 0.129395 0.0059967
2 0.306885 0.664062 0.0175781 0.0712891 0.00510406
2 0.50293 0.347168 0.355469 0.244141 0.00505447
1 0.976562 0.80127 0.03125 0.317383 0.00497437
14 0.306641 0.664062 0.0170898 0.0712891 0.00419998
1 0.494019 0.278564 0.351807 0.119141 0.00407028
1 0.0229034 0.0690002 0.0372009 0.110046 0.00395203
2 0.0638733 0.50415 0.0997925 0.956543 0.0037384
13 0.577148 0.484497 0.0263672 0.0446777 0.00359154
2 0.0177002 0.960938 0.0354004 0.0761719 0.00349808
1 0.979248 0.913574 0.0317383 0.0839844 0.00347519
4 0.494995 0.275879 0.328369 0.108887 0.00322914
13 0.0188599 0.959717 0.0358887 0.0786133 0.00299263
1 0.306885 0.664062 0.0175781 0.0712891 0.00283432
2 0.967529 0.0613556 0.0454102 0.116302 0.0028019
6 0.494141 0.276611 0.345703 0.112793 0.00270462
13 0.30127 0.671387 0.0263672 0.0810547 0.00267601
13 0.291992 0.664062 0.0405273 0.0703125 0.00266266
8 0.491821 0.274902 0.340576 0.106934 0.00261497
13 0.969482 0.127228 0.0512695 0.23822 0.00252342
4 0.950928 0.467651 0.0786133 0.843994 0.00224876
2 0.637207 0.312012 0.56543 0.226074 0.00213432
1 0.0227966 0.859863 0.0396118 0.276367 0.00210953
1 0.966309 0.92627 0.0439453 0.0986328 0.0021019
13 0.967529 0.0613556 0.0454102 0.116302 0.00197792
2 0.598755 0.245117 0.525146 0.155273 0.00183487
1 0.0204468 0.977051 0.0291748 0.0458984 0.00182438
1 0.0322876 0.0557556 0.0577393 0.0901489 0.00179863
2 0.500488 0.280762 0.217773 0.110352 0.001791
1 0.0201111 0.100006 0.0317993 0.164734 0.00178146
1 0.95459 0.0443115 0.0576172 0.0771484 0.0017395
11 0.492065 0.276123 0.340088 0.0947266 0.00172043
0 0.494141 0.276611 0.345703 0.112793 0.00170231
14 0.302734 0.663574 0.0258789 0.0615234 0.00168991
9 0.498047 0.273438 0.362305 0.153809 0.001688
19 0.492065 0.276123 0.340088 0.0947266 0.00165462
13 0.311035 0.65918 0.0234375 0.0742188 0.00164318
13 0.499634 0.288757 0.350342 0.203735 0.00163078
16 0.493042 0.279053 0.332275 0.108887 0.00160408
1 0.973633 0.830811 0.0449219 0.299316 0.00155067
2 0.0183105 0.933838 0.036499 0.10498 0.00154495
4 0.960449 0.296021 0.0712891 0.587646 0.00151062
3 0.493042 0.279053 0.332275 0.108887 0.00143242
10 0.494141 0.276611 0.345703 0.112793 0.00137901
14 0.578125 0.480957 0.0332031 0.0605469 0.00134468
1 0.977051 0.0558472 0.0458984 0.105347 0.00133991
1 0.0507355 0.051651 0.0914001 0.0832214 0.00133514
2 0.578125 0.480957 0.0332031 0.0605469 0.00128365
4 0.0281372 0.29895 0.0559082 0.546631 0.00126171
1 0.961426 0.1604 0.0458984 0.305664 0.00125504
1 0.0320587 0.911133 0.0523376 0.177734 0.00124454
15 0.494019 0.278564 0.351807 0.119141 0.00122166
5 0.489868 0.269043 0.334717 0.111328 0.0012207
13 0.973633 0.933594 0.0332031 0.101562 0.00121784
18 0.493042 0.279053 0.332275 0.108887 0.00120735
12 0.494019 0.278564 0.351807 0.119141 0.00118923
17 0.493042 0.279053 0.332275 0.108887 0.00118828
1 0.0143127 0.970947 0.0286255 0.0581055 0.00118351
14 0.974609 0.931641 0.0332031 0.107422 0.00118256
14 0.0186615 0.938477 0.0371399 0.123047 0.00117683
7 0.494019 0.278564 0.351807 0.119141 0.00114822
1 0.966309 0.739746 0.0400391 0.444336 0.00112534
1 0.0836792 0.0231934 0.150269 0.0357666 0.00111675
1 0.974609 0.870117 0.0332031 0.136719 0.00111008
10 0.306641 0.664062 0.0170898 0.0712891 0.00103855
2 0.519531 0.361816 0.475586 0.333008 0.00101471
2 0.638306 0.152039 0.641357 0.299438 0.00101089
14 0.587402 0.481812 0.0322266 0.045166 0.00100613
