2 0.40625 0.720703 0.206055 0.111328 0.818359
1 0.986328 0.946777 0.0273438 0.0634766 0.198364
1 0.03125 0.947021 0.0266113 0.0883789 0.132202
1 0.0303192 0.956299 0.0384827 0.0756836 0.104187
1 0.0302734 0.925537 0.0240479 0.105957 0.0946655
1 0.980225 0.943359 0.0317383 0.0996094 0.0761719
1 0.97876 0.919434 0.034668 0.125977 0.0548706
2 0.395996 0.719727 0.12207 0.101562 0.0283356
13 0.405273 0.717773 0.181641 0.100586 0.0280304
1 0.0302734 0.93457 0.0352783 0.0917969 0.0279541
14 0.399902 0.717285 0.178711 0.103516 0.0250244
1 0.0366211 0.0544128 0.0476074 0.106506 0.0245209
1 0.981445 0.952393 0.0273438 0.0600586 0.0156708
2 0.405273 0.700684 0.254883 0.168945 0.0144577
1 0.983398 0.96167 0.0332031 0.074707 0.0118561
13 0.715332 0.0714722 0.0302734 0.0445557 0.0112076
1 0.981689 0.0831146 0.034668 0.108429 0.0107422
1 0.976318 0.885498 0.0336914 0.182129 0.0103531
1 0.0327301 0.918945 0.0365906 0.136719 0.0099411
9 0.407715 0.717773 0.191406 0.0996094 0.0091095
1 0.0356445 0.868164 0.0323486 0.232422 0.00849915
1 0.91626 0.0145264 0.140137 0.0290527 0.00643158
1 0.0415039 0.178467 0.041626 0.313477 0.00602341
13 0.364014 0.564453 0.104004 0.154297 0.00581741
2 0.369873 0.584473 0.119141 0.199219 0.0056839
2 0.394165 0.6875 0.319092 0.226562 0.0055809
1 0.407349 0.713379 0.200928 0.113281 0.00542831
1 0.912354 0.0222931 0.124512 0.0335388 0.00492477
1 0.0385742 0.958984 0.0472412 0.0644531 0.00448227
1 0.0317383 0.887939 0.027832 0.175293 0.00424957
8 0.400757 0.717773 0.167236 0.101562 0.00386238
13 0.0366364 0.77002 0.0343933 0.391602 0.00383568
1 0.980469 0.0687256 0.03125 0.067627 0.00373459
13 0.135498 0.824707 0.0222168 0.0615234 0.00335503
2 0.429688 0.736328 0.322266 0.209961 0.00328255
1 0.98584 0.930176 0.0283203 0.0810547 0.00301933
4 0.408691 0.717285 0.199219 0.100586 0.00288582
2 0.401367 0.723633 0.0849609 0.0810547 0.0028801
1 0.980713 0.822266 0.0327148 0.320312 0.00279045
1 0.0224609 0.939941 0.0297852 0.0830078 0.00268173
1 0.0429688 0.0875854 0.0419922 0.151733 0.00259018
4 0.954102 0.389404 0.0605469 0.67041 0.00251389
1 0.991211 0.945068 0.0175781 0.059082 0.0024662
2 0.36377 0.563965 0.0932617 0.146484 0.00234795
14 0.985352 0.945557 0.0273438 0.0620117 0.00216675
13 0.403198 0.710449 0.196533 0.164062 0.00214577
4 0.963135 0.296265 0.065918 0.512939 0.00213623
2 0.381348 0.729004 0.213867 0.164062 0.00208664
6 0.400146 0.71875 0.17334 0.100586 0.0020256
4 0.0957031 0.487793 0.102783 0.767578 0.00196266
1 0.0385742 0.0344849 0.057251 0.0588379 0.00186157
13 0.135864 0.812988 0.0170898 0.0810547 0.00183296
13 0.373535 0.569824 0.0854492 0.109375 0.00183105
2 0.0303345 0.956543 0.0391846 0.0751953 0.00177097
2 0.367798 0.553345 0.209717 0.260498 0.00167942
1 0.971924 0.937012 0.0405273 0.0966797 0.00167942
4 0.971436 0.20636 0.0454102 0.359741 0.00165176
1 0.0224457 0.921387 0.0266418 0.0869141 0.00164413
1 0.0992432 0.0141449 0.132812 0.0282898 0.00162411
1 0.929199 0.0221558 0.135742 0.0443115 0.00161839
13 0.980469 0.0979309 0.0371094 0.136658 0.00161743
1 0.0313873 0.0806885 0.0395203 0.153564 0.00156879
1 0.978516 0.114502 0.0390625 0.164062 0.00156403
7 0.400879 0.717773 0.173828 0.101562 0.00150871
11 0.401367 0.71875 0.168945 0.102539 0.00148869
19 0.400757 0.717773 0.167236 0.101562 0.00147152
16 0.401367 0.71875 0.168945 0.102539 0.0014658
10 0.399414 0.72168 0.171875 0.105469 0.00146389
2 0.625122 0.671387 0.601318 0.195312 0.00144386
12 0.39917 0.71875 0.182129 0.111328 0.00143528
15 0.407837 0.717285 0.191162 0.103516 0.00140762
2 0.464478 0.710938 0.252686 0.134766 0.0014019
0 0.408691 0.717285 0.199219 0.100586 0.00139809
3 0.400757 0.717773 0.167236 0.101562 0.00139332
2 0.499512 0.381104 0.771484 0.569824 0.0013752
5 0.392578 0.719727 0.167969 0.105469 0.00135899
13 0.968018 0.189575 0.0366211 0.267334 0.00132561
1 0.981445 0.96875 0.0292969 0.046875 0.00125694
13 0.840576 0.097168 0.307129 0.118896 0.00124836
1 0.0391235 0.140686 0.0568848 0.253784 0.00122356
2 0.985352 0.945557 0.0273438 0.0620117 0.00121689
1 0.020752 0.958008 0.0406494 0.0722656 0.001194
1 0.970703 0.0843506 0.0371094 0.120361 0.00118923
4 0.0371094 0.739258 0.043335 0.466797 0.00117874
1 0.0376587 0.0730591 0.0615234 0.146118 0.00117493
18 0.408569 0.716309 0.19458 0.105469 0.00116634
14 0.0282288 0.942383 0.0370483 0.0976562 0.00116539
17 0.392578 0.719727 0.167969 0.105469 0.00112724
1 0.0224915 0.914062 0.0366821 0.119141 0.00110435
9 0.403198 0.710449 0.196533 0.164062 0.00109482
13 0.399414 0.720703 0.10791 0.0957031 0.00109291
1 0.984863 0.893799 0.0302734 0.155762 0.00105286
1 0.819336 0.0163574 0.0810547 0.0322266 0.00104809
1 0.972656 0.850586 0.0449219 0.240234 0.00101662
