2 0.456055 0.763672 0.337891 0.100586 0.842285
1 0.0292816 0.936523 0.028595 0.0703125 0.331055
1 0.0293274 0.954102 0.0411987 0.078125 0.232422
1 0.981201 0.0526886 0.0375977 0.0794373 0.220825
1 0.983154 0.942627 0.0317383 0.106934 0.172119
1 0.984375 0.940918 0.0234375 0.0791016 0.132324
2 0.460327 0.768555 0.216064 0.0908203 0.0795898
13 0.746094 0.524414 0.0263672 0.0742188 0.0599365
2 0.459839 0.757812 0.377197 0.161133 0.040802
1 0.985352 0.916504 0.0253906 0.120117 0.0375366
4 0.970947 0.263123 0.0581055 0.480591 0.0319519
13 0.445068 0.852539 0.019043 0.0595703 0.0306396
1 0.0294189 0.922852 0.0405273 0.117188 0.0278931
1 0.0310974 0.0557404 0.0383911 0.104095 0.0224457
4 0.0380707 0.780273 0.0498352 0.439453 0.0222015
14 0.458008 0.767578 0.339844 0.0976562 0.0196381
1 0.0371094 0.159119 0.0401611 0.281372 0.0192871
1 0.0224609 0.9375 0.0289307 0.0664062 0.0158844
1 0.0366211 0.941406 0.0435791 0.0703125 0.0140915
4 0.282471 0.53125 0.119629 0.9375 0.0136032
9 0.458984 0.769531 0.330078 0.0908203 0.0129395
1 0.976807 0.933594 0.0307617 0.105469 0.0127716
1 0.976318 0.954346 0.027832 0.0834961 0.0123672
1 0.0356598 0.086853 0.0370789 0.153931 0.0108795
4 0.954834 0.422363 0.0649414 0.733398 0.0105896
1 0.983154 0.962158 0.0336914 0.0737305 0.0101929
2 0.443848 0.851562 0.0180664 0.0605469 0.00978851
1 0.981201 0.915527 0.0375977 0.15918 0.00924683
1 0.981445 0.87207 0.0292969 0.21875 0.00846863
1 0.983887 0.0819702 0.0322266 0.141724 0.00835419
14 0.443848 0.851562 0.0180664 0.0605469 0.008255
13 0.749512 0.530273 0.0380859 0.0917969 0.00802612
1 0.969727 0.0732269 0.0371094 0.119415 0.00718307
1 0.0305176 0.895752 0.0375977 0.206543 0.00689316
13 0.467407 0.769043 0.342529 0.0996094 0.0068512
2 0.488647 0.781738 0.300049 0.0898438 0.00684357
13 0.96875 0.111084 0.0390625 0.19751 0.00540161
4 0.0354004 0.863525 0.0429688 0.247559 0.00497818
1 0.0366211 0.824707 0.0351562 0.297852 0.00445175
1 0.971436 0.0993652 0.043457 0.162109 0.00403976
4 0.463013 0.769043 0.359131 0.100586 0.0038929
1 0.455566 0.766113 0.34082 0.100586 0.00363922
14 0.0283203 0.938232 0.0323486 0.0649414 0.00361252
2 0.410645 0.761719 0.274414 0.0800781 0.00348473
1 0.44458 0.851562 0.0161133 0.0625 0.00325584
1 0.976562 0.967529 0.0292969 0.0512695 0.00316238
1 0.0314331 0.0679932 0.0550537 0.135986 0.00315285
1 0.0292969 0.911133 0.0272217 0.105469 0.00291252
1 0.0227661 0.945312 0.0455322 0.0820312 0.00271416
2 0.443359 0.853027 0.0297852 0.0625 0.00264549
8 0.463013 0.769043 0.359131 0.100586 0.00248909
2 0.520508 0.795898 0.244141 0.0537109 0.00239372
4 0.955078 0.501343 0.0820312 0.997314 0.00232697
4 0.296875 0.424438 0.12207 0.686279 0.002285
1 0.970947 0.0481567 0.0522461 0.0762939 0.00216484
1 0.0281982 0.965088 0.0528564 0.0639648 0.00214386
6 0.453491 0.768066 0.341064 0.0966797 0.0021286
2 0.452393 0.849121 0.0639648 0.0605469 0.00209045
1 0.986328 0.0693665 0.0253906 0.0966187 0.00206757
2 0.0283203 0.938232 0.0323486 0.0649414 0.0020256
13 0.980469 0.0529633 0.0332031 0.0786438 0.001894
4 0.0405121 0.648315 0.0576477 0.533447 0.00172615
1 0.967285 0.166199 0.0439453 0.269165 0.00164604
1 0.974609 0.884277 0.0332031 0.200195 0.0016098
14 0.986328 0.933105 0.0273438 0.0791016 0.00154591
13 0.0283203 0.938232 0.0323486 0.0649414 0.00153255
1 0.990723 0.933594 0.0185547 0.0859375 0.00148964
2 0.450439 0.849121 0.0385742 0.0517578 0.0014658
2 0.0288391 0.950195 0.0430298 0.0839844 0.00143242
12 0.453491 0.768066 0.341064 0.0966797 0.00143147
1 0.043457 0.94043 0.0541992 0.0898438 0.00138092
16 0.453491 0.768066 0.341064 0.0966797 0.00135517
1 0.979492 0.821777 0.0332031 0.338867 0.00135136
4 0.971191 0.474609 0.0576172 0.804688 0.0013485
15 0.453491 0.768066 0.341064 0.0966797 0.00130844
19 0.459351 0.770996 0.331299 0.09375 0.0012989
1 0.0341797 0.242249 0.0412598 0.463745 0.00129223
11 0.460449 0.770508 0.349609 0.0976562 0.00127602
2 0.980469 0.0529633 0.0332031 0.0786438 0.00127506
7 0.453491 0.768066 0.341064 0.0966797 0.00125408
10 0.453491 0.768066 0.341064 0.0966797 0.00123882
13 0.782715 0.488281 0.0751953 0.0507812 0.0012207
1 0.0366211 0.706787 0.0445557 0.55127 0.00121689
1 0.137238 0.96167 0.23822 0.0415039 0.00117588
3 0.459351 0.770996 0.331299 0.09375 0.0011692
0 0.453491 0.768066 0.341064 0.0966797 0.00115967
18 0.453491 0.768066 0.341064 0.0966797 0.00115013
13 0.966553 0.176697 0.0454102 0.306763 0.00114441
2 0.52002 0.763672 0.240234 0.121094 0.00114441
1 0.0310974 0.112183 0.0414429 0.208252 0.00114441
9 0.459473 0.760742 0.34668 0.158203 0.00110149
13 0.459839 0.757812 0.377197 0.161133 0.00107384
5 0.453491 0.768066 0.341064 0.0966797 0.0010643
17 0.453491 0.768066 0.341064 0.0966797 0.0010643
2 0.501953 0.721191 0.408203 0.193359 0.00105858
4 0.958984 0.305786 0.0820312 0.542725 0.00104427
2 0.474976 0.773926 0.105713 0.0537109 0.00104046
14 0.980957 0.0513916 0.0380859 0.0753174 0.00100613
13 0.980469 0.0935059 0.0332031 0.163574 0.00100517
