2 0.219238 0.714355 0.389648 0.078125 0.763184
2 0.198792 0.329102 0.355347 0.169922 0.739258
2 0.204712 0.446655 0.366455 0.438721 0.679199
2 0.112793 0.31665 0.166016 0.146484 0.323975
2 0.231018 0.69043 0.379761 0.114258 0.322754
1 0.981445 0.953613 0.0371094 0.0888672 0.290039
13 0.117157 0.31543 0.160217 0.137207 0.265381
1 0.222412 0.70752 0.388184 0.0751953 0.199707
1 0.984375 0.947998 0.0234375 0.059082 0.13208
2 0.215027 0.408203 0.351196 0.256836 0.121887
13 0.209961 0.313232 0.353027 0.135254 0.11084
14 0.0281219 0.944092 0.0472717 0.0961914 0.0865479
2 0.226562 0.702148 0.263672 0.0771484 0.0645142
1 0.0271606 0.943604 0.0491943 0.0932617 0.0601501
13 0.052002 0.785156 0.0294189 0.0546875 0.0539551
9 0.223206 0.717285 0.380737 0.0732422 0.0380554
2 0.222107 0.270264 0.352661 0.0517578 0.0366821
2 0.233398 0.65625 0.380859 0.15918 0.0278778
2 0.209534 0.3125 0.266479 0.135742 0.0266724
1 0.978271 0.958008 0.0258789 0.0742188 0.0227814
4 0.943115 0.472046 0.102051 0.909424 0.0224152
13 0.0797119 0.705078 0.095459 0.0742188 0.0215302
2 0.266174 0.251465 0.26062 0.034668 0.0208893
2 0.234863 0.546753 0.420898 0.35376 0.0197296
13 0.228088 0.703613 0.371948 0.0742188 0.0170441
2 0.0350952 0.943848 0.0579834 0.106445 0.016983
1 0.987305 0.9375 0.0195312 0.0615234 0.015976
2 0.247559 0.258789 0.302734 0.0410156 0.0151443
14 0.0354614 0.956055 0.0565186 0.0820312 0.014801
13 0.212891 0.449585 0.339844 0.343018 0.0147324
14 0.97998 0.953857 0.0400391 0.0864258 0.0137024
2 0.220703 0.729004 0.441406 0.206055 0.0136642
2 0.230225 0.717773 0.220703 0.0742188 0.0123215
2 0.0517273 0.421265 0.0903931 0.833252 0.0117493
13 0.229919 0.675293 0.393677 0.129883 0.0117035
1 0.212891 0.449585 0.339844 0.343018 0.00963593
2 0.200867 0.351562 0.215454 0.210938 0.00892639
2 0.298279 0.708984 0.268677 0.0761719 0.00849152
4 0.897949 0.572632 0.0683594 0.708252 0.00820923
1 0.027832 0.920654 0.0391846 0.146973 0.00817871
2 0.97998 0.953857 0.0400391 0.0864258 0.00775528
9 0.212891 0.449585 0.339844 0.343018 0.00750351
13 0.0456543 0.682129 0.0391846 0.0517578 0.00747299
4 0.212891 0.449585 0.339844 0.343018 0.0071373
2 0.133453 0.527344 0.210144 0.428711 0.00701141
14 0.212891 0.449585 0.339844 0.343018 0.00672913
4 0.207458 0.311523 0.356567 0.143066 0.0066185
2 0.0785522 0.468018 0.136597 0.604004 0.00654221
9 0.231018 0.69043 0.379761 0.114258 0.00623703
14 0.225098 0.719238 0.375977 0.0732422 0.00612259
2 0.038147 0.877686 0.0574951 0.223145 0.00590897
1 0.981445 0.927979 0.0351562 0.124512 0.00555801
1 0.0283051 0.927246 0.0232239 0.0722656 0.00553131
9 0.198792 0.329102 0.355347 0.169922 0.00548935
2 0.0797119 0.705078 0.095459 0.0742188 0.00540161
4 0.911133 0.576538 0.0771484 0.555908 0.00506973
1 0.202393 0.336426 0.32373 0.150879 0.00499344
13 0.66748 0.65625 0.0673828 0.0722656 0.00498962
2 0.224365 0.740234 0.392578 0.0996094 0.00490952
1 0.972656 0.958252 0.0429688 0.0776367 0.00484848
4 0.912109 0.44519 0.0898438 0.654541 0.00476837
13 0.206665 0.360718 0.374268 0.230713 0.0047493
2 0.147247 0.696777 0.212341 0.09375 0.0046463
1 0.974609 0.967285 0.0351562 0.0498047 0.00445938
1 0.208862 0.728027 0.362549 0.0537109 0.0043869
14 0.202393 0.336426 0.32373 0.150879 0.0043602
1 0.0314941 0.866211 0.0460205 0.246094 0.0040741
2 0.101807 0.722168 0.15332 0.106445 0.00383568
1 0.0767212 0.70752 0.0943604 0.0703125 0.00362778
1 0.975342 0.94458 0.0317383 0.0893555 0.00350189
2 0.127502 0.33252 0.240112 0.163086 0.00347519
1 0.235352 0.683105 0.384766 0.120117 0.00343704
2 0.219299 0.276123 0.344604 0.0883789 0.00328255
13 0.0507812 0.794922 0.03479 0.100586 0.00325203
2 0.0537109 0.785156 0.0324707 0.0566406 0.00314713
1 0.98584 0.931641 0.0283203 0.0664062 0.0031414
1 0.112793 0.31665 0.166016 0.146484 0.00305176
13 0.0551758 0.779297 0.0419922 0.0791016 0.00297928
1 0.987305 0.91748 0.0214844 0.0878906 0.00293541
2 0.263306 0.389648 0.500732 0.317383 0.00279617
13 0.15033 0.32666 0.230591 0.161621 0.00278473
14 0.117157 0.31543 0.160217 0.137207 0.00273895
13 0.298279 0.708984 0.268677 0.0761719 0.00267982
2 0.0306091 0.190674 0.0516968 0.34375 0.00260735
19 0.212891 0.449585 0.339844 0.343018 0.00259209
2 0.152283 0.507935 0.285278 0.55249 0.00252914
2 0.266541 0.268799 0.2677 0.0712891 0.0025177
4 0.222473 0.713379 0.375366 0.0810547 0.00247955
8 0.223877 0.713379 0.38623 0.0820312 0.00244713
4 0.118622 0.316406 0.177307 0.137695 0.0024128
2 0.0481567 0.835449 0.0574951 0.291992 0.00238991
1 0.031723 0.938477 0.0279846 0.078125 0.00237846
2 0.161621 0.713379 0.278809 0.0644531 0.00236702
8 0.212891 0.449585 0.339844 0.343018 0.0023613
1 0.041748 0.840332 0.05896 0.305664 0.00234222
8 0.198792 0.329102 0.355347 0.169922 0.00232697
18 0.212891 0.449585 0.339844 0.343018 0.00232315
16 0.212891 0.449585 0.339844 0.343018 0.00232315
13 0.981445 0.953613 0.0371094 0.0888672 0.00231171
13 0.0378418 0.829102 0.0438232 0.256836 0.00226402
13 0.0477295 0.666992 0.0432129 0.078125 0.00226212
11 0.212891 0.449585 0.339844 0.343018 0.00223541
7 0.212891 0.449585 0.339844 0.343018 0.00220108
3 0.212891 0.449585 0.339844 0.343018 0.00218391
2 0.153381 0.386719 0.268433 0.276367 0.00216103
13 0.211304 0.521484 0.397217 0.457031 0.0021553
17 0.212891 0.449585 0.339844 0.343018 0.00214958
14 0.226013 0.689941 0.374146 0.107422 0.00212288
14 0.0396576 0.967773 0.0498352 0.0546875 0.00211143
1 0.0350952 0.965088 0.052124 0.0639648 0.00208664
13 0.138885 0.714355 0.236389 0.0898438 0.00200462
15 0.212891 0.449585 0.339844 0.343018 0.00200462
4 0.0517273 0.421265 0.0903931 0.833252 0.00197411
6 0.219971 0.70166 0.393555 0.0878906 0.00194168
2 0.259888 0.307861 0.445068 0.116699 0.0019331
0 0.212891 0.449585 0.339844 0.343018 0.00191975
10 0.212891 0.449585 0.339844 0.343018 0.00189781
1 0.975342 0.0568695 0.0395508 0.0820618 0.00188541
12 0.212891 0.449585 0.339844 0.343018 0.00186062
19 0.202393 0.336426 0.32373 0.150879 0.00185776
6 0.212891 0.449585 0.339844 0.343018 0.00182533
9 0.116699 0.316162 0.161377 0.137207 0.00182056
16 0.202393 0.336426 0.32373 0.150879 0.00179291
2 0.984375 0.946533 0.0234375 0.0581055 0.00179195
4 0.207886 0.358643 0.343506 0.171387 0.00174141
2 0.0278931 0.923828 0.0557861 0.148438 0.00172615
7 0.202393 0.336426 0.32373 0.150879 0.0017252
5 0.212891 0.449585 0.339844 0.343018 0.00172234
2 0.318115 0.258545 0.130371 0.0317383 0.00170803
14 0.027832 0.920654 0.0391846 0.146973 0.00169373
1 0.980225 0.968994 0.0395508 0.0620117 0.00167656
18 0.202393 0.336426 0.32373 0.150879 0.00164604
17 0.202393 0.336426 0.32373 0.150879 0.00162697
2 0.224182 0.225586 0.360229 0.127441 0.00161839
2 0.327148 0.703125 0.172852 0.0664062 0.00159931
2 0.481812 0.383484 0.905518 0.38147 0.0015974
9 0.0265045 0.941406 0.0451355 0.105469 0.00157547
11 0.202393 0.336426 0.32373 0.150879 0.00154686
13 0.0533447 0.653809 0.0537109 0.0917969 0.00154591
13 0.629395 0.645508 0.0273438 0.0507812 0.00154018
2 0.26947 0.71875 0.23938 0.0556641 0.00153637
2 0.223145 0.157715 0.376465 0.262695 0.0015316
2 0.287598 0.339355 0.535156 0.201172 0.0015316
15 0.202393 0.336426 0.32373 0.150879 0.0015049
3 0.202393 0.336426 0.32373 0.150879 0.00147533
2 0.972656 0.955566 0.0351562 0.0751953 0.00147057
1 0.0507812 0.794922 0.03479 0.100586 0.00146198
13 0.0478516 0.761719 0.03125 0.136719 0.0014534
4 0.902344 0.46875 0.0908203 0.914062 0.00140953
13 0.635254 0.644043 0.0195312 0.0498047 0.00140762
0 0.202393 0.336426 0.32373 0.150879 0.00139809
4 0.0270691 0.943359 0.0485229 0.0957031 0.00139141
1 0.984375 0.907471 0.0234375 0.149902 0.00139141
12 0.202393 0.336426 0.32373 0.150879 0.00138664
2 0.0426636 0.328979 0.071167 0.63501 0.00137615
8 0.117188 0.315186 0.176758 0.139648 0.00137043
6 0.182068 0.312256 0.329224 0.145508 0.00135136
2 0.212036 0.251953 0.365967 0.0878906 0.00134182
13 0.0274353 0.944824 0.0496216 0.0966797 0.00133991
4 0.974609 0.301758 0.0507812 0.585938 0.00133419
10 0.202393 0.336426 0.32373 0.150879 0.00131321
13 0.0514984 0.689453 0.0471497 0.0615234 0.00130844
12 0.223877 0.713379 0.38623 0.0820312 0.00130653
1 0.177063 0.505371 0.325562 0.542969 0.00129986
2 0.0276794 0.89209 0.0440063 0.204102 0.00127888
5 0.202393 0.336426 0.32373 0.150879 0.00127316
15 0.223877 0.713379 0.38623 0.0820312 0.00126648
13 0.222107 0.270264 0.352661 0.0517578 0.00121403
19 0.225098 0.719238 0.375977 0.0732422 0.00117779
1 0.197388 0.375854 0.36792 0.277588 0.00117779
1 0.122437 0.977539 0.143799 0.0214844 0.00117683
13 0.34082 0.261475 0.0966797 0.0371094 0.00116634
4 0.229919 0.675293 0.393677 0.129883 0.00116062
16 0.219971 0.70166 0.393555 0.0878906 0.00114727
14 0.171631 0.945801 0.00952148 0.0166016 0.00113487
4 0.960205 0.369019 0.0795898 0.685791 0.00113487
13 0.0600586 0.766113 0.0516357 0.0839844 0.00111389
14 0.984375 0.946533 0.0234375 0.0581055 0.00111103
3 0.223877 0.713379 0.38623 0.0820312 0.00110912
0 0.223877 0.713379 0.38623 0.0820312 0.00110912
11 0.223206 0.717285 0.380737 0.0732422 0.00110817
13 0.0537109 0.673828 0.0412598 0.0576172 0.00110531
13 0.666016 0.664551 0.0830078 0.108398 0.00109291
18 0.223877 0.713379 0.38623 0.0820312 0.00109196
7 0.223877 0.713379 0.38623 0.0820312 0.00108337
2 0.0187378 0.189941 0.0374756 0.304688 0.00108242
1 0.911621 0.012207 0.0957031 0.0244141 0.00107479
2 0.301758 0.456909 0.578125 0.543213 0.00107384
10 0.223877 0.713379 0.38623 0.0820312 0.00106716
2 0.0290527 0.315918 0.0581055 0.611328 0.00105667
13 0.0507812 0.799316 0.0412598 0.146484 0.00105286
9 0.211304 0.521484 0.397217 0.457031 0.00102043
4 0.981934 0.770752 0.0361328 0.458496 0.00101376
17 0.223877 0.713379 0.38623 0.0820312 0.00100613
4 0.211304 0.521484 0.397217 0.457031 0.00100422
