14 0.771973 0.498535 0.0371094 0.0761719 0.732422
2 0.772461 0.500488 0.0341797 0.0771484 0.292236
1 0.0341797 0.0534821 0.0422363 0.094696 0.132446
13 0.597168 0.0830078 0.0957031 0.106201 0.126587
1 0.027359 0.943115 0.0282898 0.0688477 0.0587463
4 0.0691681 0.491089 0.105316 0.955322 0.0463562
1 0.970947 0.0562286 0.0561523 0.0784607 0.0408936
1 0.022583 0.948242 0.0412598 0.0800781 0.0262756
13 0.772461 0.501099 0.0361328 0.0759277 0.0147476
4 0.0479889 0.460693 0.0715027 0.812012 0.010582
1 0.986816 0.94458 0.0263672 0.0737305 0.00883484
1 0.772461 0.50061 0.0361328 0.0759277 0.00852203
2 0.597168 0.0865479 0.103516 0.108398 0.00773239
1 0.989258 0.931641 0.0195312 0.0839844 0.0070343
2 0.763672 0.50354 0.0361328 0.0769043 0.0063591
13 0.561523 0.0804901 0.157227 0.100983 0.00534439
13 0.553223 0.0942688 0.293945 0.155212 0.00512314
1 0.027832 0.918457 0.0393066 0.12793 0.00481415
1 0.987305 0.912598 0.0253906 0.106445 0.0044899
1 0.975586 0.0790405 0.0429688 0.119507 0.00404358
14 0.763672 0.50354 0.0361328 0.0769043 0.00400162
9 0.772461 0.503418 0.0361328 0.078125 0.00362396
1 0.0320587 0.0651855 0.0520935 0.130371 0.0036068
1 0.0372925 0.866699 0.0517578 0.229492 0.00339699
1 0.0283356 0.924316 0.0264587 0.0927734 0.00337982
2 0.771484 0.501953 0.0625 0.0791016 0.00307274
13 0.580078 0.0913696 0.0800781 0.0950928 0.00268364
2 0.499023 0.315063 0.797852 0.514404 0.00258827
2 0.485474 0.504028 0.782959 0.788818 0.00257492
4 0.0594482 0.666382 0.0622559 0.579346 0.00239372
4 0.772949 0.502441 0.0341797 0.0771484 0.00235367
4 0.046814 0.301514 0.0626221 0.525879 0.00213242
1 0.0327148 0.939697 0.0452881 0.0932617 0.00204659
1 0.0393677 0.913818 0.0511475 0.137207 0.00203514
8 0.772949 0.502441 0.0341797 0.0771484 0.0019989
1 0.986816 0.96167 0.0263672 0.0688477 0.00199318
13 0.584473 0.119385 0.0732422 0.130371 0.00192451
1 0.972656 0.166565 0.0410156 0.285034 0.00192165
1 0.0297852 0.0791626 0.0374756 0.139526 0.00186062
2 0.0658264 0.49353 0.102722 0.958252 0.00185394
16 0.772461 0.503418 0.0361328 0.078125 0.00175571
1 0.97876 0.762207 0.0327148 0.342773 0.00174236
1 0.987305 0.94873 0.0195312 0.0537109 0.00169659
12 0.771973 0.502319 0.0351562 0.0773926 0.00167465
6 0.771973 0.502319 0.0351562 0.0773926 0.00166321
13 0.838867 0.649902 0.0292969 0.106445 0.00164223
11 0.772461 0.503418 0.0361328 0.078125 0.00159931
19 0.772461 0.503418 0.0361328 0.078125 0.0015564
10 0.772461 0.503418 0.0361328 0.078125 0.00146866
14 0.0258331 0.948242 0.0359802 0.078125 0.00146198
1 0.979492 0.0665436 0.0390625 0.0822449 0.00145817
18 0.772461 0.503418 0.0361328 0.078125 0.00135899
1 0.953369 0.0524597 0.0913086 0.0952759 0.00133896
1 0.963379 0.0417023 0.0654297 0.0652771 0.00130081
2 0.524292 0.665405 0.869385 0.557861 0.00129986
3 0.772461 0.503418 0.0361328 0.078125 0.00128555
2 0.0224457 0.94043 0.0273743 0.0664062 0.00128555
4 0.971436 0.738281 0.0473633 0.444336 0.00127602
7 0.772461 0.501343 0.0351562 0.076416 0.00126171
1 0.027359 0.902344 0.0278015 0.15625 0.00121307
14 0.597168 0.0865479 0.103516 0.108398 0.00121021
0 0.772461 0.503418 0.0361328 0.078125 0.00120831
5 0.772461 0.50061 0.0361328 0.0759277 0.00120831
17 0.772461 0.503418 0.0361328 0.078125 0.00111771
15 0.772461 0.503418 0.0361328 0.078125 0.00110912
1 0.0356598 0.120178 0.0395203 0.228394 0.00107574
1 0.0410156 0.0443573 0.0635986 0.0816956 0.00105381
1 0.0273438 0.960693 0.0340576 0.074707 0.00105095
1 0.992188 0.943115 0.015625 0.0571289 0.00101566
13 0.589844 0.0792847 0.0693359 0.0831299 0.00101566
