2 0.393066 0.150146 0.132324 0.0834961 0.791016
4 0.766602 0.307129 0.140625 0.522461 0.787109
4 0.463501 0.331726 0.236084 0.447876 0.559082
13 0.177612 0.193909 0.0661621 0.143433 0.234619
13 0.389648 0.151367 0.137207 0.0839844 0.17688
2 0.964355 0.922363 0.0576172 0.139648 0.0824585
1 0.0224609 0.94165 0.0360107 0.0893555 0.0707397
13 0.209595 0.176697 0.0285645 0.0909424 0.0562744
1 0.085907 0.0230103 0.157288 0.0374756 0.0515137
4 0.503906 0.31543 0.142578 0.578125 0.0472412
4 0.0477448 0.475952 0.0751648 0.880127 0.0397034
2 0.945312 0.938477 0.0917969 0.105469 0.0374146
1 0.0244141 0.915771 0.0361328 0.143066 0.0366821
13 0.956787 0.831543 0.0649414 0.311523 0.0330505
13 0.173706 0.168976 0.0839844 0.184509 0.0278015
14 0.390869 0.150879 0.126465 0.074707 0.0266724
1 0.974365 0.840332 0.0356445 0.222656 0.0265198
13 0.196899 0.178406 0.0529785 0.12561 0.0227814
2 0.854004 0.943359 0.276367 0.0859375 0.021347
14 0.963379 0.924805 0.0556641 0.134766 0.0212097
4 0.756348 0.30835 0.265625 0.566895 0.0200348
13 0.158691 0.194824 0.0720215 0.13623 0.0190735
13 0.945312 0.92749 0.0898438 0.129395 0.0187073
4 0.038147 0.298828 0.0541992 0.52832 0.0169983
1 0.0176392 0.0463867 0.0286865 0.0909424 0.0161133
1 0.974365 0.115723 0.0239258 0.195801 0.0135651
2 0.893066 0.93335 0.18457 0.100098 0.012291
13 0.944092 0.855713 0.0727539 0.233887 0.012085
2 0.39624 0.150513 0.0727539 0.0678711 0.0120621
13 0.886963 0.929199 0.183105 0.108398 0.0119705
13 0.950439 0.878906 0.0483398 0.102539 0.0114594
13 0.955811 0.905762 0.0610352 0.155273 0.00952148
4 0.750977 0.490356 0.157227 0.925537 0.00901031
2 0.0210266 0.9375 0.0420532 0.103516 0.00870514
13 0.965088 0.833008 0.0444336 0.189453 0.00841522
14 0.021759 0.932129 0.0344849 0.118164 0.0074501
2 0.510864 0.317993 0.145264 0.563232 0.00741959
9 0.392334 0.151733 0.12207 0.0769043 0.00724792
4 0.0257874 0.23999 0.0515747 0.47998 0.00699615
13 0.185425 0.170105 0.0559082 0.134399 0.00694656
13 0.174438 0.0958252 0.0742188 0.126221 0.00681305
2 0.0545654 0.495117 0.0961914 0.945312 0.00673676
13 0.169922 0.19574 0.0585938 0.0958252 0.00640488
1 0.759277 0.311035 0.191406 0.553711 0.00629044
1 0.970703 0.142395 0.0332031 0.250366 0.00626755
2 0.383789 0.135986 0.21582 0.1521 0.00610733
1 0.963379 0.924805 0.0556641 0.134766 0.0059967
1 0.965576 0.831299 0.0375977 0.278809 0.00597
2 0.399902 0.156952 0.137207 0.131409 0.00572586
13 0.941895 0.867188 0.0371094 0.0712891 0.00568008
4 0.45752 0.413574 0.3125 0.617188 0.00564194
13 0.952393 0.82959 0.0424805 0.231445 0.00549698
13 0.213562 0.180115 0.0196533 0.0787354 0.00539017
1 0.458496 0.332581 0.241211 0.44812 0.0052948
4 0.059082 0.493286 0.118164 0.937256 0.00521088
13 0.165283 0.220459 0.0512695 0.0849609 0.00520706
2 0.950439 0.878906 0.0483398 0.102539 0.00510025
2 0.0206909 0.906006 0.036499 0.17041 0.00485611
1 0.970703 0.0782776 0.0292969 0.136414 0.00484085
1 0.972412 0.0589294 0.0375977 0.115051 0.00482178
1 0.0205078 0.920166 0.0324707 0.097168 0.00464249
1 0.391357 0.151123 0.12207 0.0742188 0.00437927
1 0.16333 0.972412 0.300781 0.0395508 0.00429535
13 0.184692 0.183533 0.0456543 0.0948486 0.00427246
1 0.973633 0.092926 0.0410156 0.183289 0.00411606
4 0.748535 0.38916 0.188477 0.607422 0.00374031
2 0.425781 0.181274 0.177734 0.136963 0.00362015
1 0.0188751 0.89917 0.0315857 0.164551 0.00361443
1 0.177612 0.193909 0.0661621 0.143433 0.0036087
13 0.958008 0.873047 0.0410156 0.177734 0.00353813
4 0.0358887 0.766113 0.0422363 0.44043 0.00350761
4 0.504517 0.453003 0.188232 0.865479 0.00345421
9 0.0220642 0.92334 0.0394897 0.12207 0.00344467
8 0.392334 0.151123 0.120117 0.0734863 0.00343513
4 0.95752 0.336792 0.0693359 0.609619 0.00332642
13 0.837402 0.935547 0.305664 0.111328 0.00328064
1 0.142334 0.975586 0.235352 0.0273438 0.003088
4 0.710449 0.486328 0.253906 0.868164 0.00307274
13 0.392822 0.141724 0.153809 0.147949 0.00306511
1 0.849365 0.0296478 0.266113 0.0447083 0.00305367
14 0.452148 0.328125 0.256836 0.420898 0.00301933
1 0.0227661 0.871094 0.0341797 0.228516 0.00300217
2 0.206909 0.969727 0.388428 0.0390625 0.00294876
4 0.950928 0.942139 0.0805664 0.0981445 0.00293732
9 0.963379 0.922852 0.0556641 0.142578 0.00288773
4 0.472168 0.287964 0.15332 0.552979 0.00288773
2 0.452148 0.328125 0.256836 0.420898 0.0028553
1 0.967041 0.938965 0.0385742 0.108398 0.00283051
2 0.803223 0.935059 0.393555 0.108398 0.00279999
9 0.944824 0.935791 0.0927734 0.10498 0.00276184
2 0.965088 0.950439 0.0522461 0.081543 0.00274467
4 0.506836 0.270752 0.258789 0.531738 0.00267792
4 0.528442 0.40033 0.163818 0.466919 0.0026741
1 0.971436 0.0496826 0.0297852 0.0777588 0.00261307
2 0.881104 0.958984 0.214355 0.0585938 0.00259209
1 0.0302734 0.924805 0.0477295 0.0996094 0.00257874
2 0.964111 0.898193 0.0717773 0.203613 0.00254631
2 0.801514 0.957275 0.396973 0.0698242 0.00234795
1 0.970459 0.910889 0.0336914 0.146973 0.00234604
1 0.968262 0.164246 0.0458984 0.311157 0.00225449
14 0.76709 0.305298 0.143555 0.526123 0.00207901
1 0.945312 0.92749 0.0898438 0.129395 0.00204086
2 0.935791 0.919189 0.097168 0.126465 0.00203896
1 0.81543 0.975586 0.292969 0.0292969 0.00203323
4 0.390869 0.150879 0.126465 0.074707 0.00203323
14 0.947266 0.940674 0.0878906 0.101074 0.00200462
1 0.844238 0.968506 0.293945 0.0356445 0.00200272
1 0.0283203 0.950439 0.0441895 0.0600586 0.00197029
2 0.101288 0.961182 0.173401 0.0385742 0.00195885
2 0.346375 0.157471 0.264282 0.103516 0.00192356
2 0.0273743 0.86792 0.0375366 0.215332 0.0019207
13 0.199646 0.169678 0.0396729 0.0910645 0.00191975
13 0.945801 0.854492 0.0400391 0.118164 0.00191593
14 0.023941 0.899414 0.0341492 0.164062 0.00185966
1 0.185547 0.979492 0.310059 0.0273438 0.00181961
13 0.15918 0.204224 0.106201 0.155029 0.00180721
1 0.0172729 0.0290527 0.0318604 0.0581055 0.0018034
13 0.458496 0.332581 0.241211 0.44812 0.00176716
13 0.18103 0.127075 0.0673828 0.0625 0.00174332
6 0.390381 0.150146 0.125488 0.0822754 0.00171375
1 0.120422 0.964844 0.205444 0.0429688 0.00170135
13 0.0215454 0.906738 0.0345459 0.165039 0.00169849
2 0.76709 0.305298 0.143555 0.526123 0.00169754
4 0.471558 0.509155 0.463135 0.864502 0.001688
1 0.977539 0.0850525 0.03125 0.14386 0.00167751
19 0.39209 0.151733 0.120117 0.0769043 0.00165081
2 0.180237 0.950928 0.333862 0.0708008 0.00162125
10 0.39209 0.151733 0.120117 0.0769043 0.00161171
2 0.918213 0.939209 0.128418 0.0844727 0.00158691
11 0.39209 0.151733 0.120117 0.0769043 0.00158119
2 0.949951 0.852783 0.0766602 0.269043 0.00155544
4 0.0271912 0.794189 0.0407104 0.378418 0.00150585
16 0.39209 0.151733 0.120117 0.0769043 0.00148582
1 0.956787 0.831543 0.0649414 0.311523 0.00146198
4 0.765625 0.329224 0.133789 0.306396 0.00143814
7 0.391357 0.151123 0.12207 0.0742188 0.00143242
2 0.0309448 0.913818 0.0476074 0.146973 0.00142765
13 0.946045 0.807617 0.0551758 0.166992 0.00140285
13 0.759277 0.311035 0.191406 0.553711 0.0014019
13 0.157715 0.141083 0.102295 0.24469 0.00139809
12 0.390381 0.150146 0.125488 0.0822754 0.00138283
9 0.452148 0.328125 0.256836 0.420898 0.00135803
1 0.015564 0.0843506 0.0287476 0.151123 0.00135612
13 0.898926 0.86377 0.161133 0.225586 0.00135136
3 0.39209 0.151733 0.120117 0.0769043 0.00132656
1 0.970459 0.820801 0.0375977 0.141602 0.00132656
4 0.177612 0.193909 0.0661621 0.143433 0.00129414
15 0.390381 0.150146 0.125488 0.0822754 0.00128937
13 0.143677 0.0266113 0.0222168 0.0322266 0.0012846
1 0.964355 0.76416 0.0419922 0.374023 0.00126839
0 0.390869 0.150879 0.126465 0.074707 0.00125885
5 0.39209 0.151733 0.120117 0.0769043 0.00125122
2 0.174194 0.187012 0.0827637 0.147461 0.00124836
2 0.867432 0.911133 0.226074 0.136719 0.00121784
1 0.950439 0.878906 0.0483398 0.102539 0.001194
1 0.0220642 0.962646 0.0358276 0.074707 0.0011816
1 0.232971 0.0255585 0.207886 0.0375061 0.00114346
4 0.0341187 0.495972 0.0682373 0.883057 0.00113773
1 0.962891 0.952637 0.0527344 0.0810547 0.00113583
18 0.391357 0.151123 0.12207 0.0742188 0.00112057
1 0.0314331 0.898926 0.0461426 0.166992 0.00112057
17 0.39209 0.151733 0.120117 0.0769043 0.00110817
3 0.458496 0.332581 0.241211 0.44812 0.00110531
13 0.019104 0.0459595 0.0272217 0.0837402 0.0011034
2 0.421387 0.169098 0.242188 0.1745 0.00110149
13 0.145813 0.160583 0.164429 0.186646 0.00108337
2 0.0413666 0.868164 0.0559387 0.21875 0.00108337
9 0.0299072 0.915283 0.0529785 0.147949 0.00108242
13 0.938477 0.893066 0.0878906 0.163086 0.00105858
14 0.958252 0.95166 0.0561523 0.0830078 0.0010519
2 0.0961914 0.939697 0.154053 0.0913086 0.00105095
2 0.834961 0.933594 0.28125 0.132812 0.00105
1 0.958008 0.888428 0.0507812 0.166504 0.00105
13 0.388428 0.151123 0.0737305 0.0703125 0.00104713
9 0.101288 0.961182 0.173401 0.0385742 0.00104427
8 0.458496 0.332581 0.241211 0.44812 0.00103378
1 0.968018 0.260498 0.0522461 0.477051 0.00103092
7 0.458496 0.332581 0.241211 0.44812 0.00100994
1 0.956299 0.364624 0.0678711 0.608643 0.00100517
