13 0.180115 0.804688 0.17688 0.152344 0.38916
1 0.962646 0.871826 0.0473633 0.223145 0.366699
1 0.983398 0.94873 0.0253906 0.0732422 0.153687
1 0.955811 0.851074 0.0454102 0.163086 0.111572
1 0.957275 0.8125 0.0424805 0.119141 0.0520935
1 0.971924 0.881104 0.0385742 0.208496 0.0408325
2 0.957275 0.81543 0.0424805 0.109375 0.0225067
1 0.978516 0.939941 0.0234375 0.0947266 0.0202026
2 0.95874 0.849609 0.0454102 0.169922 0.0157166
1 0.979736 0.908691 0.0288086 0.149414 0.0126038
13 0.150024 0.827148 0.122803 0.126953 0.01194
13 0.965576 0.87207 0.0415039 0.220703 0.0100098
1 0.966553 0.807129 0.0473633 0.0957031 0.00913239
4 0.54541 0.487793 0.199219 0.975586 0.00841522
13 0.974365 0.895264 0.0317383 0.17627 0.00827789
4 0.0654297 0.478027 0.0952148 0.956055 0.00764847
1 0.963867 0.747559 0.0507812 0.385742 0.00741959
4 0.345215 0.483521 0.181641 0.948975 0.00717163
1 0.0294189 0.914062 0.03125 0.136719 0.00715637
1 0.964355 0.888672 0.0361328 0.167969 0.00600052
1 0.179169 0.800781 0.183167 0.15625 0.0058136
1 0.180115 0.0368042 0.331177 0.0374756 0.00514221
1 0.025589 0.93335 0.0264587 0.109863 0.00411224
13 0.154907 0.785156 0.205322 0.207031 0.0040741
2 0.179993 0.800781 0.176147 0.160156 0.00383568
13 0.124512 0.848145 0.0556641 0.0742188 0.00374603
2 0.96875 0.874756 0.0371094 0.221191 0.00374222
13 0.138184 0.822754 0.079834 0.115234 0.00316238
1 0.960205 0.786621 0.0405273 0.201172 0.00315666
4 0.180817 0.804688 0.178894 0.15625 0.0027523
1 0.973389 0.0684967 0.0297852 0.113495 0.0027504
1 0.962402 0.858398 0.0498047 0.116211 0.00245667
1 0.984863 0.96167 0.0302734 0.0727539 0.00235558
13 0.955811 0.851074 0.0454102 0.163086 0.00234222
14 0.179169 0.800781 0.183167 0.15625 0.00225258
13 0.195496 0.820801 0.25354 0.25 0.00214195
14 0.962646 0.871582 0.0473633 0.219727 0.00174618
2 0.974365 0.895264 0.0317383 0.17627 0.00161552
14 0.983398 0.94873 0.0273438 0.0712891 0.00151157
1 0.120117 0.0327759 0.215332 0.0362549 0.00147247
13 0.136627 0.81543 0.190613 0.146484 0.00147247
1 0.0284119 0.0535583 0.0336304 0.0896606 0.00147057
4 0.949951 0.468384 0.0727539 0.858154 0.00141811
14 0.957031 0.8125 0.0429688 0.111328 0.00140667
2 0.958496 0.69873 0.0576172 0.472656 0.00136089
13 0.1875 0.0393677 0.335449 0.0413818 0.00134182
1 0.0207367 0.941162 0.0315247 0.0864258 0.00129986
1 0.0245819 0.903076 0.0309143 0.172363 0.00129414
13 0.195068 0.755859 0.191895 0.21875 0.00125027
13 0.16626 0.806641 0.106445 0.134766 0.00113964
13 0.129608 0.802734 0.100159 0.164062 0.00111866
1 0.949951 0.868164 0.0551758 0.224609 0.00108242
1 0.95166 0.868164 0.03125 0.154297 0.00106907
4 0.544434 0.530273 0.112305 0.882812 0.00103188
4 0.965576 0.87207 0.0415039 0.220703 0.00102997
2 0.541504 0.48877 0.203125 0.977539 0.00101471
