14 0.0247498 0.947266 0.0397339 0.0742188 0.197876
1 0.0283203 0.935547 0.0229492 0.0664062 0.153564
4 0.616699 0.481323 0.126953 0.914307 0.0435791
1 0.0249023 0.946533 0.0333252 0.0795898 0.0352173
1 0.0302582 0.921387 0.0263977 0.0908203 0.0196991
4 0.966064 0.639282 0.0581055 0.584717 0.0193787
2 0.026947 0.942383 0.0366821 0.0957031 0.0166016
4 0.975586 0.721191 0.0449219 0.398438 0.0129776
2 0.022171 0.947021 0.0357361 0.0727539 0.0128021
14 0.727539 0.210693 0.0234375 0.0153809 0.0102768
1 0.0224609 0.935547 0.0252686 0.0605469 0.00800323
1 0.986328 0.94043 0.015625 0.0644531 0.00706863
4 0.0328369 0.305176 0.0477295 0.610352 0.00646591
14 0.161743 0.47998 0.0273438 0.0283203 0.00544739
4 0.0335693 0.453125 0.0438232 0.743164 0.00498199
4 0.894531 0.495117 0.115234 0.902344 0.00482559
4 0.0385742 0.697144 0.0491943 0.605713 0.00469589
4 0.951416 0.54834 0.081543 0.794922 0.00444794
1 0.0366364 0.937012 0.0341492 0.0654297 0.00434494
14 0.722168 0.209106 0.0283203 0.0161133 0.00415039
4 0.0498047 0.486328 0.0614014 0.830078 0.00375366
9 0.0234985 0.946045 0.0350342 0.0844727 0.00354004
14 0.0309601 0.941895 0.0389099 0.0927734 0.00338554
4 0.0387573 0.785645 0.041626 0.422852 0.0032711
1 0.0302887 0.905273 0.0365906 0.104492 0.00326538
14 0.0279083 0.922852 0.0374451 0.136719 0.00305748
1 0.967285 0.640259 0.0458984 0.567139 0.00275421
1 0.0312347 0.945557 0.0260315 0.0639648 0.00257683
13 0.022171 0.947021 0.0357361 0.0727539 0.00248146
14 0.617188 0.439941 0.0419922 0.0273438 0.00235748
1 0.0292969 0.888672 0.0272217 0.139648 0.00214005
13 0.755859 0.147339 0.0771484 0.0895996 0.00201988
1 0.89624 0.0321198 0.156738 0.0249939 0.00201035
4 0.965088 0.865723 0.0581055 0.193359 0.00180721
4 0.923584 0.506836 0.100098 0.887695 0.00178432
4 0.950928 0.717285 0.0688477 0.477539 0.00177288
4 0.977539 0.810059 0.0390625 0.223633 0.00173473
14 0.0283203 0.936035 0.0241699 0.0595703 0.00162888
13 0.96875 0.11441 0.03125 0.167664 0.00157166
1 0.985352 0.911621 0.0234375 0.0966797 0.00150299
14 0.398682 0.479858 0.0336914 0.0285645 0.0014019
4 0.0337067 0.86792 0.040741 0.227051 0.00125313
1 0.0224609 0.904297 0.029541 0.114258 0.00122261
1 0.0327148 0.868164 0.03125 0.220703 0.0011797
1 0.988281 0.950195 0.0234375 0.0527344 0.00116348
13 0.968018 0.194458 0.0385742 0.302002 0.00115299
14 0.0274658 0.965088 0.0332031 0.0620117 0.00115204
4 0.967285 0.769043 0.0498047 0.418945 0.00113869
2 0.0283203 0.936035 0.0241699 0.0595703 0.00107956
1 0.976562 0.820801 0.0351562 0.194336 0.00107002
4 0.0232239 0.946045 0.0386353 0.0766602 0.00106049
1 0.0405273 0.30249 0.057251 0.583496 0.00103188
