1 0.981445 0.931641 0.0332031 0.123047 0.245728
13 0.460938 0.80957 0.0419922 0.302734 0.236694
1 0.0254211 0.948975 0.0365601 0.0649414 0.148438
2 0.460449 0.808105 0.0410156 0.294922 0.121887
4 0.0515137 0.429321 0.0773926 0.801514 0.0756226
4 0.0478516 0.636841 0.0487061 0.605225 0.0508728
4 0.0448608 0.759277 0.0400391 0.407227 0.0471802
2 0.43335 0.807129 0.0893555 0.294922 0.0445251
2 0.403809 0.804199 0.15918 0.292969 0.0307159
2 0.284424 0.806641 0.364258 0.246094 0.0236969
2 0.710938 0.81543 0.523438 0.306641 0.0178528
1 0.980713 0.838867 0.0327148 0.289062 0.0176544
2 0.257568 0.797607 0.428223 0.350098 0.0167694
1 0.985352 0.902832 0.0292969 0.176758 0.0148849
2 0.459961 0.804199 0.0742188 0.291016 0.0131302
1 0.972656 0.918457 0.0351562 0.137695 0.0119781
1 0.969482 0.945801 0.0336914 0.0947266 0.0112839
13 0.447266 0.808105 0.0761719 0.30957 0.0110474
13 0.472168 0.806641 0.0576172 0.277344 0.0109558
2 0.463623 0.8125 0.194824 0.306641 0.0106277
1 0.460449 0.808105 0.0410156 0.294922 0.0102234
2 0.520386 0.808594 0.177979 0.290039 0.0102005
2 0.506226 0.426758 0.839111 0.853516 0.00963593
13 0.415039 0.802246 0.131836 0.287109 0.00952911
13 0.492798 0.807129 0.110107 0.291016 0.008461
13 0.46167 0.751465 0.0317383 0.200195 0.00843048
13 0.97168 0.940918 0.0410156 0.0966797 0.00823975
1 0.979004 0.948242 0.0419922 0.0859375 0.00746536
4 0.0675049 0.502197 0.09375 0.964355 0.00677872
13 0.972656 0.895996 0.0410156 0.186523 0.0063324
1 0.977295 0.885498 0.0336914 0.193848 0.00606918
2 0.0639801 0.466309 0.0907898 0.932617 0.00590515
2 0.381592 0.818115 0.248535 0.311035 0.00562668
13 0.463623 0.8125 0.194824 0.306641 0.00537491
4 0.0408936 0.248657 0.0618896 0.490967 0.00441742
1 0.0283356 0.93335 0.0365906 0.0942383 0.00428009
13 0.469238 0.825684 0.0361328 0.293945 0.00378799
1 0.97876 0.0840149 0.0366211 0.134216 0.00363541
1 0.984375 0.913574 0.0273438 0.0927734 0.00361633
13 0.0627441 0.779785 0.0452881 0.0703125 0.00352478
13 0.0459137 0.848145 0.0461121 0.231445 0.00350952
13 0.648926 0.477661 0.0341797 0.138428 0.00337982
2 0.981445 0.867432 0.03125 0.241699 0.00295448
13 0.973389 0.15094 0.0317383 0.228394 0.00290298
13 0.0453033 0.762207 0.0336609 0.388672 0.00287819
2 0.727905 0.960449 0.544189 0.0771484 0.00275803
2 0.48291 0.807129 0.0996094 0.288086 0.00271225
1 0.961426 0.940186 0.0556641 0.100098 0.00266266
1 0.974609 0.150574 0.0351562 0.25061 0.00261879
13 0.95752 0.95166 0.0556641 0.0810547 0.002388
1 0.977783 0.960205 0.0307617 0.0698242 0.00226402
2 0.556152 0.827148 0.488281 0.296875 0.00224495
13 0.460693 0.726562 0.0268555 0.138672 0.00197411
2 0.512207 0.310791 0.828125 0.496582 0.00187492
13 0.649414 0.492676 0.0429688 0.268555 0.00184917
13 0.983398 0.910889 0.0292969 0.17041 0.00180244
13 0.0580444 0.723633 0.0554199 0.222656 0.00178432
14 0.460938 0.80957 0.0419922 0.302734 0.00173187
4 0.94043 0.485352 0.0859375 0.910156 0.00170612
13 0.981445 0.867432 0.03125 0.241699 0.0017004
1 0.97168 0.778076 0.0371094 0.422363 0.001688
13 0.648438 0.430664 0.0332031 0.202148 0.00168514
13 0.972656 0.918701 0.0332031 0.123535 0.00167465
13 0.371338 0.812012 0.251465 0.308594 0.0016222
13 0.451172 0.806641 0.0498047 0.271484 0.00159931
13 0.65625 0.475952 0.0664062 0.403564 0.00156403
13 0.720825 0.829834 0.542725 0.314941 0.00152874
1 0.0396729 0.863525 0.0467529 0.214355 0.00148487
1 0.0302124 0.897949 0.0317383 0.168945 0.00143719
2 0.360229 0.852783 0.390869 0.26709 0.00138474
1 0.0369873 0.0434875 0.0478516 0.0869751 0.00138092
1 0.974609 0.202148 0.0429688 0.359863 0.00134563
2 0.779297 0.949951 0.392578 0.0883789 0.00132084
2 0.580566 0.950195 0.736328 0.0996094 0.00126839
13 0.284424 0.806641 0.364258 0.246094 0.00126457
13 0.529297 0.80957 0.178711 0.291016 0.00124073
13 0.880371 0.956787 0.188477 0.0727539 0.0012207
1 0.0411377 0.784424 0.0350342 0.380371 0.00121975
4 0.460938 0.80957 0.0419922 0.302734 0.00119305
2 0.575195 0.812012 0.310547 0.303711 0.0011692
1 0.0515137 0.429321 0.0773926 0.801514 0.00115967
2 0.970947 0.939209 0.0385742 0.102051 0.0011425
1 0.0216675 0.934814 0.0383301 0.0737305 0.00112629
14 0.0251923 0.946045 0.0384827 0.0668945 0.00111675
1 0.975586 0.0553131 0.0390625 0.0746765 0.0011158
1 0.0247345 0.967041 0.0372009 0.0444336 0.00109196
2 0.972656 0.895996 0.0410156 0.186523 0.00108242
2 0.0251923 0.946045 0.0384827 0.0668945 0.0010376
2 0.983398 0.910889 0.0292969 0.17041 0.00102329
1 0.472168 0.806641 0.0576172 0.277344 0.00101471
