4 0.419922 0.506958 0.22168 0.906006 0.552734
2 0.683105 0.221252 0.0253906 0.0584717 0.316406
4 0.358643 0.498535 0.197754 0.916992 0.067627
4 0.944824 0.487793 0.0908203 0.93457 0.0586548
1 0.0265045 0.951416 0.0276794 0.081543 0.0444031
14 0.683105 0.221497 0.0253906 0.0570068 0.0209198
1 0.984863 0.939697 0.0302734 0.0893555 0.0201263
1 0.125 0.0170288 0.210449 0.029541 0.0151749
1 0.0296021 0.915039 0.0323486 0.134766 0.0139542
1 0.989258 0.914795 0.0214844 0.111816 0.0131302
4 0.0799408 0.495239 0.105255 0.941162 0.00865173
13 0.683105 0.221191 0.0224609 0.0561523 0.00718307
4 0.483765 0.510864 0.231689 0.913818 0.00601959
4 0.346191 0.504028 0.364258 0.935303 0.00550842
1 0.683594 0.220703 0.0234375 0.0566406 0.00504684
2 0.677734 0.215637 0.0410156 0.0633545 0.00465775
1 0.0227661 0.963379 0.0366211 0.0693359 0.00408554
4 0.0496674 0.47937 0.0888977 0.871338 0.00389862
14 0.0250092 0.955078 0.0315247 0.0683594 0.00372505
4 0.375244 0.376221 0.175293 0.63916 0.00363922
1 0.987305 0.937012 0.0195312 0.0908203 0.00363541
1 0.977539 0.922607 0.0429688 0.117676 0.00361443
1 0.0253143 0.937988 0.0335999 0.114258 0.00348854
1 0.0283203 0.940186 0.036499 0.0766602 0.00341225
4 0.238831 0.506714 0.28894 0.927979 0.00319672
1 0.978271 0.881592 0.0395508 0.182129 0.00317001
1 0.290283 0.0148773 0.172852 0.0297546 0.00292969
8 0.683105 0.221252 0.0253906 0.0584717 0.00221062
4 0.976318 0.635864 0.0473633 0.611084 0.00217056
1 0.985352 0.959229 0.0292969 0.081543 0.00212288
1 0.985352 0.90332 0.0234375 0.136719 0.00192547
9 0.683594 0.220642 0.0234375 0.0582275 0.00184059
1 0.978516 0.945557 0.0332031 0.0952148 0.00179577
12 0.683105 0.221497 0.0253906 0.0570068 0.00167942
13 0.0301819 0.90332 0.0343628 0.136719 0.001647
13 0.987305 0.9021 0.0234375 0.13916 0.00161552
1 0.105591 0.0133514 0.186523 0.0267029 0.00152302
2 0.419312 0.48877 0.25708 0.899414 0.00148678
4 0.232666 0.455688 0.151367 0.797607 0.00146198
1 0.0229187 0.907715 0.0344849 0.163086 0.00140572
1 0.118774 0.0236511 0.211182 0.0473022 0.00135517
1 0.16626 0.0145416 0.120117 0.0290833 0.00135326
4 0.743164 0.51062 0.482422 0.935791 0.00134373
4 0.967773 0.463379 0.0644531 0.795898 0.00132465
4 0.683105 0.221497 0.0253906 0.0570068 0.00125885
6 0.683105 0.221497 0.0253906 0.0570068 0.00120163
13 0.419312 0.48877 0.25708 0.899414 0.00116539
2 0.6875 0.214661 0.0283203 0.0599365 0.00108337
4 0.612183 0.489258 0.41626 0.928711 0.00105572
5 0.683105 0.221497 0.0253906 0.0570068 0.00103664
4 0.913574 0.474487 0.0712891 0.789307 0.00102615
