2 0.513672 0.714844 0.149414 0.171875 0.77832
13 0.499512 0.704102 0.178711 0.196289 0.322754
13 0.429688 0.64209 0.0488281 0.333008 0.306885
1 0.0245667 0.94165 0.0363159 0.0737305 0.152344
1 0.984375 0.950439 0.03125 0.0913086 0.098877
13 0.436523 0.681641 0.0771484 0.290039 0.0589294
13 0.428223 0.580078 0.0400391 0.178711 0.050293
13 0.421631 0.693359 0.0654297 0.40332 0.0497742
13 0.432861 0.535645 0.0371094 0.0830078 0.0310211
14 0.508911 0.708008 0.157959 0.181641 0.020813
1 0.0270996 0.917725 0.0357666 0.123535 0.0190125
2 0.498535 0.720215 0.24707 0.209961 0.0185089
1 0.979492 0.938965 0.0332031 0.116211 0.0175629
1 0.969971 0.189697 0.0463867 0.268555 0.0171356
13 0.415039 0.669434 0.0522461 0.264648 0.0148773
13 0.461792 0.842285 0.0168457 0.0517578 0.0132523
13 0.459961 0.682129 0.142578 0.28125 0.0117264
13 0.405762 0.72168 0.102539 0.452148 0.0116501
13 0.425781 0.635742 0.0341797 0.249023 0.0110855
1 0.0288391 0.930176 0.0335083 0.0771484 0.00978851
13 0.431641 0.552734 0.0283203 0.113281 0.00914764
1 0.0370941 0.046875 0.0410461 0.0826416 0.00914764
13 0.349365 0.790527 0.0166016 0.0429688 0.00861359
13 0.493652 0.658203 0.189453 0.324219 0.0085907
4 0.0839844 0.495728 0.10376 0.942139 0.00721741
1 0.505737 0.708496 0.178955 0.194336 0.00709915
2 0.516113 0.70166 0.107422 0.139648 0.00705719
9 0.512695 0.715332 0.15625 0.178711 0.0070076
4 0.941162 0.519287 0.090332 0.961426 0.00671005
1 0.980225 0.914062 0.0395508 0.158203 0.00665283
4 0.0491943 0.608765 0.05896 0.643799 0.00656128
13 0.457764 0.660156 0.0776367 0.304688 0.00650024
4 0.0421753 0.751221 0.0491943 0.466309 0.00627518
2 0.493652 0.658203 0.189453 0.324219 0.00595093
13 0.433838 0.546875 0.0395508 0.174805 0.00593185
13 0.47998 0.52832 0.182617 0.602539 0.00546265
13 0.421875 0.592651 0.0722656 0.404541 0.00541306
13 0.941895 0.516113 0.0927734 0.932617 0.00535965
13 0.435547 0.567017 0.0493164 0.315186 0.00532532
13 0.435791 0.601562 0.0668945 0.22168 0.00523376
13 0.845215 0.787109 0.0498047 0.0605469 0.00498199
1 0.987305 0.934814 0.0195312 0.0717773 0.00495148
2 0.697754 0.685059 0.0195312 0.0429688 0.004776
13 0.973877 0.907227 0.034668 0.162109 0.00458145
13 0.437256 0.539551 0.0244141 0.109375 0.00435257
13 0.034668 0.864258 0.0332031 0.208984 0.00421906
13 0.418213 0.614258 0.046875 0.280273 0.00421524
2 0.572266 0.716309 0.28418 0.198242 0.00412369
1 0.0217743 0.915527 0.0367737 0.0947266 0.00410843
1 0.0273438 0.943604 0.02771 0.0522461 0.00395966
2 0.678101 0.47168 0.53833 0.928711 0.00382233
13 0.356445 0.814453 0.0292969 0.100586 0.00372124
13 0.350586 0.794922 0.0239258 0.0517578 0.00367928
4 0.513184 0.715332 0.15625 0.185547 0.00366783
1 0.975342 0.0458527 0.043457 0.0879822 0.00354195
8 0.514282 0.707031 0.163818 0.18457 0.00344849
13 0.0246582 0.898438 0.0383301 0.164062 0.00343513
13 0.355957 0.791016 0.0268555 0.0478516 0.00325203
13 0.430176 0.578613 0.0292969 0.117188 0.00302124
13 0.477051 0.467163 0.341797 0.815674 0.0030117
13 0.697754 0.685059 0.0195312 0.0429688 0.00300026
1 0.429688 0.64209 0.0488281 0.333008 0.00299454
13 0.456909 0.839355 0.0314941 0.0527344 0.00279236
13 0.441772 0.515259 0.0705566 0.662842 0.00277328
1 0.976562 0.818848 0.0390625 0.342773 0.00275803
13 0.0322266 0.910645 0.0291748 0.124023 0.00274849
2 0.463501 0.839355 0.0163574 0.0419922 0.00273705
2 0.443604 0.654785 0.0805664 0.304688 0.0027256
13 0.422852 0.694336 0.0307617 0.254883 0.00252342
2 0.845215 0.787109 0.0498047 0.0605469 0.00238991
13 0.441406 0.523926 0.0366211 0.108398 0.00237656
13 0.97876 0.884521 0.0366211 0.187988 0.00227165
2 0.541504 0.687988 0.179688 0.168945 0.00225639
13 0.972656 0.849121 0.0371094 0.276367 0.00225067
4 0.429688 0.64209 0.0488281 0.333008 0.0022316
2 0.537598 0.456909 0.496094 0.867432 0.00220871
13 0.41748 0.723633 0.0283203 0.208008 0.00213242
1 0.0364227 0.0527039 0.0614319 0.0986938 0.00191402
13 0.0273438 0.939453 0.0247803 0.0576172 0.00184631
1 0.974609 0.750488 0.0507812 0.489258 0.00182533
7 0.505737 0.708496 0.178955 0.194336 0.00178528
6 0.507324 0.70752 0.166992 0.182617 0.0017786
5 0.505737 0.708496 0.178955 0.194336 0.00177765
1 0.985352 0.917236 0.0234375 0.10498 0.00177765
10 0.507935 0.708496 0.169678 0.19043 0.00177097
19 0.507935 0.708496 0.169678 0.19043 0.00173759
1 0.979004 0.0643921 0.0419922 0.123413 0.00173378
13 0.909668 0.501587 0.137695 0.973389 0.00167179
1 0.0449066 0.04039 0.0649719 0.0664368 0.00167084
4 0.0629272 0.502441 0.0809326 0.838867 0.00166607
13 0.388672 0.820801 0.0917969 0.100586 0.00163651
18 0.505737 0.708496 0.178955 0.194336 0.00163174
15 0.507935 0.708496 0.169678 0.19043 0.00158787
3 0.505737 0.708496 0.178955 0.194336 0.00158787
12 0.505737 0.708496 0.178955 0.194336 0.00158215
2 0.47998 0.52832 0.182617 0.602539 0.00155449
13 0.427734 0.709961 0.0517578 0.222656 0.00152683
2 0.454224 0.84375 0.041748 0.0507812 0.00152302
11 0.507324 0.708984 0.161133 0.1875 0.0015049
13 0.0395508 0.762207 0.0500488 0.475586 0.00148392
1 0.0276031 0.0665588 0.0404968 0.124207 0.00148106
1 0.0371094 0.0722656 0.0383301 0.131592 0.00148106
2 0.68396 0.734863 0.536377 0.243164 0.00147533
2 0.428467 0.635742 0.0639648 0.344727 0.00146484
16 0.507935 0.708496 0.169678 0.19043 0.00146294
13 0.435181 0.612793 0.137451 0.327148 0.00141048
17 0.505737 0.708496 0.178955 0.194336 0.00140762
2 0.60437 0.731934 0.418213 0.180664 0.0014019
1 0.0328979 0.869629 0.0401611 0.188477 0.00137901
2 0.0273438 0.939453 0.0247803 0.0576172 0.00137138
13 0.027359 0.927979 0.0282898 0.0893555 0.00136375
0 0.505737 0.708496 0.178955 0.194336 0.00136375
13 0.425293 0.720215 0.0830078 0.263672 0.00129509
13 0.697754 0.692383 0.0244141 0.0654297 0.0012846
1 0.984375 0.968262 0.03125 0.0634766 0.00123119
13 0.0371094 0.809814 0.0386963 0.327637 0.00119305
13 0.459961 0.712402 0.232422 0.231445 0.00119114
13 0.403809 0.650391 0.0844727 0.330078 0.00111961
13 0.449341 0.84082 0.0544434 0.0566406 0.00111771
14 0.0246887 0.94165 0.0339966 0.0776367 0.00111389
4 0.909668 0.501587 0.137695 0.973389 0.00110817
1 0.97583 0.958252 0.0424805 0.0834961 0.00105095
1 0.977539 0.152832 0.0390625 0.258789 0.00100613
