2 0.655273 0.741211 0.512695 0.342773 0.873047
13 0.499023 0.678223 0.0537109 0.167969 0.362549
13 0.712402 0.838379 0.0390625 0.0634766 0.263672
2 0.509155 0.456299 0.843018 0.912598 0.231689
1 0.983887 0.940918 0.0322266 0.102539 0.224121
2 0.688965 0.687012 0.435547 0.254883 0.13147
13 0.489868 0.662109 0.0847168 0.166016 0.108582
2 0.713379 0.836914 0.0439453 0.0664062 0.0701294
13 0.491333 0.658691 0.0495605 0.149414 0.0466614
1 0.981201 0.911621 0.0336914 0.170898 0.0433044
2 0.497681 0.452637 0.887451 0.521484 0.0374451
13 0.983398 0.904541 0.0273438 0.175293 0.0310059
1 0.0278168 0.950684 0.0310364 0.0888672 0.0264893
2 0.475952 0.711426 0.155518 0.323242 0.0240173
13 0.980225 0.87085 0.0317383 0.225098 0.0211792
4 0.0607147 0.487183 0.105621 0.955322 0.0211029
2 0.458008 0.742676 0.282227 0.329102 0.0204773
2 0.488159 0.67041 0.0725098 0.181641 0.0191956
13 0.654785 0.736328 0.46582 0.289062 0.0176697
2 0.686523 0.494629 0.476562 0.865234 0.0166931
1 0.980225 0.0828552 0.0375977 0.120422 0.015152
4 0.0477142 0.756592 0.0515442 0.469238 0.0146408
13 0.985352 0.934326 0.0273438 0.111816 0.014473
1 0.714844 0.838379 0.0488281 0.0722656 0.0142517
2 0.654297 0.731934 0.318359 0.354492 0.0128021
14 0.650391 0.741211 0.482422 0.291992 0.012085
2 0.0596466 0.489502 0.102631 0.958496 0.0118484
1 0.650391 0.741211 0.482422 0.291992 0.0118103
4 0.671875 0.723633 0.469727 0.277344 0.011261
1 0.986328 0.918457 0.0234375 0.145508 0.0111237
2 0.703613 0.808105 0.452148 0.383789 0.0109024
1 0.980469 0.867676 0.0390625 0.24707 0.00946808
9 0.654785 0.736328 0.46582 0.289062 0.00932312
13 0.968994 0.106293 0.0385742 0.171692 0.0086441
13 0.0477142 0.756592 0.0515442 0.469238 0.00795746
2 0.757812 0.67334 0.317383 0.21875 0.00782776
2 0.709961 0.818848 0.4375 0.210938 0.00773239
1 0.973389 0.951416 0.0356445 0.0834961 0.00669861
2 0.59436 0.842285 0.420654 0.216797 0.00660324
2 0.49707 0.310059 0.839844 0.539062 0.00655746
2 0.731934 0.856934 0.0332031 0.0507812 0.00641251
13 0.493652 0.645996 0.201172 0.323242 0.00632858
14 0.713379 0.836914 0.0439453 0.0664062 0.0062561
1 0.0248718 0.965332 0.034729 0.0634766 0.005867
2 0.980225 0.87085 0.0317383 0.225098 0.00577164
13 0.490234 0.540039 0.694336 0.795898 0.0057373
13 0.96582 0.158081 0.0429688 0.261963 0.00550842
1 0.976318 0.0653229 0.0415039 0.0812683 0.00548172
2 0.712891 0.827637 0.117188 0.114258 0.00544357
13 0.475952 0.711426 0.155518 0.323242 0.00542831
13 0.492798 0.676758 0.057373 0.0957031 0.00541687
13 0.461182 0.632202 0.32666 0.524658 0.00522614
2 0.519043 0.744629 0.320312 0.288086 0.00507736
13 0.980469 0.098114 0.0371094 0.146545 0.00469208
2 0.498047 0.677246 0.101562 0.230469 0.0046463
1 0.979492 0.808594 0.0332031 0.34375 0.0043869
1 0.97583 0.92334 0.034668 0.131836 0.00431824
2 0.529297 0.686035 0.207031 0.234375 0.00426483
4 0.0469971 0.635132 0.0557861 0.596924 0.00424194
2 0.461182 0.632202 0.32666 0.524658 0.00418091
13 0.476685 0.67334 0.0993652 0.235352 0.00412369
2 0.726074 0.647461 0.319336 0.154297 0.0037632
1 0.0311584 0.93042 0.0302124 0.127441 0.00374794
14 0.498047 0.677734 0.0556641 0.161133 0.00370979
2 0.585938 0.783691 0.367188 0.230469 0.00369072
2 0.731934 0.483887 0.429688 0.612305 0.00359917
2 0.487793 0.55127 0.660156 0.566406 0.00350761
2 0.983398 0.904541 0.0273438 0.175293 0.00341225
2 0.493652 0.645996 0.201172 0.323242 0.00340462
13 0.974609 0.943359 0.0351562 0.103516 0.00333405
2 0.30835 0.552734 0.550293 0.729492 0.00330544
1 0.0703125 0.0506439 0.133057 0.0964661 0.0032444
2 0.400757 0.744141 0.544189 0.363281 0.00299644
2 0.531372 0.989258 0.829834 0.0214844 0.00298691
1 0.493286 0.499023 0.898193 0.583008 0.00298309
2 0.724121 0.841309 0.09375 0.0751953 0.00292587
1 0.498535 0.677246 0.0595703 0.175781 0.00289917
19 0.654785 0.736328 0.46582 0.289062 0.00288773
13 0.9646 0.221008 0.0512695 0.396851 0.00281334
1 0.982666 0.962646 0.034668 0.074707 0.00279617
2 0.698242 0.84668 0.31543 0.105469 0.00274277
8 0.654785 0.736328 0.46582 0.289062 0.00273514
18 0.654785 0.736328 0.46582 0.289062 0.00273514
16 0.654785 0.736328 0.46582 0.289062 0.0027256
4 0.492798 0.483887 0.803467 0.967773 0.00268364
7 0.654785 0.736328 0.46582 0.289062 0.00260925
3 0.650391 0.741211 0.482422 0.291992 0.00257492
11 0.650391 0.741211 0.482422 0.291992 0.00247574
17 0.654785 0.736328 0.46582 0.289062 0.00235939
5 0.650391 0.741211 0.482422 0.291992 0.00232697
2 0.500977 0.683594 0.0595703 0.176758 0.00226784
15 0.654785 0.736328 0.46582 0.289062 0.00225258
13 0.485718 0.637207 0.0490723 0.114258 0.00222778
1 0.970459 0.940674 0.0493164 0.10498 0.00220108
2 0.458862 0.782227 0.400635 0.257812 0.00214958
0 0.654785 0.736328 0.46582 0.289062 0.00213242
13 0.731934 0.856934 0.0332031 0.0507812 0.00211143
12 0.654785 0.736328 0.46582 0.289062 0.00209999
10 0.654785 0.736328 0.46582 0.289062 0.00206566
2 0.669434 0.606567 0.478516 0.331787 0.0020256
6 0.654785 0.736328 0.46582 0.289062 0.00197983
13 0.975586 0.128174 0.0429688 0.216797 0.00195122
1 0.969727 0.0561676 0.0585938 0.0688171 0.00176144
1 0.491577 0.472656 0.862549 0.945312 0.00174809
2 0.957764 0.387207 0.0844727 0.717773 0.0017271
2 0.613403 0.516479 0.693115 0.685791 0.00170231
13 0.979736 0.807617 0.0366211 0.332031 0.00166512
2 0.714844 0.85498 0.244141 0.0625 0.00164413
1 0.0466766 0.0583496 0.0743713 0.111572 0.00162411
1 0.985352 0.918945 0.0214844 0.0927734 0.00161362
2 0.317871 0.807861 0.577148 0.384277 0.0015316
2 0.727051 0.842773 0.0478516 0.0703125 0.00149059
4 0.0400391 0.244019 0.0611572 0.476807 0.00147915
1 0.0385895 0.0779724 0.0409851 0.139954 0.00145435
13 0.960449 0.348267 0.0732422 0.608154 0.00139523
2 0.981445 0.944824 0.03125 0.0947266 0.00139523
4 0.500488 0.678711 0.0576172 0.177734 0.00139332
1 0.969482 0.0944824 0.0375977 0.140381 0.00137424
2 0.527954 0.641602 0.33667 0.277344 0.0013628
13 0.971436 0.911377 0.0375977 0.159668 0.0012598
13 0.0510864 0.82373 0.0557861 0.287109 0.00122929
1 0.98584 0.891113 0.0283203 0.168945 0.00118828
13 0.5 0.651367 0.327148 0.28125 0.00118351
13 0.511719 0.673828 0.0917969 0.174805 0.00117016
4 0.686523 0.494629 0.476562 0.865234 0.00115585
13 0.723633 0.84082 0.0517578 0.0712891 0.00113773
13 0.0632324 0.761719 0.0297852 0.0849609 0.00112629
2 0.563477 0.700195 0.46582 0.318359 0.00109482
1 0.973877 0.19812 0.0463867 0.335205 0.001091
9 0.509155 0.456299 0.843018 0.912598 0.00104713
2 0.979736 0.807617 0.0366211 0.332031 0.0010128
2 0.693848 0.626465 0.442383 0.219727 0.00101185
