2 0.51416 0.813477 0.0322266 0.0751953 0.577148
14 0.51416 0.8125 0.0351562 0.0761719 0.537109
1 0.983154 0.0648499 0.0336914 0.0768433 0.0445251
1 0.982422 0.935547 0.0332031 0.0976562 0.0308075
1 0.986328 0.930664 0.0253906 0.0751953 0.0205688
13 0.515137 0.812988 0.0332031 0.0771484 0.0187531
4 0.0403442 0.759766 0.0445557 0.417969 0.017395
1 0.516113 0.812988 0.0341797 0.078125 0.0123825
1 0.986328 0.916504 0.0195312 0.106445 0.0122833
1 0.0263977 0.928711 0.0274048 0.0673828 0.0121155
13 0.818359 0.895752 0.0449219 0.163574 0.0108871
13 0.668457 0.74707 0.0371094 0.0820312 0.0106049
1 0.0395355 0.176086 0.0427551 0.313843 0.00871277
1 0.036438 0.0520477 0.0537109 0.0970764 0.00737
1 0.0371094 0.777832 0.0374756 0.338867 0.00731277
4 0.0804443 0.487427 0.0942383 0.9646 0.00699615
2 0.520508 0.815918 0.0537109 0.0751953 0.00618362
1 0.0257111 0.914062 0.033783 0.0839844 0.00582504
1 0.977539 0.921387 0.0371094 0.12207 0.0056839
1 0.980225 0.0878143 0.0317383 0.120758 0.00466919
14 0.502441 0.814941 0.0449219 0.0761719 0.00426102
13 0.819824 0.818359 0.0527344 0.290039 0.00362206
13 0.982666 0.0634155 0.034668 0.0731201 0.003582
13 0.826172 0.927002 0.0517578 0.0991211 0.00352859
1 0.985352 0.89917 0.0273438 0.14502 0.00265121
9 0.51416 0.813477 0.0322266 0.0751953 0.00255966
1 0.980713 0.866211 0.0307617 0.214844 0.00249863
8 0.516113 0.813477 0.0341797 0.0800781 0.00211334
4 0.96582 0.478638 0.0664062 0.947021 0.00209427
4 0.0565796 0.44873 0.0943604 0.897461 0.00207901
1 0.0385742 0.25415 0.0505371 0.460449 0.00206566
1 0.970703 0.187439 0.0429688 0.254028 0.00184441
12 0.515137 0.8125 0.0341797 0.078125 0.00179577
1 0.0381012 0.108032 0.0417175 0.196777 0.00177002
13 0.663574 0.692871 0.0234375 0.0576172 0.00173569
2 0.982666 0.0634155 0.034668 0.0731201 0.00171852
13 0.811523 0.871338 0.0361328 0.202637 0.00171185
4 0.516113 0.812988 0.0341797 0.078125 0.00168419
6 0.515137 0.8125 0.0341797 0.078125 0.0015974
1 0.974854 0.145874 0.0444336 0.209229 0.00154591
1 0.0244141 0.945068 0.0405273 0.0649414 0.00148773
1 0.982666 0.960693 0.034668 0.0786133 0.00146198
2 0.518555 0.803223 0.0341797 0.0742188 0.00135422
1 0.97876 0.0503998 0.0424805 0.054718 0.00130272
1 0.986328 0.0563812 0.0273438 0.0542297 0.00126076
1 0.0475006 0.0413513 0.0768738 0.0827026 0.00123978
1 0.0264893 0.90332 0.0258789 0.124023 0.00121593
4 0.931641 0.492188 0.0976562 0.918945 0.0011692
5 0.515137 0.8125 0.0341797 0.078125 0.00114727
16 0.515625 0.813477 0.0322266 0.0761719 0.00114632
1 0.0421143 0.711304 0.0449219 0.505127 0.00107861
10 0.513672 0.811035 0.0332031 0.0761719 0.00106144
1 0.0322266 0.930664 0.0324707 0.0537109 0.00105286
13 0.797363 0.396484 0.0566406 0.125 0.00104809
13 0.0356445 0.743652 0.0350342 0.389648 0.00103283
19 0.513672 0.811035 0.0332031 0.0761719 0.00103283
13 0.520508 0.815918 0.0537109 0.0751953 0.00102997
7 0.51416 0.812988 0.0322266 0.0771484 0.00100708
