2 0.640625 0.704102 0.240234 0.185547 0.855957
14 0.604004 0.282715 0.0244141 0.0571289 0.649902
6 0.966797 0.116089 0.0585938 0.2146 0.169922
14 0.604492 0.285889 0.0371094 0.0581055 0.122375
2 0.0501099 0.254211 0.0200195 0.0765381 0.0776978
6 0.969727 0.921875 0.0429688 0.134766 0.0734863
1 0.968262 0.928955 0.0498047 0.122559 0.0678711
6 0.896484 0.0325928 0.195312 0.0651855 0.0598145
14 0.608887 0.283203 0.0234375 0.0488281 0.0577087
13 0.030426 0.147308 0.0336304 0.218079 0.0404663
2 0.0320435 0.161072 0.03479 0.2677 0.0365601
6 0.950439 0.0463867 0.0776367 0.0777588 0.0332336
2 0.60498 0.283691 0.0263672 0.0537109 0.0328674
2 0.31543 0.850098 0.0678711 0.0820312 0.0259857
14 0.59668 0.282959 0.0283203 0.0546875 0.0248566
13 0.0233154 0.0699768 0.0178223 0.0570679 0.0228119
3 0.0416718 0.822266 0.0694885 0.28125 0.0216217
6 0.956055 0.134827 0.0605469 0.256714 0.0213318
6 0.972656 0.866699 0.0410156 0.250977 0.0208435
6 0.961914 0.0383301 0.0585938 0.0664062 0.020813
13 0.0223846 0.1073 0.0246887 0.125977 0.0204163
2 0.0422974 0.256592 0.0219727 0.0761719 0.0197754
2 0.672363 0.701172 0.144531 0.169922 0.0183868
3 0.96582 0.125488 0.0507812 0.238281 0.0182953
6 0.924805 0.0466309 0.111328 0.0932617 0.0179291
4 0.637695 0.705078 0.245117 0.205078 0.0164337
13 0.0274963 0.0912476 0.0255737 0.10144 0.0158386
1 0.628906 0.703613 0.236328 0.182617 0.0126038
6 0.957031 0.0699158 0.0683594 0.120911 0.011528
6 0.973633 0.139099 0.0390625 0.243286 0.0107956
13 0.96582 0.125488 0.0507812 0.238281 0.00965881
6 0.973633 0.0933838 0.0351562 0.161377 0.00785065
3 0.0288086 0.845215 0.0576172 0.228516 0.00772476
6 0.963135 0.937744 0.0620117 0.122559 0.00715637
6 0.848877 0.036438 0.282715 0.072876 0.00687408
13 0.637695 0.705078 0.245117 0.205078 0.00663757
6 0.948975 0.0313263 0.0864258 0.0594177 0.00634384
1 0.956055 0.944336 0.0683594 0.0917969 0.00633621
6 0.637695 0.705078 0.245117 0.205078 0.00605011
14 0.637695 0.705078 0.245117 0.205078 0.00593567
1 0.95459 0.884521 0.0732422 0.205566 0.00583649
2 0.968262 0.928955 0.0498047 0.122559 0.00574112
2 0.0240021 0.12735 0.0254822 0.205261 0.00501633
9 0.637695 0.705078 0.245117 0.205078 0.00489426
3 0.0284424 0.749512 0.0438232 0.414062 0.00482559
16 0.637695 0.705078 0.245117 0.205078 0.00474167
19 0.637695 0.705078 0.245117 0.205078 0.00452423
1 0.868164 0.937012 0.261719 0.125977 0.00450134
11 0.637695 0.705078 0.245117 0.205078 0.00440598
18 0.637695 0.705078 0.245117 0.205078 0.0043869
3 0.0396729 0.572632 0.050293 0.823486 0.00429916
1 0.604004 0.282715 0.0244141 0.0571289 0.00428772
7 0.637695 0.705078 0.245117 0.205078 0.00425339
6 0.0426178 0.82666 0.0649109 0.297852 0.00418472
13 0.604004 0.283936 0.0253906 0.0537109 0.00410843
6 0.96167 0.817139 0.0551758 0.330566 0.00408173
2 0.0483398 0.253418 0.03479 0.0776367 0.00405502
13 0.0241394 0.130127 0.0248413 0.189941 0.00404358
3 0.0415649 0.743896 0.0548096 0.473145 0.00403595
3 0.952881 0.0462036 0.0786133 0.0787354 0.00399017
1 0.945068 0.921631 0.0825195 0.133301 0.00395966
3 0.963867 0.845947 0.0488281 0.259277 0.00395203
3 0.637695 0.705078 0.245117 0.205078 0.00392151
3 0.0258026 0.914062 0.04776 0.103516 0.00385666
1 0.968018 0.89624 0.0444336 0.195801 0.00383949
8 0.637695 0.705078 0.245117 0.205078 0.0038166
10 0.637695 0.705078 0.245117 0.205078 0.00377274
6 0.966553 0.882324 0.0551758 0.18457 0.00375366
0 0.637695 0.705078 0.245117 0.205078 0.00374413
2 0.635742 0.701172 0.147461 0.179688 0.00374222
3 0.969727 0.921875 0.0429688 0.134766 0.0037384
2 0.0423584 0.194702 0.0299072 0.256104 0.00373268
15 0.637695 0.705078 0.245117 0.205078 0.00367165
6 0.885742 0.0241699 0.226562 0.0483398 0.00361252
12 0.637695 0.705078 0.245117 0.205078 0.00357437
17 0.637695 0.705078 0.245117 0.205078 0.00355911
2 0.0559082 0.25531 0.0212402 0.0806885 0.00345993
5 0.637695 0.705078 0.245117 0.205078 0.00330734
13 0.0422974 0.256592 0.0219727 0.0761719 0.00320435
6 0.0241394 0.130127 0.0248413 0.189941 0.00319481
6 0.969482 0.0482178 0.0395508 0.0849609 0.00319481
6 0.955566 0.905762 0.0634766 0.155273 0.00317574
13 0.0296021 0.115601 0.0292969 0.127197 0.00317192
6 0.965576 0.0567169 0.0610352 0.0916443 0.00315666
6 0.919678 0.0641174 0.133301 0.114929 0.00308037
6 0.786377 0.0285645 0.427246 0.0571289 0.00294113
1 0.896484 0.0325928 0.195312 0.0651855 0.00291443
13 0.0228271 0.0703125 0.0314941 0.0625 0.00290298
13 0.896484 0.0325928 0.195312 0.0651855 0.00286102
13 0.050415 0.253418 0.0196533 0.0761719 0.00284386
6 0.0232391 0.0670166 0.0243225 0.0556641 0.00283051
4 0.966064 0.115356 0.0541992 0.220947 0.00259781
2 0.0498047 0.258789 0.0269775 0.10791 0.00258827
6 0.0263367 0.915283 0.0454712 0.108887 0.0025177
9 0.604004 0.282715 0.0244141 0.0571289 0.00250816
3 0.956787 0.742432 0.074707 0.515137 0.00247765
2 0.0299683 0.125122 0.0307617 0.159912 0.00243568
6 0.942627 0.0736694 0.0834961 0.139038 0.00241852
1 0.912598 0.938232 0.141602 0.117676 0.00239372
3 0.962891 0.9104 0.0585938 0.179199 0.00238419
2 0.667969 0.664062 0.21582 0.240234 0.00234985
6 0.974609 0.0707397 0.0429688 0.109985 0.00232315
2 0.356445 0.202271 0.0214844 0.105713 0.00231743
1 0.9646 0.126221 0.059082 0.234863 0.00222969
6 0.0240784 0.102417 0.022522 0.120117 0.00221443
13 0.0301819 0.124359 0.0475464 0.166809 0.00218201
1 0.833252 0.032486 0.331543 0.0639343 0.00215912
6 0.940918 0.888184 0.0888672 0.223633 0.00193596
13 0.0231934 0.0996094 0.0198975 0.0864258 0.00185108
19 0.604004 0.283936 0.0253906 0.0537109 0.00180244
3 0.974609 0.862305 0.0410156 0.25 0.00179863
1 0.0959778 0.960693 0.182068 0.0395508 0.00176811
13 0.0252533 0.0822144 0.0190735 0.0738525 0.00175285
1 0.0240784 0.102417 0.022522 0.120117 0.00172424
13 0.0286865 0.0769653 0.0344238 0.0799561 0.00169563
3 0.0241394 0.130127 0.0248413 0.189941 0.001688
13 0.0206299 0.0842896 0.0170898 0.0877686 0.00165272
4 0.603516 0.284912 0.0292969 0.0571289 0.00163078
1 0.0241394 0.130127 0.0248413 0.189941 0.00162792
1 0.0428467 0.800293 0.0596924 0.360352 0.00161457
3 0.956299 0.0688171 0.0600586 0.129456 0.00150871
2 0.575195 0.706543 0.387695 0.200195 0.0014801
3 0.888428 0.0345459 0.195801 0.0690918 0.00147057
6 0.0292969 0.848633 0.0515137 0.25 0.00145721
6 0.91748 0.0285034 0.116211 0.0570068 0.00144577
2 0.96582 0.125488 0.0507812 0.238281 0.00143814
2 0.953613 0.721313 0.0556641 0.52417 0.00142097
6 0.978271 0.911865 0.0395508 0.152832 0.00140667
6 0.905273 0.913574 0.158203 0.172852 0.00138283
3 0.973633 0.0933838 0.0351562 0.161377 0.00136566
1 0.970703 0.919434 0.0410156 0.0878906 0.00135899
3 0.0255432 0.924316 0.0328979 0.104492 0.00133991
13 0.950439 0.0463867 0.0776367 0.0777588 0.00130939
2 0.0249329 0.0662231 0.0194702 0.0515137 0.00126839
3 0.954102 0.102661 0.0644531 0.202393 0.00125122
19 0.395508 0.678101 0.641602 0.524658 0.0012188
2 0.59668 0.282959 0.0283203 0.0546875 0.00120258
1 0.531372 0.839844 0.823975 0.320312 0.00118732
2 0.0294037 0.0873413 0.0298157 0.0882568 0.0011692
19 0.489746 0.620117 0.439453 0.540039 0.00116825
13 0.0249939 0.059021 0.0270386 0.0548096 0.00114346
8 0.604004 0.282715 0.0244141 0.0571289 0.00114155
3 0.924805 0.0466309 0.111328 0.0932617 0.00110912
2 0.0344238 0.257324 0.0205078 0.0830078 0.00109482
3 0.9646 0.198059 0.0512695 0.384155 0.00109482
6 0.94458 0.945557 0.0952148 0.108887 0.00106716
10 0.60498 0.283691 0.0263672 0.0537109 0.00106144
16 0.603516 0.284912 0.0292969 0.0571289 0.00106144
18 0.604004 0.282715 0.0244141 0.0571289 0.00106049
1 0.575195 0.706543 0.387695 0.200195 0.00105
12 0.604004 0.282715 0.0244141 0.0571289 0.00103951
6 0.969971 0.948975 0.0483398 0.090332 0.00103951
11 0.604004 0.282715 0.0244141 0.0571289 0.00103951
6 0.0439453 0.903564 0.0610352 0.132324 0.00103855
15 0.604004 0.282715 0.0244141 0.0571289 0.00102711
3 0.959961 0.834473 0.0664062 0.331055 0.00102139
6 0.604004 0.283936 0.0253906 0.0537109 0.00102043
2 0.910156 0.206787 0.0185547 0.0429688 0.00100613
9 0.604492 0.285889 0.0371094 0.0581055 0.00100231
