2 0.513672 0.803711 0.0869141 0.299805 0.772461
6 0.976807 0.1008 0.0444336 0.189026 0.386719
2 0.978516 0.121063 0.0292969 0.168518 0.118469
1 0.978516 0.106171 0.0371094 0.188049 0.0796509
6 0.978516 0.170227 0.0351562 0.318726 0.058075
2 0.400146 0.782715 0.0791016 0.0341797 0.0489502
2 0.977783 0.101532 0.0405273 0.187561 0.0452271
6 0.973633 0.944092 0.0488281 0.0922852 0.0279083
6 0.977295 0.921875 0.0454102 0.140625 0.0272369
3 0.0490723 0.489746 0.0743408 0.883789 0.0225525
3 0.968506 0.686157 0.0532227 0.594482 0.0209503
3 0.976318 0.100586 0.0395508 0.194092 0.020462
3 0.0442505 0.362915 0.0524902 0.651123 0.02034
2 0.52002 0.740234 0.0878906 0.180664 0.01828
3 0.973633 0.255188 0.0410156 0.475952 0.0125809
1 0.0299072 0.81543 0.0423584 0.328125 0.009758
2 0.53479 0.80127 0.186279 0.331055 0.00937653
4 0.513184 0.802734 0.0986328 0.30957 0.00904846
1 0.513184 0.802734 0.0986328 0.30957 0.00880432
6 0.977539 0.0483398 0.0390625 0.0966797 0.00785828
1 0.96582 0.957764 0.0644531 0.0727539 0.00783539
3 0.96167 0.504028 0.0571289 0.738037 0.00775146
13 0.978516 0.110809 0.0332031 0.178772 0.00746155
6 0.951416 0.956299 0.081543 0.0874023 0.00687027
6 0.965576 0.957764 0.0610352 0.0708008 0.00671005
6 0.973633 0.255188 0.0410156 0.475952 0.0054245
3 0.0454102 0.663452 0.0546875 0.596924 0.00521469
1 0.0370636 0.86792 0.0479431 0.248535 0.00519943
6 0.980957 0.953369 0.0380859 0.0795898 0.00491714
6 0.9646 0.94043 0.0571289 0.119141 0.00471878
2 0.4021 0.779297 0.0830078 0.0556641 0.00468445
2 0.978516 0.15979 0.0195312 0.0947266 0.00455093
3 0.967773 0.327637 0.0527344 0.625977 0.00407028
3 0.0366974 0.834473 0.0464783 0.325195 0.00393295
3 0.038208 0.246826 0.0494385 0.477051 0.00371361
3 0.975586 0.922119 0.0429688 0.145996 0.00364685
6 0.035202 0.18158 0.0453186 0.302856 0.00363922
2 0.477905 0.796875 0.149658 0.263672 0.00362396
1 0.947021 0.959961 0.0922852 0.0703125 0.0035553
3 0.963379 0.504272 0.0732422 0.968018 0.00347519
6 0.91626 0.961914 0.159668 0.0761719 0.00322914
3 0.978516 0.170227 0.0351562 0.318726 0.00302887
13 0.513184 0.802734 0.0986328 0.30957 0.00299072
2 0.977539 0.162598 0.0332031 0.250488 0.00296974
3 0.0553589 0.422607 0.0512695 0.753418 0.00291634
2 0.817383 0.0143127 0.0244141 0.0286255 0.00289917
3 0.0687561 0.500977 0.0812378 0.885742 0.00287819
1 0.026123 0.868164 0.0285645 0.178711 0.00283051
2 0.221741 0.0130615 0.0247803 0.0224609 0.0028038
13 0.0318604 0.170288 0.0435791 0.280029 0.00279617
1 0.974121 0.922852 0.0517578 0.134766 0.00274467
2 0.431641 0.013855 0.0205078 0.0255127 0.00274086
4 0.976318 0.100586 0.0395508 0.194092 0.00261879
2 0.719727 0.0126801 0.0322266 0.0253601 0.00251198
1 0.975586 0.199341 0.0390625 0.374756 0.00250816
2 0.483887 0.019043 0.0361328 0.0361328 0.00246048
2 0.979492 0.124878 0.0273438 0.0942383 0.00243759
3 0.976562 0.951416 0.0429688 0.0834961 0.00239754
6 0.983398 0.0874023 0.0332031 0.173828 0.00234032
6 0.978271 0.869385 0.0395508 0.259277 0.0023098
6 0.964111 0.905273 0.0620117 0.189453 0.00225449
2 0.852051 0.807129 0.0273438 0.0830078 0.00225067
2 0.981445 0.171387 0.0195312 0.0876465 0.00221252
3 0.0330811 0.190063 0.0454102 0.314209 0.00220108
13 0.978271 0.174133 0.0336914 0.298218 0.0021801
2 0.480957 0.802734 0.240234 0.314453 0.00217056
2 0.973633 0.944092 0.0488281 0.0922852 0.00208282
2 0.647461 0.0123291 0.0283203 0.0244141 0.00205612
3 0.036911 0.887695 0.0548401 0.199219 0.00201988
2 0.727539 0.0128479 0.0253906 0.0256958 0.00192547
6 0.983887 0.913086 0.0322266 0.173828 0.00190163
13 0.974609 0.894043 0.0488281 0.196289 0.00188637
2 0.973633 0.28894 0.0390625 0.537354 0.00183296
6 0.972656 0.142059 0.0351562 0.245178 0.00182533
1 0.264282 0.784668 0.414795 0.0507812 0.00178051
3 0.977539 0.0483398 0.0390625 0.0966797 0.00167084
3 0.936279 0.526611 0.105957 0.907715 0.00165081
2 0.542969 0.0116882 0.0253906 0.0233765 0.00162792
2 0.48877 0.0117188 0.0283203 0.0234375 0.00162411
2 0.506226 0.751465 0.112549 0.250977 0.00161266
14 0.978516 0.106171 0.0371094 0.188049 0.00161171
2 0.480957 0.0115204 0.0253906 0.0230408 0.00161171
1 0.273438 0.943604 0.154297 0.101074 0.00160789
9 0.512573 0.80127 0.0998535 0.302734 0.00158024
2 0.812012 0.0130005 0.0292969 0.024353 0.00152206
3 0.968994 0.893555 0.050293 0.1875 0.00147057
14 0.513184 0.802734 0.0986328 0.30957 0.00141048
2 0.968262 0.693481 0.0439453 0.55835 0.00140476
2 0.51416 0.795898 0.0869141 0.141602 0.00137997
3 0.512573 0.80127 0.0998535 0.302734 0.0013113
6 0.513184 0.802734 0.0986328 0.30957 0.00126934
2 0.717773 0.01297 0.0576172 0.0259399 0.00125694
3 0.983887 0.913086 0.0322266 0.173828 0.00123215
2 0.501343 0.834473 0.0705566 0.240234 0.00119305
2 0.235901 0.660156 0.119019 0.15625 0.00118923
2 0.63916 0.0118256 0.0322266 0.0236511 0.0011816
3 0.0465698 0.295532 0.0405273 0.451904 0.00117683
7 0.513184 0.802734 0.0986328 0.30957 0.00116062
6 0.970703 0.0396729 0.0429688 0.0666504 0.00112343
6 0.93335 0.968506 0.121582 0.0610352 0.00110531
2 0.559448 0.787109 0.312744 0.333984 0.00108051
6 0.978516 0.179718 0.0292969 0.228943 0.00106716
2 0.726562 0.0176392 0.0361328 0.0352783 0.00106049
1 0.908447 0.97168 0.169434 0.0527344 0.00105381
10 0.513184 0.802734 0.0986328 0.30957 0.00105286
19 0.513184 0.802734 0.0986328 0.30957 0.00104904
18 0.513184 0.802734 0.0986328 0.30957 0.00104046
16 0.513184 0.802734 0.0986328 0.30957 0.00103283
2 0.680176 0.0128174 0.0283203 0.0249023 0.00102234
3 0.0279541 0.911377 0.0415039 0.177246 0.00100136
