2 0.538574 0.21701 0.237305 0.248596 0.836426
2 0.45874 0.104858 0.0180664 0.052002 0.449219
2 0.975342 0.443115 0.0180664 0.0541992 0.329834
2 0.973389 0.434448 0.0258789 0.0881348 0.238037
2 0.462036 0.215942 0.0788574 0.259521 0.0671387
2 0.976562 0.394775 0.0234375 0.146484 0.0605774
2 0.572266 0.18927 0.165039 0.202515 0.0358582
2 0.970459 0.411377 0.027832 0.119629 0.0354309
2 0.457886 0.104156 0.0314941 0.0548706 0.0312805
1 0.536011 0.211853 0.250244 0.284302 0.0305176
2 0.42041 0.459961 0.019043 0.0478516 0.028717
3 0.0439301 0.618774 0.0527649 0.651123 0.020462
6 0.97583 0.895264 0.0444336 0.184082 0.0201569
3 0.0425873 0.408691 0.0649719 0.817383 0.0188293
2 0.97168 0.376465 0.0273438 0.205078 0.0176239
4 0.536011 0.211853 0.250244 0.284302 0.0158691
13 0.980469 0.112762 0.0234375 0.183655 0.0155258
2 0.974365 0.442871 0.0317383 0.0576172 0.015007
3 0.962891 0.718384 0.0585938 0.506592 0.0136185
3 0.0636292 0.521606 0.0939331 0.956787 0.0111542
3 0.968018 0.267029 0.0541992 0.457153 0.00979614
6 0.972656 0.950928 0.046875 0.0668945 0.00951385
6 0.972656 0.0700073 0.0429688 0.122192 0.00922394
6 0.536011 0.211853 0.250244 0.284302 0.00716019
3 0.0388641 0.502441 0.0455627 0.498047 0.00595474
1 0.968994 0.956299 0.0522461 0.0620117 0.00585556
6 0.030304 0.113617 0.0460815 0.211731 0.0058136
13 0.535645 0.214661 0.246094 0.285522 0.00572968
3 0.953613 0.660767 0.0771484 0.678467 0.00570297
19 0.536011 0.211853 0.250244 0.284302 0.0053978
2 0.969727 0.339478 0.0351562 0.285889 0.00529861
1 0.100098 0.959961 0.166748 0.0605469 0.00528717
14 0.422852 0.461914 0.0185547 0.0458984 0.00521469
1 0.144104 0.9646 0.281128 0.0473633 0.00501633
3 0.972656 0.0700073 0.0429688 0.122192 0.00500107
1 0.910156 0.945557 0.154297 0.108887 0.00463867
14 0.535645 0.214661 0.246094 0.285522 0.00459671
14 0.458984 0.104858 0.0175781 0.0534668 0.00444412
9 0.536011 0.211853 0.250244 0.284302 0.00437927
6 0.0254211 0.917725 0.0396118 0.125488 0.00431442
11 0.535645 0.214661 0.246094 0.285522 0.00430298
3 0.0298004 0.147278 0.0439148 0.261108 0.00418091
2 0.974609 0.458252 0.0195312 0.0737305 0.0041008
18 0.535645 0.214661 0.246094 0.285522 0.0040741
2 0.451172 0.102905 0.0234375 0.0527344 0.00406647
16 0.535645 0.214661 0.246094 0.285522 0.00402832
13 0.975342 0.442871 0.0180664 0.0556641 0.00390053
8 0.536011 0.211853 0.250244 0.284302 0.00372124
7 0.536011 0.211853 0.250244 0.284302 0.00367737
10 0.536011 0.211853 0.250244 0.284302 0.00364876
17 0.535645 0.214661 0.246094 0.285522 0.00359917
2 0.424072 0.463623 0.0175781 0.0444336 0.00346565
3 0.535645 0.214661 0.246094 0.285522 0.00342178
15 0.535645 0.214661 0.246094 0.285522 0.00329208
5 0.535645 0.214661 0.246094 0.285522 0.00327682
2 0.979492 0.437744 0.0214844 0.0571289 0.00321007
2 0.490234 0.209534 0.125 0.25769 0.00321007
0 0.535645 0.214661 0.246094 0.285522 0.00315285
6 0.0294037 0.0848083 0.0325012 0.144836 0.00309181
12 0.535645 0.214661 0.246094 0.285522 0.00308228
3 0.975342 0.89502 0.0395508 0.19043 0.00296402
1 0.222168 0.961426 0.443848 0.0400391 0.00282288
2 0.970947 0.445068 0.0366211 0.0874023 0.00275993
6 0.0352783 0.162292 0.0474854 0.298462 0.00264359
2 0.798828 0.793945 0.0175781 0.0537109 0.00264168
3 0.0422363 0.286133 0.0578613 0.537109 0.00261879
1 0.921631 0.95874 0.127441 0.0766602 0.00251007
3 0.0460205 0.522949 0.092041 0.913086 0.00242996
1 0.459595 0.104492 0.0222168 0.0544434 0.00237656
1 0.937256 0.936279 0.102051 0.119629 0.00234413
2 0.972656 0.950928 0.046875 0.0668945 0.00226593
1 0.960449 0.922607 0.0634766 0.13916 0.00211143
3 0.972656 0.919678 0.0507812 0.119629 0.00208092
6 0.0238342 0.937744 0.0368042 0.081543 0.00203705
2 0.890381 0.945312 0.186035 0.109375 0.00201416
6 0.0319824 0.894531 0.0427246 0.177734 0.00197601
1 0.964844 0.749023 0.0488281 0.472656 0.00191116
13 0.0294037 0.0848083 0.0325012 0.144836 0.00190163
13 0.45874 0.104126 0.0175781 0.0549316 0.00189781
6 0.961182 0.958496 0.0639648 0.0634766 0.00176907
2 0.971436 0.452393 0.0239258 0.0942383 0.00176334
13 0.977539 0.162415 0.0351562 0.318726 0.0017519
2 0.144104 0.9646 0.281128 0.0473633 0.00173092
1 0.556763 0.204346 0.17749 0.21875 0.00168228
2 0.444458 0.211304 0.0612793 0.220947 0.00167751
2 0.456055 0.112061 0.0175781 0.0480957 0.00167179
3 0.980469 0.112762 0.0234375 0.183655 0.00164986
2 0.0439301 0.618774 0.0527649 0.651123 0.00163364
2 0.979492 0.451416 0.015625 0.059082 0.00158501
4 0.96167 0.247192 0.059082 0.4646 0.00155449
3 0.0380859 0.867432 0.0462646 0.226074 0.0015173
2 0.9646 0.432129 0.0297852 0.0859375 0.00139999
2 0.54541 0.278442 0.282227 0.452881 0.00136185
6 0.967041 0.939453 0.0541992 0.119141 0.0013485
2 0.100098 0.959961 0.166748 0.0605469 0.00131512
2 0.975586 0.470215 0.0195312 0.139648 0.00130558
2 0.802246 0.797363 0.015625 0.0498047 0.00130558
1 0.185486 0.964355 0.288208 0.0615234 0.00127125
6 0.888672 0.0256348 0.214844 0.0349121 0.00124931
13 0.975586 0.114868 0.0390625 0.204834 0.00124836
3 0.975586 0.114868 0.0390625 0.204834 0.00121689
1 0.948242 0.957764 0.0820312 0.0610352 0.00114536
2 0.978271 0.38208 0.0336914 0.168457 0.0011301
13 0.0439301 0.618774 0.0527649 0.651123 0.0011301
1 0.0322266 0.911377 0.0467529 0.165527 0.00111008
6 0.975586 0.114868 0.0390625 0.204834 0.00110245
6 0.972656 0.919678 0.0507812 0.119629 0.00108433
2 0.976807 0.917236 0.0444336 0.130371 0.00107384
13 0.0265045 0.128723 0.033905 0.211304 0.00107002
6 0.962402 0.0496674 0.0556641 0.0957336 0.00106812
4 0.964844 0.749023 0.0488281 0.472656 0.00104046
1 0.0771179 0.943604 0.12262 0.0874023 0.00103188
3 0.96582 0.881836 0.0546875 0.199219 0.00102615
2 0.967529 0.264893 0.0493164 0.464355 0.00100327
