2 0.107056 0.460205 0.0219727 0.0678711 0.733887
2 0.10791 0.456299 0.0310059 0.0825195 0.693359
2 0.100922 0.459473 0.0186157 0.0664062 0.0335999
2 0.106476 0.456909 0.0521851 0.0852051 0.0302277
2 0.0263672 0.147461 0.0198975 0.0632324 0.0209351
6 0.0226746 0.943848 0.0411987 0.0791016 0.0186615
3 0.958984 0.47998 0.0820312 0.945312 0.0182953
1 0.106079 0.460327 0.0224609 0.0715332 0.0175629
2 0.0864258 0.570312 0.0410156 0.0507812 0.0110321
3 0.964844 0.354492 0.0644531 0.708984 0.0107346
14 0.106934 0.459839 0.0217285 0.0686035 0.00788116
2 0.109863 0.47168 0.0246582 0.0976562 0.00730515
13 0.025528 0.14917 0.0202332 0.0634766 0.00535583
6 0.120087 0.0302124 0.192444 0.0604248 0.00497055
2 0.098175 0.459595 0.0263062 0.0788574 0.0049324
6 0.0228577 0.901367 0.0402222 0.173828 0.00457382
13 0.0265503 0.142578 0.0152588 0.0495605 0.00345802
14 0.10791 0.456299 0.0310059 0.0825195 0.00324249
13 0.106201 0.461914 0.0217285 0.0703125 0.0031929
3 0.0263672 0.106079 0.0310059 0.17334 0.00306702
6 0.0186768 0.929688 0.0294189 0.107422 0.00208473
2 0.117798 0.461426 0.0307617 0.0722656 0.00203705
3 0.964355 0.59436 0.0654297 0.811279 0.00198174
3 0.978516 0.112762 0.0390625 0.164124 0.00184917
13 0.106659 0.45459 0.0310669 0.0791016 0.00180626
3 0.0229645 0.914062 0.0361023 0.160156 0.00176239
6 0.0317993 0.953613 0.0462646 0.0634766 0.00160217
1 0.0300903 0.949463 0.0446777 0.0717773 0.00149155
3 0.0236206 0.935303 0.0330811 0.100098 0.00146675
4 0.844238 0.466797 0.135742 0.888672 0.00142479
19 0.106934 0.459839 0.0217285 0.0686035 0.00137138
2 0.0977783 0.962891 0.158691 0.0566406 0.00135422
2 0.0226746 0.943848 0.0411987 0.0791016 0.00132561
2 0.104034 0.481445 0.0304565 0.120117 0.00129509
2 0.0218506 0.14624 0.0164795 0.0578613 0.00127316
6 0.0850525 0.968994 0.158508 0.050293 0.00120544
13 0.0263672 0.106079 0.0310059 0.17334 0.00120068
6 0.300781 0.0319824 0.554688 0.0559082 0.00119495
1 0.29895 0.039444 0.55249 0.0592957 0.00119114
6 0.0263672 0.106079 0.0310059 0.17334 0.00113201
9 0.106934 0.459839 0.0217285 0.0686035 0.00112915
1 0.11145 0.453369 0.0314941 0.0795898 0.00105953
6 0.0786285 0.0299377 0.108124 0.045105 0.0010376
6 0.0193329 0.950928 0.0279846 0.0688477 0.00103664
2 0.62793 0.176514 0.0449219 0.0170898 0.00100899
2 0.580078 0.457153 0.0175781 0.0270996 0.00100613
