2 0.410645 0.0767517 0.108398 0.0396118 0.745605
4 0.277832 0.499634 0.127441 0.940186 0.362793
14 0.12085 0.240967 0.0275879 0.0307617 0.157837
3 0.961914 0.5 0.0683594 1 0.0470581
6 0.0390625 0.894531 0.0574951 0.210938 0.046936
3 0.0465088 0.479492 0.0930176 0.948242 0.0466919
3 0.969971 0.178223 0.0561523 0.306152 0.0359802
2 0.406494 0.0742493 0.106934 0.0629272 0.0315857
2 0.40918 0.0732422 0.0742188 0.0415039 0.0315552
3 0.979492 0.115723 0.0371094 0.174561 0.0299683
6 0.0358887 0.916016 0.0578613 0.130859 0.0279694
6 0.893799 0.0356445 0.175293 0.0584717 0.0202942
6 0.974609 0.950195 0.0507812 0.0898438 0.0195923
3 0.0406647 0.893799 0.0693054 0.177246 0.0177612
3 0.967773 0.118896 0.0644531 0.189697 0.0155411
6 0.975586 0.923584 0.0449219 0.141113 0.0153046
6 0.039856 0.939209 0.0568848 0.0942383 0.0138855
3 0.967285 0.908447 0.0595703 0.151855 0.0137634
6 0.979492 0.115723 0.0371094 0.174561 0.0125046
6 0.975342 0.887939 0.0493164 0.192871 0.0113983
6 0.0481567 0.950195 0.0782471 0.0742188 0.0103455
6 0.0868835 0.95874 0.156799 0.0668945 0.010231
6 0.969482 0.176575 0.0493164 0.328491 0.0102081
3 0.0327759 0.373535 0.0655518 0.74707 0.00954437
6 0.03479 0.0778046 0.0623779 0.11441 0.00885773
3 0.0384521 0.822266 0.0585938 0.314453 0.00816345
3 0.975098 0.324707 0.0498047 0.649414 0.00797272
14 0.121826 0.237488 0.0292969 0.0484619 0.00740051
6 0.12439 0.959229 0.221924 0.081543 0.00682449
3 0.97168 0.567871 0.0566406 0.864258 0.00638962
3 0.963867 0.250916 0.0527344 0.448364 0.00552368
3 0.978271 0.135559 0.043457 0.24353 0.00546646
13 0.958984 0.68457 0.0185547 0.0683594 0.00511169
4 0.956055 0.507812 0.0878906 0.953125 0.00497818
2 0.959473 0.680664 0.0175781 0.0664062 0.00492859
3 0.972412 0.949219 0.0532227 0.0820312 0.0047226
3 0.0374756 0.095459 0.0675049 0.145996 0.00469971
4 0.786621 0.510376 0.152344 0.973389 0.00467682
3 0.976562 0.891846 0.0449219 0.208496 0.00453949
2 0.435791 0.0727844 0.159668 0.046814 0.0044899
1 0.219299 0.0458984 0.433472 0.065918 0.00445938
2 0.385986 0.0725098 0.129395 0.0396729 0.00435638
3 0.0371094 0.929688 0.0554199 0.121094 0.00430679
13 0.983398 0.127838 0.0273438 0.206726 0.00393677
3 0.978271 0.935059 0.043457 0.114258 0.00379181
3 0.0288696 0.513916 0.0577393 0.972168 0.00356674
14 0.119751 0.238037 0.0473633 0.0419922 0.00354195
6 0.957031 0.956299 0.0625 0.081543 0.00319481
6 0.219299 0.0458984 0.433472 0.065918 0.00313377
3 0.962891 0.338013 0.0625 0.6521 0.00298119
6 0.120605 0.0420532 0.210449 0.0598145 0.00288391
3 0.968018 0.145264 0.0444336 0.211914 0.00287628
3 0.977783 0.25293 0.0444336 0.4375 0.00265694
3 0.984375 0.143036 0.0253906 0.211487 0.00265121
3 0.0482635 0.949463 0.0768127 0.0776367 0.00252151
6 0.893799 0.0540161 0.183105 0.0789795 0.00250626
3 0.0316162 0.884277 0.0440674 0.196289 0.00239944
2 0.9729 0.941162 0.0522461 0.090332 0.00239563
1 0.969971 0.955322 0.050293 0.0795898 0.00234795
14 0.127686 0.240234 0.0229492 0.0351562 0.00234604
6 0.966064 0.910645 0.0522461 0.165039 0.00230598
1 0.909912 0.963379 0.148926 0.0673828 0.00226212
1 0.946777 0.962891 0.0830078 0.0683594 0.00223732
1 0.0407867 0.896484 0.0619812 0.191406 0.00219536
2 0.397461 0.05896 0.121582 0.0568848 0.00218773
1 0.649536 0.0567474 0.67749 0.0722961 0.00211716
2 0.206848 0.655762 0.043335 0.119141 0.00209236
3 0.049057 0.652954 0.0788879 0.674561 0.00205612
6 0.0354767 0.825439 0.0643005 0.349121 0.00201416
1 0.711792 0.0459595 0.517822 0.052124 0.00200462
3 0.965332 0.0805511 0.0673828 0.118195 0.00189686
3 0.975342 0.0935974 0.0493164 0.147766 0.00188541
4 0.0407867 0.896484 0.0619812 0.191406 0.00187302
2 0.482056 0.0754089 0.243896 0.0476685 0.00185394
2 0.0454712 0.475098 0.0909424 0.947266 0.00177956
3 0.975342 0.773682 0.0493164 0.413574 0.00177479
1 0.411133 0.0767822 0.108398 0.0402832 0.00174618
3 0.966309 0.183533 0.0341797 0.257935 0.00171471
2 0.406494 0.0643616 0.117676 0.106628 0.00161552
3 0.972412 0.12146 0.0336914 0.138184 0.00159264
2 0.428711 0.0700684 0.100586 0.0437012 0.00156593
13 0.406738 0.0744324 0.109375 0.0393677 0.00154495
1 0.895264 0.036438 0.186035 0.0592041 0.00153255
4 0.0484009 0.512451 0.0968018 0.975098 0.00152779
2 0.965332 0.910156 0.0576172 0.162109 0.00145149
6 0.113525 0.968994 0.198486 0.0581055 0.0014286
2 0.0358887 0.916016 0.0578613 0.130859 0.00141811
4 0.310059 0.517456 0.158203 0.8479 0.00140953
6 0.968262 0.118164 0.0595703 0.214844 0.00140953
1 0.962158 0.945068 0.0639648 0.104004 0.00139427
4 0.40625 0.0738831 0.107422 0.0404663 0.0013895
6 0.852051 0.043457 0.264648 0.076416 0.00133514
1 0.893799 0.0540161 0.183105 0.0789795 0.00133514
13 0.962402 0.679688 0.0166016 0.0664062 0.00128078
3 0.962158 0.945068 0.0639648 0.104004 0.00125217
6 0.899658 0.0311584 0.19873 0.0623169 0.00124741
6 0.0317383 0.853271 0.0549316 0.248535 0.00121117
3 0.0292969 0.112183 0.041626 0.180176 0.00119209
6 0.968018 0.145264 0.0444336 0.211914 0.0011816
1 0.140106 0.0483856 0.242737 0.0707092 0.00113487
3 0.980469 0.914551 0.0390625 0.163086 0.0011158
6 0.890869 0.0394287 0.159668 0.0351562 0.00107765
6 0.967041 0.0802917 0.0541992 0.134827 0.00107384
2 0.415894 0.0760498 0.156494 0.0727539 0.00107098
4 0.296631 0.515259 0.312012 0.912842 0.00106907
2 0.1008 0.968506 0.189514 0.0610352 0.00102234
