2 0.303711 0.313232 0.281738 0.111328 0.880859
2 0.507324 0.188232 0.0761719 0.167969 0.799805
6 0.0355682 0.918701 0.0514221 0.13916 0.0739136
3 0.945557 0.494629 0.0913086 0.948242 0.0562744
6 0.0358887 0.945312 0.0510254 0.0839844 0.0525818
6 0.0379639 0.873779 0.0528564 0.246582 0.0338745
3 0.951416 0.334717 0.0717773 0.626465 0.0289459
6 0.0832825 0.959473 0.157654 0.0751953 0.0272675
2 0.308594 0.320801 0.301758 0.185547 0.0170288
6 0.052475 0.954102 0.08255 0.0761719 0.0155029
1 0.97998 0.143646 0.0400391 0.243469 0.0150681
3 0.0292969 0.24115 0.0456543 0.435669 0.0141525
6 0.0504608 0.936523 0.0785217 0.123047 0.0129395
3 0.979248 0.13382 0.0415039 0.242615 0.0122147
3 0.0333099 0.324707 0.0574036 0.649414 0.0114212
6 0.0280762 0.898193 0.0393066 0.199707 0.010849
2 0.03125 0.939697 0.0366211 0.081543 0.0107574
3 0.966064 0.308472 0.0639648 0.593994 0.0100861
2 0.972656 0.147919 0.03125 0.192444 0.00995636
1 0.0312653 0.932373 0.0402527 0.0961914 0.00817871
6 0.97998 0.143646 0.0400391 0.243469 0.00811005
2 0.501831 0.195557 0.0666504 0.0942383 0.00785828
3 0.0374756 0.9104 0.05896 0.179199 0.00736237
1 0.0370636 0.949707 0.0503845 0.0771484 0.00680923
1 0.125854 0.957031 0.232666 0.0761719 0.00644302
1 0.307861 0.315918 0.282715 0.115234 0.00605392
1 0.0354614 0.887695 0.0561523 0.203125 0.00549316
2 0.035141 0.945312 0.058136 0.078125 0.00515366
2 0.509766 0.238281 0.128906 0.350586 0.00487137
6 0.0430145 0.89502 0.0814514 0.208008 0.00479126
3 0.0290222 0.15033 0.0482788 0.257935 0.00404739
3 0.02948 0.914551 0.0437012 0.145508 0.00396347
2 0.312012 0.310547 0.109375 0.100098 0.0039444
1 0.0285645 0.236328 0.0435791 0.429688 0.00380707
13 0.307617 0.313721 0.278809 0.107422 0.00379562
2 0.50354 0.186249 0.206787 0.208069 0.00369453
2 0.0280762 0.898193 0.0393066 0.199707 0.00368309
6 0.0207672 0.911377 0.0385437 0.16748 0.00355148
13 0.976318 0.147827 0.0297852 0.202393 0.00351334
4 0.307129 0.314941 0.287598 0.11377 0.00315666
13 0.504883 0.194641 0.0761719 0.164429 0.00314331
13 0.0280762 0.898193 0.0393066 0.199707 0.0030632
6 0.119629 0.955078 0.208496 0.0878906 0.00298119
1 0.0836487 0.954346 0.142761 0.0893555 0.0029068
2 0.490234 0.195801 0.078125 0.174805 0.00283813
3 0.0358887 0.945312 0.0510254 0.0839844 0.00272179
2 0.0348511 0.916992 0.0578613 0.128906 0.00269699
3 0.0330811 0.867676 0.048584 0.254883 0.00240898
6 0.0277405 0.958008 0.0487671 0.0722656 0.00237274
19 0.579712 0.5 0.766357 0.871094 0.00232506
2 0.496216 0.223206 0.0964355 0.239136 0.00216484
6 0.0344238 0.180054 0.0509033 0.323486 0.00215912
2 0.0971985 0.950195 0.185486 0.0898438 0.00214767
4 0.501831 0.192566 0.0793457 0.15979 0.00208092
3 0.0287476 0.888184 0.0341797 0.208008 0.00201607
3 0.972656 0.218201 0.046875 0.415161 0.00197601
1 0.0610809 0.933838 0.104889 0.120605 0.00183487
14 0.307617 0.313721 0.278809 0.107422 0.00183296
9 0.307617 0.313721 0.278809 0.107422 0.00180435
3 0.0390015 0.269165 0.0522461 0.510498 0.00179958
13 0.0357666 0.948975 0.0517578 0.0786133 0.0017395
6 0.0704346 0.93457 0.12793 0.115234 0.00172806
6 0.97168 0.118866 0.0527344 0.215393 0.00171757
9 0.501831 0.192566 0.0793457 0.15979 0.00170612
14 0.507812 0.188232 0.0751953 0.165039 0.00170517
13 0.0292053 0.170105 0.0471802 0.315063 0.00165462
1 0.502441 0.191406 0.0742188 0.162598 0.00163174
2 0.0374756 0.885986 0.0510254 0.208496 0.00157928
4 0.975586 0.150848 0.03125 0.203674 0.00153446
3 0.0504608 0.936523 0.0785217 0.123047 0.00149536
2 0.410156 0.253235 0.384766 0.196655 0.00139141
6 0.945557 0.494629 0.0913086 0.948242 0.0013895
2 0.147583 0.0120239 0.0302734 0.0237427 0.00138283
6 0.307617 0.313721 0.278809 0.107422 0.0013628
1 0.945557 0.494629 0.0913086 0.948242 0.00135994
13 0.945557 0.494629 0.0913086 0.948242 0.00135708
2 0.347534 0.29248 0.269775 0.129395 0.00134182
13 0.0379639 0.873779 0.0528564 0.246582 0.00131416
19 0.303528 0.313965 0.292358 0.108887 0.00127888
2 0.504395 0.278076 0.193359 0.422363 0.00121117
1 0.0236053 0.147858 0.0318909 0.215027 0.00120831
2 0.30249 0.304443 0.181641 0.102539 0.00120735
19 0.560059 0.390747 0.546875 0.630615 0.00120544
2 0.515137 0.182922 0.0742188 0.113159 0.00120258
2 0.072998 0.958008 0.129883 0.0761719 0.00115967
1 0.0514526 0.953369 0.0848389 0.0776367 0.00115395
7 0.501831 0.192566 0.0793457 0.15979 0.00111675
5 0.307617 0.313721 0.278809 0.107422 0.00109577
17 0.303528 0.313965 0.292358 0.108887 0.00109386
5 0.501831 0.192566 0.0793457 0.15979 0.001091
6 0.501831 0.192566 0.0793457 0.15979 0.00108242
3 0.0236053 0.147858 0.0318909 0.215027 0.00107956
15 0.307617 0.313721 0.278809 0.107422 0.00107002
10 0.501831 0.192566 0.0793457 0.15979 0.00106525
2 0.142914 0.947266 0.241516 0.105469 0.00106335
7 0.307617 0.313721 0.278809 0.107422 0.00105762
4 0.0368652 0.891357 0.048584 0.205566 0.00105095
3 0.501831 0.192566 0.0793457 0.15979 0.00104904
19 0.501831 0.192566 0.0793457 0.15979 0.00103283
11 0.307617 0.313721 0.278809 0.107422 0.00102901
15 0.501831 0.192566 0.0793457 0.15979 0.00102425
17 0.501831 0.192566 0.0793457 0.15979 0.00102425
8 0.501831 0.192566 0.0793457 0.15979 0.00101662
18 0.303528 0.313965 0.292358 0.108887 0.00101185
18 0.501831 0.192566 0.0793457 0.15979 0.00100899
12 0.307617 0.313721 0.278809 0.107422 0.00100899
