2 0.588379 0.262695 0.0996094 0.259277 0.818359
2 0.0271912 0.134033 0.0298462 0.0627441 0.544434
2 0.0213013 0.392578 0.0198975 0.0878906 0.534668
6 0.0429688 0.941162 0.0617676 0.090332 0.0550842
2 0.0297546 0.117676 0.0352173 0.0773926 0.0516663
6 0.0289307 0.0791321 0.0465088 0.137634 0.0440979
2 0.0268707 0.157715 0.030365 0.106445 0.0427246
6 0.0321045 0.924316 0.0516357 0.120117 0.0412292
6 0.0836182 0.957275 0.160156 0.0776367 0.0403137
13 0.0258484 0.159912 0.0282593 0.106689 0.0370178
2 0.0287781 0.819336 0.024231 0.0849609 0.0369873
1 0.0336914 0.935547 0.0405273 0.0976562 0.0280457
6 0.0537109 0.95459 0.0869141 0.0732422 0.0247498
13 0.0267334 0.13855 0.0270996 0.0654297 0.0224304
2 0.599609 0.254822 0.182617 0.291138 0.0209045
1 0.0436401 0.941895 0.055542 0.0986328 0.0185547
1 0.0402832 0.900879 0.0610352 0.176758 0.0169983
2 0.0202637 0.42041 0.0197754 0.15332 0.0140152
2 0.587402 0.262695 0.0966797 0.140625 0.0123901
6 0.0375977 0.897705 0.0515137 0.185059 0.0114746
6 0.954346 0.956299 0.0737305 0.0776367 0.0106583
2 0.566895 0.229736 0.0751953 0.219727 0.0104675
6 0.901855 0.949463 0.196289 0.0913086 0.00992584
2 0.0209503 0.391113 0.0347595 0.0888672 0.00991821
2 0.0281372 0.100708 0.0358887 0.17627 0.00965881
6 0.0664978 0.936523 0.119446 0.107422 0.00857544
6 0.914062 0.960693 0.150391 0.0629883 0.00804901
6 0.976807 0.890625 0.0444336 0.201172 0.00788116
13 0.0275269 0.819336 0.0195312 0.0761719 0.00730896
2 0.0264435 0.82666 0.0171814 0.0703125 0.00725937
2 0.0400391 0.932373 0.0507812 0.102051 0.00686264
2 0.0323486 0.24469 0.0327148 0.356323 0.00683594
1 0.0271912 0.134033 0.0298462 0.0627441 0.00653839
13 0.0209656 0.391846 0.0197754 0.0874023 0.00637054
6 0.0489502 0.925537 0.0753174 0.141113 0.00625229
1 0.0317383 0.0906982 0.0405273 0.158447 0.00597763
2 0.0493164 0.941895 0.0565186 0.0849609 0.00567627
4 0.588867 0.261475 0.106445 0.256348 0.00559998
6 0.937744 0.948486 0.11084 0.0874023 0.00524139
1 0.581055 0.257568 0.115234 0.26709 0.00497055
2 0.0223389 0.144043 0.0224609 0.0732422 0.00471497
6 0.0334473 0.950684 0.0524902 0.0654297 0.00469589
2 0.0137329 0.392578 0.0200195 0.0805664 0.0046196
6 0.116364 0.951416 0.200378 0.0932617 0.00438309
1 0.937744 0.948486 0.11084 0.0874023 0.00431824
3 0.0394287 0.94458 0.0562744 0.0854492 0.00407028
6 0.0290375 0.138733 0.0361633 0.225464 0.00407028
13 0.586426 0.261719 0.108398 0.263184 0.00385094
1 0.0276184 0.920898 0.0377808 0.138672 0.00383377
3 0.0315552 0.924561 0.046875 0.121582 0.00358009
1 0.0553284 0.95166 0.0880737 0.0869141 0.0035305
1 0.0836182 0.957275 0.160156 0.0776367 0.00323486
3 0.034668 0.089325 0.0458984 0.149475 0.00320244
3 0.0290375 0.138733 0.0361633 0.225464 0.00318718
2 0.0371094 0.873047 0.0385742 0.236328 0.00310516
13 0.980469 0.14917 0.0175781 0.0759277 0.0030365
1 0.0297546 0.117676 0.0352173 0.0773926 0.00302505
13 0.0710297 0.951172 0.118927 0.0820312 0.00287628
2 0.0283966 0.766602 0.0215759 0.134766 0.00287056
2 0.581055 0.26001 0.302734 0.321289 0.00286293
1 0.915527 0.961426 0.155273 0.0751953 0.00280762
6 0.966064 0.959229 0.0620117 0.0600586 0.00271225
6 0.973877 0.949219 0.050293 0.0722656 0.00267982
2 0.0285034 0.820801 0.0349121 0.106445 0.00260925
3 0.968262 0.918945 0.0634766 0.113281 0.00239944
2 0.0289307 0.0796509 0.0491943 0.134155 0.00239372
6 0.0309753 0.112823 0.0515747 0.183044 0.00233459
2 0.550293 0.208923 0.0478516 0.190552 0.00231552
2 0.0269165 0.900879 0.0333252 0.18457 0.0023098
1 0.0410309 0.0692139 0.0641785 0.123047 0.00229263
2 0.0292664 0.732422 0.0214233 0.0644531 0.00220108
2 0.0970764 0.958496 0.170593 0.0771484 0.00218964
9 0.58252 0.257507 0.114258 0.269165 0.00217628
3 0.0375977 0.897705 0.0515137 0.185059 0.00201225
13 0.0290375 0.138733 0.0361633 0.225464 0.00199509
2 0.0302582 0.139801 0.0288391 0.226257 0.00198174
14 0.588867 0.263489 0.103516 0.258179 0.00193214
2 0.625 0.653809 0.0400391 0.0761719 0.00191879
2 0.576172 0.240234 0.0917969 0.138672 0.00190449
13 0.901123 0.958252 0.184082 0.0776367 0.00182343
2 0.0236511 0.363525 0.0184937 0.111328 0.00180626
2 0.0305939 0.822266 0.0323181 0.178711 0.00173569
6 0.581055 0.257568 0.115234 0.26709 0.0017252
2 0.0200195 0.375488 0.0159912 0.0795898 0.00168419
13 0.0361328 0.935303 0.0526123 0.10791 0.00166988
1 0.0507965 0.953613 0.0632019 0.0615234 0.00166893
1 0.0558624 0.916748 0.0999451 0.166504 0.0016613
1 0.1008 0.96875 0.16217 0.0625 0.00160313
1 0.0313263 0.864502 0.0472107 0.270996 0.00157166
2 0.954346 0.956299 0.0737305 0.0776367 0.00154591
13 0.0304718 0.807617 0.0231628 0.0966797 0.00153637
2 0.0341797 0.947266 0.0445557 0.0742188 0.0015192
19 0.58252 0.257507 0.114258 0.269165 0.00151443
7 0.581055 0.257568 0.115234 0.26709 0.00149918
3 0.581055 0.257568 0.115234 0.26709 0.00148773
6 0.959229 0.931885 0.0698242 0.11084 0.00147724
1 0.954346 0.956299 0.0737305 0.0776367 0.00147057
6 0.0333862 0.170044 0.0426025 0.309326 0.00146675
3 0.0528412 0.954102 0.0879211 0.0761719 0.00146675
14 0.0272369 0.133911 0.0279236 0.0637207 0.00136185
6 0.0274963 0.130371 0.0322876 0.0620117 0.00135136
16 0.58252 0.257507 0.114258 0.269165 0.00134754
5 0.58252 0.257507 0.114258 0.269165 0.00134277
15 0.581055 0.257568 0.115234 0.26709 0.00131893
10 0.581055 0.257568 0.115234 0.26709 0.00129318
6 0.939453 0.915283 0.101562 0.169434 0.00128174
2 0.55957 0.255676 0.0986328 0.288452 0.00127697
3 0.975342 0.860352 0.0395508 0.277344 0.00126457
2 0.026062 0.841309 0.0158691 0.0507812 0.00124645
11 0.581055 0.257568 0.115234 0.26709 0.00123405
8 0.586426 0.261719 0.108398 0.263184 0.00122738
12 0.581055 0.257568 0.115234 0.26709 0.00122452
2 0.0305176 0.193634 0.0297852 0.214294 0.00122166
17 0.581055 0.257568 0.115234 0.26709 0.00121975
3 0.0274353 0.255798 0.031189 0.343872 0.0012188
6 0.981201 0.955078 0.0375977 0.0644531 0.00120926
18 0.581055 0.257568 0.115234 0.26709 0.00120544
0 0.581055 0.257568 0.115234 0.26709 0.00119591
6 0.0464478 0.0838318 0.0819092 0.152649 0.00117207
2 0.0303345 0.930908 0.0415039 0.114746 0.0011692
6 0.899658 0.968262 0.196777 0.0634766 0.0011673
6 0.956299 0.890625 0.0698242 0.21875 0.00113201
2 0.0266266 0.334961 0.021698 0.152344 0.0011158
2 0.901123 0.958252 0.184082 0.0776367 0.00111485
19 0.700073 0.428955 0.47876 0.589355 0.00109291
2 0.970459 0.95459 0.0493164 0.0712891 0.00104618
6 0.0408325 0.859863 0.0604248 0.270508 0.00103188
13 0.0333862 0.170044 0.0426025 0.309326 0.00101948
2 0.0254822 0.286926 0.0255737 0.292358 0.0010128
2 0.0216064 0.408691 0.0290527 0.0996094 0.00100803
