2 0.393066 0.841797 0.117188 0.078125 0.663574
2 0.939209 0.0765228 0.0727539 0.115997 0.419922
4 0.512817 0.633789 0.171631 0.496094 0.327393
4 0.760742 0.660645 0.151367 0.517578 0.28833
3 0.947754 0.483765 0.0927734 0.94458 0.188599
2 0.939697 0.0583801 0.065918 0.0717163 0.160156
3 0.94873 0.322876 0.0751953 0.572998 0.153442
3 0.0505219 0.498047 0.0945129 0.996094 0.0847778
2 0.936279 0.0378418 0.0668945 0.0378418 0.0835571
4 0.473755 0.658691 0.197021 0.498047 0.0510559
3 0.961426 0.37439 0.0712891 0.723877 0.043457
4 0.762207 0.47168 0.165039 0.943359 0.0422363
3 0.9646 0.5 0.0708008 1 0.0379333
3 0.0405273 0.413574 0.0639648 0.827148 0.0281677
6 0.0267944 0.0709229 0.0515137 0.133789 0.0230255
2 0.952881 0.315918 0.0668945 0.539062 0.0216522
4 0.702148 0.463623 0.265625 0.900879 0.0212708
2 0.944336 0.0429688 0.0722656 0.052002 0.0209198
3 0.965576 0.380737 0.0473633 0.584229 0.0169983
2 0.965576 0.380737 0.0473633 0.584229 0.0154724
2 0.937012 0.119019 0.0380859 0.060791 0.0135727
2 0.955078 0.490234 0.0703125 0.980469 0.0126801
3 0.946045 0.643799 0.0805664 0.712402 0.011528
6 0.0335693 0.052475 0.0621338 0.0898743 0.0101929
1 0.396484 0.839844 0.121094 0.0791016 0.00963593
2 0.391602 0.836914 0.126953 0.121094 0.00940704
4 0.62207 0.476562 0.407227 0.841797 0.00807953
2 0.942871 0.111816 0.0419922 0.0932617 0.00800323
2 0.40332 0.838379 0.0742188 0.0693359 0.00685501
4 0.499512 0.511353 0.18457 0.871826 0.00679779
2 0.936523 0.0961609 0.0478516 0.114807 0.00567245
6 0.0197144 0.948975 0.0394287 0.0688477 0.00535965
2 0.963867 0.635376 0.0449219 0.694092 0.00527573
3 0.0442657 0.619263 0.0713806 0.759521 0.0051918
1 0.939209 0.0765228 0.0727539 0.115997 0.0051384
2 0.961182 0.223633 0.0561523 0.447266 0.00506973
3 0.963623 0.66333 0.0493164 0.645996 0.00495529
2 0.972412 0.266602 0.0161133 0.0732422 0.00476837
2 0.96582 0.487427 0.0351562 0.6521 0.00471878
6 0.0340576 0.103149 0.0549316 0.201172 0.00457764
6 0.973633 0.884766 0.0488281 0.181641 0.0045433
3 0.0338135 0.0522003 0.0603027 0.0967712 0.00452042
2 0.972656 0.381775 0.0390625 0.420044 0.00440598
6 0.0161743 0.954834 0.0224609 0.059082 0.00435257
3 0.0338287 0.103149 0.063446 0.187256 0.00423431
6 0.97168 0.952148 0.0410156 0.0644531 0.00411224
4 0.542969 0.490234 0.217773 0.791016 0.00409698
2 0.97168 0.273926 0.0429688 0.547852 0.00391006
2 0.945068 0.0339966 0.0571289 0.052002 0.00371933
2 0.345703 0.842773 0.245117 0.0761719 0.00365639
2 0.0405273 0.413574 0.0639648 0.827148 0.00360298
4 0.740723 0.586792 0.173828 0.69751 0.00355721
1 0.947754 0.483765 0.0927734 0.94458 0.0033741
2 0.953613 0.146606 0.0634766 0.262939 0.00328064
3 0.0270996 0.070343 0.0457764 0.136658 0.00322533
4 0.0405273 0.413574 0.0639648 0.827148 0.00317001
6 0.0244446 0.113617 0.0385132 0.192688 0.00311661
3 0.874512 0.475952 0.171875 0.938721 0.00310707
6 0.0503998 0.0665894 0.0945129 0.116333 0.00304985
2 0.965332 0.446777 0.0283203 0.333984 0.00301743
4 0.940918 0.48999 0.104492 0.965332 0.00297737
2 0.0850525 0.964844 0.144836 0.0527344 0.00297356
3 0.0230103 0.916504 0.0460205 0.124023 0.00282097
3 0.928711 0.365723 0.105469 0.731445 0.00258255
2 0.96875 0.114014 0.0371094 0.197754 0.00253487
6 0.0276794 0.136963 0.0449829 0.273926 0.00236702
6 0.947754 0.483765 0.0927734 0.94458 0.00231361
2 0.967285 0.352539 0.0576172 0.705078 0.00225067
6 0.952881 0.317505 0.0727539 0.562256 0.00222206
4 0.813477 0.513916 0.173828 0.929199 0.0022049
3 0.970459 0.886475 0.0512695 0.172363 0.00219917
2 0.963867 0.545898 0.0214844 0.0947266 0.00216103
4 0.490356 0.650269 0.322021 0.511963 0.00211716
4 0.39624 0.837402 0.138184 0.0742188 0.00210381
2 0.940186 0.127838 0.0571289 0.193542 0.00205421
1 0.952881 0.315918 0.0668945 0.539062 0.0020504
2 0.0197144 0.948975 0.0394287 0.0688477 0.00193214
2 0.931885 0.0915833 0.0932617 0.156677 0.00190353
13 0.974365 0.127106 0.0239258 0.201355 0.00189781
6 0.0505219 0.498047 0.0945129 0.996094 0.00188351
13 0.393066 0.841797 0.123535 0.078125 0.00183868
4 0.874512 0.475952 0.171875 0.938721 0.00183678
3 0.0244446 0.113617 0.0385132 0.192688 0.00176907
6 0.0522156 0.043457 0.0942993 0.0726318 0.00176811
2 0.92627 0.030014 0.0615234 0.023468 0.00168419
6 0.0266724 0.0408936 0.0515137 0.0732422 0.00168037
14 0.393066 0.841797 0.123535 0.078125 0.0016346
3 0.973633 0.332764 0.0449219 0.665527 0.00161743
3 0.93042 0.546265 0.0922852 0.907471 0.00158691
13 0.939697 0.0762787 0.0698242 0.107208 0.00153542
3 0.972412 0.865479 0.0395508 0.249512 0.00153065
3 0.0201569 0.955566 0.0296326 0.0595703 0.00152206
13 0.947754 0.483765 0.0927734 0.94458 0.0015049
4 0.547363 0.595703 0.310547 0.616211 0.00150204
2 0.971924 0.733887 0.0385742 0.459961 0.00136375
2 0.939941 0.0539551 0.0830078 0.102051 0.00134087
3 0.968994 0.740723 0.0483398 0.455078 0.00132847
6 0.0194855 0.050827 0.0379333 0.0858459 0.00131989
3 0.0333252 0.137451 0.0491943 0.274902 0.00127792
2 0.956299 0.0980225 0.0581055 0.167236 0.00125217
3 0.96875 0.950928 0.0410156 0.0668945 0.00124931
2 0.0329132 0.350586 0.0267029 0.206055 0.00124264
1 0.0917358 0.9646 0.14856 0.0532227 0.00119019
2 0.9646 0.521973 0.0239258 0.140625 0.00117016
2 0.935059 0.121704 0.0273438 0.0795898 0.00115585
3 0.97168 0.920654 0.0488281 0.11377 0.00115013
2 0.154907 0.9646 0.0717773 0.0375977 0.00113964
2 0.9729 0.237549 0.034668 0.43457 0.00111198
6 0.0188599 0.0822754 0.0279541 0.156494 0.00108337
4 0.939209 0.0765228 0.0727539 0.115997 0.00107861
4 0.0505219 0.498047 0.0945129 0.996094 0.00107765
2 0.945312 0.166992 0.0898438 0.333984 0.00105286
0 0.947754 0.483765 0.0927734 0.94458 0.0010376
4 0.424927 0.495239 0.325928 0.861084 0.00101948
3 0.0279541 0.889893 0.0559082 0.183105 0.0010128
1 0.0186157 0.928955 0.0372314 0.0991211 0.00100327
