2 0.449463 0.275085 0.0913086 0.234009 0.83252
2 0.0295105 0.520996 0.0271606 0.316406 0.31665
2 0.0415649 0.364502 0.0491943 0.672363 0.167114
6 0.977295 0.918701 0.0375977 0.129395 0.114441
3 0.946289 0.5 0.0742188 1 0.0739136
2 0.0306702 0.421631 0.0252075 0.0898438 0.0689697
3 0.0436859 0.349854 0.0654602 0.657715 0.0673828
2 0.0289764 0.447876 0.0263977 0.147217 0.0574036
3 0.961914 0.34375 0.0683594 0.6875 0.0517273
2 0.451904 0.279541 0.081543 0.14209 0.0461731
6 0.084198 0.958496 0.163635 0.0751953 0.0404053
6 0.043335 0.848145 0.0599365 0.282227 0.039856
6 0.120453 0.955322 0.215149 0.0893555 0.0384521
3 0.977783 0.921875 0.0424805 0.117188 0.0374146
6 0.0380859 0.943359 0.0577393 0.0800781 0.0276184
3 0.9646 0.713013 0.0571289 0.52124 0.0213928
2 0.0221558 0.644531 0.0155029 0.0820312 0.0209045
6 0.0354614 0.889648 0.059082 0.220703 0.0200348
3 0.0369873 0.870117 0.0529785 0.240234 0.0197449
1 0.0322266 0.939941 0.0378418 0.0693359 0.0165863
2 0.0283356 0.383789 0.0549011 0.767578 0.0162354
6 0.0377197 0.0875244 0.0506592 0.173096 0.0158997
2 0.474487 0.268799 0.183838 0.27832 0.0146408
2 0.71582 0.0973206 0.111328 0.0409546 0.0128937
6 0.0290833 0.919678 0.0476685 0.129395 0.012352
3 0.0374756 0.100128 0.053833 0.198181 0.0119858
1 0.120453 0.955322 0.215149 0.0893555 0.0119705
1 0.0358887 0.937744 0.057373 0.097168 0.00994873
6 0.0454102 0.906494 0.0614014 0.151855 0.00980377
4 0.452759 0.272949 0.0983887 0.256836 0.00901794
6 0.0482635 0.942139 0.0797424 0.105957 0.00897217
1 0.036438 0.884521 0.0551758 0.205566 0.008255
3 0.0302582 0.349854 0.0596008 0.699707 0.00810242
2 0.46875 0.263 0.0917969 0.224976 0.00807953
1 0.084198 0.958496 0.163635 0.0751953 0.00760651
1 0.977295 0.921143 0.0415039 0.122559 0.00715637
2 0.0309753 0.299805 0.0402222 0.550781 0.00647736
6 0.0285645 0.111603 0.0402832 0.203552 0.00637817
3 0.96167 0.605957 0.0629883 0.788086 0.00595474
2 0.0233459 0.618652 0.0193481 0.115234 0.00561142
1 0.163574 0.958496 0.327148 0.0732422 0.00523376
1 0.0368652 0.838135 0.0463867 0.304199 0.00492859
2 0.977295 0.918701 0.0375977 0.129395 0.00490952
3 0.0509186 0.486328 0.0868835 0.972656 0.00485992
2 0.0366211 0.518677 0.0383301 0.282959 0.00485611
3 0.0271912 0.896973 0.0449829 0.194336 0.00479889
3 0.967773 0.884521 0.0546875 0.172363 0.00452805
2 0.42041 0.258545 0.225586 0.272461 0.00437164
13 0.977295 0.921143 0.0415039 0.122559 0.00426865
1 0.450684 0.273987 0.0996094 0.251831 0.00419998
3 0.0482788 0.834473 0.074585 0.301758 0.00414276
3 0.0333252 0.823975 0.036377 0.289551 0.00410461
3 0.031311 0.279541 0.0444336 0.484863 0.00406265
6 0.0333252 0.823975 0.036377 0.289551 0.00392532
13 0.450684 0.273987 0.0996094 0.251831 0.0037365
2 0.0292969 0.536011 0.0372314 0.431885 0.00355721
2 0.227539 0.802246 0.0292969 0.0986328 0.00352669
6 0.0786591 0.938232 0.122467 0.105957 0.00335693
6 0.0682831 0.887451 0.112213 0.225098 0.00323868
2 0.0466156 0.432129 0.0613098 0.864258 0.00309563
3 0.0367279 0.928711 0.0603333 0.109375 0.00305557
3 0.97876 0.907227 0.0268555 0.154297 0.00300026
1 0.0783691 0.939209 0.131348 0.104004 0.00296021
1 0.0292969 0.84082 0.0266113 0.124023 0.00294876
2 0.0280151 0.571777 0.022583 0.205078 0.00293159
3 0.958008 0.431152 0.0839844 0.862305 0.00291061
6 0.0373535 0.136536 0.0534668 0.260132 0.00279808
2 0.0310974 0.491577 0.0211792 0.220947 0.0027523
6 0.976562 0.891602 0.0195312 0.152344 0.0027504
2 0.0322266 0.939941 0.0378418 0.0693359 0.00274277
3 0.964111 0.798828 0.050293 0.375 0.00271225
3 0.965576 0.269409 0.0551758 0.529541 0.00263977
2 0.0223999 0.65918 0.0195312 0.0722656 0.00252724
2 0.0317841 0.839355 0.0281067 0.125 0.00245285
9 0.452759 0.272949 0.0983887 0.256836 0.00240517
2 0.031311 0.357788 0.0253906 0.364502 0.00237656
3 0.0276184 0.868164 0.0338745 0.189453 0.00237274
1 0.0480194 0.947021 0.0848694 0.0825195 0.00229836
2 0.041275 0.618042 0.04245 0.638916 0.00226593
6 0.0500488 0.85376 0.100098 0.29248 0.00219917
6 0.0302734 0.933594 0.0391846 0.0742188 0.00217819
14 0.450684 0.273987 0.0996094 0.251831 0.00216866
3 0.0315552 0.170349 0.0484619 0.332153 0.00216866
1 0.0292969 0.911377 0.0447998 0.114746 0.00214767
6 0.0406342 0.95752 0.0740051 0.0732422 0.00209618
6 0.0276184 0.868164 0.0338745 0.189453 0.00208092
6 0.0281372 0.849121 0.0273438 0.137695 0.00207138
1 0.162598 0.940918 0.252441 0.118164 0.00206566
2 0.457397 0.252197 0.0734863 0.116211 0.00180531
6 0.450684 0.273987 0.0996094 0.251831 0.00179863
2 0.0263519 0.629883 0.0166321 0.106445 0.0017271
7 0.450684 0.273987 0.0996094 0.251831 0.00170231
3 0.0454102 0.906494 0.0614014 0.151855 0.00169945
2 0.032959 0.40686 0.0319824 0.167725 0.00168705
1 0.952881 0.476562 0.090332 0.953125 0.00168037
3 0.978271 0.87915 0.0356445 0.210449 0.0016737
19 0.452759 0.272949 0.0983887 0.256836 0.00164127
13 0.0292969 0.828613 0.0252686 0.152344 0.00163937
1 0.0500488 0.870361 0.0819092 0.226074 0.00163269
4 0.0440063 0.346313 0.0592041 0.656982 0.00162411
2 0.468262 0.230042 0.0712891 0.165894 0.00161362
16 0.452759 0.272949 0.0983887 0.256836 0.00154305
5 0.452759 0.272949 0.0983887 0.256836 0.00153637
6 0.97168 0.946045 0.0507812 0.0844727 0.00150681
3 0.450684 0.273987 0.0996094 0.251831 0.00150299
10 0.450684 0.273987 0.0996094 0.251831 0.00149727
2 0.0325775 0.449585 0.0274963 0.195557 0.0014801
15 0.450684 0.273987 0.0996094 0.251831 0.00147533
8 0.452759 0.272949 0.0983887 0.256836 0.00143719
18 0.450684 0.273987 0.0996094 0.251831 0.00143528
1 0.0440063 0.346313 0.0592041 0.656982 0.00141907
17 0.450684 0.273987 0.0996094 0.251831 0.00140667
3 0.0482635 0.945312 0.0572815 0.0878906 0.00139713
11 0.450684 0.273987 0.0996094 0.251831 0.00139618
12 0.450684 0.273987 0.0996094 0.251831 0.00138569
2 0.0224762 0.521973 0.0302429 0.267578 0.00138474
0 0.450684 0.273987 0.0996094 0.251831 0.0013485
2 0.0443115 0.906006 0.0673828 0.146973 0.00132656
1 0.313354 0.952393 0.60376 0.0952148 0.00132561
3 0.0281372 0.849121 0.0273438 0.137695 0.001297
4 0.036438 0.884521 0.0551758 0.205566 0.00124359
3 0.0482635 0.942139 0.0797424 0.105957 0.00122452
2 0.0271912 0.896973 0.0449829 0.194336 0.00122356
3 0.968506 0.857666 0.0375977 0.249512 0.0012188
6 0.941895 0.936523 0.100586 0.105469 0.00117016
6 0.914307 0.961426 0.159668 0.0595703 0.00116825
2 0.952881 0.476562 0.090332 0.953125 0.00116253
6 0.0383911 0.0661316 0.0616455 0.109436 0.00116253
6 0.956543 0.476685 0.0869141 0.950928 0.00115776
3 0.0391998 0.892822 0.0778503 0.212402 0.0011425
2 0.096405 0.958252 0.186584 0.0776367 0.00113869
3 0.0331421 0.942627 0.0483398 0.0795898 0.00113869
13 0.0374756 0.100128 0.053833 0.198181 0.00109196
2 0.0329437 0.406006 0.0342102 0.0942383 0.00102615
2 0.0437622 0.864258 0.071167 0.224609 0.00101662
3 0.084198 0.958496 0.163635 0.0751953 0.00100994
6 0.969727 0.875488 0.0390625 0.21582 0.00100327
2 0.0379639 0.943848 0.065918 0.0751953 0.00100327
