2 0.229492 0.446289 0.0517578 0.0395508 0.209717
6 0.975586 0.943359 0.03125 0.0859375 0.183716
2 0.227478 0.457764 0.0523682 0.065918 0.119507
2 0.227844 0.440674 0.0491943 0.065918 0.0857544
2 0.975586 0.943359 0.03125 0.0859375 0.0686035
2 0.22406 0.449585 0.0518799 0.108643 0.0559082
3 0.950928 0.370605 0.0766602 0.729492 0.0440063
1 0.976318 0.946533 0.0317383 0.0834961 0.0385132
2 0.0268097 0.791504 0.0219421 0.0654297 0.0381775
3 0.0485229 0.326538 0.0556641 0.616455 0.0351257
2 0.977783 0.946045 0.0229492 0.0668945 0.0268707
6 0.0352783 0.876953 0.0496826 0.193359 0.0265961
2 0.222412 0.47168 0.0463867 0.0722656 0.0200806
2 0.723145 0.487793 0.0126953 0.0419922 0.0198364
6 0.958008 0.036377 0.0722656 0.0722656 0.0180664
6 0.0259094 0.916016 0.0432739 0.109375 0.0172119
6 0.0295258 0.0760193 0.0456848 0.138489 0.0167542
2 0.22699 0.424072 0.0518799 0.065918 0.0144424
6 0.969238 0.113495 0.0615234 0.211487 0.0110626
6 0.969971 0.0772095 0.0561523 0.146851 0.00951385
3 0.0435181 0.234436 0.0498047 0.428589 0.00884247
6 0.0329132 0.120636 0.0369568 0.174255 0.00865173
14 0.853027 0.279541 0.0136719 0.0175781 0.00764465
6 0.939209 0.0328979 0.100098 0.0657959 0.00729752
1 0.0265961 0.0954895 0.0299377 0.160583 0.00726318
13 0.977295 0.94458 0.0258789 0.0795898 0.0070343
2 0.971436 0.929199 0.0336914 0.110352 0.00689697
6 0.025238 0.937012 0.0409546 0.0712891 0.00645828
3 0.0336304 0.895996 0.0552979 0.137695 0.00572586
3 0.0388794 0.165894 0.0444336 0.276611 0.0050354
6 0.963379 0.0310059 0.0595703 0.0522461 0.00481033
6 0.0342407 0.902832 0.0559082 0.123047 0.00476074
14 0.643066 0.232849 0.0380859 0.0391846 0.00474548
13 0.0268707 0.794434 0.01828 0.0605469 0.0045166
6 0.970459 0.0416412 0.0551758 0.0741882 0.00448608
3 0.026062 0.91748 0.0352783 0.12793 0.00448227
3 0.960693 0.293091 0.059082 0.550537 0.00431442
3 0.969727 0.112122 0.0566406 0.219116 0.0042572
2 0.722168 0.489258 0.0175781 0.0507812 0.00396347
6 0.0402679 0.937744 0.0534973 0.0639648 0.00388908
6 0.959229 0.0551147 0.0581055 0.110229 0.00356102
2 0.0352783 0.876953 0.0496826 0.193359 0.00334549
6 0.980713 0.935059 0.0268555 0.0888672 0.00328636
2 0.0356445 0.931641 0.0401611 0.0644531 0.00324631
3 0.0350952 0.858398 0.0440674 0.238281 0.00323105
6 0.981445 0.952637 0.03125 0.0595703 0.00323105
6 0.95166 0.0264893 0.0693359 0.0482178 0.00322151
2 0.972412 0.954834 0.0415039 0.0727539 0.0032196
6 0.977539 0.923096 0.0253906 0.120605 0.00320053
3 0.975586 0.943359 0.03125 0.0859375 0.00300789
2 0.976562 0.475464 0.0136719 0.0930176 0.002882
3 0.0327301 0.101776 0.0451355 0.191956 0.00283432
1 0.971436 0.929199 0.0336914 0.110352 0.00282097
1 0.977539 0.948242 0.0234375 0.0605469 0.00274086
2 0.225098 0.423828 0.0473633 0.117188 0.00273895
2 0.0328979 0.908447 0.0495605 0.120605 0.00273323
2 0.0269165 0.807617 0.0257568 0.0957031 0.00261307
6 0.0388794 0.165894 0.0444336 0.276611 0.00256729
3 0.0350952 0.314209 0.0490723 0.587402 0.0024662
1 0.0352783 0.876953 0.0496826 0.193359 0.002388
3 0.980469 0.904541 0.0351562 0.16748 0.00234604
2 0.0220032 0.789062 0.0166016 0.0605469 0.00224686
3 0.0581055 0.462402 0.0737305 0.924805 0.00224686
6 0.980469 0.904541 0.0351562 0.16748 0.00218201
3 0.0256195 0.933105 0.0299377 0.0732422 0.00213051
6 0.0198975 0.928223 0.0264893 0.0761719 0.00211334
3 0.0303192 0.117554 0.0314026 0.174316 0.00202179
3 0.963623 0.0640259 0.0688477 0.119751 0.00196838
14 0.683594 0.184326 0.0371094 0.0358887 0.0019474
2 0.981689 0.952881 0.0327148 0.0610352 0.00192547
6 0.973633 0.134766 0.0449219 0.269531 0.00190163
2 0.971924 0.938721 0.050293 0.10498 0.00189686
2 0.236328 0.428711 0.0527344 0.0541992 0.00185108
2 0.980713 0.935059 0.0268555 0.0888672 0.00181198
6 0.0545959 0.932129 0.0949097 0.0947266 0.00181198
19 0.386414 0.563843 0.451782 0.712158 0.00180531
1 0.0333252 0.0708008 0.0455322 0.128662 0.00177479
2 0.026535 0.790527 0.0345764 0.0693359 0.00170803
1 0.0329132 0.120636 0.0369568 0.174255 0.00170708
1 0.971924 0.938721 0.050293 0.10498 0.00160503
13 0.0303192 0.117554 0.0314026 0.174316 0.00158024
6 0.0507965 0.949951 0.0771179 0.0610352 0.00157642
3 0.981689 0.116547 0.034668 0.193665 0.00155067
1 0.969971 0.111816 0.0541992 0.209473 0.0014677
3 0.974609 0.293823 0.0507812 0.578369 0.00144577
2 0.0485229 0.326538 0.0556641 0.616455 0.00144005
3 0.951172 0.5 0.0976562 1 0.00135326
2 0.0306091 0.846436 0.0355835 0.252441 0.00133324
3 0.969727 0.172363 0.0507812 0.344727 0.00127983
2 0.0266724 0.938477 0.0307617 0.0576172 0.00125217
3 0.957031 0.036438 0.0644531 0.072876 0.00121307
1 0.955322 0.950439 0.065918 0.0893555 0.00119495
6 0.122314 0.952148 0.214844 0.0957031 0.00118923
6 0.0290375 0.127197 0.0415344 0.254395 0.00117874
2 0.0303192 0.117554 0.0314026 0.174316 0.00117397
6 0.95459 0.950195 0.0693359 0.0898438 0.00116634
2 0.0279236 0.0838318 0.031311 0.133606 0.00116348
6 0.0265961 0.0954895 0.0299377 0.160583 0.00112915
6 0.981689 0.116547 0.034668 0.193665 0.00112629
6 0.0306091 0.0904846 0.034729 0.108582 0.00112343
6 0.919922 0.0193634 0.111328 0.0323181 0.00111294
3 0.968994 0.0766602 0.050293 0.15332 0.00110054
2 0.955322 0.950439 0.065918 0.0893555 0.00108719
19 0.427856 0.680908 0.572021 0.595215 0.00107479
13 0.0279236 0.0838318 0.031311 0.133606 0.00106525
13 0.0350952 0.858398 0.0440674 0.238281 0.00105095
1 0.963867 0.0639038 0.0683594 0.121216 0.00104427
1 0.0388794 0.165894 0.0444336 0.276611 0.00104046
3 0.0325928 0.935547 0.0482178 0.0644531 0.00100613
