2 0.367676 0.129028 0.230469 0.0625 0.769531
2 0.385254 0.139893 0.199219 0.0563965 0.403809
14 0.276611 0.51709 0.0200195 0.0234375 0.387695
2 0.550781 0.0981445 0.140625 0.135254 0.260742
14 0.280029 0.51416 0.0273438 0.0351562 0.133667
6 0.0217896 0.94873 0.0435791 0.0751953 0.130249
6 0.0215607 0.921875 0.042572 0.128906 0.112
2 0.0224609 0.881836 0.0223389 0.107422 0.106262
2 0.96875 0.675293 0.0273438 0.211914 0.0917358
2 0.966309 0.95166 0.0478516 0.0732422 0.0793457
6 0.966553 0.94751 0.0493164 0.0756836 0.0733643
2 0.0237122 0.862793 0.0276489 0.120117 0.06427
1 0.966309 0.95166 0.0478516 0.0732422 0.0462036
1 0.0246277 0.951416 0.0492554 0.0717773 0.0256042
2 0.0106201 0.850586 0.013916 0.0517578 0.0242157
2 0.404297 0.119965 0.28125 0.086731 0.0229645
2 0.019104 0.729492 0.0172729 0.117188 0.0218201
2 0.0557861 0.457031 0.0395508 0.154297 0.0215302
2 0.00921631 0.843262 0.0126953 0.0371094 0.0202942
2 0.96582 0.944336 0.0351562 0.0644531 0.0201263
14 0.272461 0.519531 0.0180664 0.0234375 0.0166168
2 0.0153198 0.861328 0.022522 0.078125 0.0155258
3 0.0212097 0.906006 0.0379028 0.168457 0.0143127
2 0.0207214 0.902344 0.0314331 0.185547 0.011467
2 0.0549316 0.472168 0.0263672 0.141602 0.0107498
2 0.0217896 0.94873 0.0435791 0.0751953 0.00979614
6 0.0158081 0.904297 0.029541 0.185547 0.00969696
2 0.0218811 0.642578 0.0167847 0.141602 0.0092926
1 0.969971 0.939453 0.034668 0.0664062 0.00882721
6 0.0335846 0.953613 0.065155 0.0927734 0.00861359
2 0.36853 0.110718 0.233643 0.118164 0.00822449
2 0.0166016 0.715332 0.0171509 0.107422 0.00722504
2 0.0263824 0.896973 0.0246277 0.0917969 0.00719452
14 0.27832 0.512207 0.03125 0.0527344 0.00709915
2 0.943848 0.811523 0.0244141 0.0458984 0.00675583
2 0.439941 0.10437 0.347656 0.117676 0.00645065
2 0.0196533 0.882324 0.0223389 0.143555 0.00642776
2 0.381348 0.145386 0.208008 0.0925293 0.00638199
2 0.0234375 0.884766 0.0358887 0.111328 0.00636673
2 0.379883 0.137207 0.12207 0.0595703 0.00615692
2 0.966064 0.729492 0.0249023 0.192383 0.00612259
13 0.0225067 0.866699 0.0231018 0.103516 0.00580597
14 0.275391 0.518555 0.0341797 0.0292969 0.00564575
3 0.955566 0.498169 0.0888672 0.976318 0.00559998
1 0.0215607 0.921875 0.042572 0.128906 0.00531769
2 0.97168 0.709961 0.0214844 0.175781 0.00525665
2 0.536255 0.099884 0.198975 0.16449 0.00514603
2 0.446045 0.135864 0.351074 0.0646973 0.00494385
6 0.96875 0.0708008 0.0507812 0.119629 0.00478745
2 0.0215607 0.921875 0.042572 0.128906 0.00476456
2 0.0115967 0.851562 0.0231934 0.0605469 0.00474167
3 0.962891 0.0638733 0.0605469 0.104675 0.00455475
3 0.0209045 0.94873 0.0409546 0.0771484 0.00452042
14 0.274902 0.52002 0.0244141 0.0410156 0.00435638
1 0.549805 0.0952454 0.152344 0.131775 0.00390053
6 0.0519714 0.953613 0.0884399 0.0810547 0.00378418
13 0.942383 0.813965 0.0244141 0.0371094 0.00372887
2 0.966309 0.624023 0.0224609 0.168945 0.00369072
2 0.973877 0.74707 0.019043 0.146484 0.00368309
2 0.0107422 0.833984 0.0198975 0.0488281 0.00361061
2 0.0189209 0.664551 0.0183105 0.146484 0.00349426
6 0.0840759 0.968262 0.162415 0.0595703 0.00344086
14 0.276367 0.524414 0.0209961 0.0263672 0.00343513
1 0.380371 0.137451 0.206055 0.0581055 0.00338554
2 0.370605 0.129761 0.0888672 0.0546875 0.00338364
2 0.277588 0.108887 0.0454102 0.0205078 0.00330353
2 0.0146179 0.699219 0.0157471 0.0986328 0.00327492
13 0.550293 0.0934143 0.134766 0.128113 0.00314713
6 0.958984 0.0591278 0.0664062 0.0948792 0.00290108
13 0.0233917 0.952393 0.0447693 0.0717773 0.00284576
6 0.015686 0.932617 0.0313721 0.103516 0.0028019
13 0.966309 0.95166 0.0478516 0.0732422 0.00266457
2 0.96582 0.928955 0.0390625 0.0874023 0.0026474
6 0.972656 0.107086 0.0410156 0.192566 0.00262642
13 0.0212097 0.906006 0.0379028 0.168457 0.00253105
6 0.0245056 0.962891 0.0471802 0.0683594 0.00247383
6 0.0144653 0.881836 0.020874 0.130859 0.00239944
2 0.0222168 0.617676 0.0194092 0.0927734 0.00229645
14 0.277344 0.512207 0.0507812 0.0449219 0.00224113
14 0.271973 0.515137 0.0209961 0.0224609 0.00223541
2 0.00646973 0.839844 0.0129395 0.0341797 0.00219727
3 0.0144653 0.881836 0.020874 0.130859 0.00219536
2 0.276611 0.51709 0.0200195 0.0234375 0.00219345
6 0.0279541 0.913574 0.0559082 0.172852 0.00219345
1 0.954102 0.939453 0.0546875 0.0839844 0.00218964
2 0.026535 0.835449 0.0257874 0.15625 0.00218201
3 0.0284729 0.947998 0.0569458 0.104004 0.00217056
2 0.0259705 0.865723 0.0444946 0.126953 0.00210762
2 0.0314331 0.849609 0.0279541 0.125977 0.00206184
6 0.0196533 0.882324 0.0223389 0.143555 0.00205421
6 0.975586 0.111206 0.0234375 0.181885 0.00202942
2 0.0473633 0.450439 0.0369873 0.166504 0.00200844
3 0.964111 0.943359 0.050293 0.0839844 0.0019989
4 0.0246582 0.918945 0.0487061 0.136719 0.00197983
2 0.697754 0.0767059 0.463867 0.113922 0.00197029
2 0.0144653 0.881836 0.020874 0.130859 0.00196648
2 0.367188 0.126587 0.145996 0.0583496 0.00196266
14 0.282227 0.52002 0.0449219 0.0351562 0.00196266
2 0.577637 0.062851 0.107422 0.0803528 0.00195885
3 0.0424805 0.354492 0.0643311 0.708984 0.00193977
1 0.962891 0.931641 0.0410156 0.0898438 0.00191402
3 0.0256958 0.916992 0.0513916 0.130859 0.00189877
3 0.015686 0.932617 0.0313721 0.103516 0.00188732
2 0.96875 0.692871 0.0234375 0.112305 0.00185585
14 0.293457 0.038269 0.0234375 0.0144043 0.00176907
3 0.0196533 0.882324 0.0223389 0.143555 0.00173664
2 0.0204468 0.749023 0.0137329 0.116211 0.00172138
13 0.977539 0.195312 0.0136719 0.0688477 0.00172138
3 0.972656 0.107086 0.0410156 0.192566 0.00172138
19 0.2771 0.516602 0.0209961 0.0234375 0.00165844
13 0.370117 0.128906 0.233398 0.0678711 0.00165653
19 0.532349 0.844971 0.765381 0.310059 0.00160503
2 0.477051 0.974365 0.112305 0.0219727 0.00158787
13 0.0153198 0.859375 0.0166626 0.0761719 0.00152969
3 0.975586 0.111206 0.0234375 0.181885 0.00151062
4 0.370117 0.128906 0.233398 0.0678711 0.00149727
2 0.97168 0.730957 0.0195312 0.102539 0.00147629
2 0.506836 0.972412 0.0576172 0.0200195 0.00145912
4 0.550781 0.0981445 0.140625 0.135254 0.00143242
13 0.0106201 0.850586 0.013916 0.0517578 0.00142956
14 0.272461 0.510742 0.0297852 0.0390625 0.0014286
2 0.0247803 0.640137 0.0296631 0.290039 0.00141907
2 0.102051 0.969727 0.181885 0.0566406 0.00139332
14 0.368164 0.129883 0.230469 0.0627441 0.00135803
2 0.972656 0.938477 0.0410156 0.0996094 0.00135517
6 0.974609 0.921143 0.0390625 0.140137 0.00131035
3 0.969727 0.0829468 0.0546875 0.134399 0.00123787
3 0.0279541 0.913574 0.0559082 0.172852 0.00121403
1 0.102051 0.969727 0.181885 0.0566406 0.00121212
4 0.2771 0.516602 0.0209961 0.0234375 0.00119114
2 0.450317 0.975586 0.145264 0.0234375 0.00116253
2 0.583496 0.598633 0.0185547 0.0595703 0.0011301
13 0.276611 0.51709 0.0200195 0.0234375 0.00110149
1 0.0235901 0.867188 0.027771 0.111328 0.00109196
2 0.0217896 0.64209 0.0152588 0.0878906 0.0010891
2 0.974609 0.748047 0.015625 0.09375 0.00108528
2 0.949219 0.802246 0.0292969 0.0595703 0.00107574
6 0.94458 0.953369 0.0776367 0.0737305 0.00107479
6 0.0244141 0.896484 0.0336914 0.158203 0.00105858
8 0.532349 0.844971 0.765381 0.310059 0.00105667
2 0.486328 0.09021 0.24707 0.135498 0.00104904
3 0.967529 0.146301 0.0473633 0.253296 0.00104523
14 0.279785 0.526367 0.0234375 0.0351562 0.00104141
7 0.0234375 0.952637 0.0422363 0.0732422 0.00102234
10 0.2771 0.51709 0.0205078 0.0253906 0.0010128
2 0.557617 0.0722046 0.123047 0.0985107 0.00100994
2 0.385254 0.135986 0.0732422 0.0539551 0.00100517
6 0.960938 0.930908 0.0585938 0.124512 0.00100136
