2 0.419189 0.726074 0.200684 0.3125 0.797363
2 0.322266 0.883301 0.0600586 0.104492 0.474365
6 0.0368652 0.91333 0.0484619 0.118652 0.105286
6 0.978027 0.9375 0.0439453 0.0878906 0.0706787
2 0.394043 0.699219 0.133301 0.25293 0.0517883
1 0.0352783 0.143707 0.0393066 0.24823 0.0351868
2 0.516602 0.0113525 0.0234375 0.0227051 0.032074
1 0.976318 0.946533 0.0473633 0.0776367 0.0298615
6 0.0375977 0.156006 0.0374756 0.274902 0.024231
6 0.0390625 0.905029 0.0577393 0.166504 0.0236206
6 0.0383301 0.0838318 0.0429688 0.152649 0.0198364
6 0.0375366 0.93335 0.0585938 0.0766602 0.0181427
1 0.912354 0.943848 0.157715 0.100586 0.0151138
1 0.944824 0.9375 0.0986328 0.09375 0.0136566
13 0.0374298 0.146423 0.0411072 0.253052 0.0134048
1 0.966553 0.932129 0.0571289 0.0927734 0.0128479
6 0.978271 0.899902 0.043457 0.168945 0.012413
2 0.272461 0.890137 0.196777 0.112305 0.0118408
2 0.402832 0.666504 0.179688 0.243164 0.0114059
3 0.0383301 0.0838318 0.0429688 0.152649 0.0108871
1 0.416504 0.71875 0.198242 0.320312 0.0108414
2 0.369141 0.671387 0.0986328 0.202148 0.010643
6 0.0294189 0.890381 0.0407715 0.162598 0.0103073
1 0.0370331 0.901123 0.0548401 0.143066 0.00963593
4 0.419434 0.709473 0.209961 0.270508 0.00940704
2 0.143066 0.235535 0.0463867 0.130493 0.00924683
3 0.0383911 0.914551 0.0515137 0.12793 0.00910187
6 0.0349121 0.114716 0.0424805 0.176819 0.00667191
6 0.0818481 0.945068 0.156372 0.0766602 0.00652313
2 0.976562 0.941895 0.046875 0.0810547 0.00642014
2 0.0366974 0.162598 0.0403748 0.302734 0.0062294
6 0.0587006 0.929932 0.0967102 0.0874023 0.00514221
6 0.964355 0.937988 0.0595703 0.0810547 0.00506973
13 0.417847 0.726562 0.202393 0.305664 0.00487518
2 0.970703 0.519531 0.0214844 0.0664062 0.00473022
1 0.0338745 0.104095 0.0362549 0.148743 0.00437927
13 0.324463 0.874512 0.0703125 0.0966797 0.00415802
1 0.0302734 0.918457 0.0314941 0.0722656 0.00404358
3 0.0437775 0.86377 0.075531 0.202148 0.00403976
6 0.982178 0.945801 0.0356445 0.0791016 0.00382423
6 0.416504 0.71875 0.198242 0.320312 0.00379181
14 0.417847 0.726562 0.202393 0.305664 0.00373268
6 0.0437164 0.845703 0.0658875 0.259766 0.00371933
9 0.417847 0.726562 0.202393 0.305664 0.00363159
2 0.451904 0.707031 0.288574 0.371094 0.00362778
3 0.0352783 0.143707 0.0393066 0.24823 0.00350952
2 0.0358276 0.912109 0.0556641 0.107422 0.00341606
1 0.970459 0.902588 0.0532227 0.151855 0.00314713
3 0.977539 0.937256 0.0410156 0.0922852 0.00311661
19 0.416504 0.71875 0.198242 0.320312 0.00301743
1 0.0400391 0.924316 0.0534668 0.0742188 0.00299454
2 0.821289 0.0115662 0.0283203 0.0219116 0.00292206
2 0.966553 0.932129 0.0571289 0.0927734 0.00289345
3 0.0294189 0.890381 0.0407715 0.162598 0.00276566
11 0.416504 0.71875 0.198242 0.320312 0.00266838
16 0.416504 0.71875 0.198242 0.320312 0.0026474
7 0.417847 0.726562 0.202393 0.305664 0.00259018
18 0.416504 0.71875 0.198242 0.320312 0.00254631
6 0.921631 0.946533 0.141113 0.101074 0.00248528
13 0.0341187 0.895508 0.0517578 0.150391 0.00244713
2 0.218811 0.897461 0.313354 0.138672 0.00239563
19 0.603638 0.564941 0.595459 0.636719 0.00239182
8 0.416504 0.71875 0.198242 0.320312 0.00236511
17 0.416504 0.71875 0.198242 0.320312 0.00235558
3 0.416504 0.71875 0.198242 0.320312 0.00226784
10 0.416504 0.71875 0.198242 0.320312 0.00226784
15 0.416504 0.71875 0.198242 0.320312 0.0022583
3 0.0380707 0.875977 0.045929 0.195312 0.00224686
2 0.0314941 0.898438 0.0440674 0.152344 0.00218964
5 0.416504 0.71875 0.198242 0.320312 0.00218964
3 0.0463867 0.931152 0.0665283 0.0888672 0.0021801
12 0.416504 0.71875 0.198242 0.320312 0.00212288
6 0.983643 0.926514 0.0327148 0.100098 0.00211334
2 0.51123 0.012146 0.0390625 0.024292 0.00210381
2 0.426758 0.0105896 0.0249023 0.0194092 0.00210381
2 0.964844 0.513672 0.0214844 0.0742188 0.00208282
13 0.0370941 0.0938721 0.0405579 0.173828 0.00205421
0 0.416504 0.71875 0.198242 0.320312 0.0020504
6 0.0411377 0.21405 0.0380859 0.404907 0.00196457
1 0.976562 0.931152 0.0351562 0.0703125 0.00193691
8 0.610229 0.562134 0.631104 0.686279 0.00190449
2 0.520996 0.0123444 0.0380859 0.0246887 0.0018816
1 0.125854 0.944824 0.237061 0.0712891 0.0018692
3 0.975098 0.901855 0.0498047 0.128906 0.0018549
19 0.436584 0.511597 0.472534 0.533447 0.00184917
2 0.0317383 0.918457 0.0389404 0.078125 0.00178146
1 0.0317383 0.909668 0.0407715 0.0947266 0.00173473
3 0.0342407 0.821289 0.0469971 0.306641 0.00163841
2 0.315674 0.883301 0.0952148 0.0927734 0.00161171
6 0.950684 0.947754 0.0947266 0.0849609 0.00161076
6 0.937256 0.932129 0.102051 0.118164 0.00160122
2 0.527344 0.0121155 0.0341797 0.020874 0.00157642
6 0.976562 0.955811 0.046875 0.0727539 0.00156593
1 0.980225 0.128357 0.0336914 0.229614 0.00152302
6 0.0332031 0.865723 0.0528564 0.194336 0.00142002
1 0.0837097 0.953857 0.161194 0.0688477 0.00141716
1 0.32373 0.883301 0.0615234 0.102539 0.00137615
2 0.327637 0.888672 0.0898438 0.134766 0.00135231
2 0.401367 0.655762 0.287109 0.328125 0.00131226
19 0.231873 0.528687 0.448364 0.655518 0.00131035
4 0.441895 0.618652 0.306641 0.442383 0.00129414
2 0.97168 0.498047 0.0214844 0.114258 0.00127792
19 0.500977 0.499146 0.636719 0.689209 0.0012579
6 0.126984 0.944824 0.223572 0.0888672 0.00124264
8 0.439453 0.509155 0.546875 0.552002 0.00122547
19 0.684082 0.691772 0.44043 0.552002 0.00121689
3 0.0447388 0.791016 0.0581055 0.369141 0.00116253
14 0.516602 0.0113525 0.0234375 0.0227051 0.00110054
2 0.550781 0.258057 0.0195312 0.0214844 0.00109768
2 0.0375366 0.93335 0.0585938 0.0766602 0.00109768
1 0.957764 0.893555 0.0786133 0.179688 0.00107288
2 0.326904 0.864258 0.074707 0.101562 0.00104904
3 0.968262 0.944824 0.0634766 0.0888672 0.00104713
3 0.977539 0.874268 0.0410156 0.23584 0.00104427
12 0.589722 0.514648 0.631104 0.729492 0.00103951
7 0.589722 0.514648 0.631104 0.729492 0.00103855
2 0.976562 0.931152 0.0351562 0.0703125 0.00103092
2 0.786621 0.282227 0.0234375 0.0463867 0.00101471
8 0.684082 0.691772 0.44043 0.552002 0.0010128
