2 0.49707 0.270996 0.335938 0.0957031 0.867676
14 0.576172 0.482422 0.0273438 0.0458984 0.616211
3 0.944824 0.372314 0.0771484 0.744629 0.0831299
2 0.965088 0.824219 0.0249023 0.192383 0.0602417
2 0.0299072 0.931885 0.0262451 0.108887 0.0474854
2 0.0273438 0.849854 0.0301514 0.265137 0.0430603
2 0.968506 0.727051 0.027832 0.4375 0.0376892
6 0.0243988 0.953857 0.0400696 0.0629883 0.0344238
3 0.962158 0.420166 0.0756836 0.840332 0.0285645
6 0.0265503 0.854492 0.0358887 0.28125 0.0276184
2 0.0259399 0.788086 0.03125 0.410156 0.0256348
2 0.971436 0.619629 0.0180664 0.078125 0.025238
14 0.580566 0.488281 0.0263672 0.0449219 0.0226288
2 0.495483 0.273438 0.216064 0.0869141 0.0183716
2 0.968506 0.82251 0.0297852 0.306152 0.0173187
6 0.0229187 0.925293 0.0396118 0.12207 0.0169373
2 0.947266 0.469604 0.0742188 0.744385 0.0161438
2 0.494995 0.282776 0.349854 0.157104 0.014267
6 0.0187378 0.946289 0.0294189 0.0644531 0.0141373
2 0.576172 0.482422 0.0273438 0.0458984 0.0099411
3 0.942139 0.49353 0.0961914 0.977783 0.00862885
2 0.97168 0.578125 0.0234375 0.154297 0.00836182
14 0.569336 0.484985 0.0263672 0.048584 0.00791931
14 0.580566 0.481812 0.0449219 0.0432129 0.00788879
6 0.0212708 0.12149 0.0310669 0.183777 0.00755692
13 0.97168 0.625 0.015625 0.0810547 0.00754929
1 0.0212402 0.128174 0.0318604 0.179443 0.0072403
2 0.96582 0.760742 0.0214844 0.147461 0.00701523
6 0.0821228 0.961182 0.150208 0.0678711 0.00638962
2 0.97168 0.626465 0.0214844 0.135742 0.00636673
6 0.0265503 0.910645 0.0390625 0.174805 0.00629425
2 0.970703 0.670166 0.0351562 0.601074 0.00593948
1 0.498047 0.271973 0.345703 0.0922852 0.00571442
6 0.971924 0.852295 0.0327148 0.26416 0.00546646
14 0.576172 0.493164 0.0283203 0.0419922 0.0053978
13 0.0212402 0.128174 0.0318604 0.179443 0.0052948
2 0.0299835 0.897949 0.0328064 0.180664 0.00508118
3 0.0264893 0.783447 0.0319824 0.413574 0.00460815
2 0.967529 0.729492 0.0200195 0.173828 0.00435257
2 0.955078 0.331055 0.0800781 0.662109 0.00423813
6 0.972412 0.931396 0.0395508 0.0805664 0.00414276
2 0.0244598 0.952637 0.0360413 0.0654297 0.00405884
3 0.951172 0.618164 0.0644531 0.761719 0.00370789
2 0.968018 0.556641 0.0268555 0.206055 0.00367546
1 0.0244598 0.952637 0.0360413 0.0654297 0.00354385
2 0.560547 0.241699 0.22168 0.0327148 0.00341415
6 0.0525055 0.961182 0.0907898 0.065918 0.00341415
1 0.57666 0.48584 0.0273438 0.0439453 0.00341034
3 0.956299 0.292114 0.0756836 0.55249 0.00339127
2 0.034729 0.717651 0.0429688 0.533447 0.00333214
3 0.0368042 0.294434 0.0516357 0.588867 0.00328445
6 0.967773 0.884766 0.0390625 0.157227 0.00310898
2 0.0246582 0.855469 0.0234375 0.200195 0.00296402
14 0.580078 0.473755 0.03125 0.0544434 0.00289917
14 0.574219 0.489624 0.0371094 0.0783691 0.0028801
3 0.0434113 0.45752 0.0787048 0.915039 0.00283623
6 0.0178223 0.914062 0.0354004 0.167969 0.00270844
6 0.0292969 0.930176 0.0285645 0.106445 0.00234985
2 0.0229187 0.925293 0.0396118 0.12207 0.00233269
4 0.494629 0.273438 0.342773 0.0991211 0.00229073
14 0.586914 0.487427 0.0273438 0.0456543 0.00224686
13 0.57666 0.48584 0.0273438 0.0439453 0.00222206
2 0.0187378 0.946289 0.0294189 0.0644531 0.00221634
3 0.0400238 0.632812 0.0649719 0.716797 0.00209808
13 0.494629 0.273438 0.342773 0.0991211 0.00207138
1 0.0299072 0.931885 0.0262451 0.108887 0.00204659
3 0.0212708 0.12149 0.0310669 0.183777 0.00203323
19 0.577148 0.485474 0.0283203 0.041748 0.00199509
2 0.97168 0.612793 0.03125 0.286133 0.00198555
2 0.5 0.28833 0.350586 0.258789 0.00197029
2 0.0306396 0.261963 0.041626 0.442871 0.00190258
6 0.969727 0.907715 0.0351562 0.103516 0.00189686
2 0.304688 0.671875 0.0268555 0.0830078 0.00188541
14 0.494629 0.273438 0.342773 0.0991211 0.00185776
3 0.0265503 0.910645 0.0390625 0.174805 0.00181866
3 0.0256042 0.855957 0.0370483 0.286133 0.00171566
4 0.578613 0.485352 0.0292969 0.0419922 0.00171375
2 0.970947 0.931152 0.034668 0.0732422 0.00168514
2 0.443604 0.282227 0.243652 0.0830078 0.001647
9 0.57666 0.48584 0.0273438 0.0439453 0.00160885
3 0.0244598 0.952637 0.0360413 0.0654297 0.00158501
13 0.0243988 0.953857 0.0400696 0.0629883 0.0015831
6 0.125824 0.962891 0.218567 0.0605469 0.00156307
2 0.0212402 0.128174 0.0318604 0.179443 0.00154305
13 0.0259399 0.788086 0.03125 0.410156 0.00153351
2 0.530273 0.251709 0.25293 0.050293 0.0015316
2 0.970703 0.630371 0.0214844 0.223633 0.00144672
13 0.97168 0.615234 0.0214844 0.0947266 0.00143433
3 0.973633 0.885254 0.0332031 0.204102 0.00140762
6 0.0370941 0.881836 0.0639954 0.236328 0.00137711
6 0.965332 0.822021 0.0419922 0.297363 0.00137138
3 0.0306396 0.261963 0.041626 0.442871 0.00136662
2 0.0467529 0.939209 0.0665283 0.117676 0.0013237
2 0.959717 0.833984 0.0200195 0.202148 0.00125885
16 0.579102 0.485718 0.0292969 0.0422363 0.00124359
13 0.966064 0.760742 0.0229492 0.152344 0.00124073
2 0.500977 0.268799 0.109375 0.0800781 0.00120926
2 0.9646 0.794434 0.0200195 0.145508 0.00119209
3 0.0484619 0.509521 0.0969238 0.953613 0.00117779
2 0.101837 0.97583 0.162537 0.0463867 0.00116253
3 0.97583 0.318359 0.0483398 0.636719 0.00114632
10 0.577637 0.485962 0.0283203 0.0437012 0.00111866
9 0.491699 0.273926 0.337891 0.09375 0.00111198
4 0.968506 0.727051 0.027832 0.4375 0.00110626
15 0.579102 0.485718 0.0292969 0.0422363 0.0010767
6 0.969727 0.91748 0.0253906 0.0839844 0.00107479
13 0.0187378 0.946289 0.0294189 0.0644531 0.00107288
2 0.0356445 0.854492 0.0310059 0.211914 0.00106716
13 0.0299072 0.931885 0.0262451 0.108887 0.00105286
2 0.965576 0.878418 0.0239258 0.170898 0.00104237
3 0.967773 0.884766 0.0390625 0.157227 0.00104046
6 0.0326538 0.94458 0.0653076 0.11084 0.00103092
2 0.97168 0.412476 0.0449219 0.671143 0.00102139
6 0.0848389 0.978027 0.169678 0.0439453 0.00101948
2 0.525391 0.254883 0.328125 0.0664062 0.00101948
5 0.578125 0.48584 0.0292969 0.0419922 0.00100517
17 0.577637 0.485962 0.0283203 0.0437012 0.00100231
