2 0.97583 0.45105 0.0307617 0.289307 0.0392456
2 0.0273285 0.324951 0.0221252 0.0756836 0.0385132
13 0.0951843 0.660156 0.0479126 0.0605469 0.0340271
14 0.305908 0.541016 0.0151367 0.0244141 0.0305939
6 0.0250854 0.907715 0.0411377 0.139648 0.0201721
2 0.0952148 0.658203 0.0463867 0.0605469 0.0201263
3 0.0250854 0.907715 0.0411377 0.139648 0.00939941
2 0.306885 0.538086 0.0126953 0.0224609 0.0092926
2 0.978271 0.943604 0.0239258 0.0581055 0.0091095
2 0.969482 0.440918 0.0297852 0.344727 0.00428391
2 0.621094 0.959717 0.0302734 0.0239258 0.00384712
13 0.0266418 0.325928 0.0198364 0.074707 0.00374031
2 0.306396 0.541504 0.0161133 0.0253906 0.00325966
6 0.0232544 0.933838 0.0361328 0.0854492 0.00321579
2 0.601562 0.706543 0.0224609 0.0839844 0.00298882
3 0.0349121 0.882812 0.0667725 0.15332 0.00259781
2 0.305176 0.539551 0.0175781 0.0380859 0.00247765
2 0.0316162 0.338379 0.0206299 0.0839844 0.00238037
1 0.978516 0.943848 0.0234375 0.0576172 0.0022831
14 0.60498 0.50293 0.0136719 0.0166016 0.00222778
13 0.0237122 0.137451 0.0189819 0.0493164 0.00198936
2 0.762207 0.275146 0.0673828 0.0888672 0.00197983
3 0.0214844 0.928711 0.0371094 0.0673828 0.00191879
2 0.977783 0.937988 0.0327148 0.0712891 0.0018568
6 0.0308838 0.92041 0.050293 0.0917969 0.00174999
1 0.977783 0.937988 0.0327148 0.0712891 0.00170898
19 0.478027 0.575195 0.556641 0.635742 0.00168991
2 0.624023 0.955078 0.0322266 0.0273438 0.00165749
8 0.478027 0.575195 0.556641 0.635742 0.00157738
2 0.0250854 0.907715 0.0411377 0.139648 0.00149918
2 0.968506 0.439819 0.0375977 0.485596 0.00149536
2 0.0219727 0.322998 0.0189209 0.0771484 0.00137615
3 0.0257568 0.781494 0.039917 0.388184 0.00120258
2 0.0244293 0.930176 0.030365 0.0693359 0.00116253
2 0.967529 0.467163 0.0415039 0.813721 0.00114822
19 0.628418 0.818604 0.417969 0.358887 0.00113201
2 0.0570068 0.603516 0.0213623 0.0908203 0.0010891
1 0.0244293 0.930176 0.030365 0.0693359 0.00108337
2 0.0888977 0.648438 0.0458374 0.0820312 0.00101852
2 0.630859 0.957275 0.0380859 0.0268555 0.00101662
13 0.762695 0.275635 0.0625 0.0791016 0.00101185
