2 0.484863 0.249268 0.345703 0.217285 0.824219
2 0.445801 0.273438 0.260742 0.177246 0.548828
2 0.604492 0.137573 0.118164 0.0756836 0.135986
6 0.0298157 0.0737915 0.0498657 0.121704 0.130371
2 0.577148 0.1427 0.181641 0.0808105 0.0975342
3 0.969971 0.268066 0.0522461 0.482422 0.0675049
6 0.0282898 0.108398 0.0446167 0.184814 0.061676
2 0.954834 0.46814 0.027832 0.173096 0.0466003
2 0.502441 0.199341 0.345703 0.190674 0.0320435
2 0.962646 0.303711 0.0415039 0.520508 0.0256195
2 0.953125 0.415649 0.0273438 0.219482 0.0227509
1 0.487305 0.244568 0.362305 0.259888 0.0212402
2 0.535156 0.183655 0.258789 0.13855 0.0205536
4 0.487305 0.244568 0.362305 0.259888 0.0171661
6 0.977783 0.143768 0.0366211 0.229553 0.016983
6 0.0235291 0.911865 0.0353394 0.150879 0.0158539
1 0.979492 0.145599 0.0371094 0.240051 0.0153198
13 0.953369 0.467163 0.0327148 0.177002 0.012413
2 0.529175 0.154053 0.249268 0.0959473 0.0114517
13 0.0261841 0.0986633 0.0321045 0.141541 0.0102081
2 0.977295 0.478516 0.0200195 0.154297 0.00914001
6 0.969482 0.265869 0.0473633 0.477051 0.00740051
13 0.0291443 0.129425 0.0431519 0.237244 0.00727463
1 0.605957 0.139771 0.110352 0.0749512 0.00718307
3 0.0344086 0.0787659 0.0451965 0.128601 0.00717926
3 0.0319824 0.146057 0.0473633 0.247925 0.00712967
3 0.973389 0.21582 0.0395508 0.384766 0.00702286
2 0.450195 0.273682 0.148438 0.177734 0.00674438
3 0.042099 0.421387 0.0649719 0.842773 0.00590897
1 0.909912 0.963623 0.156738 0.0668945 0.00586319
6 0.487305 0.244568 0.362305 0.259888 0.00577927
3 0.04039 0.28833 0.0644836 0.532715 0.00569534
13 0.483398 0.251465 0.362305 0.22998 0.00553513
13 0.024353 0.144318 0.0330811 0.172791 0.0053978
13 0.0298157 0.0737915 0.0498657 0.121704 0.00538635
6 0.970703 0.108795 0.0527344 0.193054 0.00527573
6 0.967285 0.0808105 0.0576172 0.119629 0.0050087
19 0.483398 0.251465 0.362305 0.22998 0.00487137
3 0.979492 0.145599 0.0371094 0.240051 0.00481415
3 0.0266418 0.914062 0.0453491 0.138672 0.00443268
9 0.483398 0.251465 0.362305 0.22998 0.00436783
14 0.483398 0.251465 0.362305 0.22998 0.00413513
18 0.483398 0.251465 0.362305 0.22998 0.00412369
6 0.0261841 0.0986633 0.0321045 0.141541 0.00398636
16 0.483398 0.251465 0.362305 0.22998 0.00394821
3 0.969971 0.108368 0.0600586 0.174377 0.00392914
11 0.483398 0.251465 0.362305 0.22998 0.00391769
7 0.483398 0.251465 0.362305 0.22998 0.00379944
3 0.0273438 0.11496 0.0321045 0.189026 0.0037117
1 0.969482 0.265869 0.0473633 0.477051 0.00362015
1 0.100494 0.960449 0.161804 0.0732422 0.00355339
8 0.483398 0.251465 0.362305 0.22998 0.00338173
2 0.0261841 0.0986633 0.0321045 0.141541 0.00330734
2 0.952637 0.447388 0.0380859 0.199951 0.00328636
2 0.397827 0.264893 0.173096 0.185059 0.00327873
3 0.483398 0.251465 0.362305 0.22998 0.00322723
6 0.0357208 0.144073 0.0540466 0.249451 0.00320625
17 0.483398 0.251465 0.362305 0.22998 0.00316429
6 0.0435944 0.0695343 0.0688171 0.112396 0.00312614
15 0.483398 0.251465 0.362305 0.22998 0.00308037
0 0.483398 0.251465 0.362305 0.22998 0.00306892
2 0.0298157 0.0737915 0.0498657 0.121704 0.00304985
4 0.969482 0.265869 0.0473633 0.477051 0.00294685
12 0.483398 0.251465 0.362305 0.22998 0.00293922
6 0.95874 0.956055 0.0727539 0.0644531 0.0028801
2 0.600098 0.153473 0.125 0.12323 0.00284576
2 0.487793 0.245361 0.213867 0.246582 0.00284386
5 0.483398 0.251465 0.362305 0.22998 0.00276184
10 0.483398 0.251465 0.362305 0.22998 0.00270844
2 0.970947 0.475586 0.0229492 0.160156 0.00266457
2 0.21582 0.0128937 0.0302734 0.0257874 0.00265503
1 0.0265503 0.914795 0.0444336 0.143066 0.00263596
2 0.955566 0.467041 0.0244141 0.111816 0.00255203
1 0.53125 0.158081 0.255859 0.107666 0.00243759
3 0.972656 0.0858765 0.046875 0.143677 0.00235176
1 0.577148 0.1427 0.181641 0.0808105 0.00228119
6 0.971436 0.949219 0.0493164 0.0722656 0.00185585
3 0.0196075 0.912354 0.028656 0.165527 0.00183868
6 0.0244446 0.93457 0.0415649 0.09375 0.00177097
1 0.965576 0.95874 0.059082 0.0629883 0.00175285
1 0.446777 0.270752 0.251953 0.177734 0.00172138
1 0.0318604 0.0728607 0.0500488 0.123322 0.00167465
2 0.0226898 0.90332 0.0290833 0.193359 0.0016346
2 0.620605 0.127319 0.0976562 0.0605469 0.00154781
2 0.967773 0.456421 0.0214844 0.126221 0.00150871
2 0.962402 0.447144 0.0224609 0.167236 0.00148487
1 0.134918 0.956055 0.22821 0.0859375 0.00144386
6 0.0373535 0.228821 0.0533447 0.442749 0.00144196
2 0.531372 0.25708 0.281006 0.148438 0.00144005
2 0.0282898 0.108398 0.0446167 0.184814 0.00143623
6 0.92334 0.962891 0.139648 0.0664062 0.00141048
2 0.955078 0.43103 0.0244141 0.109619 0.00139618
1 0.97168 0.167664 0.0371094 0.269165 0.00136471
13 0.0237732 0.913818 0.0322876 0.162598 0.00125694
2 0.545898 0.296814 0.541992 0.376099 0.00119305
3 0.951416 0.658569 0.0756836 0.655518 0.00118542
13 0.969482 0.265869 0.0473633 0.477051 0.0011797
4 0.442871 0.270813 0.253906 0.18103 0.00116253
2 0.956055 0.623047 0.0566406 0.632812 0.00115967
6 0.975586 0.895508 0.0449219 0.185547 0.00115776
1 0.320312 0.939453 0.171875 0.0957031 0.00113964
3 0.034729 0.111542 0.067749 0.170471 0.00107002
1 0.0328369 0.947754 0.0430908 0.0751953 0.00106525
6 0.0333405 0.942139 0.0490417 0.0922852 0.00105953
1 0.94751 0.959717 0.0834961 0.0610352 0.0010519
3 0.943359 0.473267 0.0996094 0.865967 0.00104904
2 0.57959 0.147339 0.103516 0.0788574 0.00101089
