2 0.618164 0.302185 0.432617 0.253052 0.66748
2 0.615723 0.353027 0.416016 0.141602 0.279053
2 0.672852 0.369873 0.337891 0.11377 0.271729
2 0.463379 0.254333 0.113281 0.140747 0.240479
3 0.969482 0.321045 0.0571289 0.596191 0.101013
1 0.0377197 0.878906 0.057251 0.228516 0.0582581
2 0.742676 0.043396 0.0576172 0.022583 0.0465698
2 0.482422 0.261719 0.18457 0.168945 0.0384827
6 0.029541 0.907715 0.0474854 0.161133 0.025238
1 0.612305 0.307617 0.444336 0.269043 0.0175171
6 0.0361176 0.947998 0.0522766 0.0766602 0.0155487
3 0.0375977 0.877686 0.0618896 0.225098 0.0126343
4 0.619141 0.296387 0.436523 0.299316 0.0122681
6 0.0386353 0.891602 0.0585938 0.201172 0.0122299
3 0.973633 0.229919 0.0527344 0.427856 0.0113525
6 0.96875 0.0709229 0.0566406 0.114746 0.0111008
1 0.0405273 0.79541 0.0528564 0.405273 0.00921631
6 0.0276184 0.0808411 0.0405884 0.139099 0.0078125
13 0.0273743 0.098999 0.0344849 0.181885 0.00755692
3 0.0284424 0.899414 0.0386963 0.195312 0.00706482
6 0.0412598 0.937012 0.067627 0.12207 0.00558472
4 0.0355377 0.893555 0.0490417 0.195312 0.00556946
6 0.085144 0.961426 0.152466 0.0654297 0.00551605
13 0.0326691 0.123718 0.0391541 0.19104 0.00534439
3 0.0405273 0.79541 0.0528564 0.405273 0.00518417
3 0.974609 0.0822601 0.0410156 0.123566 0.00513458
1 0.0321503 0.82373 0.0419006 0.311523 0.00498199
6 0.0336456 0.124695 0.0415955 0.201782 0.004879
3 0.0314941 0.109619 0.0421143 0.199463 0.00461197
1 0.026947 0.865723 0.0289917 0.142578 0.00461197
3 0.0348663 0.908447 0.0574646 0.144043 0.00451279
2 0.616211 0.390625 0.507812 0.245117 0.00447845
6 0.0491333 0.955811 0.0751953 0.0649414 0.00442505
2 0.65918 0.366455 0.363281 0.203613 0.00432968
13 0.620605 0.300781 0.43457 0.285156 0.00420761
1 0.0348663 0.908447 0.0574646 0.144043 0.00398636
2 0.560547 0.431519 0.543945 0.513916 0.00396729
6 0.619141 0.296387 0.436523 0.299316 0.00382996
3 0.969727 0.459473 0.0605469 0.918945 0.00374603
19 0.619141 0.296387 0.436523 0.299316 0.00364113
13 0.466064 0.256592 0.112793 0.139648 0.00349426
1 0.0363159 0.952148 0.0510254 0.0683594 0.00335884
2 0.507812 0.27002 0.28418 0.224609 0.00334358
1 0.467773 0.252197 0.115234 0.145996 0.00328064
3 0.0366211 0.949951 0.0506592 0.0766602 0.00311279
2 0.595703 0.355286 0.450195 0.40564 0.00311089
19 0.44873 0.541992 0.688477 0.828125 0.00310898
1 0.911865 0.966309 0.156738 0.0615234 0.00302315
1 0.969482 0.321045 0.0571289 0.596191 0.00294876
9 0.620605 0.300781 0.43457 0.285156 0.00266647
11 0.619141 0.296387 0.436523 0.299316 0.00266075
1 0.0475006 0.883789 0.0900574 0.232422 0.00265312
1 0.0321655 0.0990906 0.041626 0.145569 0.00264931
14 0.620605 0.300781 0.43457 0.285156 0.00258636
16 0.619141 0.296387 0.436523 0.299316 0.00255775
3 0.973877 0.150909 0.0522461 0.236755 0.00255585
2 0.73584 0.0461426 0.0498047 0.0168457 0.00248718
3 0.968506 0.0710297 0.059082 0.115021 0.00246048
18 0.619141 0.296387 0.436523 0.299316 0.00246048
2 0.969971 0.323853 0.050293 0.631592 0.00243759
8 0.619141 0.296387 0.436523 0.299316 0.00243187
7 0.619141 0.296387 0.436523 0.299316 0.00234985
17 0.619141 0.296387 0.436523 0.299316 0.00227737
2 0.673828 0.370361 0.182617 0.106934 0.00204468
1 0.0284424 0.899414 0.0386963 0.195312 0.00202942
3 0.619141 0.296387 0.436523 0.299316 0.00201225
0 0.619141 0.296387 0.436523 0.299316 0.00201225
15 0.619141 0.296387 0.436523 0.299316 0.00197983
2 0.381836 0.455444 0.652344 0.751221 0.00196457
6 0.0279388 0.959961 0.0505676 0.0664062 0.00195503
2 0.574341 0.26709 0.347412 0.185547 0.00194931
10 0.619141 0.296387 0.436523 0.299316 0.00194168
1 0.783203 0.819336 0.0869141 0.09375 0.00187206
5 0.619141 0.296387 0.436523 0.299316 0.00184631
2 0.441528 0.239014 0.124756 0.155762 0.00184631
2 0.0386353 0.891602 0.0585938 0.201172 0.00181198
12 0.620605 0.300781 0.43457 0.285156 0.00176716
3 0.975342 0.361328 0.0493164 0.722656 0.00174427
1 0.167725 0.962402 0.324707 0.0576172 0.00167751
3 0.95459 0.47168 0.0908203 0.927734 0.00162315
3 0.0276184 0.0808411 0.0405884 0.139099 0.00155544
6 0.980713 0.0840302 0.034668 0.119537 0.00152588
1 0.615723 0.353027 0.416016 0.141602 0.00146389
6 0.865234 0.0321655 0.267578 0.0544434 0.00140953
1 0.893066 0.975342 0.200195 0.043457 0.00138664
1 0.085144 0.961426 0.152466 0.0654297 0.00136185
2 0.0354004 0.838135 0.0430908 0.315918 0.00135326
9 0.466064 0.256592 0.112793 0.139648 0.00133801
2 0.460693 0.219727 0.119629 0.114746 0.00131989
19 0.562988 0.563477 0.575195 0.651367 0.00126362
3 0.0412598 0.937012 0.067627 0.12207 0.00122929
13 0.0270996 0.200012 0.0196533 0.0667725 0.00122356
1 0.0281677 0.0699463 0.0358276 0.113037 0.00118923
8 0.466064 0.256592 0.112793 0.139648 0.00116348
13 0.615723 0.353027 0.416016 0.141602 0.00115967
2 0.0980225 0.961914 0.181152 0.0644531 0.00115204
3 0.0483398 0.956543 0.0762939 0.0693359 0.00113583
2 0.893066 0.975342 0.200195 0.043457 0.00109005
4 0.615723 0.353027 0.416016 0.141602 0.00109005
1 0.748047 0.952881 0.212891 0.0942383 0.00107384
8 0.393921 0.596558 0.604736 0.709229 0.00107193
1 0.585938 0.0155029 0.0625 0.0264893 0.00107193
1 0.0368042 0.138031 0.0445557 0.219543 0.00106335
2 0.612305 0.397339 0.44043 0.142822 0.00106144
19 0.31781 0.473633 0.470825 0.734375 0.00104141
6 0.969482 0.321045 0.0571289 0.596191 0.00103092
4 0.463379 0.254333 0.113281 0.140747 0.00102997
6 0.466064 0.256592 0.112793 0.139648 0.00102711
2 0.586426 0.0140076 0.0537109 0.0270386 0.00101852
14 0.463379 0.254333 0.113281 0.140747 0.00101757
1 0.865234 0.0321655 0.267578 0.0544434 0.0010128
1 0.436646 0.455078 0.62085 0.655273 0.00100803
