2 0.509277 0.772461 0.0644531 0.169922 0.817383
2 0.026413 0.426758 0.0228577 0.125977 0.431641
2 0.0262604 0.514648 0.0253601 0.333984 0.251953
2 0.0267944 0.598633 0.0250244 0.172852 0.181396
6 0.0305786 0.950684 0.0506592 0.0615234 0.137939
2 0.0760498 0.669434 0.0537109 0.0800781 0.134399
1 0.036499 0.953369 0.0565186 0.065918 0.122803
2 0.029541 0.951172 0.0391846 0.0625 0.100952
6 0.975586 0.88916 0.0449219 0.211914 0.0986328
6 0.0491333 0.954346 0.0770264 0.0737305 0.0684204
2 0.0259552 0.399902 0.0210876 0.0981445 0.0558777
1 0.973877 0.143616 0.0405273 0.258667 0.0415039
13 0.0733643 0.670898 0.0493164 0.0830078 0.0408325
1 0.0676575 0.956543 0.121033 0.0673828 0.0397644
2 0.0245514 0.563477 0.0220642 0.163086 0.0380859
1 0.138763 0.954102 0.239563 0.0917969 0.0209808
6 0.0942383 0.956543 0.159912 0.0849609 0.0190582
1 0.0990295 0.955566 0.172058 0.0791016 0.017334
6 0.973633 0.937012 0.0488281 0.106445 0.0162964
2 0.0222626 0.415283 0.0198059 0.123535 0.01371
1 0.967529 0.919434 0.0512695 0.137695 0.011116
6 0.0292969 0.937744 0.039917 0.0678711 0.0105972
3 0.035614 0.358398 0.071228 0.680664 0.0101395
1 0.912842 0.946045 0.156738 0.10791 0.00966644
6 0.0356293 0.87793 0.0537415 0.195312 0.00947571
2 0.0487671 0.366211 0.052002 0.674805 0.00913239
2 0.744629 0.286377 0.0195312 0.043457 0.00847626
2 0.0346069 0.583984 0.0333252 0.263672 0.00810242
4 0.967041 0.261963 0.0385742 0.469238 0.00780869
3 0.975586 0.887451 0.0410156 0.217285 0.00767136
6 0.970459 0.911133 0.0473633 0.146484 0.00731277
2 0.51123 0.776855 0.0605469 0.0927734 0.00730133
2 0.027771 0.454102 0.022583 0.208008 0.007267
2 0.0265503 0.418457 0.0345459 0.126953 0.00707626
6 0.974609 0.138397 0.0351562 0.229553 0.00689316
1 0.0292969 0.937744 0.039917 0.0678711 0.0063591
13 0.029541 0.951172 0.0391846 0.0625 0.00595093
2 0.0477142 0.956299 0.0827942 0.0698242 0.00580597
3 0.970703 0.910645 0.0507812 0.139648 0.00572586
3 0.0356293 0.87793 0.0537415 0.195312 0.00531387
6 0.0693665 0.964355 0.126892 0.0712891 0.00451279
3 0.0491333 0.954346 0.0770264 0.0737305 0.00450897
1 0.977295 0.907227 0.0356445 0.166016 0.0044136
6 0.0432281 0.916992 0.0695496 0.132812 0.00432587
3 0.0348053 0.95166 0.0505066 0.0673828 0.0038929
1 0.0882568 0.93335 0.147705 0.10791 0.00386429
6 0.0939026 0.921631 0.152527 0.156738 0.00376892
2 0.0216064 0.946533 0.0321045 0.0561523 0.003685
3 0.059494 0.3927 0.0670471 0.700928 0.00366592
2 0.03125 0.934082 0.0474854 0.0712891 0.00345802
2 0.0264893 0.380615 0.0179443 0.0766602 0.00341988
1 0.974609 0.864502 0.0449219 0.259277 0.00338936
3 0.0292816 0.941406 0.0444641 0.0644531 0.00335312
1 0.958984 0.945068 0.0683594 0.10791 0.00329781
2 0.0254211 0.57373 0.0200806 0.0927734 0.00324821
4 0.510742 0.773926 0.0654297 0.168945 0.00324059
1 0.969727 0.94751 0.0527344 0.0893555 0.0030632
1 0.0411835 0.884277 0.0680237 0.206055 0.0030365
1 0.906982 0.967285 0.172363 0.0615234 0.00299263
2 0.0219116 0.385742 0.0171509 0.0761719 0.00290489
2 0.0293121 0.563477 0.0243835 0.241211 0.00289917
2 0.0328369 0.808594 0.0313721 0.223633 0.00283432
2 0.0314331 0.636719 0.0256348 0.136719 0.00278091
2 0.0263672 0.539551 0.0379639 0.327148 0.00266838
6 0.117432 0.968262 0.212402 0.0634766 0.00266838
1 0.0458984 0.945312 0.0639648 0.09375 0.00266075
2 0.0241089 0.532227 0.0170898 0.155273 0.00263786
1 0.204468 0.952881 0.363037 0.0864258 0.00250435
2 0.0357666 0.828613 0.0430908 0.295898 0.00248718
2 0.0299225 0.443848 0.0307312 0.154297 0.00246429
6 0.140686 0.951172 0.236206 0.0976562 0.00244713
3 0.977295 0.932617 0.043457 0.121094 0.00240326
1 0.881348 0.958252 0.219727 0.0834961 0.00235558
2 0.972656 0.937012 0.0507812 0.0966797 0.00234604
6 0.962646 0.935059 0.0668945 0.129883 0.00234413
2 0.0308838 0.810547 0.0267334 0.0751953 0.00231171
13 0.510742 0.773926 0.0654297 0.168945 0.00224113
2 0.0270233 0.600098 0.0204163 0.09375 0.00212097
2 0.495972 0.772461 0.083252 0.214844 0.00204849
13 0.0279541 0.661621 0.0197754 0.116211 0.00199509
13 0.976562 0.869141 0.0429688 0.255859 0.00198364
6 0.967773 0.956299 0.0546875 0.0737305 0.00194645
1 0.970947 0.220154 0.0385742 0.407349 0.00186253
2 0.498047 0.742188 0.0439453 0.117188 0.00184631
2 0.964844 0.270569 0.0371094 0.496948 0.00183487
2 0.975586 0.915771 0.046875 0.148926 0.00181293
2 0.0284119 0.664551 0.0222778 0.143555 0.0018034
13 0.0269012 0.694336 0.0204163 0.111328 0.00176144
6 0.0215454 0.94751 0.0336914 0.0581055 0.00171471
3 0.0388184 0.505249 0.0383301 0.370361 0.00166607
1 0.511719 0.775879 0.0625 0.169922 0.00164413
3 0.045166 0.452393 0.0577393 0.635254 0.00155544
4 0.975586 0.887451 0.0410156 0.217285 0.00155354
13 0.0260773 0.418945 0.0208435 0.12793 0.00154781
13 0.0267944 0.598633 0.0250244 0.172852 0.00151634
3 0.967041 0.261963 0.0385742 0.469238 0.00148678
3 0.973877 0.143616 0.0405273 0.258667 0.00145912
2 0.020813 0.541504 0.017395 0.12793 0.00144291
2 0.977295 0.839355 0.0415039 0.321289 0.00139713
14 0.510742 0.773926 0.0654297 0.168945 0.00139427
2 0.0286713 0.487793 0.0176086 0.209961 0.00131798
3 0.041748 0.854736 0.0627441 0.270996 0.00131607
3 0.0267334 0.898926 0.0388184 0.200195 0.00128555
9 0.510742 0.773926 0.0654297 0.168945 0.00125027
2 0.0296173 0.650879 0.0204773 0.0839844 0.00123978
6 0.915527 0.960938 0.161133 0.0761719 0.00123119
2 0.0283203 0.375244 0.0566406 0.750488 0.00122452
3 0.0315094 0.359375 0.0419617 0.664062 0.00121593
1 0.0216064 0.946533 0.0321045 0.0561523 0.00117302
2 0.54541 0.765625 0.202148 0.219727 0.00116825
13 0.0296173 0.819824 0.0259705 0.0888672 0.0011425
6 0.211914 0.970703 0.423828 0.0488281 0.00112247
2 0.0388184 0.505249 0.0383301 0.370361 0.00107384
1 0.161865 0.960449 0.29834 0.0654297 0.00107288
2 0.496582 0.735352 0.0292969 0.0976562 0.00102234
1 0.140259 0.92627 0.217041 0.137695 0.00100422
