2 0.842773 0.369995 0.135742 0.29126 0.888672
2 0.973877 0.0806885 0.0405273 0.108154 0.199707
2 0.78418 0.386719 0.0380859 0.155273 0.11615
13 0.0274811 0.79248 0.0176697 0.0732422 0.0830688
13 0.0267792 0.129517 0.0282288 0.171143 0.0667114
3 0.0431519 0.424438 0.0631104 0.766357 0.0651855
6 0.963379 0.946533 0.0693359 0.0756836 0.0502319
6 0.028244 0.940674 0.0480042 0.0834961 0.045166
2 0.839844 0.254639 0.121094 0.0429688 0.04422
2 0.0282745 0.794922 0.0213318 0.0810547 0.0411072
2 0.978516 0.0927734 0.0273438 0.105957 0.0405273
13 0.0266113 0.822754 0.0185547 0.111328 0.0388794
1 0.0345459 0.942871 0.0488281 0.0830078 0.029007
3 0.0528717 0.498169 0.0900574 0.970459 0.0289154
6 0.976318 0.939941 0.0473633 0.0849609 0.024292
2 0.835938 0.374939 0.216797 0.317505 0.0232697
13 0.984375 0.10498 0.0195312 0.0834961 0.0224762
13 0.978516 0.0927734 0.0273438 0.105957 0.0216827
6 0.0336914 0.16925 0.034668 0.268921 0.0203247
13 0.982422 0.132294 0.0234375 0.146545 0.0184479
2 0.982422 0.0974121 0.0195312 0.0881348 0.0183105
6 0.0494995 0.944824 0.0766602 0.0830078 0.0169373
1 0.0302734 0.931885 0.0324707 0.0776367 0.0166626
6 0.94458 0.953613 0.0932617 0.0693359 0.0155106
2 0.0267792 0.823242 0.0194397 0.112305 0.0139084
6 0.0344238 0.870361 0.0419922 0.228027 0.0136414
2 0.789062 0.39624 0.0488281 0.20459 0.0133667
13 0.983398 0.160492 0.0273438 0.215149 0.0127563
2 0.787109 0.245605 0.0175781 0.0317383 0.0123825
6 0.91626 0.954346 0.163574 0.0834961 0.0123291
13 0.973877 0.0804749 0.0405273 0.108093 0.0122757
1 0.840332 0.368896 0.135742 0.274902 0.0102844
6 0.0318604 0.115082 0.0386963 0.181458 0.0102005
1 0.96582 0.948486 0.0683594 0.0756836 0.00976562
6 0.0266724 0.915527 0.0335693 0.131836 0.00913239
2 0.779297 0.368408 0.03125 0.124512 0.0085907
2 0.0292511 0.775391 0.0219421 0.0996094 0.00831604
13 0.0239563 0.167053 0.0183716 0.130737 0.00830841
2 0.0251465 0.898193 0.0308838 0.184082 0.00799561
6 0.0365601 0.232971 0.0395508 0.414917 0.00771332
1 0.0482941 0.94458 0.0796814 0.0854492 0.00725174
2 0.0328369 0.867188 0.0369873 0.251953 0.00671005
6 0.974609 0.080658 0.0371094 0.105774 0.00654221
2 0.0292206 0.824219 0.0267639 0.203125 0.00637817
2 0.034668 0.939453 0.0510254 0.0859375 0.00634003
2 0.0302734 0.931885 0.0324707 0.0776367 0.00632858
2 0.0267792 0.129517 0.0282288 0.171143 0.00621033
4 0.841309 0.372559 0.135742 0.275391 0.00567627
2 0.841797 0.244385 0.113281 0.0405273 0.00562286
6 0.0302734 0.928711 0.0345459 0.0800781 0.00511551
3 0.0303345 0.868164 0.0383301 0.263672 0.00498199
3 0.0410309 0.273682 0.0490417 0.507324 0.00473785
1 0.947021 0.953369 0.0981445 0.0698242 0.00473022
2 0.983398 0.160492 0.0273438 0.215149 0.00466919
13 0.841309 0.365234 0.135742 0.277344 0.0046463
2 0.0438843 0.453369 0.0643311 0.843262 0.00447845
13 0.0301514 0.166199 0.0352783 0.283813 0.0043869
1 0.117035 0.959229 0.207336 0.081543 0.00379944
1 0.0273285 0.914062 0.0378723 0.104492 0.00356483
1 0.0327301 0.917236 0.0487976 0.144043 0.00353622
2 0.970703 0.109009 0.0371094 0.114502 0.00349426
3 0.0301514 0.166199 0.0352783 0.283813 0.00339317
14 0.840332 0.368896 0.135742 0.274902 0.00335693
13 0.0283966 0.766113 0.0202332 0.114258 0.00335503
9 0.840332 0.368896 0.135742 0.274902 0.00324249
6 0.975586 0.897705 0.0429688 0.181152 0.00323296
2 0.980225 0.122314 0.0258789 0.155762 0.00317764
2 0.892578 0.0130005 0.0273438 0.0233765 0.00305367
2 0.030426 0.703125 0.0250854 0.238281 0.00304031
13 0.0237427 0.188354 0.0149536 0.114502 0.00300598
6 0.982178 0.949463 0.0356445 0.0717773 0.00287247
13 0.0341797 0.102264 0.0372314 0.169495 0.00281143
13 0.0292206 0.824219 0.0267639 0.203125 0.0028019
1 0.0336914 0.16925 0.034668 0.268921 0.00279427
2 0.0252991 0.84375 0.0204468 0.167969 0.00279236
2 0.312012 0.0198212 0.027832 0.0284729 0.00274658
1 0.0856934 0.938721 0.13916 0.106934 0.00274086
2 0.844238 0.465088 0.104492 0.100098 0.00273132
6 0.0385284 0.916504 0.0618591 0.166992 0.00271797
6 0.982422 0.132294 0.0234375 0.146545 0.00265121
6 0.0686493 0.945801 0.123932 0.0869141 0.00263596
6 0.0415649 0.936035 0.0510254 0.0849609 0.00263214
2 0.972412 0.943604 0.0532227 0.0776367 0.00262642
1 0.974609 0.080658 0.0371094 0.105774 0.00255966
2 0.0351105 0.362305 0.0464783 0.668945 0.00246429
13 0.975586 0.170288 0.0351562 0.263916 0.00244141
2 0.777344 0.386353 0.0351562 0.187256 0.0023365
6 0.0202332 0.94043 0.0316772 0.0742188 0.00231171
6 0.843262 0.373291 0.137695 0.280762 0.00231171
6 0.117035 0.959229 0.207336 0.081543 0.00227928
3 0.0342407 0.940186 0.0483398 0.0864258 0.00224495
1 0.914795 0.956055 0.158691 0.0703125 0.00213623
1 0.144043 0.976074 0.250977 0.0478516 0.00213432
13 0.986328 0.130402 0.0214844 0.179626 0.00212288
13 0.0298462 0.939941 0.0407715 0.0810547 0.00209618
6 0.029892 0.0805206 0.0388489 0.0987244 0.00205231
7 0.843262 0.373291 0.137695 0.280762 0.00200844
1 0.0344238 0.870361 0.0419922 0.228027 0.00197983
6 0.955078 0.923096 0.0761719 0.147949 0.00196266
2 0.986328 0.101562 0.0175781 0.0725098 0.00193882
4 0.347168 0.526489 0.119141 0.61499 0.00188065
2 0.956299 0.0819092 0.065918 0.107666 0.00186348
5 0.840332 0.368896 0.135742 0.274902 0.00183678
13 0.0292664 0.0843201 0.0239868 0.0750122 0.00182438
16 0.843262 0.373291 0.137695 0.280762 0.0018158
19 0.843262 0.373291 0.137695 0.280762 0.00180149
6 0.98584 0.937256 0.0283203 0.0825195 0.00178623
2 0.792969 0.247314 0.0283203 0.0317383 0.00177574
12 0.840332 0.368896 0.135742 0.274902 0.00177383
10 0.840332 0.368896 0.135742 0.274902 0.00177383
13 0.0220337 0.821289 0.0181274 0.117188 0.00177002
15 0.840332 0.368896 0.135742 0.274902 0.00175858
2 0.0301514 0.166199 0.0352783 0.283813 0.00174809
3 0.840332 0.368896 0.135742 0.274902 0.00174522
1 0.172485 0.953613 0.344971 0.0849609 0.0017395
3 0.0266724 0.915527 0.0335693 0.131836 0.00173855
17 0.840332 0.368896 0.135742 0.274902 0.00169086
11 0.843262 0.373291 0.137695 0.280762 0.00168705
6 0.974365 0.956543 0.0512695 0.0732422 0.00166798
6 0.0991211 0.947021 0.151611 0.0961914 0.00163555
8 0.840332 0.368896 0.135742 0.274902 0.0015955
2 0.839355 0.424438 0.123047 0.172607 0.00159454
0 0.843262 0.373291 0.137695 0.280762 0.00159073
18 0.840332 0.368896 0.135742 0.274902 0.00158978
2 0.783691 0.241211 0.0175781 0.0317383 0.00150394
6 0.03302 0.149139 0.0490723 0.21344 0.00150299
3 0.97583 0.947998 0.0483398 0.074707 0.00149536
1 0.0699158 0.953125 0.123352 0.0859375 0.00149155
1 0.0365601 0.232971 0.0395508 0.414917 0.0014782
3 0.962891 0.946289 0.0625 0.0761719 0.00142384
6 0.0254669 0.888672 0.0306091 0.214844 0.00134087
6 0.0397949 0.956299 0.0570068 0.0874023 0.00132656
2 0.0273285 0.914062 0.0378723 0.104492 0.00131893
1 0.982422 0.132294 0.0234375 0.146545 0.00131035
2 0.785645 0.385498 0.0351562 0.0942383 0.00129795
2 0.799316 0.364685 0.0634766 0.293091 0.00129318
2 0.0281677 0.79541 0.0326538 0.107422 0.00127602
2 0.0343628 0.911133 0.0421143 0.134766 0.00126553
13 0.892578 0.0130005 0.0273438 0.0233765 0.0012579
2 0.476074 0.0196381 0.0351562 0.0271301 0.00125408
3 0.0325317 0.113251 0.0373535 0.188049 0.00125027
1 0.849609 0.462524 0.109375 0.102295 0.00122833
1 0.976318 0.939941 0.0473633 0.0849609 0.00122643
6 0.144043 0.976074 0.250977 0.0478516 0.00121403
1 0.143585 0.940918 0.245056 0.118164 0.0012064
1 0.835938 0.374939 0.216797 0.317505 0.00117397
13 0.986328 0.092865 0.0175781 0.0586548 0.00116825
2 0.785645 0.243408 0.0302734 0.034668 0.00112724
6 0.930176 0.965088 0.124023 0.0561523 0.00110912
13 0.963379 0.946533 0.0693359 0.0756836 0.00103474
13 0.930176 0.946777 0.133789 0.0810547 0.00100231
