2 0.520142 0.314941 0.276123 0.0800781 0.708496
2 0.505859 0.276855 0.301758 0.158203 0.513672
2 0.522461 0.0137177 0.0263672 0.0274353 0.251465
2 0.392578 0.244629 0.081543 0.197266 0.178223
6 0.0414276 0.942871 0.0721741 0.0810547 0.129639
2 0.462891 0.247131 0.210938 0.202026 0.100708
6 0.0693359 0.947754 0.127686 0.0830078 0.095459
3 0.953857 0.505127 0.0922852 0.974121 0.0604553
2 0.379883 0.229004 0.0556641 0.172363 0.0563354
6 0.030304 0.929199 0.0524292 0.112305 0.048584
2 0.03125 0.935547 0.0354004 0.0703125 0.0461426
2 0.981689 0.137085 0.0327148 0.19751 0.0451965
6 0.03125 0.935303 0.0404053 0.0688477 0.0372009
1 0.0359344 0.938721 0.0563049 0.0991211 0.0330505
6 0.979492 0.133514 0.0371094 0.200256 0.0295715
1 0.0963135 0.951172 0.174805 0.0859375 0.0244598
3 0.961914 0.336304 0.0742188 0.651611 0.0216064
2 0.492188 0.247803 0.299805 0.246094 0.019455
1 0.03125 0.935303 0.0404053 0.0688477 0.0150452
2 0.522461 0.0173035 0.0410156 0.0331421 0.0141068
1 0.0676727 0.95752 0.110992 0.0791016 0.0139694
2 0.851562 0.0169678 0.0253906 0.0324707 0.013855
6 0.0505371 0.926758 0.0792236 0.142578 0.0128632
6 0.106171 0.958984 0.200256 0.0820312 0.0123672
1 0.051239 0.947266 0.0903931 0.0878906 0.0122223
2 0.511719 0.0147095 0.046875 0.0294189 0.0119247
2 0.478516 0.301025 0.295898 0.114746 0.0119019
2 0.0235748 0.906738 0.0265808 0.18457 0.0115814
2 0.413208 0.256348 0.115967 0.197754 0.0112991
1 0.123657 0.958252 0.222412 0.0834961 0.0101471
13 0.981445 0.136475 0.0332031 0.194336 0.0100479
2 0.0286713 0.771973 0.0202942 0.0761719 0.00983429
6 0.0250549 0.918945 0.0342407 0.144531 0.00952148
6 0.0469513 0.957275 0.0862732 0.0737305 0.00904083
4 0.499512 0.255615 0.295898 0.239746 0.00805664
6 0.0278625 0.0700684 0.0409546 0.110107 0.00798798
13 0.0240479 0.0943604 0.024292 0.119873 0.0075798
1 0.521973 0.0137024 0.0253906 0.0274048 0.00684357
6 0.039505 0.9021 0.0555115 0.184082 0.00659943
2 0.50769 0.317139 0.29126 0.161621 0.00652695
3 0.0422363 0.943115 0.0631104 0.0864258 0.0060997
1 0.520996 0.314209 0.265625 0.0839844 0.00592041
2 0.0283813 0.791992 0.022583 0.114258 0.00559235
13 0.0280762 0.790527 0.020752 0.101562 0.00545502
2 0.0270386 0.65625 0.0178223 0.0732422 0.00514603
2 0.330811 0.013443 0.0288086 0.026886 0.00508881
2 0.0371094 0.865723 0.0446777 0.256836 0.00494385
2 0.0359344 0.938721 0.0563049 0.0991211 0.00481796
2 0.0287628 0.640625 0.0208435 0.0712891 0.00448227
2 0.0283203 0.92041 0.0378418 0.0917969 0.00433731
1 0.499512 0.255615 0.295898 0.239746 0.00424194
6 0.0258331 0.0824585 0.030365 0.098999 0.00423813
2 0.561523 0.312256 0.166992 0.0805664 0.0041275
1 0.0300903 0.919922 0.0441895 0.142578 0.00410461
4 0.980469 0.133942 0.0351562 0.198914 0.00408936
2 0.0278473 0.617188 0.0218201 0.12793 0.00400162
2 0.0251312 0.883789 0.0204163 0.162109 0.00374985
4 0.0702667 0.94165 0.118988 0.103027 0.00374222
3 0.981445 0.132019 0.0332031 0.210571 0.0037384
1 0.16333 0.955566 0.32666 0.0791016 0.00356674
2 0.851562 0.0183716 0.0410156 0.0354004 0.00325966
2 0.372803 0.212402 0.0483398 0.134277 0.00305367
3 0.0390167 0.329346 0.0467224 0.604004 0.00304604
3 0.029953 0.929688 0.0480042 0.113281 0.00299835
13 0.0282135 0.773438 0.0177917 0.0712891 0.00298882
2 0.333984 0.0150604 0.0424805 0.0301208 0.00292206
13 0.0377197 0.945801 0.0584717 0.0830078 0.00282669
2 0.554688 0.0140991 0.104492 0.027771 0.00278664
6 0.145752 0.951172 0.268555 0.0976562 0.00277328
3 0.0619812 0.945801 0.100159 0.0986328 0.00265121
2 0.44104 0.0177917 0.217529 0.0355835 0.00256729
2 0.0290527 0.760254 0.0167236 0.0585938 0.00254059
6 0.0208588 0.941406 0.0359192 0.0761719 0.00250244
6 0.982422 0.947021 0.0351562 0.0551758 0.00238991
19 0.320923 0.486694 0.510498 0.706299 0.00231934
1 0.039505 0.9021 0.0555115 0.184082 0.00226212
2 0.032547 0.82959 0.0330505 0.290039 0.00216293
1 0.0224609 0.936523 0.0291748 0.0634766 0.00207901
13 0.0251312 0.883789 0.0204163 0.162109 0.00205803
2 0.323486 0.0166626 0.0395508 0.0327148 0.0020504
13 0.499512 0.255615 0.295898 0.239746 0.00204659
6 0.499512 0.255615 0.295898 0.239746 0.0019455
13 0.0708618 0.947266 0.126343 0.0898438 0.00194263
1 0.980713 0.145081 0.0366211 0.213745 0.00193501
6 0.0827026 0.932617 0.131226 0.134766 0.00190926
19 0.499512 0.255615 0.295898 0.239746 0.00190067
2 0.0284729 0.739746 0.0202026 0.118164 0.00185394
13 0.0292053 0.823242 0.0292358 0.266602 0.00184631
2 0.807129 0.365234 0.03125 0.0839844 0.00184536
13 0.518555 0.31665 0.271484 0.0825195 0.00183678
2 0.498047 0.0136261 0.0869141 0.0272522 0.00180912
2 0.0258789 0.870605 0.0186768 0.0986328 0.00173664
1 0.953857 0.505127 0.0922852 0.974121 0.00173283
1 0.0305023 0.0800629 0.0400696 0.107208 0.0016737
14 0.520508 0.0137787 0.0263672 0.0275574 0.0016489
4 0.0414886 0.938477 0.0632629 0.0976562 0.00163746
19 0.686401 0.439453 0.508057 0.625977 0.00162506
19 0.456543 0.533569 0.763672 0.735596 0.00162125
2 0.540039 0.0183105 0.0644531 0.0333252 0.00158501
2 0.0981445 0.955566 0.194092 0.0888672 0.00157738
2 0.051239 0.947266 0.0903931 0.0878906 0.00157166
3 0.0250549 0.918945 0.0342407 0.144531 0.00155067
13 0.0302734 0.9375 0.036377 0.0683594 0.00152779
2 0.858887 0.0146484 0.0400391 0.0286865 0.00151253
19 0.750488 0.376587 0.34082 0.584717 0.00150108
9 0.499512 0.255615 0.295898 0.239746 0.00148392
8 0.499512 0.255615 0.295898 0.239746 0.00148392
11 0.499512 0.255615 0.295898 0.239746 0.00146103
2 0.959961 0.459839 0.0800781 0.908447 0.00146103
6 0.977539 0.0757294 0.0371094 0.108551 0.00144196
16 0.499512 0.255615 0.295898 0.239746 0.00143909
1 0.0827026 0.932617 0.131226 0.134766 0.00143433
2 0.0298462 0.918701 0.0439453 0.150879 0.00139236
4 0.750488 0.376587 0.34082 0.584717 0.00137997
4 0.320923 0.486694 0.510498 0.706299 0.00137997
7 0.499512 0.255615 0.295898 0.239746 0.00137901
18 0.499512 0.255615 0.295898 0.239746 0.00135231
6 0.0274658 0.958252 0.0549316 0.081543 0.00135136
14 0.499512 0.255615 0.295898 0.239746 0.00133133
2 0.0224609 0.936523 0.0291748 0.0634766 0.00130558
4 0.506836 0.297119 0.292969 0.121094 0.00130367
6 0.110229 0.938232 0.213623 0.123535 0.00130081
10 0.499512 0.255615 0.295898 0.239746 0.00127983
17 0.499512 0.255615 0.295898 0.239746 0.00127983
2 0.569336 0.0147705 0.175781 0.029541 0.00127792
19 0.56604 0.509277 0.641357 0.59082 0.00121403
3 0.03125 0.935303 0.0404053 0.0688477 0.00120926
2 0.527832 0.290527 0.272461 0.105469 0.0011797
2 0.841309 0.0192261 0.0419922 0.0380859 0.00114822
2 0.361084 0.230408 0.050293 0.17981 0.00114536
15 0.499512 0.255615 0.295898 0.239746 0.00113106
3 0.499512 0.255615 0.295898 0.239746 0.00110912
2 0.982422 0.945068 0.03125 0.0571289 0.00110817
13 0.0258789 0.870605 0.0186768 0.0986328 0.00110531
3 0.970215 0.266724 0.0595703 0.503662 0.0011034
3 0.0278625 0.0700684 0.0409546 0.110107 0.00109577
6 0.953857 0.505127 0.0922852 0.974121 0.00108337
0 0.499512 0.255615 0.295898 0.239746 0.00107956
5 0.499512 0.255615 0.295898 0.239746 0.00107574
2 0.535645 0.0144043 0.046875 0.0288086 0.00105953
2 0.0273895 0.48877 0.0243225 0.238281 0.0010519
2 0.0283203 0.880127 0.0314941 0.206543 0.00104713
13 0.953857 0.505127 0.0922852 0.974121 0.00102615
