2 0.433838 0.781738 0.214355 0.273438 0.86377
2 0.361816 0.769043 0.074707 0.0917969 0.0767822
1 0.430786 0.783691 0.2146 0.290039 0.0700073
6 0.977539 0.931885 0.0429688 0.106934 0.0335693
2 0.423584 0.833984 0.187012 0.205078 0.0278778
6 0.0357056 0.945312 0.0551758 0.0742188 0.0247803
6 0.0296631 0.923584 0.0541992 0.111816 0.0170898
6 0.973633 0.949219 0.0488281 0.0761719 0.0164795
3 0.037796 0.251099 0.0455017 0.4646 0.0157623
4 0.430786 0.783691 0.2146 0.290039 0.0151978
6 0.977295 0.893799 0.043457 0.188965 0.0145569
1 0.97876 0.130981 0.034668 0.230225 0.0136108
2 0.409668 0.718262 0.223633 0.319336 0.0127792
6 0.981689 0.944824 0.0366211 0.0732422 0.0117493
6 0.0490875 0.949951 0.084198 0.0727539 0.0112
1 0.357178 0.765137 0.0727539 0.0869141 0.0109711
1 0.0366821 0.948242 0.0578613 0.0722656 0.0108719
6 0.0354614 0.89502 0.0595703 0.209961 0.0106888
6 0.037796 0.251099 0.0455017 0.4646 0.0102386
6 0.0847473 0.961914 0.156677 0.0625 0.00952148
2 0.36377 0.772461 0.0864258 0.148438 0.00731277
6 0.0730286 0.95166 0.120544 0.0732422 0.00723648
6 0.429932 0.780762 0.212402 0.283203 0.00710297
6 0.0332642 0.176819 0.0371094 0.308472 0.00704956
1 0.973633 0.949219 0.0488281 0.0761719 0.0059433
13 0.430786 0.783691 0.2146 0.290039 0.00582504
3 0.0404663 0.865234 0.0665283 0.220703 0.00569916
2 0.353027 0.763184 0.0595703 0.0712891 0.00556183
14 0.430786 0.783691 0.2146 0.290039 0.00534439
13 0.97876 0.11673 0.0307617 0.190369 0.00495911
19 0.429932 0.780762 0.212402 0.283203 0.00491333
6 0.041748 0.846191 0.0618896 0.280273 0.00481415
9 0.429932 0.780762 0.212402 0.283203 0.00451279
3 0.0452271 0.372681 0.0622559 0.739014 0.00439072
11 0.430786 0.783691 0.2146 0.290039 0.00432205
2 0.436523 0.726562 0.225586 0.143555 0.00427628
1 0.911865 0.943359 0.154785 0.113281 0.00426102
1 0.0350342 0.926758 0.0640869 0.0976562 0.00424957
16 0.430786 0.783691 0.2146 0.290039 0.00415421
18 0.430786 0.783691 0.2146 0.290039 0.00413895
2 0.463623 0.671997 0.343262 0.525146 0.00401688
3 0.430786 0.783691 0.2146 0.290039 0.00392151
2 0.0318604 0.944336 0.0491943 0.0742188 0.00391006
3 0.0427856 0.800537 0.05896 0.369629 0.00388718
7 0.429932 0.780762 0.212402 0.283203 0.00386429
2 0.434082 0.774902 0.209961 0.15332 0.00385666
2 0.975586 0.943115 0.046875 0.0844727 0.00384712
10 0.429932 0.780762 0.212402 0.283203 0.00373268
2 0.443604 0.869141 0.148926 0.113281 0.00373077
17 0.430786 0.783691 0.2146 0.290039 0.00370026
3 0.0293274 0.933105 0.0474243 0.106445 0.00365639
8 0.429932 0.780762 0.212402 0.283203 0.00356293
5 0.430786 0.783691 0.2146 0.290039 0.00355721
0 0.430786 0.783691 0.2146 0.290039 0.0035305
2 0.371582 0.817871 0.0864258 0.157227 0.00345612
3 0.0462036 0.496094 0.0924072 0.978516 0.00341606
15 0.430786 0.783691 0.2146 0.290039 0.00339508
12 0.430786 0.783691 0.2146 0.290039 0.00331879
1 0.0739136 0.952881 0.133911 0.0708008 0.00315666
2 0.467285 0.782227 0.12793 0.270508 0.00306702
3 0.0290222 0.17041 0.0388794 0.312988 0.00299644
1 0.967285 0.930908 0.0537109 0.11084 0.0029335
6 0.954834 0.949707 0.0786133 0.0908203 0.0028286
1 0.973633 0.89917 0.0410156 0.17041 0.00269318
1 0.127594 0.958008 0.239929 0.0683594 0.00265694
1 0.03125 0.942383 0.039917 0.0664062 0.00247955
1 0.0482788 0.874512 0.0825195 0.22168 0.00243378
1 0.36377 0.769043 0.0727539 0.137695 0.00239372
1 0.037796 0.251099 0.0455017 0.4646 0.00235558
2 0.386719 0.775391 0.108398 0.129883 0.00228882
2 0.23877 0.371826 0.03125 0.0981445 0.00214195
2 0.419922 0.77832 0.18457 0.101562 0.00209999
6 0.915283 0.950195 0.169434 0.0878906 0.00201416
6 0.981934 0.914307 0.0361328 0.151855 0.00199699
6 0.979736 0.0844421 0.0327148 0.141174 0.00197983
6 0.0393677 0.910156 0.059082 0.130859 0.00194645
2 0.478149 0.756348 0.095459 0.210938 0.00192642
1 0.0667725 0.93042 0.113037 0.111816 0.00188732
1 0.098175 0.947998 0.159607 0.0961914 0.00183964
4 0.40625 0.717285 0.231445 0.326172 0.00183678
13 0.981445 0.116241 0.0214844 0.131775 0.0018034
19 0.637207 0.628906 0.416992 0.551758 0.00179577
3 0.0366821 0.948242 0.0578613 0.0722656 0.00177002
19 0.309692 0.633789 0.472412 0.541992 0.00177002
6 0.0276794 0.126678 0.0291138 0.214905 0.00176907
3 0.977539 0.94873 0.0429688 0.0771484 0.00173473
3 0.976807 0.893311 0.0405273 0.195801 0.00170994
4 0.466064 0.672241 0.314941 0.493408 0.00166607
19 0.67041 0.604004 0.59375 0.695312 0.00158119
1 0.878662 0.957764 0.221191 0.0844727 0.00154305
3 0.973633 0.918213 0.0429688 0.122559 0.00154018
6 0.123016 0.956055 0.216858 0.0859375 0.00150108
19 0.381348 0.550293 0.500977 0.575195 0.00149632
2 0.506348 0.708008 0.0527344 0.120117 0.00149536
1 0.03685 0.893555 0.0596008 0.181641 0.00148487
6 0.052002 0.931152 0.0942383 0.118164 0.00146198
3 0.0299683 0.837646 0.0544434 0.303223 0.00144863
2 0.977783 0.13092 0.0366211 0.237183 0.00144577
2 0.973633 0.918213 0.0429688 0.122559 0.00144386
2 0.578125 0.393799 0.0244141 0.0566406 0.00139904
6 0.977295 0.129913 0.0317383 0.204529 0.00139332
19 0.692871 0.745361 0.421875 0.476074 0.0013237
1 0.100586 0.967285 0.172607 0.0654297 0.00131798
8 0.258362 0.686401 0.44812 0.547119 0.00131035
3 0.0289459 0.890869 0.0505066 0.183105 0.00129414
2 0.474731 0.699219 0.181396 0.34375 0.00127983
1 0.0511932 0.953613 0.084137 0.0673828 0.00127506
4 0.037796 0.251099 0.0455017 0.4646 0.00126362
8 0.67041 0.604004 0.59375 0.695312 0.00125217
8 0.384644 0.595093 0.525635 0.565674 0.00125217
2 0.405273 0.70752 0.324219 0.407227 0.00124359
1 0.976562 0.931885 0.0332031 0.10498 0.00123119
3 0.0366821 0.918213 0.0678711 0.157715 0.00121975
6 0.924072 0.960938 0.130371 0.0742188 0.00121593
4 0.258362 0.686401 0.44812 0.547119 0.00118446
6 0.969971 0.881592 0.0541992 0.236816 0.00117016
8 0.689941 0.693359 0.455078 0.540039 0.00116539
2 0.490234 0.398682 0.0195312 0.0610352 0.00115871
2 0.0410156 0.312256 0.0495605 0.58252 0.00112152
1 0.0332642 0.176819 0.0371094 0.308472 0.00111294
19 0.505493 0.609253 0.39917 0.543213 0.00108528
6 0.0204163 0.912354 0.0408325 0.153809 0.00107193
2 0.436279 0.846191 0.183105 0.132812 0.00107002
3 0.979736 0.0844421 0.0327148 0.141174 0.00106907
19 0.536011 0.600464 0.625244 0.617432 0.00106239
2 0.0484009 0.949707 0.0856934 0.0751953 0.00105476
2 0.503418 0.0157471 0.0410156 0.0300293 0.00105381
2 0.50293 0.736328 0.0644531 0.167969 0.00105095
1 0.0257874 0.143494 0.0332642 0.272583 0.00102329
6 0.0616302 0.890869 0.10965 0.218262 0.00102234
2 0.0293121 0.921143 0.054657 0.106934 0.00101948
6 0.0279846 0.958984 0.055603 0.0625 0.00101566
