2 0.379883 0.198486 0.0805664 0.216309 0.716797
2 0.536133 0.225525 0.387695 0.162231 0.493164
2 0.379883 0.151001 0.0732422 0.121338 0.380859
2 0.677734 0.175537 0.0996094 0.0598145 0.112244
2 0.981201 0.175934 0.0258789 0.212585 0.0800171
6 0.0243225 0.91626 0.0440063 0.126465 0.0424805
2 0.979492 0.170776 0.0332031 0.28833 0.0334473
3 0.035141 0.347656 0.0676575 0.695312 0.030014
2 0.48584 0.166443 0.291992 0.180786 0.0168304
3 0.0390015 0.245056 0.0646973 0.462036 0.0150528
2 0.413696 0.211304 0.138428 0.177979 0.0140152
6 0.0384521 0.0904541 0.0560303 0.180908 0.0131912
3 0.0496368 0.491211 0.0916443 0.982422 0.0129852
6 0.97998 0.941406 0.0400391 0.0761719 0.0116806
3 0.969971 0.257568 0.050293 0.483887 0.0105362
2 0.420044 0.25293 0.140381 0.0893555 0.0101471
6 0.0351562 0.937256 0.0567627 0.0883789 0.00888062
2 0.412354 0.197784 0.185059 0.236755 0.0086441
3 0.966064 0.459961 0.0678711 0.919922 0.00853729
6 0.0845947 0.960449 0.1521 0.0478516 0.00817871
3 0.97583 0.139862 0.0463867 0.249573 0.00817108
3 0.0268555 0.912109 0.0408936 0.152344 0.00785065
6 0.97583 0.139862 0.0463867 0.249573 0.00770187
2 0.0234375 0.92041 0.0212402 0.0751953 0.00723648
2 0.971924 0.145203 0.050293 0.269165 0.00661469
2 0.982422 0.132477 0.0273438 0.129089 0.00593567
6 0.0314941 0.894043 0.053833 0.15918 0.00592041
1 0.0214844 0.916504 0.0296631 0.0849609 0.0056076
6 0.969727 0.86377 0.0527344 0.233398 0.00508499
3 0.0384521 0.0904541 0.0560303 0.180908 0.00499725
4 0.381104 0.197662 0.0878906 0.214539 0.00460434
3 0.03302 0.861084 0.0565186 0.221191 0.00454712
3 0.0214691 0.914062 0.0342102 0.0947266 0.00437164
3 0.969727 0.86377 0.0527344 0.233398 0.00416946
13 0.982422 0.175964 0.0253906 0.210571 0.00400543
6 0.0253906 0.919922 0.0267334 0.0839844 0.00382042
6 0.0704346 0.950684 0.118408 0.0654297 0.00380898
13 0.382324 0.200409 0.0825195 0.214417 0.00365067
2 0.383057 0.200195 0.0761719 0.134277 0.00340271
4 0.535156 0.223389 0.379883 0.166504 0.00333786
3 0.970459 0.17749 0.059082 0.316895 0.00328255
6 0.0259399 0.866211 0.0460205 0.230469 0.00323486
2 0.664551 0.177002 0.134766 0.0786133 0.00309944
2 0.0285645 0.0997009 0.0367432 0.172668 0.00302696
2 0.985352 0.168365 0.0253906 0.164246 0.0030117
3 0.0186768 0.899414 0.0328369 0.162109 0.00300789
2 0.546997 0.22113 0.392334 0.2677 0.00296021
6 0.0284424 0.935547 0.0321045 0.0917969 0.00274467
2 0.503906 0.260803 0.408203 0.181519 0.00268555
2 0.0214691 0.914062 0.0342102 0.0947266 0.00261688
3 0.97876 0.934326 0.0424805 0.0883789 0.00247383
3 0.0379639 0.149902 0.0681152 0.255371 0.00245857
1 0.0285645 0.0997009 0.0367432 0.172668 0.00244713
2 0.443481 0.298584 0.409912 0.311035 0.00244522
3 0.9729 0.922119 0.050293 0.097168 0.00235558
2 0.979736 0.101593 0.0385742 0.174744 0.00234604
1 0.0244141 0.92334 0.0209961 0.0683594 0.00230217
2 0.97998 0.941406 0.0400391 0.0761719 0.002285
3 0.978516 0.893066 0.0429688 0.168945 0.00223541
3 0.0330658 0.931152 0.045929 0.106445 0.00222397
13 0.973389 0.183655 0.0415039 0.325073 0.0022068
2 0.474609 0.2453 0.302734 0.0933838 0.0021534
1 0.435059 0.648438 0.172852 0.0488281 0.00214958
6 0.980469 0.115265 0.0332031 0.175232 0.00214767
1 0.380127 0.199463 0.0854492 0.213379 0.00214195
6 0.0384674 0.0555115 0.0627136 0.102844 0.00211525
6 0.0519867 0.945557 0.0796204 0.0776367 0.00208092
2 0.509277 0.30957 0.439453 0.423828 0.00204086
2 0.52832 0.160461 0.415039 0.252319 0.00197601
13 0.535156 0.223389 0.379883 0.166504 0.00196838
2 0.54248 0.0303955 0.124023 0.0307617 0.00192642
1 0.53418 0.217407 0.387695 0.173096 0.0019083
1 0.973633 0.144592 0.0449219 0.279175 0.00188923
6 0.0348511 0.918213 0.067749 0.149902 0.00184155
6 0.016098 0.88916 0.0312805 0.182617 0.00181389
6 0.95459 0.0353851 0.0654297 0.0664368 0.00177956
4 0.380371 0.14917 0.0810547 0.120361 0.00177574
2 0.362549 0.181915 0.0688477 0.182068 0.00173187
2 0.0243225 0.91626 0.0440063 0.126465 0.00172234
3 0.960938 0.32373 0.0761719 0.647461 0.00169849
1 0.939941 0.0335693 0.106445 0.0622559 0.00168896
3 0.0357056 0.906006 0.0594482 0.187988 0.00168896
6 0.969727 0.0812683 0.0527344 0.139709 0.001688
2 0.6875 0.165283 0.103516 0.0532227 0.00159264
9 0.380127 0.199463 0.0854492 0.213379 0.00155735
2 0.522949 0.230957 0.390625 0.0961914 0.0015173
1 0.0354614 0.884277 0.0546875 0.18457 0.00150394
13 0.379395 0.151978 0.0732422 0.119629 0.00148392
13 0.67627 0.174683 0.100586 0.0595703 0.00147533
2 0.967773 0.288208 0.046875 0.529053 0.00146389
3 0.0376587 0.796143 0.0605469 0.374512 0.00140381
2 0.589844 0.188965 0.266602 0.0932617 0.00135326
14 0.380127 0.199463 0.0854492 0.213379 0.00134754
6 0.968018 0.036377 0.0463867 0.067627 0.00132942
6 0.968994 0.949463 0.0620117 0.0698242 0.0013237
1 0.0375824 0.103912 0.0593567 0.200378 0.00126743
2 0.716309 0.0352783 0.414062 0.0548096 0.00125599
2 0.394531 0.172241 0.0991211 0.17749 0.00125504
19 0.560547 0.50061 0.421875 0.688232 0.00124836
2 0.974609 0.190521 0.0234375 0.204895 0.00123787
3 0.942383 0.505493 0.101562 0.981201 0.00121498
6 0.9729 0.922119 0.050293 0.097168 0.00121212
19 0.564453 0.835449 0.697266 0.329102 0.00121212
1 0.566284 0.837646 0.746338 0.324707 0.00119781
2 0.435059 0.648438 0.172852 0.0488281 0.00118065
2 0.986328 0.197937 0.0273438 0.259399 0.0011797
3 0.380127 0.199463 0.0854492 0.213379 0.00114441
6 0.0355835 0.927734 0.0383301 0.0917969 0.0011301
3 0.0536041 0.305664 0.0932312 0.611328 0.00111961
6 0.0656738 0.928467 0.11792 0.0922852 0.00111294
13 0.0285645 0.0997009 0.0367432 0.172668 0.00110912
19 0.382324 0.200409 0.0825195 0.214417 0.00109768
6 0.978516 0.887207 0.0429688 0.172852 0.00109768
8 0.382324 0.200409 0.0825195 0.214417 0.00109768
6 0.380127 0.199463 0.0854492 0.213379 0.00109196
7 0.382324 0.200409 0.0825195 0.214417 0.00108051
19 0.320801 0.455811 0.641602 0.76709 0.00107574
1 0.975586 0.948975 0.0488281 0.0708008 0.00107002
2 0.983398 0.101654 0.0253906 0.145813 0.00103378
1 0.978271 0.939697 0.0297852 0.0854492 0.00103283
4 0.589722 0.505981 0.580322 0.855225 0.00102043
16 0.382324 0.200409 0.0825195 0.214417 0.00101185
