2 0.144043 0.226074 0.162109 0.19043 0.821289
2 0.088623 0.237061 0.0515137 0.1875 0.748535
14 0.171997 0.221252 0.101318 0.178589 0.641113
14 0.142517 0.220215 0.157349 0.188477 0.145874
6 0.977295 0.0880737 0.0395508 0.161499 0.120117
6 0.021759 0.911377 0.0435181 0.134277 0.104431
6 0.962646 0.946533 0.0551758 0.0795898 0.100647
2 0.112915 0.229065 0.0917969 0.194214 0.0949707
6 0.969482 0.932861 0.0454102 0.101074 0.0673218
6 0.948486 0.948975 0.0776367 0.0883789 0.0505676
2 0.170166 0.219543 0.103516 0.175171 0.0473022
9 0.170166 0.219543 0.103516 0.175171 0.0458069
1 0.964844 0.95166 0.0488281 0.0771484 0.0447693
6 0.919434 0.956787 0.133789 0.0844727 0.036499
6 0.969482 0.0754089 0.043457 0.142151 0.0336609
1 0.170227 0.221436 0.101929 0.185547 0.0302429
1 0.271362 0.932373 0.54126 0.0981445 0.0265656
1 0.964355 0.933594 0.0576172 0.0878906 0.024704
6 0.0257568 0.929443 0.0389404 0.0981445 0.0242004
6 0.966797 0.908203 0.0527344 0.142578 0.0216064
1 0.139191 0.223389 0.154236 0.189941 0.0193787
1 0.413086 0.924316 0.826172 0.102539 0.0169373
13 0.168945 0.220215 0.101074 0.192871 0.0150146
6 0.0310364 0.937988 0.0620728 0.0810547 0.0144577
1 0.147034 0.921387 0.292847 0.0986328 0.0140228
1 0.943604 0.941162 0.0874023 0.0981445 0.0119705
13 0.142395 0.226074 0.161499 0.188477 0.0116119
2 0.0225677 0.899902 0.0339661 0.161133 0.011467
3 0.965576 0.940674 0.0532227 0.0913086 0.0112991
6 0.951172 0.925537 0.0742188 0.109863 0.0100632
9 0.142395 0.226074 0.161499 0.188477 0.0100327
1 0.913818 0.941162 0.14502 0.104004 0.00972748
2 0.0889587 0.242676 0.0496216 0.0957031 0.00960541
3 0.977783 0.101715 0.034668 0.189148 0.00932312
13 0.022583 0.0949707 0.0252686 0.168457 0.00881195
6 0.0228271 0.0827637 0.026001 0.133057 0.0087204
4 0.170227 0.221436 0.101929 0.185547 0.00840759
2 0.0247803 0.918945 0.0303955 0.0830078 0.00829315
3 0.0293884 0.0665436 0.0587769 0.117157 0.00794983
12 0.170227 0.221436 0.101929 0.185547 0.00772095
6 0.973633 0.937988 0.0332031 0.0791016 0.00762177
7 0.171997 0.221252 0.101318 0.178589 0.00757599
10 0.170227 0.221436 0.101929 0.185547 0.00751877
11 0.170227 0.221436 0.101929 0.185547 0.00751877
16 0.170227 0.221436 0.101929 0.185547 0.00734711
8 0.168945 0.21875 0.0942383 0.178711 0.00711441
6 0.170227 0.221436 0.101929 0.185547 0.00709152
0 0.170227 0.221436 0.101929 0.185547 0.00671768
5 0.170227 0.221436 0.101929 0.185547 0.00669479
1 0.0262146 0.916992 0.0466919 0.119141 0.0065918
3 0.021698 0.910156 0.0396118 0.136719 0.00647736
18 0.170227 0.221436 0.101929 0.185547 0.00624084
6 0.9646 0.868408 0.0551758 0.214355 0.00615692
15 0.170227 0.221436 0.101929 0.185547 0.00608063
6 0.961182 0.0608063 0.0678711 0.114227 0.00596237
17 0.170227 0.221436 0.101929 0.185547 0.00595856
2 0.962646 0.946533 0.0551758 0.0795898 0.00574875
4 0.139191 0.223389 0.154236 0.189941 0.00566101
2 0.171387 0.214722 0.299805 0.249756 0.00532913
2 0.587402 0.507324 0.0146484 0.0556641 0.00531006
19 0.169678 0.220703 0.0991211 0.179688 0.00513458
6 0.0538177 0.944336 0.0993958 0.0839844 0.00489807
7 0.142395 0.226074 0.161499 0.188477 0.00443268
3 0.170227 0.221436 0.101929 0.185547 0.00432205
1 0.976318 0.0888977 0.0336914 0.159607 0.0042038
2 0.969482 0.932861 0.0454102 0.101074 0.00403976
6 0.969727 0.957275 0.0488281 0.081543 0.00397873
8 0.142395 0.226074 0.161499 0.188477 0.00382423
6 0.980225 0.081604 0.027832 0.135132 0.00375557
3 0.0263672 0.10791 0.0389404 0.208984 0.00354958
3 0.957031 0.466553 0.0859375 0.895996 0.00354385
2 0.0224609 0.910645 0.0449219 0.124023 0.00346184
6 0.956055 0.898438 0.0625 0.177734 0.00344467
6 0.0150757 0.888672 0.0263672 0.15625 0.0034256
3 0.948486 0.948975 0.0776367 0.0883789 0.00320816
3 0.0228271 0.0827637 0.026001 0.133057 0.00320244
2 0.0801392 0.26123 0.0435791 0.149902 0.0031929
6 0.97168 0.128387 0.0429688 0.24469 0.00318718
4 0.929199 0.94165 0.116211 0.106934 0.00318146
6 0.144012 0.224121 0.16803 0.194824 0.00317192
19 0.142395 0.226074 0.161499 0.188477 0.00316048
13 0.974854 0.0799561 0.0385742 0.147705 0.00309753
3 0.966797 0.908203 0.0527344 0.142578 0.00297546
2 0.896729 0.943848 0.175293 0.104492 0.00295448
3 0.973389 0.0723572 0.0395508 0.128723 0.00291252
2 0.977295 0.0880737 0.0395508 0.161499 0.00290489
13 0.963379 0.938721 0.0498047 0.0874023 0.00285721
2 0.775879 0.384033 0.0234375 0.0610352 0.00281715
2 0.0205078 0.930176 0.0345459 0.0722656 0.00274467
6 0.976807 0.920898 0.034668 0.126953 0.00273895
2 0.0223389 0.170349 0.0350342 0.337036 0.00272179
3 0.955322 0.479492 0.0541992 0.958984 0.0026741
13 0.0263672 0.10791 0.0389404 0.208984 0.00265884
1 0.0982056 0.960693 0.196411 0.0473633 0.0026226
1 0.972656 0.0734711 0.03125 0.113556 0.00248337
6 0.0162354 0.918945 0.0324707 0.121094 0.00247574
1 0.0225677 0.899902 0.0339661 0.161133 0.00247383
16 0.144012 0.224121 0.16803 0.194824 0.00245285
1 0.963135 0.89917 0.0581055 0.158691 0.00245285
2 0.072113 0.233582 0.0462036 0.224243 0.00244713
10 0.144012 0.224121 0.16803 0.194824 0.00243378
1 0.324707 0.928955 0.628906 0.138184 0.00242424
0 0.144012 0.224121 0.16803 0.194824 0.00239563
18 0.144012 0.224121 0.16803 0.194824 0.00235939
6 0.0239716 0.0683594 0.0387268 0.111572 0.00232506
1 0.0338287 0.940918 0.0597839 0.0849609 0.00231552
3 0.974365 0.883545 0.0454102 0.219238 0.00230217
5 0.144012 0.224121 0.16803 0.194824 0.00227928
1 0.491211 0.952881 0.982422 0.0942383 0.00226974
4 0.0889282 0.236633 0.0518799 0.189819 0.00225449
2 0.298828 0.645996 0.0292969 0.105469 0.0022316
12 0.144012 0.224121 0.16803 0.194824 0.00221825
11 0.144012 0.224121 0.16803 0.194824 0.00219154
17 0.144012 0.224121 0.16803 0.194824 0.00217438
6 0.912842 0.928467 0.141113 0.137207 0.00216103
1 0.0878601 0.234131 0.0501099 0.196777 0.00205803
15 0.144012 0.224121 0.16803 0.194824 0.00203514
13 0.088623 0.237061 0.0515137 0.1875 0.00198936
1 0.0955811 0.945312 0.191162 0.0742188 0.00196838
2 0.952881 0.930176 0.0688477 0.108398 0.00196075
1 0.0235596 0.0914307 0.02771 0.137207 0.00194263
1 0.494141 0.927734 0.988281 0.144531 0.00192928
3 0.144012 0.224121 0.16803 0.194824 0.00192642
3 0.0257568 0.929443 0.0389404 0.0981445 0.00185966
2 0.0150757 0.888672 0.0263672 0.15625 0.00184345
1 0.12146 0.957764 0.24292 0.0844727 0.00175858
1 0.184113 0.222656 0.218689 0.197266 0.00169754
13 0.912109 0.955078 0.166016 0.0761719 0.00168896
14 0.0880127 0.234131 0.0498047 0.19043 0.00168228
2 0.968506 0.0766602 0.0493164 0.137939 0.00168228
1 0.746094 0.806641 0.0693359 0.0810547 0.00165176
3 0.0265198 0.9104 0.0530396 0.163574 0.00156593
6 0.0354919 0.912109 0.0709839 0.148438 0.00153637
6 0.977539 0.0630646 0.0410156 0.0960388 0.00153255
1 0.955322 0.943848 0.0600586 0.0791016 0.00151825
2 0.206848 0.641113 0.0296631 0.0986328 0.00150776
2 0.146851 0.226074 0.105957 0.141113 0.00149536
6 0.974609 0.0886078 0.0253906 0.124298 0.00144196
1 0.503174 0.980713 0.993652 0.0385742 0.00142384
6 0.0178833 0.924316 0.0289307 0.0712891 0.0014143
2 0.0344238 0.921875 0.0443115 0.0898438 0.00140095
3 0.919434 0.956787 0.133789 0.0844727 0.00133705
2 0.663086 0.509277 0.0214844 0.0546875 0.00132465
2 0.714844 0.363281 0.0244141 0.0356445 0.00130081
13 0.0217438 0.903809 0.0419617 0.149414 0.00129223
2 0.0228271 0.0827637 0.026001 0.133057 0.00127792
1 0.469604 0.791016 0.0500488 0.0664062 0.00125027
2 0.892334 0.966309 0.17627 0.0615234 0.00122166
1 0.9646 0.065979 0.0532227 0.131958 0.00121784
2 0.960693 0.477539 0.0551758 0.955078 0.00121593
6 0.969971 0.0563354 0.034668 0.101685 0.00120926
6 0.0273438 0.0948792 0.0428467 0.185242 0.00119114
1 0.0195312 0.922852 0.026001 0.0771484 0.00117207
1 0.0262756 0.925781 0.0352173 0.078125 0.0011425
9 0.0878601 0.234131 0.0501099 0.196777 0.00113773
2 0.030777 0.934814 0.0597839 0.0952148 0.00112152
13 0.0244751 0.141602 0.0290527 0.271973 0.0011158
2 0.0952148 0.279541 0.0622559 0.117188 0.00109482
13 0.0257568 0.929932 0.043457 0.097168 0.00108433
1 0.380981 0.90918 0.741943 0.181641 0.00107574
1 0.0538177 0.944336 0.0993958 0.0839844 0.00106621
3 0.0244751 0.141602 0.0290527 0.271973 0.00105286
2 0.583008 0.506836 0.0185547 0.0546875 0.00102425
4 0.948486 0.948975 0.0776367 0.0883789 0.00101662
3 0.973633 0.937988 0.0332031 0.0791016 0.00101566
2 0.740723 0.494141 0.0224609 0.0458984 0.00100517
