2 0.155975 0.37207 0.133362 0.275391 0.888672
2 0.212952 0.38855 0.0482178 0.192627 0.145874
13 0.0172729 0.169281 0.0345459 0.244446 0.0985107
6 0.97168 0.929688 0.0429688 0.107422 0.0887451
6 0.973633 0.887451 0.0390625 0.203613 0.0593567
13 0.0126343 0.144836 0.0215454 0.158569 0.0339966
13 0.0124512 0.113037 0.0153198 0.0837402 0.0210724
2 0.158264 0.372253 0.219604 0.31311 0.0202179
2 0.0126343 0.144836 0.0215454 0.158569 0.0195923
6 0.975586 0.142303 0.0351562 0.223206 0.017746
1 0.0170898 0.170624 0.0341797 0.211487 0.0173187
2 0.0163879 0.170441 0.0327759 0.24115 0.016922
13 0.0149231 0.10437 0.0228882 0.078125 0.0166473
6 0.0170898 0.170624 0.0341797 0.211487 0.0141373
3 0.969727 0.933105 0.046875 0.0947266 0.0118027
1 0.970459 0.933594 0.0473633 0.0996094 0.0113449
1 0.158173 0.369141 0.146057 0.28125 0.0105133
2 0.15863 0.256104 0.130005 0.0419922 0.00935364
6 0.0302582 0.0830536 0.0493469 0.112213 0.00830841
6 0.965088 0.949707 0.0522461 0.0732422 0.00823212
4 0.158173 0.369141 0.146057 0.28125 0.00811005
2 0.212402 0.243896 0.0205078 0.0332031 0.00809479
13 0.0273438 0.0887146 0.0369873 0.127258 0.00773621
13 0.0224609 0.130188 0.038208 0.202515 0.00681305
6 0.019104 0.946045 0.0319824 0.0727539 0.0065155
13 0.013855 0.0917664 0.0169678 0.0598755 0.00643539
2 0.165588 0.246338 0.110718 0.0361328 0.00634003
2 0.221436 0.373535 0.0336914 0.138672 0.00588226
6 0.0224609 0.130188 0.038208 0.202515 0.00580597
2 0.529297 0.0195618 0.0263672 0.0254517 0.0055809
2 0.970703 0.940674 0.0371094 0.0834961 0.0055542
13 0.156006 0.371826 0.137207 0.270996 0.00499725
2 0.0273438 0.0810852 0.0423584 0.11908 0.00487518
6 0.955078 0.942627 0.0703125 0.101074 0.00486374
6 0.0135498 0.944092 0.0195312 0.0708008 0.00452805
13 0.973389 0.868164 0.0356445 0.248047 0.00450134
6 0.9646 0.145691 0.0395508 0.236938 0.00440216
3 0.97168 0.141113 0.0390625 0.231934 0.00429916
13 0.97168 0.141113 0.0390625 0.231934 0.00428772
1 0.151611 0.475098 0.101562 0.0888672 0.00404358
2 0.212952 0.390625 0.0438232 0.112793 0.00400543
2 0.975586 0.92334 0.0214844 0.0693359 0.00391388
6 0.0136719 0.134979 0.0214233 0.139221 0.0038414
13 0.0159302 0.114868 0.0213623 0.124023 0.00383377
6 0.973633 0.922363 0.0292969 0.0869141 0.00383377
2 0.535156 0.0195312 0.0244141 0.0228271 0.00375748
2 0.013855 0.0917664 0.0169678 0.0598755 0.00374031
3 0.972656 0.886963 0.0371094 0.208496 0.00367546
13 0.0188141 0.0878601 0.0302429 0.0733032 0.00366783
2 0.0135498 0.944092 0.0195312 0.0708008 0.0035553
3 0.03125 0.57019 0.0543213 0.76001 0.00345612
2 0.205078 0.375732 0.0537109 0.247559 0.00340462
6 0.875488 0.933838 0.206055 0.132324 0.00336456
9 0.156006 0.371826 0.137207 0.270996 0.00336075
14 0.155609 0.370728 0.132629 0.27417 0.00326347
3 0.961426 0.41394 0.0771484 0.75415 0.00321388
2 0.0149231 0.10437 0.0228882 0.078125 0.00314903
2 0.021225 0.0859375 0.0305481 0.0852051 0.0030899
1 0.97583 0.927246 0.0209961 0.0664062 0.00302124
6 0.979492 0.911865 0.0371094 0.13916 0.00281906
1 0.964844 0.948975 0.0507812 0.0766602 0.0028019
2 0.0124512 0.113037 0.0153198 0.0837402 0.00279236
3 0.0170898 0.170624 0.0341797 0.211487 0.00275993
1 0.912354 0.940918 0.140137 0.106445 0.0027523
6 0.915039 0.956543 0.158203 0.0732422 0.00274658
3 0.975586 0.917236 0.0371094 0.134277 0.00274277
2 0.973633 0.887451 0.0390625 0.203613 0.0026226
2 0.733398 0.87207 0.179688 0.0351562 0.00259209
6 0.919922 0.933594 0.130859 0.107422 0.00245857
13 0.968262 0.945312 0.0439453 0.0820312 0.00238419
13 0.0168915 0.164185 0.0311584 0.135986 0.00225258
6 0.159241 0.370361 0.142456 0.277832 0.0022316
1 0.0136719 0.134979 0.0214233 0.139221 0.00221252
1 0.892334 0.957275 0.186035 0.0854492 0.00209618
2 0.154297 0.476929 0.0947266 0.0822754 0.00209236
6 0.962646 0.0738525 0.0454102 0.111328 0.00208664
7 0.156006 0.371826 0.137207 0.270996 0.00208092
13 0.970703 0.0993958 0.0292969 0.186951 0.00199509
2 0.973633 0.922363 0.0292969 0.0869141 0.00194931
6 0.958496 0.919922 0.0595703 0.117188 0.00192547
5 0.156006 0.371826 0.137207 0.270996 0.00191784
16 0.156006 0.371826 0.137207 0.270996 0.0018816
19 0.156006 0.371826 0.137207 0.270996 0.00184631
4 0.652344 0.533203 0.123047 0.635742 0.00183773
12 0.156006 0.371826 0.137207 0.270996 0.00183105
15 0.156006 0.371826 0.137207 0.270996 0.0018177
3 0.0272369 0.69751 0.051239 0.60498 0.00181675
13 0.0175781 0.128845 0.0249634 0.232544 0.00180435
10 0.156006 0.371826 0.137207 0.270996 0.00180244
2 0.213318 0.244385 0.0308838 0.0385742 0.00176811
3 0.156006 0.371826 0.137207 0.270996 0.00176048
1 0.0273438 0.0810852 0.0423584 0.11908 0.00174904
17 0.156006 0.371826 0.137207 0.270996 0.00174713
6 0.959961 0.905762 0.0605469 0.188477 0.00171947
11 0.156006 0.371826 0.137207 0.270996 0.00170612
13 0.0207214 0.10376 0.0352173 0.0930176 0.00169754
2 0.0190277 0.138184 0.0312805 0.17041 0.00167084
6 0.97583 0.927246 0.0209961 0.0664062 0.00166893
18 0.156006 0.371826 0.137207 0.270996 0.00166702
8 0.156006 0.371826 0.137207 0.270996 0.00164127
0 0.156006 0.371826 0.137207 0.270996 0.00162983
13 0.0135498 0.944092 0.0195312 0.0708008 0.00157642
13 0.0273438 0.166809 0.0314941 0.241577 0.00157547
13 0.0224609 0.203674 0.0415039 0.373901 0.00156975
13 0.974365 0.130676 0.0258789 0.190796 0.00156021
13 0.971924 0.805664 0.019043 0.0908203 0.00150013
2 0.971924 0.805664 0.019043 0.0908203 0.0014677
6 0.978271 0.940674 0.0317383 0.0795898 0.00145149
2 0.204651 0.24585 0.0418701 0.0327148 0.00144196
3 0.0224609 0.130188 0.038208 0.202515 0.00141525
6 0.970459 0.0835876 0.0258789 0.125305 0.00140667
1 0.0230408 0.935791 0.0460815 0.0795898 0.00137138
2 0.0224609 0.103302 0.0324707 0.146912 0.00137043
1 0.973633 0.129486 0.0351562 0.204407 0.00132179
3 0.0230408 0.935791 0.0460815 0.0795898 0.00131893
6 0.969727 0.219727 0.0390625 0.388184 0.0012722
4 0.682617 0.56604 0.0585938 0.510498 0.00126266
1 0.938965 0.9375 0.0986328 0.103516 0.00124931
2 0.0207214 0.10376 0.0352173 0.0930176 0.00121975
1 0.158264 0.372253 0.219604 0.31311 0.00119019
3 0.969727 0.262024 0.0410156 0.453491 0.00115204
4 0.969727 0.282715 0.0449219 0.533203 0.00113964
1 0.0335083 0.94873 0.0595703 0.0732422 0.00111389
2 0.0169067 0.942871 0.0314941 0.0771484 0.00111008
2 0.6875 0.0170288 0.0253906 0.0223999 0.00109863
13 0.0371246 0.0861053 0.0487976 0.11441 0.00108051
6 0.970703 0.0993958 0.0292969 0.186951 0.00107479
13 0.970459 0.0835876 0.0258789 0.125305 0.00105572
1 0.973389 0.866455 0.0317383 0.239746 0.00104904
2 0.970459 0.828125 0.0239258 0.162109 0.00102234
