2 0.626465 0.290466 0.259766 0.196411 0.825195
2 0.313721 0.14563 0.0712891 0.0908203 0.357422
2 0.0495605 0.742188 0.0220947 0.0800781 0.349854
14 0.603516 0.708008 0.0273438 0.0488281 0.174927
6 0.962646 0.0532227 0.0454102 0.105469 0.154541
13 0.0502319 0.741699 0.0217285 0.0751953 0.126465
6 0.97168 0.897217 0.0429688 0.162598 0.120056
2 0.641602 0.300537 0.171875 0.183105 0.112122
3 0.038208 0.299561 0.0592041 0.569824 0.0756836
2 0.0441895 0.740723 0.0236816 0.0849609 0.0446472
6 0.969482 0.934082 0.0454102 0.0908203 0.0318604
1 0.963135 0.0545807 0.0483398 0.1091 0.0297546
14 0.608887 0.709961 0.0214844 0.046875 0.0276337
13 0.0512695 0.730469 0.0290527 0.0859375 0.0254822
2 0.0397491 0.834229 0.0384216 0.315918 0.0254364
3 0.0326691 0.386719 0.0577087 0.773438 0.019165
6 0.959717 0.878906 0.059082 0.197266 0.0184174
6 0.954102 0.912598 0.0644531 0.12793 0.017868
6 0.936035 0.928711 0.102539 0.107422 0.017395
4 0.625488 0.29248 0.258789 0.210449 0.0149841
3 0.96167 0.0548248 0.0493164 0.104218 0.0141754
2 0.605957 0.709961 0.0253906 0.0517578 0.0140991
1 0.625 0.291748 0.262695 0.207031 0.0137939
6 0.915283 0.939209 0.13623 0.0981445 0.0119629
3 0.969482 0.920898 0.0415039 0.115234 0.0107269
3 0.966553 0.88208 0.0473633 0.183105 0.0101776
3 0.046936 0.411621 0.071167 0.823242 0.00968933
13 0.0441895 0.740723 0.0236816 0.0849609 0.00798798
1 0.939697 0.9375 0.0952148 0.0957031 0.00772095
13 0.97168 0.0953369 0.0253906 0.178467 0.0076828
6 0.951904 0.938232 0.0727539 0.0961914 0.00759506
6 0.625 0.291748 0.262695 0.207031 0.00705719
13 0.963379 0.0558472 0.0517578 0.107056 0.00684357
1 0.970703 0.921387 0.0488281 0.112305 0.00682449
1 0.964355 0.882812 0.0556641 0.175781 0.00676727
3 0.0346069 0.173218 0.0501709 0.309326 0.00660706
13 0.625488 0.29248 0.258789 0.210449 0.00656891
2 0.055481 0.743164 0.0203857 0.0771484 0.00611496
3 0.0308533 0.507935 0.0393677 0.706787 0.00609589
6 0.970947 0.0794373 0.0307617 0.138489 0.00570297
14 0.625488 0.29248 0.258789 0.210449 0.00532913
1 0.100677 0.966064 0.159485 0.0581055 0.00519943
2 0.969727 0.915283 0.046875 0.112793 0.00510025
6 0.939453 0.904053 0.0898438 0.191895 0.0049324
19 0.625 0.291748 0.262695 0.207031 0.00477219
9 0.625 0.291748 0.262695 0.207031 0.00466537
16 0.625488 0.29248 0.258789 0.210449 0.00444031
6 0.0346069 0.173218 0.0501709 0.309326 0.00442505
11 0.625488 0.29248 0.258789 0.210449 0.0043602
2 0.962402 0.0523834 0.0537109 0.100311 0.00429916
18 0.625 0.291748 0.262695 0.207031 0.00426865
6 0.972656 0.927734 0.03125 0.0800781 0.00404358
7 0.625 0.291748 0.262695 0.207031 0.00400925
8 0.625 0.291748 0.262695 0.207031 0.0038414
3 0.625488 0.29248 0.258789 0.210449 0.00368881
17 0.625488 0.29248 0.258789 0.210449 0.00368881
10 0.625 0.291748 0.262695 0.207031 0.00348854
1 0.890625 0.954346 0.191406 0.0874023 0.003479
1 0.604492 0.708496 0.0253906 0.0527344 0.00345039
15 0.625488 0.29248 0.258789 0.210449 0.0033741
5 0.625488 0.29248 0.258789 0.210449 0.0033493
2 0.0370331 0.836914 0.0252991 0.208984 0.00332832
0 0.625 0.291748 0.262695 0.207031 0.00332832
3 0.975342 0.902832 0.0415039 0.165039 0.00324249
12 0.625488 0.29248 0.258789 0.210449 0.00323296
6 0.0374756 0.888184 0.0473633 0.208008 0.0030365
2 0.046875 0.725098 0.0319824 0.101562 0.0030098
2 0.0463867 0.799316 0.0327148 0.289062 0.00297737
1 0.481934 1 0.963867 0 0.00288773
2 0.969971 0.9375 0.0385742 0.0742188 0.00288582
4 0.0397339 0.272705 0.0587158 0.513184 0.00288391
6 0.930664 0.95459 0.119141 0.0732422 0.00284004
13 0.312744 0.144287 0.0654297 0.0898438 0.00282097
3 0.0288849 0.249329 0.0525818 0.460327 0.00272751
14 0.596191 0.710938 0.03125 0.0507812 0.00263214
2 0.0415649 0.708984 0.0211182 0.111328 0.00261116
13 0.055481 0.743164 0.0203857 0.0771484 0.00247002
6 0.0300903 0.918213 0.0454102 0.140137 0.00230026
2 0.588867 0.258057 0.209961 0.134766 0.00224304
13 0.0463867 0.720215 0.0303955 0.109375 0.00221634
2 0.0505981 0.76123 0.0183105 0.0869141 0.00218201
1 0.956543 0.936279 0.0595703 0.0844727 0.00210762
2 0.671387 0.302734 0.148438 0.157227 0.00210762
2 0.0505981 0.750977 0.0325928 0.0751953 0.00205612
6 0.966064 0.146606 0.0463867 0.258545 0.00204086
1 0.0314331 0.177795 0.0474854 0.308472 0.00201988
6 0.961914 0.949219 0.0566406 0.0683594 0.00197792
3 0.0237427 0.134705 0.0374756 0.213013 0.00194645
3 0.0263062 0.487305 0.0379639 0.445312 0.00191975
6 0.954102 0.0415649 0.0664062 0.0740967 0.00191593
4 0.971436 0.896484 0.0395508 0.169922 0.00187969
2 0.0494385 0.737793 0.03125 0.15918 0.0018692
2 0.967041 0.882324 0.0522461 0.178711 0.00180817
6 0.978271 0.927246 0.0356445 0.0966797 0.00174809
1 0.0333252 0.294434 0.0596924 0.581055 0.00174522
3 0.956299 0.912109 0.065918 0.166016 0.00168228
6 0.969727 0.0982971 0.0390625 0.192566 0.00166607
6 0.953369 0.0531616 0.0776367 0.106323 0.00165272
6 0.911377 0.926758 0.147949 0.146484 0.00162125
1 0.313721 0.14563 0.0712891 0.0908203 0.00158501
6 0.899658 0.965332 0.179199 0.0693359 0.00152779
13 0.970703 0.921387 0.0488281 0.112305 0.00144577
3 0.963379 0.937256 0.0478516 0.0883789 0.00142002
2 0.963867 0.937744 0.0546875 0.0874023 0.00140476
2 0.954102 0.912598 0.0644531 0.12793 0.0014019
1 0.692627 1 0.614746 0 0.00137997
9 0.604492 0.708496 0.0253906 0.0527344 0.00135899
2 0.96875 0.0600586 0.0351562 0.111572 0.00135136
1 0.973633 0.869873 0.0390625 0.225098 0.00131607
14 0.606934 0.700684 0.0224609 0.0517578 0.00131226
3 0.0275116 0.911865 0.0377502 0.17627 0.00129223
6 0.0333252 0.294434 0.0596924 0.581055 0.00127983
2 0.0446777 0.694824 0.0235596 0.150391 0.0012579
19 0.686646 0.508179 0.513428 0.585205 0.0012579
3 0.0408936 0.86084 0.0578613 0.27832 0.00123501
3 0.970947 0.0794373 0.0307617 0.138489 0.00121975
3 0.966064 0.146606 0.0463867 0.258545 0.00119495
13 0.604492 0.708496 0.0253906 0.0527344 0.00115013
19 0.790283 0.439819 0.419434 0.75708 0.00112152
19 0.604492 0.708496 0.0253906 0.0527344 0.00109863
4 0.0495605 0.742188 0.0220947 0.0800781 0.00109386
1 0.0495605 0.742188 0.0220947 0.0800781 0.0010643
6 0.04216 0.862305 0.0626526 0.275391 0.00106049
6 0.884277 0.950928 0.202148 0.0981445 0.00105476
1 0.0302887 0.109863 0.04953 0.189697 0.00103474
6 0.0298615 0.139526 0.0452576 0.221924 0.00103283
3 0.0361328 0.914307 0.0544434 0.13623 0.00103092
1 0.947266 0.0494537 0.0722656 0.094696 0.00102329
3 0.939697 0.9375 0.0952148 0.0957031 0.00100899
7 0.963135 0.0545807 0.0483398 0.1091 0.00100613
6 0.965332 0.852539 0.0400391 0.229492 0.00100422
