2 0.475464 0.764648 0.170166 0.03125 0.796387
6 0.0352783 0.218811 0.0410156 0.38855 0.146606
3 0.0339355 0.178589 0.0426025 0.30542 0.09198
2 0.782227 0.0205841 0.0263672 0.0364685 0.0714111
3 0.956055 0.432373 0.0761719 0.778809 0.0591736
6 0.979248 0.898438 0.0375977 0.179688 0.0515137
3 0.962646 0.363892 0.0551758 0.656982 0.0489807
3 0.968506 0.526367 0.0512695 0.592773 0.0391846
6 0.0277557 0.172852 0.0387268 0.286621 0.0354614
2 0.473999 0.763184 0.109619 0.0322266 0.0295715
1 0.0332184 0.176758 0.0392761 0.284668 0.0292053
2 0.474487 0.018631 0.0217285 0.026825 0.0201721
1 0.0227203 0.142792 0.0276794 0.208557 0.0197754
3 0.979736 0.152039 0.0366211 0.226196 0.0186462
3 0.0384521 0.251221 0.0454102 0.459473 0.0180969
2 0.97876 0.776611 0.0268555 0.431152 0.0162811
6 0.979736 0.152039 0.0366211 0.226196 0.0117035
2 0.787598 0.019043 0.0419922 0.036499 0.0106735
3 0.979492 0.889404 0.03125 0.211426 0.0101471
1 0.0366821 0.951416 0.0550537 0.0620117 0.00882721
2 0.967773 0.52832 0.0410156 0.552734 0.00874329
2 0.473511 0.774902 0.170166 0.0390625 0.00778198
13 0.0333252 0.163757 0.0483398 0.255493 0.00760651
1 0.980469 0.166077 0.0390625 0.262573 0.00750732
13 0.0536499 0.363037 0.0227051 0.0966797 0.00687027
2 0.554199 0.019165 0.0195312 0.0272217 0.00663376
2 0.742188 0.115326 0.0371094 0.171692 0.0063858
2 0.549316 0.0193939 0.0244141 0.0293274 0.00624084
3 0.0279846 0.140503 0.0383911 0.234619 0.00596619
1 0.0345459 0.219482 0.050293 0.387695 0.00586319
2 0.481079 0.0191803 0.0270996 0.0262146 0.00546646
1 0.100708 0.962646 0.158447 0.0610352 0.00541306
3 0.971436 0.310303 0.043457 0.543457 0.00537872
2 0.480469 0.765625 0.0732422 0.0253906 0.00461197
2 0.424316 0.0187531 0.0283203 0.0304871 0.0043869
13 0.0352783 0.218811 0.0410156 0.38855 0.00428772
1 0.0487061 0.956787 0.0819092 0.0532227 0.0042572
2 0.657227 0.581543 0.0322266 0.0966797 0.0042038
2 0.48291 0.765625 0.1875 0.0673828 0.00409698
1 0.069809 0.96167 0.120636 0.0454102 0.00382805
13 0.977295 0.897949 0.0395508 0.170898 0.00376511
2 0.77832 0.015564 0.03125 0.0286255 0.00366974
3 0.978516 0.903809 0.0429688 0.155273 0.00363159
2 0.429199 0.016571 0.0234375 0.0249634 0.00358963
14 0.0820923 0.520508 0.0202637 0.0283203 0.00349998
2 0.740234 0.0438995 0.0341797 0.0662537 0.00341415
6 0.977783 0.105194 0.0405273 0.15094 0.00329399
2 0.0339355 0.178589 0.0426025 0.30542 0.00323296
6 0.978516 0.933105 0.0429688 0.116211 0.00310135
2 0.679688 0.326172 0.0234375 0.0800781 0.00291634
2 0.979492 0.847656 0.0175781 0.0771484 0.00284958
6 0.0412598 0.949463 0.0679932 0.0600586 0.00284386
2 0.34082 0.0184631 0.0307617 0.0342407 0.0028038
2 0.978516 0.766113 0.0175781 0.100586 0.0028019
2 0.542969 0.0201416 0.0419922 0.0325928 0.00253105
2 0.978516 0.865234 0.0234375 0.183594 0.00246811
2 0.350098 0.014679 0.0268555 0.0255737 0.00242996
6 0.0250854 0.119873 0.0301514 0.174805 0.00240707
6 0.0853882 0.96875 0.168579 0.0449219 0.00239182
1 0.478027 0.76416 0.179688 0.03125 0.00229263
3 0.979248 0.932129 0.0375977 0.124023 0.00229263
2 0.777832 0.0250549 0.0263672 0.0404663 0.00228119
4 0.0352783 0.218811 0.0410156 0.38855 0.00227356
2 0.0540771 0.376465 0.0224609 0.116699 0.00226974
1 0.120605 0.971191 0.224609 0.0576172 0.00223351
2 0.771484 0.0215759 0.0302734 0.0377808 0.00218391
6 0.973877 0.0771027 0.0405273 0.108002 0.00215912
4 0.0275726 0.181396 0.0381165 0.296875 0.00204086
13 0.782227 0.0199585 0.0263672 0.0369873 0.00202179
2 0.041687 0.259888 0.0518799 0.478271 0.00200844
2 0.97876 0.692383 0.0307617 0.239258 0.0019989
2 0.450195 0.759277 0.177734 0.0400391 0.00197983
2 0.734863 0.0481567 0.0292969 0.0407715 0.00196648
2 0.979248 0.905029 0.0395508 0.164551 0.00195312
6 0.0774536 0.960449 0.128052 0.0595703 0.00194359
2 0.661133 0.566895 0.0283203 0.0830078 0.00190258
1 0.956055 0.432373 0.0761719 0.778809 0.00186729
2 0.474121 0.748047 0.186523 0.0576172 0.00185108
2 0.786621 0.0249481 0.0302734 0.0394592 0.00183487
6 0.0314331 0.950928 0.0427246 0.0571289 0.0017271
1 0.0736389 0.949707 0.118835 0.0791016 0.00169945
7 0.0277557 0.172852 0.0387268 0.286621 0.00164509
3 0.970947 0.568481 0.0366211 0.49585 0.00164318
2 0.879883 0.513672 0.0224609 0.0800781 0.00156593
2 0.96582 0.496704 0.0546875 0.719482 0.00156403
4 0.97876 0.776611 0.0268555 0.431152 0.00153637
4 0.48291 0.766113 0.188477 0.0283203 0.00151062
2 0.751953 0.134705 0.0341797 0.175903 0.00149155
2 0.349609 0.018692 0.0380859 0.0336609 0.00148106
2 0.473999 0.741211 0.171143 0.101562 0.00147915
1 0.0269318 0.138123 0.0433044 0.223755 0.00147057
2 0.558594 0.0215607 0.0273438 0.0308533 0.00143814
2 0.100555 0.644043 0.0618286 0.147461 0.00141048
2 0.438477 0.0170593 0.0327148 0.026123 0.00138378
2 0.97876 0.866699 0.0327148 0.227539 0.00136471
2 0.735352 0.0605927 0.0292969 0.0626526 0.00131416
6 0.982422 0.116974 0.0273438 0.184021 0.0012989
6 0.973633 0.94873 0.0449219 0.0732422 0.0012579
2 0.746094 0.0373535 0.0371094 0.0584717 0.0012188
2 0.531738 0.0206146 0.0693359 0.0299377 0.00120354
3 0.967041 0.395752 0.0405273 0.48877 0.00120163
6 0.0357666 0.894531 0.0546875 0.171875 0.00119114
6 0.0292664 0.924316 0.0491333 0.108398 0.00117016
6 0.956055 0.432373 0.0761719 0.778809 0.00116062
2 0.731934 0.0415649 0.0361328 0.0389404 0.0011282
2 0.353027 0.0193787 0.0717773 0.0320435 0.0011282
1 0.967773 0.52832 0.0410156 0.552734 0.00112438
3 0.962402 0.496094 0.0751953 0.992188 0.00112343
14 0.475098 0.763672 0.172852 0.03125 0.00110817
2 0.620117 0.189819 0.0556641 0.0695801 0.00109673
6 0.967773 0.52832 0.0410156 0.552734 0.00109482
3 0.974609 0.211243 0.0390625 0.344116 0.00109386
14 0.863281 0.209473 0.0390625 0.0693359 0.0010643
4 0.293701 0.18689 0.0205078 0.0822754 0.00106335
2 0.476685 0.782227 0.166748 0.105469 0.00105
2 0.803711 0.503906 0.0302734 0.0898438 0.00104618
13 0.981201 0.131653 0.027832 0.190796 0.00104332
2 0.532715 0.0186157 0.0449219 0.0305176 0.00102997
