2 0.581543 0.82666 0.109375 0.198242 0.854492
1 0.0326538 0.936523 0.0510254 0.0996094 0.246704
2 0.0302582 0.938721 0.0337219 0.0678711 0.216919
6 0.0290222 0.939209 0.0452271 0.090332 0.13855
6 0.0404053 0.0731506 0.0546875 0.146179 0.118652
1 0.0317383 0.938965 0.0323486 0.0732422 0.117493
3 0.962646 0.572876 0.0727539 0.854248 0.0858154
3 0.960693 0.413818 0.0688477 0.827637 0.0521851
2 0.0319061 0.944336 0.0465393 0.0859375 0.0408325
1 0.0819092 0.95459 0.13916 0.0869141 0.0280762
1 0.0262604 0.92041 0.039032 0.147461 0.0267639
3 0.0413818 0.0788269 0.0563965 0.155823 0.0256805
2 0.588379 0.804688 0.0908203 0.139648 0.0236511
1 0.0454254 0.946045 0.0744324 0.0844727 0.0131073
3 0.967285 0.313477 0.0654297 0.618164 0.013092
4 0.580566 0.826172 0.105469 0.197266 0.0113068
2 0.0424194 0.951416 0.0522461 0.0795898 0.0106583
3 0.967773 0.709229 0.0644531 0.530762 0.0105057
2 0.599121 0.822266 0.186523 0.219727 0.00949097
1 0.132874 0.953857 0.233276 0.0922852 0.00938416
6 0.0495605 0.0597687 0.0802002 0.112885 0.00883484
1 0.0283356 0.924316 0.0329285 0.0791016 0.00859833
13 0.0322418 0.141022 0.0417175 0.230164 0.00801086
2 0.984375 0.332031 0.0214844 0.0742188 0.0079422
1 0.0332031 0.897949 0.0494385 0.188477 0.00708008
2 0.449463 0.772949 0.0214844 0.0849609 0.00692749
2 0.0708618 0.264648 0.0220947 0.0688477 0.00661087
6 0.0394897 0.128052 0.053833 0.256104 0.00635147
6 0.0449219 0.944092 0.0664062 0.0922852 0.00598526
2 0.0415649 0.331177 0.0450439 0.61499 0.00531006
3 0.0368652 0.876709 0.052002 0.211426 0.00497818
1 0.0880737 0.927246 0.139038 0.145508 0.00474548
3 0.975342 0.63269 0.0493164 0.734619 0.0046196
3 0.980713 0.125153 0.0385742 0.221375 0.00455093
1 0.57959 0.82666 0.105469 0.196289 0.00450897
13 0.582031 0.82666 0.106445 0.186523 0.00423813
13 0.041626 0.0943604 0.0612793 0.185791 0.00405121
3 0.034668 0.927734 0.0582275 0.142578 0.00397873
3 0.0288696 0.939453 0.041748 0.0898438 0.00391769
3 0.0415649 0.331177 0.0450439 0.61499 0.0037365
6 0.034668 0.927734 0.0582275 0.142578 0.00343132
2 0.0819092 0.95459 0.13916 0.0869141 0.00341606
6 0.0470734 0.0957031 0.0713806 0.186279 0.00338173
6 0.980225 0.107513 0.0375977 0.150208 0.00295639
2 0.0249023 0.900391 0.0335693 0.185547 0.00261879
2 0.0302734 0.924316 0.0397949 0.0800781 0.00259781
13 0.0322266 0.944092 0.0449219 0.0844727 0.00258064
3 0.0493927 0.059082 0.0769958 0.118164 0.00248337
9 0.582031 0.82666 0.112305 0.185547 0.00244713
6 0.0317383 0.938965 0.0323486 0.0732422 0.00238609
1 0.0400391 0.948486 0.0472412 0.0756836 0.00235367
14 0.582031 0.82666 0.106445 0.186523 0.00234795
6 0.0368652 0.876709 0.052002 0.211426 0.0022831
2 0.0396729 0.0744629 0.0639648 0.136963 0.00221062
1 0.0595093 0.936035 0.112427 0.0966797 0.00215149
13 0.0312653 0.939209 0.0326843 0.0688477 0.0021286
6 0.957031 0.512207 0.0859375 0.959961 0.00210953
2 0.986328 0.395996 0.0214844 0.206055 0.00205421
1 0.0525513 0.87915 0.0875244 0.220215 0.00197029
2 0.0250854 0.751465 0.019165 0.0507812 0.00195217
1 0.0234375 0.938477 0.0291748 0.0683594 0.00194836
2 0.545776 0.819336 0.239502 0.231445 0.00192356
3 0.0322418 0.141022 0.0417175 0.230164 0.00188541
4 0.592407 0.561646 0.567139 0.759521 0.00184536
2 0.0720215 0.398438 0.0297852 0.0805664 0.00184345
2 0.602051 0.803223 0.101562 0.202148 0.00179768
4 0.0415649 0.331177 0.0450439 0.61499 0.00176048
2 0.986328 0.348145 0.0195312 0.108398 0.00171566
2 0.156738 0.339111 0.0205078 0.0751953 0.00163364
3 0.978516 0.0943604 0.0371094 0.125488 0.00163078
1 0.882812 0.969971 0.216797 0.0581055 0.00159931
7 0.582031 0.82666 0.112305 0.185547 0.00152111
6 0.582031 0.82666 0.106445 0.186523 0.0015173
19 0.370361 0.752686 0.532715 0.494629 0.0015049
1 0.0405273 0.0744019 0.0620117 0.141724 0.00145912
6 0.0404816 0.0473175 0.0640564 0.080658 0.00145054
1 0.957031 0.512207 0.0859375 0.959961 0.00144768
3 0.582031 0.82666 0.112305 0.185547 0.001441
19 0.582031 0.82666 0.112305 0.185547 0.00143528
6 0.104279 0.955322 0.160583 0.0834961 0.00143051
2 0.0692139 0.418823 0.0280762 0.116455 0.00140953
5 0.582031 0.82666 0.112305 0.185547 0.00140762
8 0.582031 0.82666 0.112305 0.185547 0.00139618
16 0.582031 0.82666 0.112305 0.185547 0.00137997
2 0.12088 0.946045 0.200623 0.10791 0.00136852
15 0.582031 0.82666 0.112305 0.185547 0.00136471
3 0.0428009 0.161133 0.0655212 0.322266 0.00135612
10 0.582031 0.82666 0.112305 0.185547 0.00134373
1 0.0220947 0.933105 0.0340576 0.0986328 0.00133896
12 0.582031 0.82666 0.112305 0.185547 0.00133801
19 0.592407 0.561646 0.567139 0.759521 0.00132561
2 0.960205 0.504883 0.0795898 0.957031 0.00131321
6 0.0333099 0.0999756 0.0386047 0.147461 0.00130939
13 0.957031 0.512207 0.0859375 0.959961 0.00130558
2 0.983398 0.365967 0.0214844 0.150879 0.00130081
17 0.582031 0.82666 0.112305 0.185547 0.00129223
4 0.0375977 0.074585 0.0534668 0.142578 0.00128365
18 0.582031 0.82666 0.106445 0.186523 0.00126839
2 0.455566 0.771973 0.0302734 0.0761719 0.00125504
2 0.0224762 0.9375 0.0309753 0.0742188 0.00124359
11 0.582031 0.82666 0.112305 0.185547 0.0012331
0 0.582031 0.82666 0.112305 0.185547 0.00122356
1 0.844971 0.961426 0.274902 0.0771484 0.00117683
6 0.91748 0.0295868 0.125977 0.0300598 0.00113583
6 0.0880737 0.927246 0.139038 0.145508 0.00112343
2 0.0368652 0.876709 0.052002 0.211426 0.00111771
2 0.621582 0.822266 0.291016 0.263672 0.00111103
6 0.975342 0.125488 0.0493164 0.176758 0.00106907
8 0.370361 0.752686 0.532715 0.494629 0.00106907
13 0.024765 0.753418 0.0180969 0.0478516 0.00106621
1 0.204773 0.95459 0.399048 0.0869141 0.00105667
