2 0.686035 0.223206 0.0664062 0.0345459 0.715332
2 0.0244141 0.519043 0.0349121 0.449219 0.51709
2 0.78125 0.229431 0.0605469 0.1427 0.494629
2 0.773438 0.218567 0.0878906 0.188843 0.409424
2 0.792969 0.268066 0.0595703 0.103516 0.303711
2 0.77002 0.222229 0.0449219 0.147339 0.285156
14 0.738281 0.352783 0.108398 0.124512 0.268799
6 0.968506 0.943848 0.0493164 0.0927734 0.150757
1 0.737305 0.353271 0.108398 0.123535 0.121887
14 0.748535 0.289307 0.12793 0.222656 0.112366
2 0.741211 0.34668 0.112305 0.145996 0.10907
6 0.0283813 0.139221 0.0426025 0.234253 0.104553
2 0.0197449 0.667969 0.0233765 0.174805 0.0860596
2 0.682129 0.223389 0.0664062 0.0522461 0.0814209
2 0.786133 0.248779 0.0839844 0.211914 0.0709839
6 0.966797 0.898438 0.0449219 0.166016 0.0669556
2 0.966064 0.949951 0.0463867 0.0883789 0.0649414
2 0.0208588 0.726562 0.0223694 0.115234 0.0567017
2 0.0241394 0.428772 0.0298462 0.429565 0.0534363
6 0.0216064 0.922119 0.0432129 0.140137 0.0501099
1 0.73584 0.284424 0.149414 0.290039 0.0495911
1 0.966064 0.949951 0.0463867 0.0883789 0.0430908
2 0.73584 0.284424 0.149414 0.290039 0.0409851
2 0.0236206 0.390991 0.0246582 0.221924 0.0391846
14 0.685547 0.229736 0.0751953 0.0419922 0.0374756
2 0.687012 0.227112 0.0654297 0.0789795 0.0337524
13 0.0208588 0.726562 0.0223694 0.115234 0.0270081
1 0.0276794 0.144165 0.0421753 0.244873 0.0213165
2 0.703125 0.231934 0.0908203 0.0751953 0.0171967
1 0.786133 0.248779 0.0839844 0.211914 0.0160217
2 0.08255 0.341553 0.0316772 0.0996094 0.0148087
6 0.0181885 0.955078 0.026001 0.0703125 0.0147781
3 0.0276794 0.144165 0.0421753 0.244873 0.0135422
6 0.0219116 0.949707 0.0396729 0.0810547 0.013504
2 0.761719 0.210388 0.0546875 0.11145 0.0130081
2 0.738281 0.227356 0.150391 0.144897 0.0128937
2 0.0225983 0.621582 0.0208435 0.206055 0.0121613
3 0.959473 0.158936 0.0771484 0.297852 0.0102921
13 0.959473 0.158447 0.0693359 0.313477 0.00999451
2 0.0606689 0.327148 0.0334473 0.157227 0.00992584
3 0.0164185 0.916016 0.0328369 0.167969 0.00982666
2 0.0289612 0.524902 0.0482788 0.580078 0.00977325
6 0.948486 0.0458221 0.065918 0.0873108 0.00920105
1 0.744629 0.327393 0.141602 0.182129 0.00900269
3 0.966309 0.938965 0.0517578 0.0986328 0.00844574
2 0.0263519 0.361328 0.0249329 0.124512 0.00842285
2 0.771973 0.223694 0.046875 0.0916748 0.00826263
13 0.0276794 0.144165 0.0421753 0.244873 0.0082016
1 0.792969 0.268066 0.0595703 0.103516 0.00772858
9 0.738281 0.352783 0.108398 0.124512 0.0075264
2 0.755859 0.284668 0.128906 0.206055 0.00748825
1 0.9646 0.928223 0.0473633 0.104492 0.00724792
1 0.685547 0.223877 0.0673828 0.0351562 0.00719452
2 0.0248108 0.361816 0.0338745 0.192383 0.00715637
6 0.964844 0.922852 0.0351562 0.123047 0.00692749
1 0.703125 0.231934 0.0908203 0.0751953 0.00679779
6 0.960938 0.107452 0.0566406 0.201111 0.00662231
3 0.0228882 0.928467 0.0404053 0.133301 0.00630569
2 0.684082 0.212219 0.0664062 0.0379639 0.00624847
2 0.0356445 0.515137 0.0388184 0.443359 0.00621414
2 0.799805 0.25 0.0615234 0.0888672 0.00617981
1 0.787598 0.235596 0.0654297 0.143066 0.00583267
6 0.967041 0.157471 0.0639648 0.314941 0.00583267
13 0.961914 0.123322 0.0546875 0.236267 0.00569916
2 0.967529 0.920654 0.043457 0.119629 0.00558853
2 0.0266876 0.823486 0.0435486 0.341309 0.00521851
6 0.969482 0.934326 0.0317383 0.0922852 0.0051918
2 0.0201416 0.700195 0.020813 0.0839844 0.00516129
2 0.0214691 0.581543 0.0271301 0.34375 0.00510025
3 0.949707 0.0461121 0.0634766 0.0922241 0.00497818
2 0.0736084 0.318359 0.0297852 0.160156 0.00494003
2 0.0261993 0.235413 0.044281 0.439331 0.00493622
1 0.745605 0.327148 0.202148 0.214844 0.00491333
13 0.741211 0.34668 0.112305 0.145996 0.00485229
2 0.686035 0.223816 0.0693359 0.147095 0.00479889
3 0.966797 0.898438 0.0449219 0.166016 0.00444794
2 0.0214386 0.702637 0.0312195 0.157227 0.00444412
2 0.963623 0.937256 0.0336914 0.0942383 0.00443649
2 0.0167694 0.238953 0.0296936 0.433228 0.00435638
1 0.963623 0.937256 0.0336914 0.0942383 0.00419617
6 0.974609 0.918945 0.0410156 0.140625 0.00415802
2 0.790039 0.269043 0.0839844 0.126953 0.00407791
6 0.0223389 0.162109 0.0407715 0.304199 0.00405884
6 0.961182 0.066925 0.0561523 0.114197 0.00395203
1 0.944092 0.941895 0.0864258 0.104492 0.00374031
3 0.0229492 0.949463 0.034668 0.0854492 0.00372124
1 0.914307 0.943359 0.144043 0.109375 0.00360489
6 0.0184937 0.118225 0.0283203 0.205933 0.00354195
3 0.970947 0.111725 0.0463867 0.216003 0.00354195
6 0.956787 0.921143 0.059082 0.128418 0.00344849
8 0.739746 0.350586 0.106445 0.130859 0.00340843
12 0.739746 0.350586 0.106445 0.130859 0.00333023
13 0.0181274 0.13089 0.0286865 0.2099 0.00331306
7 0.738281 0.352783 0.108398 0.124512 0.00326729
1 0.965088 0.891846 0.0463867 0.179199 0.00317764
13 0.968018 0.947998 0.0444336 0.0864258 0.00311089
1 0.718262 0.259216 0.130859 0.20813 0.00308037
4 0.0244141 0.519043 0.0349121 0.449219 0.00305367
2 0.019989 0.94043 0.039978 0.0996094 0.00300026
6 0.739746 0.350586 0.106445 0.130859 0.00294304
18 0.739746 0.350586 0.106445 0.130859 0.00294304
2 0.0256042 0.641479 0.0269165 0.371338 0.00292778
10 0.739746 0.350586 0.106445 0.130859 0.00292206
2 0.795898 0.233948 0.0634766 0.140503 0.00290298
16 0.739746 0.350586 0.106445 0.130859 0.00288773
14 0.787598 0.235596 0.0654297 0.143066 0.0028038
2 0.689453 0.205383 0.0673828 0.0687256 0.00279236
17 0.739746 0.350586 0.106445 0.130859 0.0027771
11 0.739746 0.350586 0.106445 0.130859 0.00276566
15 0.739746 0.350586 0.106445 0.130859 0.00275612
6 0.02771 0.897949 0.0554199 0.204102 0.00272179
6 0.971436 0.870117 0.0395508 0.251953 0.00269318
0 0.739746 0.350586 0.106445 0.130859 0.0026722
1 0.773926 0.219055 0.0527344 0.143921 0.00261497
4 0.74707 0.266846 0.129883 0.275391 0.00261307
5 0.739746 0.350586 0.106445 0.130859 0.00255966
6 0.0247498 0.0851135 0.0485229 0.131042 0.00252724
6 0.022644 0.850098 0.043457 0.299805 0.00244331
1 0.773438 0.218567 0.0878906 0.188843 0.00241089
3 0.955322 0.0750732 0.0756836 0.133057 0.00240517
2 0.0283813 0.139221 0.0426025 0.234253 0.00239563
2 0.718262 0.259216 0.130859 0.20813 0.00232315
9 0.748535 0.289307 0.12793 0.222656 0.00230789
2 0.0223846 0.652832 0.0333557 0.239258 0.0022831
13 0.78125 0.229431 0.0605469 0.1427 0.00227737
19 0.738281 0.352783 0.108398 0.124512 0.00226784
2 0.97168 0.897949 0.0449219 0.18457 0.00224686
13 0.748535 0.289307 0.12793 0.222656 0.00222015
14 0.686523 0.221619 0.0654297 0.0299072 0.00213623
1 0.0194702 0.9375 0.0389404 0.107422 0.00211525
2 0.0201416 0.66748 0.0205078 0.09375 0.00211143
2 0.973633 0.83252 0.0371094 0.317383 0.00206947
4 0.739746 0.350586 0.106445 0.130859 0.00205994
2 0.0434723 0.264221 0.0282898 0.124878 0.00199699
14 0.75 0.268127 0.138672 0.370972 0.00198746
3 0.739746 0.350586 0.106445 0.130859 0.00195312
2 0.0245514 0.739258 0.0202332 0.130859 0.00195217
4 0.0266876 0.823486 0.0435486 0.341309 0.00191402
2 0.0246124 0.594727 0.0176697 0.137695 0.00190067
6 0.0316772 0.215759 0.0443115 0.396606 0.00189018
6 0.915283 0.944092 0.13623 0.109863 0.00188255
13 0.0193176 0.693848 0.0222168 0.136719 0.00184727
2 0.727539 0.297363 0.108398 0.204102 0.00184441
2 0.0212708 0.369629 0.020813 0.15625 0.00182724
14 0.793945 0.258972 0.0634766 0.0919189 0.00181961
2 0.669922 0.223877 0.0703125 0.0341797 0.001791
3 0.02771 0.897949 0.0554199 0.204102 0.00176811
6 0.015564 0.902344 0.0311279 0.195312 0.00175667
2 0.0195465 0.954834 0.0326843 0.0786133 0.00173664
6 0.0141296 0.950195 0.0282593 0.0859375 0.00172901
13 0.769043 0.230469 0.108398 0.209961 0.00169182
2 0.745117 0.325684 0.142578 0.194336 0.00168419
1 0.0195465 0.954834 0.0326843 0.0786133 0.00166416
2 0.754395 0.226013 0.09375 0.159302 0.001647
2 0.027359 0.431152 0.0260925 0.265625 0.00162125
2 0.0230255 0.697754 0.0210876 0.186523 0.00160217
2 0.0245361 0.713379 0.0229492 0.12207 0.00158215
6 0.0313721 0.942871 0.0627441 0.114258 0.00151634
13 0.0181885 0.955078 0.026001 0.0703125 0.00150967
2 0.0554199 0.304199 0.0279541 0.144043 0.00150299
2 0.0683594 0.264893 0.0228271 0.065918 0.00150299
6 0.0301208 0.959717 0.0516968 0.0649414 0.00144482
4 0.0325317 0.268555 0.0474854 0.49707 0.00140762
14 0.737305 0.328369 0.12793 0.187988 0.00140285
14 0.689941 0.245667 0.0800781 0.286987 0.00138378
4 0.686523 0.223877 0.0673828 0.0341797 0.00138378
2 0.303711 0.124512 0.106934 0.0234375 0.00137043
2 0.0272217 0.32373 0.0290527 0.189453 0.00135326
9 0.787109 0.235352 0.0683594 0.142578 0.00134659
1 0.727539 0.297363 0.108398 0.204102 0.00132275
13 0.685547 0.224792 0.0654297 0.03479 0.00126362
13 0.966797 0.898438 0.0449219 0.166016 0.00126171
3 0.962158 0.0899963 0.0483398 0.152527 0.0012579
8 0.748535 0.289307 0.12793 0.222656 0.00122452
7 0.748535 0.289307 0.12793 0.222656 0.00121975
6 0.963135 0.842773 0.0561523 0.296875 0.00121975
3 0.0184937 0.118225 0.0283203 0.205933 0.00121117
4 0.964355 0.166016 0.0595703 0.327637 0.00121117
3 0.960938 0.141052 0.0527344 0.254028 0.00120735
6 0.917236 0.0263062 0.124512 0.0511475 0.00120544
1 0.025116 0.919922 0.0502319 0.136719 0.00119972
4 0.769043 0.230469 0.108398 0.209961 0.0011797
2 0.0212402 0.299316 0.0371094 0.598633 0.00117683
2 0.0232697 0.366211 0.0242615 0.0927734 0.00115585
3 0.974609 0.918945 0.0410156 0.140625 0.00114918
2 0.0285645 0.54187 0.0177002 0.200439 0.00114918
2 0.0383911 0.268494 0.0386963 0.449341 0.00112343
16 0.748535 0.289307 0.12793 0.222656 0.00111485
13 0.792969 0.268066 0.0595703 0.103516 0.00106525
19 0.57373 0.368286 0.379883 0.577881 0.00105953
12 0.74707 0.266846 0.129883 0.275391 0.00105858
2 0.692383 0.194397 0.0732422 0.109741 0.0010519
2 0.682129 0.23822 0.0683594 0.050415 0.00104427
0 0.748535 0.289307 0.12793 0.222656 0.00103951
14 0.693359 0.220642 0.0732422 0.0616455 0.00103474
13 0.693359 0.220642 0.0732422 0.0616455 0.00102043
