2 0.676758 0.588379 0.0537109 0.120117 0.796387
6 0.973389 0.950684 0.0454102 0.0771484 0.186279
1 0.973633 0.954102 0.0449219 0.0761719 0.167114
6 0.0448608 0.947021 0.0627441 0.074707 0.0606689
6 0.0426636 0.927979 0.0682373 0.103027 0.0465698
6 0.0640717 0.954102 0.112335 0.0664062 0.0403442
2 0.973389 0.950684 0.0454102 0.0771484 0.0396729
1 0.938965 0.940918 0.108398 0.104492 0.0349731
1 0.964111 0.936523 0.0561523 0.107422 0.0276642
3 0.0426025 0.223694 0.0507812 0.414917 0.0258179
6 0.0835266 0.950928 0.160583 0.0786133 0.0245514
2 0.0343628 0.640137 0.0229492 0.0888672 0.0219421
1 0.911621 0.950195 0.149414 0.0976562 0.0199127
3 0.047287 0.427246 0.0658264 0.854492 0.017334
6 0.0402679 0.192444 0.0513 0.35144 0.0138016
6 0.953125 0.956543 0.078125 0.0869141 0.0135345
6 0.977539 0.897461 0.0449219 0.189453 0.0128479
2 0.0336914 0.936035 0.0351562 0.0566406 0.0121689
6 0.0449371 0.958984 0.0788269 0.0605469 0.0121613
6 0.0454102 0.91333 0.0637207 0.171387 0.0114746
6 0.0310516 0.91333 0.0462952 0.157715 0.0108337
1 0.0336914 0.936035 0.0351562 0.0566406 0.00906372
6 0.10965 0.960449 0.185486 0.0693359 0.00871277
13 0.0330048 0.641113 0.0243225 0.0927734 0.00744247
1 0.100464 0.954346 0.171387 0.0913086 0.00710297
1 0.0606537 0.93335 0.0974426 0.115723 0.00691986
3 0.0371094 0.352295 0.0610352 0.629395 0.00668335
1 0.973633 0.905762 0.046875 0.157227 0.00645828
1 0.125458 0.95752 0.226624 0.0673828 0.00567627
6 0.124573 0.95459 0.233276 0.0908203 0.0052681
1 0.947754 0.959717 0.0908203 0.074707 0.00502396
1 0.0455322 0.883057 0.0748291 0.214355 0.0050087
6 0.911621 0.950195 0.149414 0.0976562 0.00497818
6 0.0546417 0.898193 0.0999451 0.203613 0.00469589
3 0.0448151 0.880371 0.0768738 0.206055 0.0046463
6 0.0366211 0.935547 0.0412598 0.0615234 0.00460434
1 0.0459747 0.95166 0.0640564 0.0693359 0.00440979
3 0.0383301 0.159241 0.0611572 0.264526 0.00440598
1 0.88916 0.967773 0.206055 0.0625 0.00409698
3 0.05336 0.951172 0.0798035 0.0761719 0.00408554
3 0.976562 0.896973 0.0410156 0.196289 0.00395966
3 0.043335 0.931396 0.0610352 0.10791 0.00388718
3 0.960693 0.299805 0.0551758 0.599609 0.00383377
2 0.0267487 0.739746 0.021698 0.0683594 0.00379562
13 0.975586 0.955078 0.0429688 0.0742188 0.00379372
6 0.913818 0.0240479 0.164551 0.0480957 0.00372505
3 0.973633 0.950439 0.0410156 0.0795898 0.00368309
6 0.0449066 0.85498 0.0671692 0.288086 0.00360489
14 0.674316 0.588379 0.0546875 0.124023 0.00351906
2 0.0309906 0.661621 0.0233459 0.125 0.00338364
2 0.964111 0.936523 0.0561523 0.107422 0.00331879
13 0.673828 0.587402 0.0537109 0.124023 0.00330925
1 0.874023 0.95459 0.234375 0.0908203 0.00326157
3 0.0310516 0.91333 0.0462952 0.157715 0.00317574
6 0.0349121 0.952148 0.0550537 0.0605469 0.00284767
1 0.888428 0.934814 0.195801 0.126465 0.00282478
2 0.0512695 0.942383 0.0632324 0.0625 0.00280762
1 0.956055 0.890137 0.0820312 0.202148 0.00259399
1 0.0640717 0.954102 0.112335 0.0664062 0.00247955
6 0.931885 0.933105 0.108887 0.133789 0.00234413
2 0.88623 0.943115 0.211914 0.11377 0.00229836
2 0.978516 0.935791 0.0371094 0.0874023 0.00229836
1 0.97876 0.885742 0.0424805 0.228516 0.00217628
2 0.028183 0.755371 0.0232239 0.0898438 0.00209236
2 0.677734 0.555664 0.0400391 0.0693359 0.00193214
3 0.0454102 0.91333 0.0637207 0.171387 0.00186062
1 0.0443878 0.27063 0.0528259 0.505615 0.00184345
1 0.138062 0.941406 0.226807 0.117188 0.00182819
3 0.973633 0.931641 0.0488281 0.117188 0.00179482
13 0.0309906 0.661621 0.0233459 0.125 0.00177193
2 0.0285034 0.693848 0.0234375 0.174805 0.00176716
2 0.0426636 0.927979 0.0682373 0.103027 0.0017643
4 0.674316 0.586914 0.0566406 0.12207 0.00176048
2 0.662109 0.587402 0.0644531 0.118164 0.00175095
1 0.676758 0.588867 0.0527344 0.119141 0.00174713
6 0.983398 0.949951 0.0332031 0.0786133 0.00161171
3 0.966553 0.951172 0.0571289 0.0976562 0.0015707
2 0.12265 0.963867 0.239563 0.0722656 0.00156116
3 0.038208 0.94873 0.0571289 0.0712891 0.00151825
6 0.156067 0.964355 0.30896 0.0693359 0.00142002
2 0.0337067 0.675781 0.0226746 0.173828 0.00136852
6 0.0606537 0.93335 0.0974426 0.115723 0.00136757
1 0.968018 0.087677 0.0463867 0.133728 0.00136471
1 0.0435181 0.931396 0.0679932 0.104004 0.00132847
6 0.978516 0.935791 0.0371094 0.0874023 0.00131607
9 0.676758 0.59082 0.0517578 0.119141 0.00131416
2 0.0524902 0.954102 0.0823975 0.0703125 0.00130939
6 0.0338135 0.152313 0.0435791 0.248596 0.00125504
19 0.525024 0.469604 0.490967 0.523682 0.00125504
2 0.0996094 0.949951 0.183838 0.0844727 0.00124741
2 0.678711 0.587891 0.0839844 0.145508 0.00123978
14 0.973389 0.950684 0.0454102 0.0771484 0.00119114
13 0.0450592 0.951904 0.0639343 0.0668945 0.00118351
3 0.0707703 0.506958 0.101624 0.986084 0.00111675
7 0.975586 0.954102 0.0410156 0.0742188 0.00110722
3 0.034729 0.865723 0.0562744 0.268555 0.00110149
3 0.046875 0.50415 0.09375 0.952637 0.00108242
3 0.0835266 0.950928 0.160583 0.0786133 0.00107479
8 0.525024 0.469604 0.490967 0.523682 0.00106621
1 0.0405273 0.938477 0.050415 0.0742188 0.00105572
13 0.0426025 0.223694 0.0507812 0.414917 0.00104809
6 0.962891 0.900391 0.0644531 0.199219 0.00103283
1 0.0344849 0.22406 0.045166 0.396606 0.0010128
6 0.888428 0.934814 0.195801 0.126465 0.00100708
1 0.978516 0.935791 0.0371094 0.0874023 0.00100327
