2 0.706055 0.209961 0.111328 0.191895 0.77002
2 0.54834 0.222351 0.0371094 0.261353 0.490479
2 0.0266113 0.466187 0.0257568 0.358643 0.38916
14 0.883301 0.271973 0.0166016 0.0234375 0.327881
2 0.0380859 0.345215 0.0397949 0.608398 0.275391
2 0.541016 0.203308 0.0351562 0.297485 0.111267
3 0.952393 0.40271 0.0795898 0.762939 0.105347
6 0.0281677 0.890381 0.0443726 0.20166 0.0567017
2 0.0283203 0.365479 0.0335693 0.537598 0.0446167
3 0.96582 0.329346 0.0605469 0.641113 0.0429077
2 0.0257416 0.399414 0.0210266 0.1875 0.0400696
2 0.0268555 0.601074 0.0197754 0.116211 0.0377808
4 0.0404663 0.347778 0.0458984 0.640381 0.0360413
2 0.0347443 0.493652 0.0267029 0.329102 0.0355835
2 0.0273132 0.557251 0.0221558 0.194092 0.03302
2 0.036087 0.594238 0.0359802 0.660156 0.0299683
2 0.55127 0.30127 0.0253906 0.0942383 0.0280914
2 0.550781 0.265381 0.0283203 0.166016 0.0224457
6 0.0344238 0.147461 0.0415039 0.259766 0.019577
14 0.885742 0.270752 0.0224609 0.0322266 0.0184631
3 0.0372314 0.611938 0.0380859 0.662842 0.0139999
3 0.0404663 0.347778 0.0458984 0.640381 0.0127106
2 0.724121 0.208435 0.179688 0.209106 0.0126648
2 0.0273438 0.472168 0.0426025 0.360352 0.0123062
3 0.0422516 0.71582 0.0490417 0.535156 0.0106125
6 0.0328369 0.940186 0.0516357 0.0922852 0.0105743
3 0.0344238 0.147461 0.0415039 0.259766 0.0101776
3 0.028595 0.909424 0.0463257 0.177246 0.00798035
6 0.0395355 0.236389 0.0466614 0.439331 0.00694275
1 0.0267944 0.900391 0.0419922 0.195312 0.0063591
2 0.031723 0.936035 0.0310364 0.0712891 0.00621033
6 0.0848389 0.960205 0.163574 0.065918 0.005867
1 0.125183 0.957275 0.223267 0.0854492 0.00531387
4 0.705566 0.210815 0.111328 0.188721 0.00520706
6 0.0390015 0.92334 0.0490723 0.118164 0.00507736
13 0.706055 0.208862 0.112305 0.179932 0.00502396
2 0.705078 0.204102 0.0859375 0.11084 0.00495529
2 0.883301 0.270996 0.015625 0.0224609 0.00474167
2 0.0337524 0.910645 0.053833 0.170898 0.00466919
2 0.0326538 0.561035 0.0247803 0.216797 0.00446701
2 0.545898 0.216675 0.0351562 0.136963 0.00439072
2 0.553223 0.317383 0.0253906 0.0751953 0.00423813
14 0.885742 0.267578 0.015625 0.0244141 0.00400162
2 0.0347748 0.427979 0.0246887 0.268066 0.00372505
6 0.0498657 0.946289 0.0710449 0.0820312 0.0037117
1 0.705566 0.210815 0.111328 0.188721 0.00354576
13 0.0344238 0.147461 0.0415039 0.259766 0.0032196
1 0.0345001 0.929932 0.0496521 0.120605 0.00311852
3 0.0298309 0.266541 0.0465393 0.480591 0.00305557
4 0.95874 0.464478 0.0629883 0.826904 0.00304794
2 0.0293121 0.617676 0.0142517 0.0849609 0.00303841
1 0.03479 0.872803 0.0430908 0.23877 0.00302505
2 0.254883 0.574219 0.0205078 0.0751953 0.00292778
1 0.031723 0.936035 0.0310364 0.0712891 0.00292587
2 0.30249 0.653809 0.0307617 0.0429688 0.0028553
2 0.0415649 0.460693 0.0313721 0.315918 0.00276375
2 0.0356445 0.403687 0.0303955 0.47583 0.00274467
6 0.0422516 0.71582 0.0490417 0.535156 0.00264549
2 0.0374146 0.932373 0.0367432 0.0961914 0.00251007
9 0.706543 0.211609 0.110352 0.183228 0.00248146
3 0.931396 0.410889 0.0766602 0.821777 0.00242996
3 0.03479 0.872803 0.0430908 0.23877 0.00240517
6 0.957275 0.40686 0.0795898 0.768311 0.00240135
2 0.6875 0.184418 0.0791016 0.194641 0.00239372
1 0.0967712 0.960449 0.181946 0.0634766 0.00235558
14 0.706543 0.211609 0.110352 0.183228 0.00234222
2 0.0280762 0.397461 0.0308838 0.21875 0.00227547
13 0.0284271 0.101196 0.0312805 0.186768 0.00226784
2 0.0268555 0.447021 0.0201416 0.218262 0.00216293
2 0.0435181 0.588379 0.0593262 0.714844 0.00215721
2 0.957275 0.40686 0.0795898 0.768311 0.00210381
6 0.0328369 0.1073 0.0330811 0.163086 0.00197792
6 0.706055 0.208862 0.112305 0.179932 0.0019722
6 0.968506 0.273193 0.0532227 0.516113 0.00195885
1 0.168457 0.960449 0.336914 0.0595703 0.00195217
1 0.0667877 0.952881 0.0971375 0.0883789 0.00193596
3 0.0409546 0.53064 0.0819092 0.938721 0.00193119
1 0.968506 0.273193 0.0532227 0.516113 0.00189781
6 0.0210876 0.912109 0.0421753 0.162109 0.00189304
6 0.030899 0.853027 0.0290222 0.162109 0.00187492
7 0.706055 0.208862 0.112305 0.179932 0.00178146
6 0.125183 0.957275 0.223267 0.0854492 0.00168514
1 0.952393 0.40271 0.0795898 0.762939 0.00166988
19 0.706543 0.211609 0.110352 0.183228 0.00166893
3 0.950439 0.363647 0.0620117 0.540283 0.0016222
14 0.879883 0.269775 0.0185547 0.0234375 0.00161457
6 0.0395508 0.106812 0.0498047 0.185303 0.00161266
1 0.0404663 0.347778 0.0458984 0.640381 0.00159168
16 0.706055 0.208862 0.112305 0.179932 0.00157928
2 0.549805 0.298584 0.0380859 0.11377 0.00157356
3 0.706055 0.208862 0.112305 0.179932 0.00157261
2 0.038147 0.476074 0.0469971 0.414062 0.00155354
8 0.706055 0.208862 0.112305 0.179932 0.00154877
5 0.706055 0.208862 0.112305 0.179932 0.00153732
3 0.977783 0.0877686 0.0424805 0.162842 0.00153065
10 0.706055 0.208862 0.112305 0.179932 0.0015192
6 0.0710449 0.950195 0.11377 0.0761719 0.0015049
2 0.0288849 0.640625 0.0179138 0.180664 0.00147629
4 0.544922 0.214355 0.0332031 0.280273 0.00147438
18 0.706055 0.208862 0.112305 0.179932 0.00144958
17 0.706055 0.208862 0.112305 0.179932 0.0014267
6 0.977783 0.0877686 0.0424805 0.162842 0.00142574
12 0.706055 0.208862 0.112305 0.179932 0.00142097
15 0.706055 0.208862 0.112305 0.179932 0.00141621
2 0.0320892 0.261719 0.0383606 0.454102 0.00138664
3 0.042984 0.328613 0.0724792 0.657227 0.00137424
0 0.706055 0.208862 0.112305 0.179932 0.00137329
11 0.706055 0.208862 0.112305 0.179932 0.00136185
1 0.204712 0.958008 0.380127 0.0839844 0.00136089
4 0.0283203 0.440674 0.0291748 0.410645 0.00135326
6 0.0380859 0.345215 0.0397949 0.608398 0.0013504
4 0.0292969 0.35437 0.0447998 0.570557 0.00131226
13 0.54834 0.222351 0.0371094 0.261353 0.00130558
2 0.0967712 0.960449 0.181946 0.0634766 0.00129318
2 0.757324 0.201538 0.299805 0.256592 0.0012846
3 0.978516 0.252319 0.0410156 0.485596 0.00127316
3 0.973389 0.151062 0.0454102 0.264282 0.00122738
6 0.0402832 0.887695 0.0494385 0.199219 0.00122547
3 0.94458 0.529785 0.0600586 0.69043 0.00122356
3 0.0435181 0.588379 0.0593262 0.714844 0.00116825
1 0.030899 0.853027 0.0290222 0.162109 0.00116634
2 0.0311737 0.658203 0.0235901 0.289062 0.00115204
6 0.0327148 0.93335 0.0361328 0.0786133 0.00114441
2 0.681641 0.204468 0.295898 0.257568 0.00114441
2 0.0251465 0.359619 0.0195312 0.116699 0.00112629
2 0.745605 0.174377 0.167969 0.289917 0.00112629
19 0.883301 0.270996 0.015625 0.0224609 0.00111771
2 0.0220032 0.430542 0.0175171 0.216064 0.00111389
4 0.968506 0.273193 0.0532227 0.516113 0.00111294
6 0.0372314 0.611938 0.0380859 0.662842 0.00111198
1 0.0374146 0.932373 0.0367432 0.0961914 0.0010767
13 0.883301 0.270996 0.015625 0.0224609 0.00104618
2 0.039978 0.356506 0.0571289 0.489136 0.00104523
3 0.0349579 0.0861816 0.0399475 0.152588 0.00103951
13 0.957275 0.40686 0.0795898 0.768311 0.00102806
2 0.03479 0.872803 0.0430908 0.23877 0.0010252
1 0.0396118 0.671997 0.0422363 0.595459 0.00101662
2 0.0222778 0.603027 0.0166626 0.116211 0.00100422
