2 0.393555 0.232178 0.226562 0.12207 0.445801
6 0.968994 0.0648804 0.050293 0.129761 0.235718
6 0.0269165 0.909424 0.0452881 0.169434 0.154297
2 0.42334 0.19519 0.254883 0.206299 0.113281
1 0.0273438 0.932373 0.0385742 0.105957 0.0722046
3 0.0466461 0.418457 0.0744324 0.836914 0.0542297
6 0.969971 0.108582 0.0581055 0.217163 0.0521545
6 0.957031 0.0514526 0.0722656 0.102905 0.037384
2 0.0292969 0.938232 0.0361328 0.105957 0.0307312
6 0.0350342 0.938721 0.0482178 0.106934 0.0284424
6 0.0383301 0.119873 0.0510254 0.234863 0.0278168
6 0.0372314 0.887451 0.0587158 0.225098 0.0262146
3 0.0669556 0.505493 0.098999 0.989014 0.0226288
6 0.977295 0.958984 0.0415039 0.0605469 0.0197754
2 0.379395 0.236084 0.154785 0.102539 0.018219
3 0.0327759 0.89209 0.0447998 0.209961 0.0179138
6 0.969727 0.174805 0.0546875 0.349609 0.016098
3 0.0383301 0.119873 0.0510254 0.234863 0.0158997
3 0.969727 0.131958 0.0566406 0.263916 0.0158234
1 0.966064 0.0628815 0.0620117 0.119843 0.0146484
3 0.9729 0.0638123 0.0463867 0.120422 0.0127869
6 0.939697 0.0423584 0.10498 0.0847168 0.0113831
13 0.0361328 0.864258 0.0507812 0.265625 0.0104141
2 0.963623 0.053833 0.0668945 0.100098 0.0101318
6 0.979492 0.0665894 0.0351562 0.122925 0.00930786
6 0.0704041 0.949463 0.125793 0.0874023 0.00917053
3 0.031311 0.169556 0.0447998 0.313232 0.00911713
6 0.0501556 0.94751 0.0779114 0.0874023 0.00872803
1 0.0340576 0.927734 0.0500488 0.134766 0.00754547
6 0.0198975 0.888672 0.0279541 0.205078 0.00684738
3 0.963379 0.0530701 0.0576172 0.104309 0.00666428
6 0.983887 0.960938 0.0322266 0.0527344 0.00660324
2 0.442871 0.159302 0.251953 0.304443 0.00624084
13 0.972412 0.0645294 0.0512695 0.1185 0.00617218
3 0.964111 0.296387 0.0639648 0.59082 0.00611877
3 0.0440674 0.283203 0.0628662 0.541992 0.00603104
1 0.970459 0.960205 0.0551758 0.0620117 0.00588989
6 0.943359 0.965088 0.0917969 0.065918 0.00561523
3 0.0282745 0.924561 0.0389099 0.141113 0.00554657
6 0.0279541 0.116119 0.0302734 0.203308 0.00515366
4 0.96582 0.213013 0.0625 0.417725 0.00514221
2 0.0267792 0.909424 0.0470276 0.157715 0.00490952
6 0.0352783 0.917236 0.0566406 0.124512 0.00453949
6 0.908691 0.966553 0.168945 0.0668945 0.00446701
13 0.0276489 0.897705 0.043335 0.19873 0.00438309
3 0.0240021 0.892334 0.0313416 0.199707 0.00437164
1 0.899902 0.964844 0.178711 0.0605469 0.00412369
1 0.972656 0.939209 0.0488281 0.105957 0.00393677
3 0.0346527 0.367065 0.0654602 0.674072 0.0038414
1 0.984375 0.959717 0.03125 0.0551758 0.00372505
3 0.975342 0.0949707 0.0454102 0.189941 0.00369263
13 0.0235291 0.873047 0.026062 0.181641 0.00354767
6 0.96875 0.0393829 0.0527344 0.0760193 0.00344658
6 0.902344 0.0394897 0.1875 0.0789795 0.00341225
6 0.032959 0.922852 0.0356445 0.113281 0.00298119
6 0.97583 0.0900879 0.0463867 0.162354 0.00291443
2 0.0341034 0.919922 0.0470276 0.125 0.00289536
2 0.518555 0.11319 0.0576172 0.131531 0.00271797
2 0.0240021 0.892334 0.0313416 0.199707 0.00271797
1 0.14267 0.959229 0.239563 0.081543 0.00269508
13 0.0279541 0.116119 0.0302734 0.203308 0.00268936
6 0.0359497 0.942383 0.0350342 0.0859375 0.00265884
13 0.0236206 0.837891 0.0181885 0.0546875 0.0026207
2 0.977295 0.958984 0.0415039 0.0605469 0.00258446
6 0.976562 0.143005 0.046875 0.265747 0.00252151
3 0.0374603 0.942139 0.0491028 0.100098 0.0024929
1 0.0544586 0.934814 0.0900574 0.11084 0.00242615
1 0.0276489 0.897705 0.043335 0.19873 0.00237465
1 0.0372314 0.133545 0.0537109 0.257324 0.00235748
1 0.976562 0.95166 0.0371094 0.0869141 0.00234795
13 0.0231628 0.853516 0.0200806 0.0898438 0.00233078
3 0.0405273 0.891846 0.0782471 0.216309 0.00233078
1 0.0824585 0.94873 0.135864 0.0986328 0.00231743
6 0.0467377 0.91333 0.0869446 0.161621 0.00230408
6 0.981201 0.930176 0.0375977 0.120117 0.00208092
6 0.0320892 0.087677 0.0505676 0.159119 0.00195694
1 0.868896 0.977539 0.242676 0.0410156 0.00190067
4 0.426514 0.178955 0.241699 0.256836 0.00186253
2 0.475586 0.146393 0.144531 0.239929 0.00185871
4 0.0313721 0.911133 0.0457764 0.164062 0.00184441
6 0.031311 0.169556 0.0447998 0.313232 0.00174332
1 0.201416 0.958252 0.379395 0.0834961 0.00173664
3 0.0279541 0.116119 0.0302734 0.203308 0.00168419
1 0.94873 0.962402 0.0888672 0.0634766 0.00166893
4 0.969727 0.131958 0.0566406 0.263916 0.00162601
3 0.0503998 0.946777 0.0774231 0.0908203 0.00157642
2 0.435547 0.248047 0.282227 0.166504 0.00155449
2 0.835449 0.898438 0.0429688 0.121094 0.00154114
1 0.938965 0.946533 0.112305 0.0932617 0.00152874
4 0.968994 0.0648804 0.050293 0.129761 0.00152206
4 0.393433 0.230957 0.229736 0.124023 0.00150967
13 0.977295 0.161804 0.043457 0.312134 0.00148106
3 0.953613 0.0647125 0.0810547 0.12204 0.00146008
6 0.14267 0.959229 0.239563 0.081543 0.00143337
6 0.966797 0.962646 0.0605469 0.059082 0.00140858
1 0.939697 0.0423584 0.10498 0.0847168 0.00140285
2 0.0359497 0.942383 0.0350342 0.0859375 0.00139141
1 0.852295 0.9646 0.271973 0.0532227 0.00137234
13 0.0244293 0.92041 0.040741 0.120117 0.00135899
3 0.948486 0.473022 0.103027 0.870361 0.00133991
6 0.0353394 0.845703 0.0445557 0.285156 0.00132561
13 0.0343018 0.133545 0.0467529 0.257324 0.00131416
2 0.0245819 0.831055 0.0180969 0.0449219 0.00129128
6 0.952637 0.031189 0.0751953 0.0562744 0.00129032
13 0.957031 0.0514526 0.0722656 0.102905 0.00128555
6 0.0570831 0.494141 0.0953064 0.988281 0.00128078
6 0.0850525 0.921875 0.133118 0.15625 0.00126743
6 0.0397949 0.958496 0.0614014 0.0791016 0.00121498
1 0.977295 0.964355 0.0356445 0.0537109 0.00120831
1 0.426514 0.178955 0.241699 0.256836 0.00120449
2 0.38855 0.2547 0.189697 0.107788 0.00119781
2 0.89502 0.976318 0.188477 0.0415039 0.00119209
19 0.426514 0.178955 0.241699 0.256836 0.0011816
2 0.432129 0.259521 0.356445 0.25 0.00117779
6 0.983154 0.114166 0.0297852 0.200867 0.00117779
14 0.96582 0.052063 0.0605469 0.0987549 0.00110817
6 0.919434 0.0264435 0.15918 0.0523376 0.00110722
13 0.426514 0.178955 0.241699 0.256836 0.00110626
3 0.0435944 0.152222 0.0778503 0.304443 0.00110245
2 0.0286407 0.144989 0.0340271 0.208557 0.00107002
19 0.501343 0.456299 0.550049 0.710449 0.00105095
1 0.120087 0.944092 0.210022 0.104004 0.00104523
6 0.0529327 0.13385 0.0774841 0.262573 0.00103951
13 0.0334015 0.929932 0.0496521 0.132324 0.00101471
2 0.0327759 0.89209 0.0447998 0.209961 0.00101376
6 0.426514 0.178955 0.241699 0.256836 0.00100422
