2 0.457764 0.700684 0.143066 0.287109 0.859375
1 0.9729 0.0535889 0.0405273 0.0568848 0.312988
2 0.988281 0.46167 0.0214844 0.263184 0.311768
2 0.0334015 0.46167 0.0202332 0.0991211 0.131592
2 0.0311127 0.474731 0.0178528 0.0817871 0.123352
6 0.02742 0.911621 0.0462341 0.12793 0.0722656
2 0.441528 0.695312 0.216553 0.327148 0.052948
3 0.97583 0.849854 0.0483398 0.253418 0.0459595
6 0.03302 0.143372 0.0471191 0.263062 0.0410461
1 0.97583 0.853027 0.0463867 0.260742 0.0365601
6 0.980713 0.948975 0.0366211 0.0629883 0.0318298
2 0.982422 0.460938 0.0253906 0.24707 0.029068
2 0.0349121 0.438232 0.0206299 0.129395 0.0244293
2 0.987305 0.567871 0.0136719 0.0605469 0.020874
1 0.979248 0.951904 0.0375977 0.0610352 0.0193481
4 0.453125 0.698242 0.155273 0.303711 0.0166779
3 0.0268097 0.901123 0.0498962 0.13916 0.0161285
2 0.0260162 0.708008 0.0219421 0.138672 0.0154572
2 0.988281 0.505737 0.0195312 0.168213 0.0137939
2 0.0221863 0.807617 0.0165405 0.0478516 0.0136032
2 0.980713 0.948975 0.0366211 0.0629883 0.0135727
2 0.432129 0.653809 0.103516 0.212891 0.0133591
1 0.0302734 0.93457 0.0338135 0.0625 0.0128174
1 0.032959 0.902344 0.0526123 0.146484 0.012291
1 0.0292053 0.116791 0.043396 0.212708 0.0122833
2 0.971924 0.0510101 0.0405273 0.0554504 0.0115509
3 0.0365601 0.120636 0.0577393 0.226013 0.0108871
6 0.0270996 0.939209 0.0444336 0.0766602 0.0104904
2 0.0302734 0.938477 0.032959 0.0576172 0.0100784
1 0.97583 0.0661011 0.0385742 0.0714111 0.00913239
6 0.97876 0.890625 0.0424805 0.179688 0.00868988
1 0.451416 0.705566 0.163574 0.314453 0.00826263
6 0.97583 0.853027 0.0463867 0.260742 0.00805664
2 0.0229034 0.796875 0.0219421 0.0742188 0.00785828
13 0.455322 0.700684 0.140137 0.287109 0.00778198
3 0.973633 0.904297 0.0488281 0.148438 0.00749969
2 0.986328 0.556641 0.0175781 0.0722656 0.00744629
3 0.0377808 0.839111 0.0533447 0.294434 0.00741959
2 0.985352 0.716797 0.015625 0.0488281 0.00627899
2 0.473145 0.625977 0.188477 0.392578 0.00580978
2 0.986816 0.44812 0.0263672 0.26001 0.00489807
2 0.763184 0.182617 0.0976562 0.0715332 0.00476074
2 0.102325 0.962891 0.195251 0.0527344 0.00475693
2 0.0297241 0.491089 0.0174561 0.0715332 0.00468826
3 0.973633 0.784668 0.0429688 0.393555 0.00457382
1 0.962646 0.0520172 0.0571289 0.0641785 0.00447845
2 0.0335083 0.91748 0.0550537 0.145508 0.00445175
1 0.0400391 0.939941 0.0528564 0.0634766 0.00419617
6 0.0316772 0.104004 0.0396729 0.182373 0.00408173
2 0.0240479 0.221924 0.020874 0.0942383 0.00401306
2 0.0336914 0.473633 0.0290527 0.0859375 0.0039978
2 0.910156 0.657715 0.0253906 0.0722656 0.00393677
14 0.458496 0.705566 0.143555 0.291016 0.00392914
2 0.980225 0.47644 0.0258789 0.170166 0.00382423
13 0.974609 0.0550537 0.0429688 0.0563965 0.00379562
9 0.458496 0.705566 0.143555 0.291016 0.00379562
6 0.0392456 0.938965 0.0510254 0.0751953 0.00371742
2 0.0240936 0.767578 0.021637 0.151367 0.00370789
4 0.401611 0.55127 0.364746 0.650391 0.00347328
6 0.0366821 0.874268 0.0550537 0.212402 0.0033989
2 0.0338135 0.93457 0.0495605 0.0917969 0.00335693
6 0.0389862 0.218018 0.0467834 0.42041 0.00335312
4 0.0319214 0.119476 0.0509033 0.229309 0.00331497
13 0.986328 0.719238 0.015625 0.0449219 0.00329208
2 0.0233765 0.779297 0.0187988 0.101562 0.00328064
6 0.0366211 0.0949707 0.0616455 0.176025 0.00327682
1 0.972412 0.915771 0.0493164 0.146973 0.00303268
13 0.0235291 0.214844 0.0194702 0.0991211 0.00295448
1 0.100739 0.956055 0.173523 0.0878906 0.00294685
2 0.96875 0.354492 0.0351562 0.481445 0.00287819
3 0.0397186 0.731934 0.051178 0.495117 0.00287056
1 0.971191 0.955322 0.0576172 0.0600586 0.00284195
3 0.0325165 0.166992 0.046051 0.311035 0.00283432
2 0.0258942 0.689453 0.0204773 0.0869141 0.00278854
2 0.969971 0.423828 0.0600586 0.847656 0.00276947
3 0.0289154 0.87207 0.0429993 0.210938 0.0027504
6 0.880859 0.0223694 0.214844 0.0346069 0.00263786
4 0.305359 0.555786 0.401001 0.618896 0.00255013
6 0.454346 0.704102 0.185059 0.332031 0.00248909
7 0.458496 0.705566 0.143555 0.291016 0.00248337
19 0.305359 0.555786 0.401001 0.618896 0.00242043
6 0.0390472 0.926025 0.0649719 0.124512 0.00241089
3 0.0292358 0.930908 0.0386963 0.0991211 0.00240707
2 0.41748 0.612305 0.219727 0.413086 0.00239754
19 0.402222 0.480835 0.613525 0.764893 0.0023632
2 0.455688 0.68457 0.104248 0.138672 0.00235176
1 0.0355225 0.164551 0.0461426 0.310547 0.00233269
6 0.102386 0.966309 0.2005 0.0458984 0.00231743
16 0.458496 0.705566 0.143555 0.291016 0.00225258
5 0.458496 0.705566 0.143555 0.291016 0.00222588
1 0.947266 0.9375 0.09375 0.115234 0.00222015
3 0.964355 0.323608 0.0419922 0.542236 0.00221443
13 0.0351562 0.168213 0.0489502 0.316895 0.00219154
10 0.458496 0.705566 0.143555 0.291016 0.00217438
19 0.458496 0.705566 0.143555 0.291016 0.00212479
19 0.614258 0.545776 0.473633 0.654541 0.00211906
13 0.0391846 0.790283 0.0522461 0.384277 0.00210953
17 0.458496 0.705566 0.143555 0.291016 0.00209236
18 0.458496 0.705566 0.143555 0.291016 0.00209236
6 0.974609 0.0550537 0.0429688 0.0563965 0.00206757
1 0.967041 0.0612183 0.0366211 0.0648193 0.00206566
11 0.458496 0.705566 0.143555 0.291016 0.00205994
13 0.0214539 0.811523 0.0149536 0.0380859 0.00205231
1 0.102325 0.962891 0.195251 0.0527344 0.00204086
15 0.458496 0.705566 0.143555 0.291016 0.00201225
12 0.458496 0.705566 0.143555 0.291016 0.00201225
1 0.0336761 0.935059 0.0495911 0.0908203 0.00201225
4 0.473145 0.625977 0.188477 0.392578 0.00198936
6 0.0327301 0.938477 0.0434265 0.0576172 0.00198936
1 0.97876 0.890625 0.0424805 0.179688 0.00197792
0 0.458496 0.705566 0.143555 0.291016 0.00192833
1 0.0622101 0.939209 0.108246 0.100098 0.00190544
13 0.974854 0.829834 0.0444336 0.309082 0.00186539
8 0.458496 0.705566 0.143555 0.291016 0.00186157
3 0.982178 0.941895 0.0356445 0.0791016 0.00184822
14 0.972656 0.0527344 0.0429688 0.0592041 0.00184345
1 0.983154 0.941895 0.0336914 0.0751953 0.00183487
1 0.979492 0.926758 0.0390625 0.109375 0.00180244
8 0.312012 0.494141 0.529297 0.816406 0.00178623
8 0.502441 0.472168 0.59375 0.743164 0.00174809
3 0.0389862 0.218018 0.0467834 0.42041 0.00174141
4 0.312012 0.494141 0.529297 0.816406 0.00170326
13 0.0320435 0.463867 0.0198975 0.0966797 0.00167274
3 0.458496 0.705566 0.143555 0.291016 0.00161743
6 0.0721436 0.950928 0.127197 0.0668945 0.00161457
1 0.0377808 0.839111 0.0533447 0.294434 0.00160694
2 0.985352 0.579102 0.0136719 0.0908203 0.0015955
13 0.910156 0.657715 0.0253906 0.0722656 0.00158215
3 0.964111 0.424805 0.0678711 0.849609 0.00157738
13 0.983398 0.193848 0.0136719 0.0454102 0.00157452
4 0.634766 0.587036 0.475586 0.659912 0.00156403
2 0.0379181 0.947998 0.049408 0.059082 0.0014658
6 0.0291138 0.94751 0.034668 0.0581055 0.00139141
2 0.0331421 0.497437 0.0159912 0.0734863 0.00138664
2 0.974365 0.406616 0.0473633 0.653564 0.00135899
14 0.473145 0.625977 0.188477 0.392578 0.00133896
2 0.0252228 0.73877 0.0192566 0.124023 0.00133514
1 0.0246582 0.89209 0.0334473 0.151367 0.00133324
2 0.0302582 0.49707 0.01297 0.0566406 0.00132561
8 0.633911 0.584106 0.52124 0.70874 0.00131989
6 0.0486908 0.948242 0.0744934 0.0644531 0.00131893
2 0.0718689 0.955811 0.113586 0.0532227 0.00131607
19 0.711914 0.554199 0.319336 0.737305 0.00127697
2 0.973633 0.904297 0.0488281 0.148438 0.00122452
14 0.763184 0.182617 0.0976562 0.0715332 0.00120926
8 0.711914 0.554199 0.319336 0.737305 0.00117874
1 0.054184 0.943359 0.077179 0.0644531 0.0011692
19 0.45752 0.525024 0.482422 0.582764 0.00116444
2 0.0366821 0.874268 0.0550537 0.212402 0.00116348
4 0.988281 0.46167 0.0214844 0.263184 0.00116158
4 0.706055 0.553223 0.31543 0.783203 0.00116158
6 0.981201 0.919434 0.0375977 0.125977 0.00115299
2 0.420166 0.62793 0.140137 0.255859 0.00115108
7 0.312012 0.494141 0.529297 0.816406 0.00114441
7 0.502441 0.472168 0.59375 0.743164 0.00114155
3 0.0357056 0.919678 0.0615234 0.13916 0.00113201
2 0.0403442 0.448608 0.0187988 0.118408 0.00112724
13 0.0273438 0.918701 0.0463867 0.141113 0.00111675
1 0.967773 0.884521 0.0585938 0.221191 0.00111485
6 0.100739 0.956055 0.173523 0.0878906 0.00107098
12 0.312012 0.494141 0.529297 0.816406 0.00106907
14 0.711914 0.554199 0.319336 0.737305 0.00104618
2 0.0368652 0.435303 0.0179443 0.0913086 0.00104141
2 0.987305 0.434082 0.0195312 0.169922 0.0010376
2 0.979248 0.52832 0.0219727 0.217773 0.00103378
12 0.502441 0.472168 0.59375 0.743164 0.00102615
2 0.0411377 0.416992 0.022583 0.166016 0.00101852
1 0.0473022 0.877197 0.072998 0.218262 0.00100517
