2 0.521851 0.0842285 0.226807 0.0732422 0.856445
2 0.509155 0.0783081 0.159424 0.0628662 0.108643
2 0.96875 0.852051 0.0332031 0.143555 0.088623
3 0.0536957 0.473022 0.0935364 0.932861 0.0318298
2 0.973633 0.866211 0.0390625 0.194336 0.0215912
14 0.282227 0.55957 0.0146484 0.0166016 0.0182648
6 0.0245056 0.942383 0.0339966 0.0742188 0.0179443
3 0.0400543 0.407715 0.0710144 0.81543 0.013092
2 0.974609 0.696045 0.046875 0.584473 0.0121918
2 0.0400391 0.449219 0.0740967 0.898438 0.0105133
3 0.0449829 0.175903 0.0682373 0.280518 0.00917816
2 0.0279236 0.947266 0.0319214 0.0625 0.00856781
6 0.0240173 0.923096 0.0391235 0.10498 0.00739288
13 0.96875 0.852051 0.0332031 0.143555 0.00699615
3 0.0501556 0.275146 0.0679016 0.512207 0.00694275
2 0.533691 0.0856628 0.121094 0.0718384 0.00677872
1 0.526001 0.0833435 0.184326 0.0725708 0.00561142
3 0.970947 0.137482 0.0463867 0.22406 0.00494766
2 0.526733 0.106567 0.22583 0.105469 0.00479889
2 0.513672 0.0705566 0.223633 0.141113 0.00476074
2 0.976318 0.4552 0.0473633 0.810303 0.00469208
3 0.962402 0.378662 0.0751953 0.689941 0.00452042
6 0.981445 0.952637 0.0371094 0.0712891 0.00439453
2 0.688843 0.0555267 0.622314 0.077179 0.0037899
2 0.967529 0.849609 0.0297852 0.0947266 0.00369644
2 0.497925 0.0678101 0.125244 0.0450439 0.003582
6 0.976562 0.879883 0.0390625 0.214844 0.00342178
14 0.279785 0.560059 0.0180664 0.0214844 0.00342178
2 0.502441 0.0849609 0.110352 0.0725098 0.00294495
6 0.0264435 0.898193 0.0384216 0.168457 0.0027256
2 0.973389 0.787354 0.0395508 0.413574 0.0025177
2 0.660645 0.564453 0.0175781 0.0400391 0.0025177
3 0.0596924 0.409912 0.0610352 0.819824 0.00247765
2 0.974854 0.299927 0.0483398 0.52124 0.00226212
1 0.0258484 0.944336 0.0261841 0.0703125 0.00224876
14 0.195557 0.856445 0.0134277 0.0136719 0.00222588
3 0.967285 0.209473 0.0498047 0.384766 0.00203896
3 0.0507812 0.506836 0.0578613 0.886719 0.00199509
4 0.526001 0.0833435 0.184326 0.0725708 0.00195694
2 0.968506 0.617188 0.0297852 0.162109 0.00183201
3 0.974854 0.299927 0.0483398 0.52124 0.00172329
2 0.972656 0.831543 0.0273438 0.125977 0.00170135
3 0.0281219 0.922852 0.0426331 0.0996094 0.00164223
2 0.0249023 0.925781 0.0345459 0.105469 0.00164032
2 0.467285 0.0753174 0.299805 0.0822754 0.0016346
2 0.966797 0.613159 0.0449219 0.533447 0.0016098
3 0.0305786 0.890381 0.0455322 0.17041 0.00160694
1 0.69104 0.048645 0.61792 0.0662842 0.00158501
6 0.980225 0.932129 0.0395508 0.108398 0.00147915
13 0.523438 0.085083 0.217773 0.0769043 0.00143337
6 0.971924 0.129059 0.0424805 0.216492 0.00141621
3 0.0307312 0.226135 0.0559692 0.390503 0.00140762
2 0.527344 0.0827332 0.0732422 0.0635376 0.00136566
14 0.52063 0.0843811 0.225342 0.0724487 0.0013485
6 0.0236206 0.958252 0.0379639 0.0698242 0.00126839
3 0.0258484 0.944336 0.0261841 0.0703125 0.00125027
2 0.961914 0.503906 0.0761719 0.972656 0.00121975
2 0.975586 0.589844 0.0234375 0.194336 0.00120735
6 0.0445557 0.185486 0.0540771 0.329224 0.00120163
2 0.97583 0.947021 0.0268555 0.0708008 0.00116539
3 0.0385742 0.549683 0.0587158 0.900635 0.00113392
1 0.0273438 0.936768 0.0367432 0.065918 0.00111485
2 0.973633 0.574707 0.03125 0.286133 0.0010643
2 0.0715332 0.956787 0.134033 0.059082 0.00105667
3 0.981201 0.951416 0.0336914 0.0737305 0.00103951
3 0.952881 0.493164 0.0786133 0.986328 0.0010252
