2 0.41626 0.733398 0.171387 0.209961 0.872559
3 0.0505981 0.5 0.0775146 1 0.0383301
3 0.964111 0.717896 0.0522461 0.505615 0.0287323
3 0.0467377 0.618164 0.0727844 0.688477 0.0265045
6 0.041748 0.888184 0.059082 0.21582 0.021286
1 0.4198 0.730469 0.174072 0.225586 0.0195312
6 0.0410156 0.921387 0.0599365 0.114258 0.0175629
2 0.406738 0.723145 0.297852 0.28418 0.0131683
1 0.979492 0.131104 0.0410156 0.236816 0.0129318
6 0.0418091 0.944824 0.0600586 0.0751953 0.0127945
2 0.0303955 0.615723 0.0250244 0.168945 0.011734
4 0.418457 0.733887 0.176758 0.217773 0.0101242
3 0.0441284 0.866943 0.0709229 0.215332 0.0085144
3 0.0607147 0.513916 0.115875 0.956543 0.00850677
2 0.602051 0.281006 0.0283203 0.0737305 0.00728226
1 0.0310669 0.139832 0.0413818 0.227173 0.0071106
3 0.950195 0.688965 0.0761719 0.59082 0.00643539
2 0.979492 0.830078 0.0292969 0.316406 0.0059166
13 0.414185 0.735352 0.168701 0.213867 0.005867
6 0.0864868 0.949463 0.167358 0.0795898 0.0058403
1 0.0405273 0.933105 0.0567627 0.0732422 0.00583649
14 0.414185 0.735352 0.168701 0.213867 0.00564575
3 0.0402985 0.933594 0.0617371 0.0976562 0.00514603
3 0.956299 0.471313 0.0874023 0.89917 0.00458145
3 0.0449219 0.340088 0.053833 0.665527 0.00443268
9 0.414185 0.735352 0.168701 0.213867 0.00430298
6 0.980225 0.932129 0.0395508 0.100586 0.00423431
3 0.0385132 0.271729 0.0444336 0.476074 0.00415421
6 0.0356445 0.849854 0.0541992 0.245605 0.00411224
3 0.0479279 0.77124 0.0767517 0.396973 0.00411224
6 0.0336914 0.933105 0.0380859 0.0683594 0.00404739
3 0.0339355 0.494629 0.0678711 0.989258 0.00398636
6 0.421265 0.733398 0.193604 0.237305 0.00378609
6 0.0320435 0.914307 0.0539551 0.145996 0.00370789
6 0.97876 0.0412598 0.0366211 0.0664062 0.00343513
6 0.126282 0.958496 0.21521 0.0830078 0.00338173
2 0.0229187 0.656738 0.0187378 0.0927734 0.00336266
2 0.322998 0.337646 0.0205078 0.0551758 0.00322533
6 0.983398 0.944824 0.0332031 0.0693359 0.00316048
7 0.414185 0.735352 0.168701 0.213867 0.00301933
19 0.634766 0.698364 0.461914 0.513428 0.00294113
2 0.02565 0.631836 0.0229187 0.134766 0.00286674
1 0.911621 0.948486 0.161133 0.103027 0.00283432
6 0.0310669 0.139832 0.0413818 0.227173 0.00282669
16 0.421265 0.733398 0.193604 0.237305 0.0028019
1 0.964111 0.717896 0.0522461 0.505615 0.00279999
1 0.16272 0.957764 0.32251 0.0786133 0.00273895
19 0.421265 0.733398 0.193604 0.237305 0.00268745
1 0.101685 0.95752 0.190186 0.0693359 0.00268364
6 0.979248 0.891846 0.0415039 0.187012 0.00265884
11 0.421265 0.733398 0.193604 0.237305 0.00262451
6 0.97583 0.131683 0.0444336 0.247375 0.0025959
6 0.0414429 0.837158 0.0782471 0.302246 0.00252914
3 0.421265 0.733398 0.193604 0.237305 0.0024395
6 0.0658875 0.946777 0.113342 0.0693359 0.00241661
10 0.414185 0.735352 0.168701 0.213867 0.00239944
5 0.414185 0.735352 0.168701 0.213867 0.00239182
18 0.414185 0.735352 0.168701 0.213867 0.0023632
17 0.421265 0.733398 0.193604 0.237305 0.00234604
3 0.971924 0.847656 0.050293 0.240234 0.0022831
15 0.421265 0.733398 0.193604 0.237305 0.00224113
2 0.600586 0.265625 0.0419922 0.0986328 0.00222778
0 0.414185 0.735352 0.168701 0.213867 0.00222206
12 0.421265 0.733398 0.193604 0.237305 0.0022049
19 0.578003 0.614136 0.420166 0.543213 0.00219727
8 0.421265 0.733398 0.193604 0.237305 0.0021801
6 0.966064 0.0373535 0.0620117 0.0649414 0.00210381
2 0.0397339 0.754883 0.0541992 0.420898 0.00200653
8 0.634766 0.698364 0.461914 0.513428 0.00199509
3 0.0356445 0.823975 0.0550537 0.305176 0.00199509
19 0.460571 0.541626 0.55542 0.653076 0.00188637
2 0.964111 0.717896 0.0522461 0.505615 0.00186634
2 0.0492249 0.501953 0.0939331 0.974609 0.00178814
19 0.603882 0.564331 0.60083 0.72876 0.00170898
3 0.0310669 0.139832 0.0413818 0.227173 0.00168896
13 0.983398 0.268555 0.0195312 0.0717773 0.00168324
6 0.974609 0.921875 0.0429688 0.101562 0.00166225
6 0.0375977 0.890625 0.0556641 0.138672 0.00165939
3 0.954102 0.39624 0.0585938 0.79248 0.00151443
6 0.0461426 0.506592 0.0922852 0.979004 0.00151348
2 0.630371 0.332275 0.0117188 0.0209961 0.00149155
8 0.603882 0.564331 0.60083 0.72876 0.00148869
4 0.384644 0.58252 0.365479 0.563477 0.0014782
2 0.0485229 0.621582 0.0649414 0.682617 0.00139809
8 0.567383 0.567017 0.418945 0.594482 0.00139523
8 0.496948 0.493164 0.57251 0.724609 0.00138855
3 0.0320435 0.914307 0.0539551 0.145996 0.0013876
2 0.0336914 0.933105 0.0380859 0.0683594 0.00135326
19 0.307617 0.537964 0.438477 0.662354 0.00131989
7 0.634766 0.698364 0.461914 0.513428 0.00130081
3 0.978271 0.0443878 0.0356445 0.0740662 0.00128269
12 0.634766 0.698364 0.461914 0.513428 0.00126839
6 0.0479279 0.77124 0.0767517 0.396973 0.00126743
3 0.97583 0.131683 0.0444336 0.247375 0.00126266
2 0.4104 0.726562 0.110352 0.136719 0.00123596
1 0.0461426 0.947754 0.0721436 0.0751953 0.00119686
2 0.404297 0.699219 0.151367 0.154297 0.00116158
6 0.964111 0.717896 0.0522461 0.505615 0.00115299
17 0.634766 0.698364 0.461914 0.513428 0.00109577
2 0.0400391 0.916992 0.0665283 0.107422 0.00107384
15 0.634766 0.698364 0.461914 0.513428 0.00106907
1 0.0410767 0.920898 0.0668945 0.109375 0.0010643
3 0.977539 0.883545 0.0429688 0.225098 0.0010519
1 0.966553 0.921875 0.059082 0.128906 0.00104332
1 0.0666351 0.948486 0.120636 0.0756836 0.00103951
1 0.646973 0.945801 0.167969 0.0927734 0.00103855
16 0.634766 0.698364 0.461914 0.513428 0.00103569
6 0.97168 0.851562 0.0449219 0.246094 0.00103474
1 0.639648 0.741943 0.49707 0.504395 0.00102711
18 0.634766 0.698364 0.461914 0.513428 0.0010252
6 0.976562 0.951416 0.046875 0.0698242 0.00102139
2 0.97876 0.94043 0.0424805 0.0800781 0.00101566
2 0.975586 0.922607 0.0449219 0.0961914 0.0010128
