2 0.405273 0.713379 0.362305 0.09375 0.902832
2 0.265137 0.794434 0.0268555 0.0498047 0.112976
2 0.404297 0.258545 0.126953 0.0268555 0.110718
3 0.0442047 0.5 0.0724792 1 0.104858
2 0.022583 0.297363 0.026123 0.176758 0.102539
2 0.02388 0.369446 0.0285339 0.352905 0.0806885
2 0.265137 0.793945 0.0429688 0.0449219 0.074585
6 0.974854 0.89209 0.0385742 0.188477 0.0714722
3 0.0411987 0.338501 0.0577393 0.653076 0.030304
1 0.977295 0.142944 0.0336914 0.245361 0.024826
2 0.03125 0.242188 0.0250244 0.112793 0.0236664
2 0.0253754 0.226746 0.0211487 0.0767822 0.0198669
2 0.402344 0.714844 0.217773 0.0917969 0.0191803
6 0.0273438 0.944092 0.0446777 0.0727539 0.018692
2 0.396545 0.702148 0.411987 0.164062 0.0176392
6 0.029892 0.140472 0.0439758 0.244446 0.0162201
2 0.0292969 0.281982 0.0250244 0.225098 0.0152359
2 0.029892 0.425903 0.0427551 0.700928 0.0144501
3 0.0467682 0.612671 0.0710144 0.690674 0.0143356
2 0.425781 0.261475 0.0825195 0.019043 0.0130081
2 0.0261841 0.197754 0.0152588 0.0356445 0.0129395
2 0.0271759 0.208252 0.0208435 0.0654297 0.0116501
6 0.0257568 0.927002 0.0499268 0.0952148 0.0112915
1 0.0250549 0.100952 0.0372925 0.195312 0.0105743
3 0.029892 0.140472 0.0439758 0.244446 0.0105667
2 0.0258484 0.388489 0.0407104 0.473999 0.0087738
3 0.970703 0.884033 0.0488281 0.185059 0.00744247
6 0.976318 0.950195 0.043457 0.0703125 0.00731277
2 0.896484 0.192505 0.0664062 0.139893 0.00720978
2 0.403564 0.259766 0.123047 0.0439453 0.0063858
1 0.408203 0.712402 0.375 0.0888672 0.00625229
2 0.270508 0.786621 0.0292969 0.0341797 0.00623322
1 0.0273438 0.928711 0.0432129 0.0693359 0.00590515
3 0.967773 0.718628 0.0449219 0.508057 0.00582886
3 0.0578461 0.512939 0.112091 0.974121 0.00577927
2 0.263184 0.785156 0.034668 0.0332031 0.00555038
3 0.034729 0.88623 0.0623779 0.176758 0.00535965
2 0.400024 0.737793 0.369873 0.0673828 0.00516891
2 0.0371094 0.24292 0.0288086 0.0957031 0.00511169
13 0.0338135 0.143433 0.0455322 0.250244 0.00502014
2 0.355469 0.730957 0.274414 0.0498047 0.00496674
2 0.0241699 0.268494 0.0328369 0.132935 0.00456238
6 0.0274658 0.894775 0.0505371 0.171387 0.00451279
2 0.0258789 0.166016 0.0286865 0.279785 0.00442505
3 0.0312347 0.922119 0.058136 0.0952148 0.00417709
2 0.976562 0.837402 0.0351562 0.311523 0.00388718
2 0.0275574 0.943359 0.0418091 0.0742188 0.00387573
6 0.974365 0.0817261 0.0375977 0.137817 0.00385857
2 0.428223 0.0200806 0.0322266 0.0374756 0.00382233
2 0.428467 0.0148926 0.0253906 0.0297852 0.00369644
3 0.976562 0.9104 0.0410156 0.16748 0.00362396
1 0.970703 0.863037 0.0429688 0.240723 0.0035305
6 0.976318 0.136353 0.0336914 0.246826 0.00348473
2 0.0283203 0.288147 0.0352783 0.472534 0.00339317
6 0.0265961 0.0883789 0.0354309 0.158447 0.00319099
2 0.0314331 0.159546 0.0461426 0.306396 0.00315094
6 0.0360107 0.865234 0.052124 0.248047 0.00311089
2 0.264893 0.805176 0.0317383 0.0712891 0.0030098
2 0.878418 0.165741 0.09375 0.169495 0.00287628
2 0.362 0.726562 0.343384 0.0703125 0.00284576
6 0.0349274 0.915771 0.0583191 0.123535 0.00282288
19 0.617065 0.540161 0.552979 0.616943 0.00267792
2 0.0384521 0.285889 0.0479736 0.51123 0.00257492
1 0.029892 0.140472 0.0439758 0.244446 0.002491
2 0.26709 0.785156 0.0576172 0.0410156 0.00245476
1 0.959473 0.719482 0.0556641 0.525879 0.00243568
19 0.687012 0.629517 0.464844 0.543701 0.00242424
4 0.405273 0.717285 0.365234 0.0966797 0.00240707
13 0.400452 0.712891 0.384644 0.0996094 0.00227737
13 0.972656 0.0924988 0.0273438 0.0918579 0.00226784
3 0.953125 0.673584 0.0839844 0.648926 0.00223541
1 0.975586 0.916992 0.0429688 0.130859 0.00221252
3 0.0319672 0.47937 0.0513 0.863525 0.00208092
2 0.974609 0.911133 0.0429688 0.132812 0.00205421
13 0.975342 0.869629 0.0356445 0.239258 0.00201988
8 0.680054 0.569702 0.620361 0.686768 0.0019722
2 0.39563 0.737793 0.374756 0.258789 0.00190353
2 0.547852 0.0108185 0.0283203 0.021637 0.00185966
2 0.414795 0.674805 0.379395 0.290039 0.00185871
1 0.03125 0.945557 0.0482178 0.0717773 0.00183678
3 0.0275879 0.914062 0.0449219 0.146484 0.00183487
2 0.767578 0.0129089 0.0449219 0.0253296 0.00173569
2 0.308594 0.72998 0.178223 0.0410156 0.00173569
3 0.969727 0.815918 0.0410156 0.334961 0.0017128
3 0.03125 0.945557 0.0482178 0.0717773 0.00170326
2 0.974365 0.871826 0.027832 0.209473 0.00166988
2 0.386963 0.254883 0.0991211 0.0239258 0.00165081
2 0.0489044 0.592407 0.063324 0.684326 0.00161266
19 0.320496 0.503906 0.341431 0.541016 0.00158024
4 0.680054 0.569702 0.620361 0.686768 0.00155926
2 0.972656 0.0924988 0.0273438 0.0918579 0.00152874
1 0.973877 0.950195 0.0424805 0.0683594 0.00152779
14 0.412598 0.713379 0.369141 0.0898438 0.0014925
19 0.685669 0.736328 0.562256 0.527344 0.00149155
4 0.313965 0.449219 0.319336 0.665039 0.00146198
6 0.978516 0.934082 0.0390625 0.110352 0.00146008
2 0.974854 0.940674 0.0424805 0.0834961 0.00144386
2 0.0322113 0.213135 0.0226135 0.100586 0.00142479
6 0.0484467 0.94751 0.077179 0.0698242 0.00140095
2 0.76416 0.0120087 0.0302734 0.0240173 0.00139523
2 0.0225677 0.259521 0.0231018 0.0893555 0.00137615
3 0.974365 0.0817261 0.0375977 0.137817 0.00134945
9 0.412598 0.713379 0.369141 0.0898438 0.0013485
8 0.574097 0.547974 0.619385 0.511475 0.00134182
6 0.0411987 0.338501 0.0577393 0.653076 0.00132656
2 0.0447998 0.240967 0.020752 0.106934 0.00130749
3 0.0380859 0.591187 0.0761719 0.805908 0.00129223
2 0.0233459 0.332275 0.020813 0.20166 0.00126362
19 0.7146 0.581055 0.570801 0.75 0.0012455
2 0.0602722 0.51062 0.0923462 0.976807 0.00124454
19 0.453613 0.523804 0.533203 0.536377 0.00123882
6 0.0848694 0.958008 0.153015 0.0625 0.00122166
2 0.0302734 0.251526 0.0368652 0.199097 0.0012207
2 0.0217896 0.196655 0.0144043 0.0366211 0.00121975
2 0.0257568 0.927002 0.0499268 0.0952148 0.00118351
2 0.0258331 0.233398 0.0312195 0.105957 0.00117779
7 0.680054 0.569702 0.620361 0.686768 0.00117302
2 0.0234985 0.290039 0.0229492 0.09375 0.00117016
3 0.973633 0.86499 0.0371094 0.252441 0.00116825
13 0.976318 0.143188 0.0356445 0.258057 0.00115967
6 0.0194702 0.912354 0.0389404 0.149902 0.00115299
3 0.0265961 0.0883789 0.0354309 0.158447 0.00115204
12 0.680054 0.569702 0.620361 0.686768 0.00113201
6 0.969727 0.815918 0.0410156 0.334961 0.00112534
13 0.0250549 0.100952 0.0372925 0.195312 0.00112343
2 0.0366058 0.280518 0.0290833 0.230469 0.00112343
1 0.0429077 0.498047 0.0688477 0.996094 0.00110435
2 0.256348 0.793945 0.0400391 0.0537109 0.0011034
6 0.0504456 0.492798 0.0910034 0.981201 0.00110245
8 0.685669 0.736328 0.562256 0.527344 0.00107956
2 0.755859 0.0118561 0.0283203 0.0237122 0.00107193
1 0.97168 0.884277 0.0292969 0.178711 0.00106907
13 0.0442047 0.5 0.0724792 1 0.00105667
2 0.900391 0.20105 0.0507812 0.10376 0.00104332
2 0.0340729 0.462891 0.0607605 0.925781 0.00103569
1 0.9729 0.0856934 0.0307617 0.0893555 0.00103378
13 0.0467529 0.614624 0.0594482 0.688721 0.00101471
1 0.973389 0.106415 0.0395508 0.18219 0.00101089
2 0.0211487 0.243164 0.0194702 0.0874023 0.00100899
