2 0.608887 0.151001 0.227539 0.060791 0.881348
2 0.979736 0.179749 0.0307617 0.0819092 0.764648
3 0.0463104 0.342529 0.0692444 0.624512 0.114624
2 0.962402 0.171143 0.0673828 0.0910645 0.102661
2 0.800781 0.817871 0.0224609 0.0703125 0.0670166
2 0.970703 0.194702 0.0566406 0.130127 0.061615
3 0.0316162 0.149963 0.0517578 0.268433 0.0452576
2 0.978271 0.205017 0.0356445 0.130005 0.0370178
3 0.0587921 0.406982 0.0801697 0.813965 0.0353088
6 0.0364532 0.921631 0.0628357 0.104004 0.0299225
6 0.0350494 0.142212 0.0492859 0.27124 0.0267639
6 0.0859985 0.959229 0.167603 0.0717773 0.0250092
2 0.956055 0.15625 0.0683594 0.0637207 0.0249939
1 0.032959 0.141418 0.0467529 0.268921 0.0211334
3 0.040451 0.230042 0.0543518 0.433472 0.0201874
2 0.610352 0.147583 0.146484 0.0571289 0.0201416
6 0.038147 0.94458 0.0579834 0.0737305 0.0195465
2 0.979492 0.137115 0.0292969 0.189636 0.0182495
3 0.0481567 0.797119 0.0574951 0.388184 0.0172119
2 0.978516 0.149048 0.0351562 0.119385 0.0162964
2 0.981445 0.232727 0.0371094 0.18103 0.0160217
2 0.984375 0.526855 0.015625 0.0595703 0.0147324
6 0.0276184 0.911621 0.0458374 0.161133 0.0114899
13 0.980225 0.118439 0.027832 0.210388 0.0109177
6 0.977539 0.0745544 0.0390625 0.101868 0.0104752
2 0.623047 0.140503 0.203125 0.043457 0.0103378
2 0.973389 0.171997 0.0415039 0.0803223 0.00999451
2 0.985352 0.192261 0.0234375 0.0842285 0.00961304
6 0.974609 0.952881 0.0429688 0.0688477 0.0089035
6 0.0458984 0.83252 0.0563965 0.317383 0.00843048
6 0.0380859 0.907715 0.0599365 0.18457 0.00837708
1 0.026947 0.148041 0.0360718 0.202942 0.00824738
13 0.978271 0.205017 0.0356445 0.130005 0.0075264
3 0.0366211 0.105865 0.0535889 0.204285 0.00747681
3 0.0360718 0.913086 0.0581055 0.160156 0.00747681
3 0.968262 0.864014 0.0439453 0.250488 0.00735092
13 0.985352 0.530762 0.0136719 0.0634766 0.00711823
1 0.116638 0.961426 0.219849 0.0771484 0.00643539
3 0.0391235 0.944824 0.0560303 0.0810547 0.00628281
6 0.0516968 0.951904 0.0821533 0.0727539 0.00589752
6 0.0730286 0.947754 0.130798 0.0732422 0.0055809
13 0.0336914 0.128418 0.0410156 0.240723 0.00547791
6 0.968262 0.864014 0.0439453 0.250488 0.00513458
2 0.601074 0.172913 0.236328 0.0936279 0.0050354
2 0.806152 0.822266 0.0263672 0.0742188 0.00476456
1 0.040451 0.230042 0.0543518 0.433472 0.00474167
13 0.979492 0.183472 0.0292969 0.0847168 0.0046463
13 0.970703 0.194702 0.0566406 0.130127 0.00447464
2 0.269287 0.693359 0.0219727 0.0751953 0.00417328
6 0.982422 0.954346 0.03125 0.0581055 0.00411606
13 0.977539 0.188538 0.0234375 0.141479 0.0041008
6 0.0395508 0.226807 0.0528564 0.443359 0.00402069
3 0.0435333 0.85498 0.0672302 0.24707 0.00397491
2 0.604492 0.146118 0.0878906 0.0471191 0.00387383
2 0.979736 0.200867 0.0288086 0.088501 0.00382996
6 0.0388184 0.0925293 0.0517578 0.171631 0.00381088
13 0.962402 0.171143 0.0673828 0.0910645 0.00380516
6 0.978516 0.93335 0.0390625 0.10791 0.00375366
6 0.046402 0.937012 0.0729675 0.110352 0.00361252
2 0.605957 0.140503 0.240234 0.109375 0.00320244
1 0.0481567 0.797119 0.0574951 0.388184 0.00317574
3 0.0252686 0.901855 0.0402832 0.178711 0.00305748
2 0.789062 0.819824 0.0253906 0.0820312 0.00299072
1 0.607422 0.151123 0.228516 0.060791 0.00292206
1 0.970459 0.957031 0.0512695 0.0664062 0.00263977
3 0.966064 0.90625 0.0522461 0.146484 0.00258636
1 0.979248 0.179688 0.0297852 0.0810547 0.0025425
2 0.982422 0.517578 0.0136719 0.0683594 0.00247574
1 0.03125 0.936279 0.0389404 0.0766602 0.0024395
6 0.0302582 0.932373 0.0432434 0.0766602 0.00239754
4 0.0480347 0.338501 0.0637207 0.647217 0.00234222
13 0.978516 0.229248 0.0253906 0.227051 0.00233841
3 0.979736 0.0869141 0.0288086 0.109375 0.00233459
2 0.891602 0.975342 0.191406 0.0415039 0.00232315
6 0.0480347 0.338501 0.0637207 0.647217 0.00216484
3 0.0424194 0.821289 0.0421143 0.300781 0.0020771
6 0.978516 0.104248 0.0332031 0.159912 0.00204659
6 0.978516 0.899658 0.0371094 0.183105 0.00199509
2 0.956543 0.138794 0.0576172 0.0517578 0.00197411
13 0.981445 0.232727 0.0371094 0.18103 0.00196838
6 0.946533 0.960693 0.0854492 0.0708008 0.00195503
2 0.950684 0.139648 0.0634766 0.03125 0.00194263
2 0.979736 0.954834 0.0327148 0.0629883 0.00189781
2 0.978516 0.229248 0.0253906 0.227051 0.00186539
3 0.0507965 0.952148 0.0829773 0.078125 0.00184345
6 0.982422 0.0864868 0.0273438 0.10437 0.00182056
2 0.605469 0.133759 0.251953 0.176331 0.00181675
13 0.610352 0.149414 0.231445 0.0644531 0.00181484
2 0.449707 0.524414 0.0283203 0.0869141 0.00180817
4 0.449707 0.524414 0.0283203 0.0869141 0.00177097
2 0.987305 0.227051 0.0234375 0.15625 0.0017643
14 0.610352 0.149414 0.231445 0.0644531 0.00175953
2 0.97168 0.134888 0.0429688 0.160889 0.00169468
1 0.158936 0.958496 0.313477 0.0673828 0.00167561
2 0.983398 0.496582 0.0175781 0.117188 0.00165367
4 0.606934 0.150513 0.242188 0.0615234 0.0016346
2 0.632812 0.82666 0.0234375 0.0693359 0.00162888
1 0.983154 0.10318 0.0336914 0.132996 0.00161266
6 0.0192719 0.898926 0.0337219 0.18457 0.00160027
3 0.0293579 0.930908 0.0430908 0.11084 0.00157642
14 0.196289 0.54248 0.0986328 0.0830078 0.00155449
6 0.973633 0.221375 0.0507812 0.173462 0.00155354
6 0.0305939 0.865723 0.049408 0.243164 0.00152111
1 0.0480347 0.338501 0.0637207 0.647217 0.00150681
2 0.977539 0.156982 0.0273438 0.0842285 0.00149441
1 0.909424 0.967529 0.151855 0.0571289 0.00146294
6 0.92627 0.964355 0.131836 0.0673828 0.00145626
1 0.194824 0.54248 0.104492 0.09375 0.00140285
3 0.980225 0.118439 0.027832 0.210388 0.00139809
2 0.962402 0.226807 0.0673828 0.195312 0.0013895
2 0.786133 0.0134583 0.0380859 0.0256348 0.00137901
3 0.978516 0.847412 0.03125 0.252441 0.00135422
2 0.794434 0.81543 0.0253906 0.0761719 0.00135326
13 0.979736 0.173279 0.0405273 0.0924072 0.00133228
13 0.0480347 0.338501 0.0637207 0.647217 0.00130177
4 0.0318451 0.169373 0.0534973 0.311646 0.00124645
1 0.100372 0.954102 0.159607 0.0839844 0.00121689
1 0.0512848 0.941895 0.0756531 0.0712891 0.00118256
2 0.16333 0.360107 0.0239258 0.114746 0.0011816
3 0.030426 0.266846 0.0543823 0.533691 0.00117111
2 0.0503387 0.351318 0.0638733 0.674316 0.00114727
3 0.0305939 0.865723 0.049408 0.243164 0.00114441
1 0.0245056 0.168823 0.0443726 0.309326 0.00112724
6 0.962158 0.176758 0.0678711 0.0966797 0.00112152
2 0.620117 0.134033 0.229492 0.0646973 0.00111961
2 0.637695 0.824219 0.0185547 0.0595703 0.00108147
2 0.0979919 0.959717 0.186829 0.0688477 0.00107193
2 0.97998 0.087265 0.0400391 0.112091 0.00107098
1 0.982422 0.954346 0.03125 0.0581055 0.00106525
2 0.986328 0.139771 0.0253906 0.10376 0.00105476
2 0.972412 0.222168 0.0375977 0.18457 0.00105095
13 0.0318451 0.169373 0.0534973 0.311646 0.00104904
1 0.968262 0.864014 0.0439453 0.250488 0.00104713
1 0.0375977 0.869385 0.0554199 0.237793 0.00102997
2 0.648926 0.13208 0.160156 0.0297852 0.00102425
3 0.0859985 0.959229 0.167603 0.0717773 0.00101662
2 0.0372162 0.938965 0.0625305 0.0771484 0.00101376
