2 0.435791 0.28125 0.664551 0.0634766 0.764648
2 0.504761 0.289062 0.543213 0.0385742 0.0665283
1 0.435791 0.28125 0.664551 0.0634766 0.0505676
2 0.316956 0.272949 0.444214 0.0400391 0.0426331
6 0.0395508 0.895264 0.0622559 0.17627 0.0420837
3 0.971436 0.303833 0.0473633 0.525146 0.037384
2 0.845215 0.194031 0.0498047 0.121704 0.017868
6 0.0836487 0.959961 0.148621 0.0722656 0.0133667
6 0.977539 0.898193 0.0371094 0.193848 0.0133591
6 0.0401611 0.935547 0.0662842 0.0878906 0.0116272
2 0.855469 0.25 0.0390625 0.192871 0.0113754
3 0.0394135 0.912109 0.0627747 0.169922 0.0110092
3 0.0359039 0.114594 0.0436707 0.202942 0.0108871
6 0.0513763 0.947266 0.0791321 0.0859375 0.010376
1 0.0359039 0.114594 0.0436707 0.202942 0.00798798
6 0.0349121 0.110687 0.0454102 0.181458 0.00706863
1 0.316956 0.272949 0.444214 0.0400391 0.00694656
1 0.504761 0.289062 0.543213 0.0385742 0.00677109
6 0.974854 0.943115 0.0444336 0.0922852 0.00602722
1 0.100098 0.956299 0.172119 0.0874023 0.00522614
1 0.972656 0.305786 0.0410156 0.529053 0.00518036
6 0.027832 0.886719 0.0429688 0.205078 0.00468445
13 0.848145 0.250732 0.0498047 0.247559 0.00465775
6 0.966553 0.955566 0.0629883 0.0751953 0.00452805
6 0.0302124 0.915527 0.0552979 0.161133 0.00448608
6 0.041687 0.851074 0.0610352 0.297852 0.00448608
2 0.241211 0.27002 0.295898 0.0375977 0.00429535
2 0.973633 0.301025 0.0410156 0.531738 0.00417328
2 0.628906 0.295166 0.308594 0.0268555 0.00383186
1 0.980225 0.14624 0.0395508 0.229492 0.00349045
2 0.845703 0.232666 0.0458984 0.197754 0.00329971
2 0.43457 0.286621 0.679688 0.123535 0.0031929
13 0.0318604 0.144226 0.0358887 0.216431 0.00313759
3 0.980225 0.14624 0.0395508 0.229492 0.00313759
2 0.450073 0.257324 0.658447 0.106445 0.00311089
3 0.975342 0.920654 0.0473633 0.129395 0.00287437
6 0.919434 0.966797 0.143555 0.0644531 0.00284958
2 0.442871 0.287109 0.335938 0.0625 0.00276566
2 0.575684 0.292969 0.374023 0.0385742 0.00271416
6 0.976562 0.164917 0.0371094 0.263428 0.00246048
1 0.119415 0.966553 0.238708 0.0668945 0.00222969
3 0.0513916 0.946533 0.078125 0.0893555 0.00219536
3 0.96875 0.436157 0.0527344 0.848389 0.00219345
3 0.027832 0.886719 0.0429688 0.205078 0.00197792
1 0.0843201 0.940674 0.137512 0.106934 0.00190735
2 0.0380249 0.910645 0.0620117 0.133789 0.00190449
3 0.977539 0.898193 0.0371094 0.193848 0.00171852
2 0.3927 0.279297 0.394287 0.0405273 0.00171185
3 0.0441284 0.840088 0.0618896 0.310059 0.00160789
6 0.0595856 0.926025 0.100555 0.122559 0.00160694
6 0.981689 0.955322 0.0366211 0.0737305 0.00154591
6 0.980469 0.935303 0.0332031 0.123535 0.00151062
6 0.948486 0.962158 0.081543 0.0698242 0.00149632
3 0.975586 0.213501 0.046875 0.381592 0.00143242
6 0.0513916 0.883057 0.0704346 0.208496 0.00142765
2 0.436768 0.320557 0.672363 0.0927734 0.00140285
3 0.0321655 0.168274 0.0410156 0.30896 0.00121498
3 0.965088 0.95459 0.0620117 0.0751953 0.00115204
1 0.138397 0.942139 0.217346 0.115723 0.00114918
3 0.0407867 0.934814 0.0566101 0.0991211 0.00112915
2 0.670898 0.299316 0.229492 0.0239258 0.00112724
1 0.207764 0.959961 0.415527 0.0722656 0.00112152
3 0.0414886 0.883057 0.0786438 0.218262 0.00111866
2 0.977539 0.830078 0.03125 0.332031 0.0011034
3 0.961914 0.506592 0.0761719 0.975098 0.00107956
1 0.0391846 0.897217 0.0614014 0.182129 0.0010643
13 0.85498 0.250244 0.0371094 0.186035 0.00104713
13 0.909424 0.958252 0.165527 0.081543 0.00103092
6 0.912842 0.979004 0.174316 0.0419922 0.00101471
4 0.973633 0.301025 0.0410156 0.531738 0.00101471
2 0.454102 0.284424 0.389648 0.0371094 0.00100994
