2 0.610352 0.750977 0.334961 0.397461 0.858887
2 0.974609 0.921143 0.0273438 0.11084 0.224243
2 0.0243683 0.524902 0.0218201 0.120117 0.136475
2 0.0252075 0.456055 0.0241699 0.265625 0.0404663
3 0.0512695 0.497559 0.0922852 0.96582 0.0398865
1 0.610352 0.75 0.332031 0.419922 0.0397644
6 0.034729 0.178894 0.0372314 0.297485 0.0301971
2 0.632324 0.680664 0.276367 0.259766 0.0292511
4 0.608398 0.764893 0.335938 0.425293 0.029129
6 0.0335083 0.897949 0.0510254 0.172852 0.0275116
6 0.977539 0.93335 0.0273438 0.0942383 0.024353
3 0.0447998 0.419556 0.0654297 0.811279 0.0199432
1 0.0266724 0.902588 0.0374756 0.175293 0.0194092
2 0.980225 0.943359 0.0239258 0.0703125 0.0158081
3 0.0406494 0.279419 0.0460205 0.52124 0.0129547
2 0.984375 0.951416 0.0234375 0.0522461 0.0109634
3 0.951416 0.474121 0.0932617 0.899414 0.0101166
3 0.0418091 0.616699 0.0635986 0.667969 0.00897217
2 0.0227814 0.384521 0.0184021 0.109375 0.00843048
6 0.609375 0.752441 0.332031 0.420898 0.00646973
19 0.605957 0.761719 0.335938 0.433594 0.0063591
1 0.975586 0.946533 0.0292969 0.0756836 0.00579834
13 0.609375 0.752441 0.332031 0.420898 0.00562668
1 0.142242 0.959961 0.24823 0.0742188 0.00551987
6 0.0395508 0.837646 0.0539551 0.289551 0.00551605
3 0.0355225 0.185852 0.041748 0.326538 0.00528717
1 0.974609 0.921143 0.0273438 0.11084 0.00520325
3 0.946289 0.571167 0.0664062 0.857666 0.00517654
14 0.610352 0.75 0.332031 0.419922 0.00452805
9 0.609375 0.752441 0.332031 0.420898 0.00428772
6 0.0300598 0.129517 0.0293579 0.201904 0.00426102
6 0.027832 0.925293 0.0391846 0.133789 0.00424576
6 0.982178 0.94751 0.027832 0.0620117 0.00424194
18 0.609375 0.752441 0.332031 0.420898 0.0042038
16 0.609375 0.752441 0.332031 0.420898 0.00387573
11 0.609375 0.752441 0.332031 0.420898 0.00384712
13 0.975342 0.921387 0.0239258 0.108398 0.00382614
1 0.982422 0.946045 0.0253906 0.0610352 0.00379944
13 0.0311584 0.148438 0.0336304 0.252441 0.00370789
5 0.610352 0.75 0.332031 0.419922 0.00361443
17 0.609375 0.752441 0.332031 0.420898 0.00361443
2 0.566895 0.876465 0.211914 0.165039 0.0036068
7 0.609375 0.752441 0.332031 0.420898 0.00357246
2 0.0319824 0.171753 0.0373535 0.303955 0.00356102
3 0.0283051 0.915039 0.0432434 0.162109 0.00350952
8 0.609375 0.752441 0.332031 0.420898 0.00342369
3 0.609375 0.752441 0.332031 0.420898 0.00342369
6 0.038147 0.219727 0.0449219 0.416016 0.00341988
3 0.0415802 0.863037 0.0643005 0.219238 0.0033741
10 0.609375 0.752441 0.332031 0.420898 0.00333023
15 0.612183 0.762451 0.342041 0.416504 0.00329399
0 0.609375 0.752441 0.332031 0.420898 0.00324249
13 0.0245056 0.529297 0.020813 0.126953 0.00306702
2 0.970703 0.908203 0.0234375 0.0898438 0.00296974
2 0.97583 0.934814 0.0209961 0.0854492 0.00295067
12 0.612183 0.762451 0.342041 0.416504 0.00289726
2 0.979492 0.956299 0.0332031 0.0541992 0.00265121
1 0.038147 0.221191 0.0394287 0.397461 0.00245285
2 0.0264893 0.537598 0.0302734 0.12207 0.00245094
3 0.0311584 0.819824 0.0441284 0.311523 0.00240707
19 0.631836 0.506836 0.486328 0.487305 0.00232887
6 0.974609 0.915771 0.0253906 0.105957 0.00231361
1 0.0326996 0.927979 0.0498352 0.120605 0.00224304
1 0.907959 0.941895 0.156738 0.110352 0.00222969
13 0.0266724 0.902588 0.0374756 0.175293 0.00216103
19 0.434814 0.617798 0.48584 0.608154 0.00204086
2 0.974609 0.944092 0.0351562 0.0805664 0.00201416
2 0.0327759 0.914795 0.0524902 0.162598 0.00199509
2 0.564941 0.76416 0.207031 0.399414 0.00196838
1 0.0326538 0.867188 0.0469971 0.25 0.00193405
1 0.898438 0.962158 0.181641 0.0717773 0.00191307
6 0.0331421 0.149475 0.0488281 0.214722 0.00173092
2 0.980469 0.92334 0.0253906 0.0888672 0.00170231
1 0.102661 0.945068 0.158691 0.0864258 0.00166512
3 0.954102 0.646973 0.078125 0.59082 0.00163937
2 0.028717 0.478516 0.0205688 0.197266 0.00159645
2 0.973877 0.89209 0.0229492 0.134766 0.00158978
4 0.682617 0.552246 0.34082 0.454102 0.00157738
4 0.434814 0.617798 0.48584 0.608154 0.00155258
8 0.631836 0.506836 0.486328 0.487305 0.00150967
1 0.877441 0.923584 0.21582 0.150879 0.00147343
2 0.0270538 0.574097 0.0220642 0.2229 0.00146961
2 0.038147 0.221191 0.0394287 0.397461 0.00145054
1 0.0866394 0.962402 0.149475 0.0478516 0.00144005
2 0.625488 0.550903 0.425781 0.509521 0.00143528
3 0.0413818 0.535645 0.0467529 0.585938 0.00141716
6 0.0512695 0.497559 0.0922852 0.96582 0.0014019
2 0.968994 0.902832 0.0366211 0.133789 0.00136185
2 0.0230713 0.408569 0.0216064 0.13208 0.00131893
2 0.0410767 0.330811 0.0480957 0.618652 0.00127983
4 0.758789 0.546875 0.296875 0.529297 0.00125504
3 0.0337372 0.503052 0.0582581 0.923584 0.00122547
4 0.576172 0.557983 0.405273 0.553955 0.00116158
1 0.121765 0.972168 0.242798 0.0556641 0.00116062
1 0.0805969 0.928467 0.128845 0.117676 0.00115776
3 0.0275269 0.888672 0.0333252 0.181641 0.00114727
13 0.980225 0.943359 0.0239258 0.0703125 0.00112152
2 0.0289307 0.131592 0.0291748 0.195801 0.00111961
3 0.0412598 0.792725 0.0546875 0.36377 0.00109005
6 0.0413208 0.706665 0.0527344 0.533936 0.00107002
2 0.578125 0.848145 0.261719 0.173828 0.00106525
13 0.0289917 0.101562 0.0279541 0.189209 0.00101852
2 0.660645 0.65918 0.201172 0.192383 0.00101471
1 0.051712 0.876709 0.0862732 0.205566 0.0010128
3 0.974365 0.921387 0.0239258 0.110352 0.00100327
