2 0.568848 0.77832 0.378906 0.1875 0.900391
2 0.027298 0.491089 0.0179138 0.0744629 0.19812
2 0.0283203 0.851562 0.0299072 0.0566406 0.119324
2 0.0271454 0.336182 0.0242004 0.135254 0.109253
2 0.025116 0.470581 0.0203247 0.102783 0.0619812
2 0.0274048 0.694824 0.0244141 0.09375 0.0455933
2 0.583008 0.773438 0.213867 0.179688 0.0301666
6 0.977783 0.949951 0.0444336 0.0766602 0.0246735
6 0.0256958 0.953125 0.0422363 0.0664062 0.0181427
4 0.572266 0.777832 0.376953 0.204102 0.0175018
13 0.0270996 0.697266 0.0241699 0.0917969 0.0170288
2 0.0227051 0.4552 0.019043 0.0983887 0.0144653
1 0.572266 0.777832 0.376953 0.204102 0.0141754
2 0.0263672 0.94873 0.0291748 0.0537109 0.0126038
13 0.0274048 0.491699 0.0175781 0.0732422 0.00983429
2 0.0228577 0.416504 0.0219116 0.145508 0.00852966
2 0.0258179 0.29248 0.0202637 0.12793 0.00841522
2 0.0256653 0.383545 0.0230103 0.229004 0.00822449
13 0.0246124 0.82666 0.0264587 0.0966797 0.00798798
2 0.0285034 0.51123 0.015625 0.0576172 0.00788116
2 0.0272217 0.722168 0.0236816 0.117188 0.00675964
13 0.0273438 0.853027 0.0275879 0.0498047 0.00669861
13 0.572266 0.777832 0.376953 0.204102 0.00649643
6 0.024353 0.933105 0.0397949 0.104492 0.00625229
2 0.0283051 0.825684 0.0295715 0.0986328 0.00572586
2 0.977783 0.949951 0.0444336 0.0766602 0.00548553
6 0.572266 0.777832 0.376953 0.204102 0.00546265
2 0.935059 0.0398407 0.0693359 0.0218811 0.00545502
1 0.975586 0.955078 0.0449219 0.0722656 0.00523376
2 0.0223389 0.490234 0.0142822 0.0751953 0.00503922
14 0.572266 0.777832 0.376953 0.204102 0.00490189
1 0.969971 0.929199 0.0522461 0.12793 0.00474167
1 0.935059 0.0398407 0.0693359 0.0218811 0.00471115
19 0.572266 0.777832 0.376953 0.204102 0.00455093
2 0.0273285 0.859375 0.0395813 0.0576172 0.00453949
1 0.9375 0.942139 0.115234 0.111816 0.00439072
1 0.875732 0.958008 0.248535 0.0839844 0.00419998
16 0.572266 0.777832 0.376953 0.204102 0.00417709
1 0.0315552 0.956543 0.0415039 0.0634766 0.00416183
9 0.572266 0.777832 0.376953 0.204102 0.00414658
2 0.0274658 0.22998 0.0299072 0.427246 0.00397873
18 0.572266 0.777832 0.376953 0.204102 0.00397491
11 0.572266 0.777832 0.376953 0.204102 0.0039444
2 0.0259399 0.361572 0.0219727 0.0844727 0.00387573
2 0.0276642 0.487305 0.0289001 0.0771484 0.00386429
7 0.572266 0.777832 0.376953 0.204102 0.00356483
8 0.572266 0.777832 0.376953 0.204102 0.00353622
2 0.0283356 0.777832 0.0306091 0.231445 0.00349426
2 0.0221405 0.335938 0.0202942 0.145996 0.00349236
2 0.0281525 0.673828 0.0221863 0.0771484 0.00345612
13 0.0252686 0.848145 0.0274658 0.0800781 0.00344849
17 0.572266 0.777832 0.376953 0.204102 0.0033493
3 0.572266 0.777832 0.376953 0.204102 0.00332451
2 0.0259857 0.79541 0.0282288 0.147461 0.00326538
0 0.572266 0.777832 0.376953 0.204102 0.00324631
2 0.608887 0.730469 0.329102 0.234375 0.00324249
6 0.0345612 0.117218 0.0536804 0.189392 0.00323486
15 0.572266 0.777832 0.376953 0.204102 0.00323296
2 0.632324 0.0155487 0.0302734 0.0310974 0.0032177
10 0.572266 0.777832 0.376953 0.204102 0.00306129
5 0.572266 0.777832 0.376953 0.204102 0.00298119
12 0.572266 0.777832 0.376953 0.204102 0.00291252
2 0.623047 0.758301 0.241211 0.148438 0.00290871
6 0.0372925 0.958984 0.052124 0.0644531 0.00281525
2 0.530762 0.0118256 0.0283203 0.0236511 0.00270653
2 0.0253906 0.268127 0.0227051 0.255737 0.00265312
2 0.0273285 0.351562 0.0342102 0.119629 0.00261307
2 0.0321808 0.513672 0.0158386 0.0664062 0.00259399
2 0.888672 0.961182 0.208984 0.0776367 0.00251961
6 0.037796 0.0647888 0.0579529 0.098938 0.00245285
2 0.0320892 0.638184 0.0240784 0.1875 0.00240135
13 0.0271454 0.336182 0.0242004 0.135254 0.00238419
2 0.0273438 0.938232 0.0384521 0.0649414 0.00235367
6 0.0197754 0.945312 0.0308838 0.0644531 0.00235367
3 0.0349731 0.118744 0.0478516 0.194153 0.00233269
2 0.0294189 0.954102 0.0444336 0.0644531 0.00209999
2 0.0263519 0.82666 0.0332336 0.186523 0.00206947
2 0.859131 0.940918 0.281738 0.118164 0.00201988
2 0.0273438 0.882812 0.0307617 0.104492 0.00197029
1 0.0253906 0.945557 0.0328369 0.0620117 0.00194168
6 0.979248 0.898438 0.0415039 0.197266 0.00193787
3 0.978516 0.937012 0.0410156 0.110352 0.0019083
2 0.0243683 0.380859 0.023407 0.140625 0.00189209
2 0.0224609 0.856934 0.0252686 0.0527344 0.00187683
2 0.0267792 0.31543 0.0326233 0.158203 0.00187588
2 0.0351562 0.54541 0.0177002 0.0859375 0.00178051
13 0.0258179 0.849609 0.0333252 0.140625 0.00169182
13 0.0385742 0.0955811 0.057373 0.172119 0.00167942
2 0.0366211 0.854492 0.0324707 0.0537109 0.00167656
2 0.0302124 0.536621 0.0177002 0.0976562 0.0016489
1 0.0283203 0.851562 0.0299072 0.0566406 0.00161839
2 0.0337677 0.575684 0.0190125 0.0791016 0.00159168
13 0.0236206 0.469238 0.0196533 0.100586 0.00152683
1 0.970703 0.888916 0.0527344 0.212402 0.00149536
2 0.0258331 0.469727 0.0347595 0.106445 0.0014267
1 0.0487823 0.95874 0.0691833 0.059082 0.0013237
6 0.955811 0.95752 0.0766602 0.0830078 0.00127506
2 0.0302887 0.706543 0.0180359 0.0917969 0.00126839
2 0.0261841 0.384766 0.0334473 0.293945 0.00124168
1 0.906982 0.969238 0.174316 0.0615234 0.00122166
13 0.0302734 0.706055 0.017334 0.0839844 0.00117302
3 0.975342 0.956299 0.0454102 0.0737305 0.00116253
13 0.0272827 0.766602 0.0280762 0.239258 0.00113392
2 0.564453 0.830566 0.390625 0.204102 0.00113106
1 0.0285034 0.865234 0.0356445 0.109375 0.00112915
2 0.0270081 0.716797 0.0203247 0.0791016 0.00107956
2 0.831055 0.143188 0.121094 0.03125 0.0010767
13 0.0281525 0.673828 0.0221863 0.0771484 0.00106335
2 0.0256195 0.276123 0.0188293 0.0825195 0.0010519
1 0.979492 0.940674 0.03125 0.0952148 0.00100994
