2 0.463379 0.213074 0.243164 0.266235 0.815918
2 0.427734 0.187256 0.169922 0.208008 0.32251
2 0.0263672 0.442749 0.0198975 0.0646973 0.250488
2 0.543457 0.104614 0.0175781 0.0524902 0.164185
2 0.0239563 0.394531 0.0228882 0.15918 0.0420532
2 0.529785 0.212097 0.0976562 0.252563 0.039978
2 0.581543 0.463745 0.0146484 0.0441895 0.0392761
6 0.0259399 0.915771 0.0441895 0.14502 0.0291748
6 0.969727 0.134033 0.0507812 0.258789 0.0192413
6 0.96875 0.0834656 0.0507812 0.166565 0.0177307
1 0.462402 0.215332 0.251953 0.280273 0.0164032
14 0.57959 0.46228 0.0166016 0.045166 0.016098
6 0.961426 0.0393066 0.0517578 0.0786133 0.0160675
6 0.0234833 0.944092 0.0411682 0.0844727 0.0142136
2 0.57959 0.461304 0.0214844 0.0510254 0.0134583
2 0.0283203 0.440674 0.0373535 0.0717773 0.0122147
13 0.0206909 0.110992 0.0209961 0.128113 0.0105591
2 0.577148 0.463867 0.0136719 0.0449219 0.0103531
4 0.457031 0.204712 0.239258 0.259033 0.00939941
2 0.549805 0.217346 0.0654297 0.253784 0.00898743
3 0.0261078 0.912598 0.0420227 0.170898 0.00881195
1 0.912598 0.95752 0.141602 0.0693359 0.00733948
6 0.960449 0.0650024 0.0576172 0.130005 0.00730515
3 0.973633 0.090332 0.0429688 0.180664 0.00669098
6 0.462402 0.215332 0.251953 0.280273 0.00595474
14 0.58252 0.460693 0.0263672 0.050293 0.00592422
3 0.957031 0.685913 0.0449219 0.483643 0.00561142
13 0.461304 0.214111 0.251221 0.278809 0.00547028
14 0.461304 0.214111 0.251221 0.278809 0.00538254
2 0.197754 0.789062 0.0161133 0.0390625 0.00523758
2 0.544922 0.112915 0.0234375 0.0581055 0.00498962
3 0.969482 0.132568 0.0473633 0.265137 0.00487518
1 0.938232 0.94043 0.100098 0.0957031 0.00470352
2 0.0283356 0.414795 0.025238 0.106445 0.00453949
2 0.0221558 0.443848 0.0157471 0.0576172 0.0044899
1 0.0964355 0.0281982 0.18457 0.0306396 0.00445557
6 0.970703 0.0513916 0.046875 0.102783 0.00409698
1 0.542969 0.10437 0.0195312 0.057373 0.00403976
6 0.0270691 0.861328 0.0420532 0.269531 0.00397491
9 0.462402 0.215332 0.251953 0.280273 0.00396729
19 0.462402 0.215332 0.251953 0.280273 0.00389099
3 0.950195 0.572632 0.0585938 0.594971 0.00388336
11 0.461304 0.214111 0.251221 0.278809 0.00383186
16 0.461304 0.214111 0.251221 0.278809 0.0037899
2 0.54248 0.104706 0.0322266 0.0552368 0.00369644
2 0.0291443 0.440796 0.0264282 0.0939941 0.00365829
18 0.462402 0.215332 0.251953 0.280273 0.0035038
7 0.462402 0.215332 0.251953 0.280273 0.00337219
3 0.461304 0.214111 0.251221 0.278809 0.00335884
8 0.462402 0.215332 0.251953 0.280273 0.0032444
3 0.967285 0.212402 0.0537109 0.413574 0.00323105
13 0.973633 0.104248 0.0410156 0.208496 0.00321007
17 0.461304 0.214111 0.251221 0.278809 0.00317001
3 0.964844 0.076416 0.0507812 0.152832 0.00316429
10 0.461304 0.214111 0.251221 0.278809 0.00314713
5 0.461304 0.214111 0.251221 0.278809 0.00314713
1 0.962158 0.94165 0.050293 0.0893555 0.0030632
6 0.0192413 0.953125 0.0260925 0.0644531 0.00304604
15 0.461304 0.214111 0.251221 0.278809 0.00300217
6 0.973633 0.896973 0.0351562 0.182617 0.00298691
6 0.924805 0.948242 0.121094 0.0957031 0.00295639
0 0.461304 0.214111 0.251221 0.278809 0.0029335
12 0.461304 0.214111 0.251221 0.278809 0.00292206
2 0.963135 0.813965 0.0327148 0.230469 0.00283623
3 0.950928 0.541504 0.0454102 0.435547 0.00279999
2 0.957031 0.685913 0.0449219 0.483643 0.00273705
2 0.0356445 0.442383 0.0289307 0.0634766 0.00270271
2 0.198242 0.804199 0.0222168 0.078125 0.00259972
6 0.954102 0.947021 0.0664062 0.0883789 0.00256348
6 0.0307617 0.955811 0.0480957 0.059082 0.00255394
6 0.952881 0.0297546 0.0629883 0.0543823 0.0025444
6 0.933594 0.0333862 0.101562 0.0667725 0.00252914
1 0.100708 0.962646 0.166016 0.0727539 0.00230598
2 0.0238647 0.328308 0.0294189 0.302368 0.00228691
2 0.200684 0.796387 0.0153809 0.0566406 0.0022049
1 0.0307007 0.955811 0.0476074 0.0649414 0.00212479
2 0.875488 0.695801 0.0283203 0.104492 0.00195694
6 0.0322266 0.895508 0.0577393 0.208984 0.00194931
1 0.0282593 0.915283 0.0523682 0.13623 0.00194168
3 0.0408325 0.326416 0.0600586 0.643066 0.00192928
2 0.0256653 0.458374 0.0172729 0.0734863 0.00189209
2 0.198242 0.789551 0.0256348 0.0673828 0.00189114
3 0.0305786 0.947266 0.0546875 0.0742188 0.00188541
3 0.0270691 0.861328 0.0420532 0.269531 0.00187302
2 0.0259399 0.915771 0.0441895 0.14502 0.00186062
2 0.456665 0.207336 0.147217 0.236694 0.00185871
3 0.969971 0.0413208 0.0463867 0.0826416 0.0017786
13 0.0213776 0.101288 0.0203552 0.0757446 0.001647
2 0.0292969 0.455322 0.0206299 0.0854492 0.00164127
2 0.538086 0.104736 0.0185547 0.0505371 0.00164127
6 0.91626 0.0263062 0.147949 0.0526123 0.00163555
2 0.0234833 0.944092 0.0411682 0.0844727 0.00162125
3 0.0373688 0.13504 0.0695496 0.226501 0.00161934
3 0.0273743 0.249084 0.0547485 0.47937 0.00161743
6 0.0543365 0.958984 0.0915222 0.0625 0.00161552
2 0.547852 0.098999 0.0224609 0.0593262 0.00145817
6 0.979492 0.0887451 0.0410156 0.17749 0.00145626
14 0.54248 0.104645 0.0166016 0.0541382 0.00142765
1 0.957031 0.0686646 0.0644531 0.129272 0.00142002
13 0.0263672 0.442627 0.0197754 0.065918 0.0013895
3 0.0322266 0.895508 0.0577393 0.208984 0.00132179
13 0.0229187 0.0869141 0.0278931 0.0930176 0.00129604
1 0.426636 0.187469 0.168213 0.203674 0.00128269
6 0.0388184 0.945068 0.067627 0.109863 0.00122547
2 0.0394287 0.321167 0.0531006 0.63501 0.00121403
3 0.0302734 0.914551 0.0549316 0.124023 0.00118828
6 0.967285 0.212402 0.0537109 0.413574 0.00117874
3 0.942383 0.458374 0.0898438 0.846924 0.00115585
2 0.0300293 0.790527 0.0372314 0.413086 0.00115204
19 0.445068 0.438232 0.38623 0.683105 0.00114632
2 0.667969 0.587891 0.0341797 0.0703125 0.00114155
4 0.0306396 0.828369 0.0386963 0.341309 0.00112152
2 0.0198364 0.369507 0.0217285 0.199463 0.00110054
1 0.578125 0.463013 0.0195312 0.048584 0.00109863
2 0.0261841 0.469238 0.0164795 0.128906 0.00103474
1 0.790283 0.965576 0.388184 0.0395508 0.0010128
