2 0.437988 0.895508 0.375977 0.128906 0.824707
2 0.422852 0.871094 0.387695 0.0810547 0.574219
14 0.2771 0.481445 0.019043 0.0234375 0.544922
2 0.0167542 0.111694 0.0256958 0.108154 0.379395
14 0.274902 0.479492 0.0268555 0.03125 0.168091
2 0.0600586 0.529785 0.0317383 0.121094 0.166382
6 0.973877 0.886719 0.0483398 0.169922 0.161255
6 0.0237427 0.933594 0.0474854 0.0800781 0.153198
2 0.390381 0.861328 0.291504 0.0693359 0.106445
2 0.0534668 0.522461 0.0241699 0.102539 0.0710449
2 0.541016 0.900879 0.146484 0.139648 0.06604
3 0.972412 0.88916 0.0493164 0.15918 0.0627441
2 0.947754 0.178101 0.0292969 0.0427246 0.0386047
2 0.0214233 0.274658 0.0158691 0.10498 0.0330505
14 0.272705 0.481934 0.0180664 0.0234375 0.0231323
6 0.018219 0.0967102 0.0324097 0.140076 0.0213776
2 0.426147 0.878906 0.262939 0.09375 0.0205841
2 0.0193481 0.0965881 0.0386963 0.141296 0.0196228
1 0.0278015 0.944824 0.0507202 0.0693359 0.019577
6 0.0217896 0.904297 0.0435791 0.146484 0.018631
13 0.0563965 0.532104 0.0358887 0.136963 0.0144577
2 0.275635 0.883789 0.0551758 0.0283203 0.014267
6 0.0251465 0.94751 0.0429688 0.0639648 0.0132828
6 0.0254669 0.0494537 0.0489197 0.0959167 0.0131683
14 0.277832 0.476074 0.0175781 0.0214844 0.0125122
3 0.0224915 0.934326 0.0437622 0.0825195 0.0114365
2 0.0191498 0.140137 0.0309143 0.179688 0.0111084
14 0.273438 0.478027 0.0371094 0.0380859 0.0110779
2 0.0283203 0.319214 0.0362549 0.593994 0.0101318
2 0.0162659 0.140289 0.0201416 0.125183 0.00964355
2 0.0130615 0.131714 0.0200195 0.0786133 0.00935364
1 0.0296021 0.914062 0.0566406 0.105469 0.00873566
2 0.0548096 0.546875 0.0270996 0.170898 0.00782013
13 0.0166931 0.0931702 0.0231323 0.13446 0.00759888
1 0.0167542 0.111694 0.0256958 0.108154 0.00709534
6 0.0241241 0.0787964 0.0435486 0.157593 0.00648117
1 0.43811 0.896973 0.36792 0.126953 0.00647354
2 0.0203552 0.253357 0.019104 0.127075 0.00642014
6 0.963867 0.0598602 0.0585938 0.104889 0.00592422
2 0.0271759 0.936035 0.0538025 0.0693359 0.00587845
3 0.018219 0.915283 0.036438 0.138184 0.00576782
2 0.421143 0.85498 0.263184 0.0478516 0.00558853
6 0.963135 0.89917 0.0561523 0.148926 0.00547791
6 0.0334473 0.937744 0.0557861 0.0639648 0.00547791
3 0.0252075 0.865967 0.050415 0.211426 0.00516891
3 0.977539 0.870605 0.03125 0.208008 0.00514984
6 0.0296631 0.0656433 0.0593262 0.121155 0.00505066
6 0.970459 0.904297 0.0512695 0.111328 0.00477219
2 0.515625 0.905518 0.239258 0.147949 0.00473785
3 0.942383 0.497803 0.0898438 0.965332 0.00464249
2 0.945312 0.187378 0.0283203 0.0571289 0.00454712
6 0.0367432 0.0403442 0.0605469 0.0806885 0.00447845
2 0.0184937 0.286621 0.0151978 0.0942383 0.00429916
2 0.0567627 0.530762 0.0501709 0.137695 0.00410461
2 0.0135193 0.15271 0.0148926 0.0749512 0.0041008
2 0.0158386 0.0769958 0.0227051 0.124817 0.00407028
4 0.973389 0.888672 0.0415039 0.185547 0.00392532
3 0.964355 0.877197 0.0576172 0.20459 0.00381851
6 0.964355 0.0840759 0.0498047 0.157532 0.00375938
2 0.2771 0.481934 0.019043 0.0244141 0.00365829
2 0.433594 0.875977 0.412109 0.244141 0.00351524
1 0.0236206 0.903076 0.0472412 0.143066 0.00337791
3 0.0267334 0.0636139 0.0534668 0.122528 0.00335884
13 0.946289 0.17688 0.0244141 0.041748 0.00332832
13 0.975586 0.874512 0.0429688 0.206055 0.0032959
6 0.959717 0.0394287 0.0571289 0.0717773 0.00321198
4 0.43811 0.896973 0.36792 0.126953 0.00320435
6 0.967529 0.85376 0.0551758 0.253418 0.00320435
13 0.0171051 0.118927 0.0287781 0.128357 0.0030899
3 0.0245972 0.79541 0.0472412 0.366211 0.00302124
2 0.63623 0.949707 0.1875 0.0458984 0.0030098
2 0.453125 0.898438 0.214844 0.135742 0.00295448
2 0.0195007 0.126587 0.0341187 0.0966797 0.00295067
3 0.957031 0.239563 0.0625 0.450562 0.00289917
3 0.036499 0.721802 0.0535889 0.531006 0.00284004
13 0.9646 0.0844727 0.0415039 0.144531 0.00281715
13 0.437012 0.892578 0.357422 0.128906 0.00277138
4 0.958984 0.247314 0.0566406 0.459473 0.00271988
2 0.0241394 0.24115 0.0366821 0.396606 0.00267982
6 0.97168 0.927979 0.0410156 0.120605 0.00258064
2 0.35022 0.874023 0.299561 0.106445 0.00255775
6 0.0177307 0.924561 0.0354614 0.102051 0.00250626
6 0.916992 0.0241699 0.158203 0.0483398 0.00250053
2 0.0160828 0.139771 0.0182495 0.0710449 0.00247383
1 0.974609 0.890381 0.0488281 0.172363 0.00247192
13 0.0246887 0.942139 0.0438843 0.0688477 0.00242996
2 0.0226898 0.169861 0.030426 0.252075 0.00239372
13 0.976807 0.102905 0.019043 0.074707 0.00237846
14 0.281006 0.480469 0.0209961 0.0322266 0.00236893
14 0.275146 0.486328 0.0336914 0.0302734 0.00236893
6 0.977783 0.85791 0.0249023 0.210938 0.00236511
2 0.0479736 0.537964 0.0319824 0.155518 0.00227928
1 0.0205078 0.934082 0.0379639 0.0556641 0.00227356
2 0.024231 0.116333 0.0219727 0.109375 0.00223541
3 0.0194702 0.0878296 0.0389404 0.158813 0.00221062
3 0.970947 0.845215 0.0424805 0.24707 0.00218964
19 0.277344 0.480957 0.019043 0.0234375 0.00217819
1 0.276611 0.882812 0.0551758 0.0273438 0.00217628
6 0.0529938 0.0512848 0.0971375 0.0956726 0.00208473
2 0.974365 0.890137 0.0454102 0.178711 0.00208282
6 0.0302734 0.0234375 0.041748 0.046875 0.00206184
13 0.0171204 0.120972 0.0206909 0.105225 0.00197983
3 0.0273438 0.905273 0.0546875 0.104492 0.00195312
2 0.435059 0.866211 0.329102 0.136719 0.00195122
6 0.958984 0.247314 0.0566406 0.459473 0.00187492
6 0.0288239 0.0345306 0.0505066 0.0627747 0.00186443
14 0.267578 0.4823 0.0292969 0.0354004 0.00185299
6 0.0236511 0.870605 0.0473022 0.229492 0.0017767
9 0.437988 0.894043 0.369141 0.12207 0.00176239
6 0.9375 0.03302 0.103516 0.06604 0.00170422
3 0.968506 0.931396 0.0415039 0.100098 0.00169182
2 0.0251465 0.94751 0.0429688 0.0639648 0.00169182
6 0.949463 0.0303955 0.0678711 0.0490723 0.00169086
2 0.385742 0.854492 0.242188 0.112305 0.00162601
19 0.598633 0.661377 0.634766 0.630371 0.00159168
3 0.961914 0.72998 0.0488281 0.475586 0.00156021
14 0.43811 0.896973 0.36792 0.126953 0.00155354
2 0.394897 0.859863 0.178955 0.0634766 0.00155163
2 0.0205078 0.934082 0.0379639 0.0556641 0.00153828
19 0.633911 0.750977 0.441162 0.445312 0.00153732
2 0.0211792 0.401367 0.0152588 0.105469 0.00152493
19 0.437988 0.894043 0.369141 0.12207 0.0015192
13 0.2771 0.481934 0.0195312 0.0234375 0.00149345
2 0.974365 0.227844 0.0336914 0.417358 0.00149059
6 0.0205994 0.93457 0.0411987 0.0537109 0.00148582
4 0.973633 0.841309 0.0351562 0.262695 0.0014801
14 0.285156 0.477417 0.0224609 0.0314941 0.00144577
1 0.967041 0.921387 0.0522461 0.0917969 0.00140572
2 0.0252686 0.262451 0.0184326 0.106934 0.00140285
1 0.413574 0.865234 0.336914 0.0693359 0.00139809
4 0.277344 0.480957 0.019043 0.0234375 0.00139713
6 0.43811 0.896973 0.36792 0.126953 0.00135994
6 0.0580902 0.026123 0.100861 0.0522461 0.00134087
2 0.0156555 0.301758 0.0142212 0.0839844 0.00132942
2 0.963135 0.0652618 0.0463867 0.112396 0.00132561
6 0.966309 0.925293 0.0439453 0.0820312 0.0013237
8 0.598633 0.661377 0.634766 0.630371 0.00131989
1 0.0232544 0.930664 0.0465088 0.0800781 0.00131512
4 0.955811 0.495117 0.0864258 0.988281 0.00131035
10 0.277344 0.481445 0.0185547 0.0244141 0.00128746
3 0.965088 0.102905 0.0424805 0.189697 0.00127792
2 0.0539551 0.511841 0.0339355 0.136475 0.00125599
2 0.0537109 0.497437 0.0244141 0.0617676 0.00124931
14 0.280518 0.465942 0.0249023 0.0446777 0.00124931
2 0.964355 0.226501 0.0341797 0.362427 0.00123787
11 0.437988 0.894043 0.369141 0.12207 0.00123596
2 0.0374146 0.94458 0.0603027 0.0639648 0.00123596
13 0.976562 0.798828 0.0117188 0.0595703 0.00123024
2 0.274902 0.479004 0.0263672 0.0302734 0.00121784
2 0.0437012 0.517578 0.0246582 0.101562 0.001194
1 0.541016 0.900879 0.146484 0.139648 0.00119209
2 0.963135 0.89917 0.0561523 0.148926 0.00114441
13 0.0551147 0.526855 0.0247803 0.111328 0.00114441
1 0.963623 0.873047 0.0649414 0.189453 0.00113964
2 0.943359 0.171875 0.0253906 0.0393066 0.00113583
5 0.277344 0.481445 0.019043 0.0234375 0.00113583
17 0.437988 0.894043 0.369141 0.12207 0.0011301
2 0.949219 0.188599 0.0322266 0.107178 0.00112915
6 0.959961 0.931396 0.0566406 0.10791 0.00112152
15 0.437988 0.894043 0.369141 0.12207 0.00112152
1 0.0205994 0.0964355 0.0341187 0.102539 0.00111866
1 0.2771 0.481934 0.0195312 0.0234375 0.00109386
5 0.43811 0.896973 0.36792 0.126953 0.00109291
19 0.46875 0.682129 0.4375 0.539062 0.001091
4 0.566895 0.706665 0.401367 0.539795 0.00108051
7 0.43811 0.896973 0.36792 0.126953 0.00108051
6 0.0474854 0.945312 0.0876465 0.0722656 0.00107861
6 0.979492 0.909668 0.0390625 0.15918 0.00107765
8 0.437012 0.898438 0.378906 0.166016 0.00106049
9 0.277344 0.481445 0.019043 0.0234375 0.00105095
6 0.0271301 0.9104 0.0542603 0.149902 0.00104904
3 0.0166016 0.103851 0.0285645 0.164856 0.00103283
2 0.0258179 0.311584 0.0273438 0.274292 0.00102615
6 0.970703 0.0674896 0.0371094 0.106476 0.00101566
10 0.43811 0.896973 0.36792 0.126953 0.00101471
1 0.0442963 0.9375 0.0788879 0.0761719 0.00101089
18 0.437988 0.894043 0.369141 0.12207 0.00100899
