2 0.302246 0.272217 0.0375977 0.230957 0.664551
2 0.973389 0.416382 0.0219727 0.218018 0.348877
2 0.974365 0.296021 0.0395508 0.472412 0.0692749
2 0.970703 0.390991 0.0214844 0.162354 0.0296478
6 0.97168 0.194031 0.0371094 0.359009 0.0233917
2 0.301758 0.262756 0.0375977 0.13562 0.0219574
3 0.0231323 0.111664 0.0350342 0.198547 0.0106201
2 0.970459 0.364746 0.0180664 0.116699 0.010231
1 0.969727 0.211609 0.0449219 0.410767 0.00874329
6 0.0238342 0.10022 0.0348511 0.164551 0.00821686
3 0.968262 0.25769 0.0458984 0.490479 0.00738525
6 0.909912 0.954102 0.150879 0.0742188 0.00634766
2 0.973389 0.491333 0.0141602 0.0866699 0.0043602
6 0.968262 0.25769 0.0458984 0.490479 0.00419235
2 0.975342 0.368408 0.0317383 0.291504 0.00389671
2 0.839844 0.94165 0.03125 0.081543 0.00385284
4 0.302246 0.275146 0.0375977 0.231445 0.00344849
3 0.97168 0.194031 0.0371094 0.359009 0.00340652
2 0.302979 0.312988 0.0288086 0.155762 0.00326538
2 0.309082 0.287354 0.0292969 0.215332 0.00283623
1 0.0238342 0.10022 0.0348511 0.164551 0.0025959
13 0.970947 0.391113 0.0209961 0.164062 0.00257111
3 0.0240479 0.0910034 0.0426025 0.127319 0.00256729
2 0.967529 0.360962 0.0317383 0.563232 0.00251198
2 0.96875 0.381592 0.0234375 0.282715 0.00231743
1 0.914307 0.942383 0.151855 0.0996094 0.00230217
6 0.017395 0.113251 0.0270996 0.204163 0.00227928
2 0.974609 0.488281 0.0175781 0.132812 0.00209999
2 0.474609 0.0135803 0.0185547 0.0180054 0.00194359
13 0.302246 0.275146 0.0375977 0.231445 0.00180817
6 0.916748 0.936035 0.125488 0.104492 0.00174618
6 0.976318 0.131683 0.0297852 0.247375 0.00173569
2 0.974854 0.42749 0.034668 0.221191 0.00172901
2 0.295166 0.287109 0.0288086 0.21875 0.0016489
6 0.974609 0.945557 0.0410156 0.0717773 0.00160599
4 0.974365 0.296021 0.0395508 0.472412 0.00160408
13 0.972656 0.133514 0.0234375 0.200745 0.00147629
1 0.300781 0.269287 0.0410156 0.228027 0.00147247
6 0.974854 0.897217 0.0405273 0.184082 0.001441
2 0.977539 0.400391 0.0214844 0.21582 0.00127983
13 0.973877 0.419922 0.0229492 0.21582 0.00125694
2 0.969727 0.396362 0.0371094 0.205322 0.00122261
4 0.969482 0.216431 0.0395508 0.409424 0.00111008
6 0.89502 0.919678 0.18457 0.160645 0.00110435
1 0.896973 0.958252 0.176758 0.0717773 0.0011034
6 0.967041 0.95459 0.0561523 0.0634766 0.00109005
13 0.0238342 0.10022 0.0348511 0.164551 0.00106907
3 0.97583 0.292664 0.0327148 0.462524 0.0010376
