2 0.500977 0.206421 0.128906 0.257568 0.86084
2 0.974854 0.41687 0.0268555 0.178955 0.760254
2 0.969727 0.401611 0.0292969 0.187012 0.45752
2 0.387939 0.145996 0.0219727 0.0949707 0.349609
6 0.0307312 0.0883789 0.0470581 0.158691 0.167236
13 0.0304565 0.0959473 0.0386963 0.176514 0.165283
2 0.969727 0.520996 0.0410156 0.50293 0.154053
2 0.0273438 0.93457 0.0300293 0.0576172 0.135864
3 0.96875 0.518555 0.046875 0.542969 0.109314
1 0.027359 0.934082 0.0329285 0.0585938 0.101746
2 0.976562 0.452759 0.0234375 0.111084 0.0946045
6 0.0247498 0.929688 0.0426636 0.0878906 0.0836182
6 0.0338135 0.141602 0.0499268 0.244141 0.0525818
6 0.0270996 0.939941 0.0325928 0.0693359 0.0451965
2 0.973633 0.289185 0.0410156 0.507568 0.0273132
2 0.969971 0.408203 0.0268555 0.11084 0.0248108
6 0.0388184 0.217651 0.0550537 0.406982 0.0209351
2 0.974609 0.415039 0.0214844 0.0927734 0.0197601
3 0.0351562 0.107269 0.0408936 0.18927 0.0195618
2 0.970703 0.442139 0.0273438 0.164551 0.0175934
6 0.0280151 0.106201 0.0328369 0.179688 0.016861
2 0.478027 0.205811 0.220703 0.279785 0.0162811
6 0.0255127 0.900879 0.0418701 0.151367 0.0157623
3 0.0361938 0.16803 0.0526123 0.304565 0.0132294
2 0.968262 0.367676 0.0244141 0.172852 0.0117188
1 0.494141 0.205139 0.133789 0.248901 0.0116501
6 0.973633 0.89502 0.0449219 0.200195 0.0113297
3 0.969482 0.266418 0.0454102 0.472046 0.00816345
2 0.479126 0.168427 0.0944824 0.201233 0.00709915
13 0.495239 0.207031 0.134521 0.253418 0.00647354
3 0.96875 0.681763 0.0527344 0.58374 0.00639725
3 0.967529 0.893066 0.0532227 0.176758 0.00629425
14 0.495239 0.207031 0.134521 0.253418 0.00593948
2 0.973633 0.375488 0.0234375 0.135742 0.00590515
2 0.0333099 0.0957336 0.0427551 0.186951 0.00539398
2 0.977539 0.550293 0.0332031 0.445312 0.00528717
4 0.973633 0.289185 0.0410156 0.507568 0.00516129
2 0.0249786 0.939209 0.0418396 0.0727539 0.00498581
4 0.501831 0.205505 0.127197 0.252075 0.00497818
6 0.0479889 0.946533 0.0758972 0.0717773 0.00492477
3 0.0422363 0.260132 0.0609131 0.491455 0.00479507
6 0.950928 0.949707 0.0766602 0.0986328 0.00472641
2 0.387695 0.170288 0.0249023 0.143311 0.00471878
2 0.392822 0.131256 0.0390625 0.106628 0.00457764
6 0.0349731 0.94873 0.0487061 0.0634766 0.00457001
3 0.956055 0.609009 0.0722656 0.733154 0.00454712
1 0.0366058 0.936523 0.0410461 0.0585938 0.00439453
2 0.381836 0.146729 0.0224609 0.0881348 0.00429535
2 0.97168 0.4198 0.0449219 0.195557 0.0042038
3 0.0246124 0.928955 0.0381775 0.0893555 0.00416946
6 0.496094 0.20459 0.126953 0.27002 0.00400925
1 0.936523 0.955566 0.109375 0.0869141 0.00380707
1 0.387939 0.145996 0.0219727 0.0949707 0.00378227
1 0.969482 0.528198 0.0415039 0.498291 0.00372124
9 0.495239 0.207031 0.134521 0.253418 0.00362968
1 0.119751 0.948975 0.214111 0.0883789 0.00360489
2 0.970703 0.357422 0.0175781 0.0888672 0.00360107
6 0.0852966 0.958496 0.164856 0.0576172 0.00348854
13 0.0361938 0.16803 0.0526123 0.304565 0.003479
1 0.197693 0.958984 0.390747 0.0820312 0.00343704
13 0.0273438 0.93457 0.0354004 0.0605469 0.0034256
1 0.794922 0.924316 0.130859 0.114258 0.00321198
2 0.396484 0.164246 0.0336914 0.134399 0.00307465
2 0.969727 0.375244 0.0390625 0.166504 0.00306892
6 0.974854 0.140533 0.0366211 0.223328 0.00302505
14 0.387695 0.140137 0.0195312 0.0839844 0.00299835
6 0.0395508 0.914062 0.0616455 0.121094 0.00272942
1 0.0738525 0.936279 0.126953 0.0961914 0.00271797
1 0.0287781 0.941162 0.0448608 0.0708008 0.00265884
6 0.97168 0.940918 0.0488281 0.0947266 0.00263977
2 0.977295 0.464722 0.0317383 0.246338 0.00257301
2 0.974609 0.37561 0.0332031 0.229248 0.00257111
6 0.969727 0.520996 0.0410156 0.50293 0.00253105
13 0.0266876 0.122528 0.0264587 0.161194 0.00252724
3 0.974365 0.145844 0.0375977 0.241028 0.00252342
6 0.0383148 0.878662 0.0603333 0.197754 0.0024929
2 0.967773 0.369629 0.0332031 0.298828 0.0024929
2 0.386719 0.141113 0.0351562 0.0922852 0.00248146
6 0.0204926 0.930176 0.028717 0.0742188 0.00240517
6 0.036499 0.940674 0.0595703 0.0932617 0.00236702
6 0.0321655 0.865967 0.0415039 0.240723 0.00234413
7 0.495239 0.207031 0.134521 0.253418 0.00222397
2 0.975586 0.463745 0.0273438 0.168213 0.00219536
1 0.971924 0.265259 0.0405273 0.465576 0.00218773
1 0.032959 0.0949707 0.0430908 0.177002 0.0021534
2 0.969727 0.362061 0.0253906 0.106934 0.00209236
3 0.976562 0.884277 0.0371094 0.229492 0.0020752
3 0.0429688 0.0873413 0.0571289 0.15979 0.00203896
6 0.124573 0.952881 0.220581 0.090332 0.00203323
6 0.0421753 0.098999 0.0561523 0.195312 0.0020237
1 0.913086 0.967773 0.144531 0.0585938 0.00196457
13 0.974365 0.414551 0.0258789 0.178711 0.00196266
2 0.395508 0.136993 0.0268555 0.0922241 0.00195312
16 0.495239 0.207031 0.134521 0.253418 0.00194645
2 0.0366058 0.936523 0.0410461 0.0585938 0.00191689
2 0.973877 0.330627 0.0249023 0.333862 0.00190258
10 0.495239 0.207031 0.134521 0.253418 0.00188065
6 0.940918 0.928711 0.0927734 0.142578 0.00188065
5 0.495239 0.207031 0.134521 0.253418 0.00185776
19 0.495239 0.207031 0.134521 0.253418 0.00184345
15 0.495239 0.207031 0.134521 0.253418 0.00183582
12 0.495239 0.207031 0.134521 0.253418 0.00182152
8 0.495239 0.207031 0.134521 0.253418 0.00179482
3 0.495239 0.207031 0.134521 0.253418 0.00178051
3 0.0244751 0.901123 0.0389404 0.154785 0.00176907
3 0.979492 0.556641 0.0332031 0.416016 0.00176811
18 0.495239 0.207031 0.134521 0.253418 0.00174618
1 0.0361938 0.16803 0.0526123 0.304565 0.00168324
0 0.495239 0.207031 0.134521 0.253418 0.00167847
2 0.390137 0.192444 0.0283203 0.206909 0.00167179
6 0.970703 0.917969 0.0546875 0.132812 0.00163555
17 0.495239 0.207031 0.134521 0.253418 0.00162697
6 0.964844 0.955811 0.0546875 0.0688477 0.00161552
11 0.495239 0.207031 0.134521 0.253418 0.00156498
3 0.029541 0.942139 0.038208 0.0688477 0.00156116
3 0.0306702 0.0775146 0.0387573 0.136963 0.00151539
2 0.435547 0.10495 0.0268555 0.0630493 0.00148106
1 0.976562 0.884277 0.0371094 0.229492 0.00141907
1 0.916992 0.943848 0.140625 0.112305 0.00139046
3 0.9646 0.948242 0.0610352 0.0800781 0.0013361
13 0.387939 0.145996 0.0219727 0.0949707 0.00132656
2 0.896484 0.96167 0.179688 0.074707 0.001297
3 0.966797 0.918457 0.0410156 0.161133 0.00128078
2 0.449707 0.110596 0.0400391 0.0737305 0.00127697
4 0.0307007 0.0878906 0.0427246 0.163574 0.0012598
13 0.0366211 0.115967 0.043457 0.224121 0.00125027
2 0.98584 0.415527 0.0283203 0.186523 0.00123215
2 0.0224762 0.929199 0.026825 0.0517578 0.00121593
2 0.490601 0.195068 0.106689 0.13916 0.00121117
3 0.963867 0.405273 0.0703125 0.720703 0.0012064
6 0.0216675 0.0863953 0.0319824 0.149475 0.00120544
1 0.119324 0.967773 0.22229 0.0644531 0.00119781
6 0.0245972 0.957031 0.0432129 0.0742188 0.00118828
13 0.0247498 0.929688 0.0426636 0.0878906 0.00117111
2 0.0338135 0.141602 0.0499268 0.244141 0.0011692
14 0.0273438 0.933594 0.0333252 0.0585938 0.00114822
6 0.0738525 0.936279 0.126953 0.0961914 0.00114536
6 0.0299377 0.906494 0.0598755 0.181152 0.00114441
2 0.410645 0.125244 0.0292969 0.0881348 0.00108814
3 0.0383148 0.875732 0.0649719 0.189941 0.00104618
2 0.468018 0.148956 0.0708008 0.156189 0.00104427
2 0.966309 0.907227 0.0498047 0.160156 0.00102806
3 0.0268097 0.865723 0.0423279 0.233398 0.00101566
