2 0.424561 0.394775 0.0625 0.10791 0.786621
1 0.424561 0.39624 0.0566406 0.0986328 0.240479
6 0.0377808 0.154724 0.0604248 0.288208 0.0462036
3 0.0377808 0.154724 0.0604248 0.288208 0.0429382
6 0.0290527 0.915039 0.0435791 0.132812 0.0333252
6 0.979248 0.125946 0.0317383 0.198792 0.0288544
6 0.979492 0.914551 0.0410156 0.131836 0.0269318
3 0.0343018 0.9104 0.0523682 0.122559 0.0189056
6 0.0432892 0.0818481 0.0643005 0.163696 0.0162201
1 0.981201 0.125946 0.0317383 0.223206 0.0155869
6 0.0361328 0.89209 0.0516357 0.163086 0.0110016
3 0.0432892 0.0818481 0.0643005 0.163696 0.00868988
3 0.978516 0.915771 0.0390625 0.152832 0.00740433
3 0.0475922 0.577271 0.0732727 0.784912 0.00565338
2 0.409668 0.394775 0.0551758 0.109863 0.0055809
14 0.425293 0.394775 0.0600586 0.102539 0.00513077
6 0.971436 0.0680237 0.0493164 0.113464 0.00421143
6 0.0448608 0.0598145 0.0727539 0.104736 0.00393677
2 0.41748 0.37915 0.0537109 0.0708008 0.0038414
6 0.976318 0.154114 0.0375977 0.284546 0.00382996
3 0.0410156 0.278931 0.0574951 0.52417 0.00376511
3 0.0341644 0.353516 0.0679016 0.707031 0.00366783
3 0.979248 0.125946 0.0317383 0.198792 0.00361633
4 0.956787 0.499023 0.0864258 0.998047 0.00354576
1 0.976318 0.155396 0.0317383 0.262939 0.00349808
6 0.0298309 0.869629 0.0384827 0.223633 0.00349236
2 0.207825 0.66748 0.0345459 0.102539 0.00315285
13 0.424561 0.394775 0.0620117 0.102539 0.00307655
6 0.974365 0.916504 0.0375977 0.100586 0.00303268
3 0.961914 0.468872 0.0683594 0.935303 0.00300026
3 0.029541 0.895264 0.0412598 0.17627 0.00299644
1 0.037796 0.156372 0.0535583 0.302002 0.00295448
2 0.439819 0.394287 0.067627 0.0917969 0.0028286
4 0.675293 0.482422 0.452148 0.84082 0.00280952
6 0.0357666 0.937012 0.0528564 0.0888672 0.00274849
19 0.675293 0.482422 0.452148 0.84082 0.00270462
6 0.977539 0.869141 0.0410156 0.246094 0.00270271
2 0.0385132 0.869629 0.0340576 0.24707 0.00269508
2 0.435791 0.4021 0.0825195 0.164551 0.00264549
13 0.037796 0.156372 0.0535583 0.302002 0.00258255
2 0.314697 0.708496 0.0175781 0.0488281 0.00251198
3 0.978271 0.868896 0.043457 0.234863 0.00247955
9 0.424316 0.395996 0.0561523 0.0932617 0.0024395
3 0.970459 0.207764 0.0356445 0.388184 0.00241089
6 0.0834045 0.960205 0.133972 0.0444336 0.00203514
8 0.675293 0.482422 0.452148 0.84082 0.00194359
1 0.41748 0.37915 0.0537109 0.0708008 0.00193214
14 0.67334 0.587402 0.323242 0.743164 0.00192642
3 0.9729 0.922607 0.0327148 0.0981445 0.0019083
3 0.976562 0.885986 0.03125 0.183105 0.00182056
6 0.985352 0.0790253 0.0214844 0.0958557 0.00179672
1 0.0317383 0.930176 0.0305176 0.0683594 0.00174236
2 0.974854 0.790527 0.0268555 0.238281 0.00173569
6 0.976562 0.885986 0.03125 0.183105 0.00165844
6 0.960693 0.0505066 0.0727539 0.0894165 0.00164604
6 0.975586 0.0955505 0.0410156 0.154114 0.00162792
19 0.57959 0.580933 0.594727 0.834229 0.00157833
6 0.977295 0.92627 0.0239258 0.0888672 0.00155067
2 0.979492 0.914551 0.0410156 0.131836 0.00151539
7 0.424316 0.395996 0.0561523 0.0932617 0.00146389
8 0.67334 0.587402 0.323242 0.743164 0.0013876
13 0.978271 0.868896 0.043457 0.234863 0.00136471
2 0.974365 0.916504 0.0375977 0.100586 0.0013504
19 0.57373 0.505005 0.382812 0.710693 0.00131893
6 0.424316 0.395996 0.0561523 0.0932617 0.00131702
7 0.675293 0.482422 0.452148 0.84082 0.00131607
19 0.424316 0.395996 0.0561523 0.0932617 0.00131226
3 0.976318 0.154114 0.0375977 0.284546 0.00130177
4 0.685547 0.804443 0.418945 0.391113 0.0012989
19 0.67334 0.587402 0.323242 0.743164 0.00128555
8 0.58252 0.57019 0.685547 0.859619 0.00127983
6 0.0693207 0.951904 0.112335 0.0649414 0.00126553
1 0.101593 0.955566 0.166443 0.0673828 0.00126076
12 0.675293 0.482422 0.452148 0.84082 0.00123405
4 0.0374146 0.15271 0.0583496 0.300537 0.0012331
3 0.0302429 0.114288 0.0457153 0.208435 0.00121689
16 0.424316 0.395996 0.0561523 0.0932617 0.00119019
3 0.984375 0.926758 0.0292969 0.125 0.00115967
11 0.424316 0.395996 0.0561523 0.0932617 0.00113583
14 0.675293 0.482422 0.452148 0.84082 0.0011301
3 0.97168 0.821289 0.0371094 0.3125 0.0011282
2 0.0290527 0.915039 0.0435791 0.132812 0.00111103
6 0.0539398 0.955078 0.0691223 0.0566406 0.00110435
9 0.675293 0.482422 0.452148 0.84082 0.0011034
3 0.0357056 0.87207 0.0397949 0.228516 0.00109863
10 0.424316 0.395996 0.0561523 0.0932617 0.00109673
17 0.675293 0.482422 0.452148 0.84082 0.00108814
3 0.0498199 0.0538177 0.0688171 0.106232 0.00108242
6 0.0302429 0.114288 0.0457153 0.208435 0.00107765
3 0.0294189 0.923828 0.0338135 0.126953 0.00107288
16 0.675293 0.482422 0.452148 0.84082 0.00107288
19 0.567017 0.777344 0.811279 0.445312 0.00106716
15 0.424316 0.395996 0.0561523 0.0932617 0.00106716
5 0.424316 0.395996 0.0561523 0.0932617 0.00105858
6 0.0369873 0.927002 0.0313721 0.0874023 0.00105
3 0.424316 0.395996 0.0561523 0.0932617 0.00104237
0 0.424316 0.395996 0.0561523 0.0932617 0.00103378
3 0.942383 0.5 0.0957031 0.970703 0.00103283
2 0.0317993 0.1651 0.0480957 0.304565 0.00103188
19 0.685547 0.804443 0.418945 0.391113 0.00103092
