2 0.404297 0.790039 0.191406 0.310547 0.756836
2 0.432495 0.756836 0.123291 0.248047 0.0261078
2 0.0343628 0.931641 0.0411377 0.0664062 0.0260468
1 0.978516 0.912842 0.0390625 0.141113 0.0257721
1 0.970703 0.936523 0.0488281 0.107422 0.0237427
1 0.402954 0.790039 0.191162 0.322266 0.0167084
2 0.071167 0.327637 0.0328369 0.103516 0.0158081
6 0.0356445 0.174438 0.0476074 0.322998 0.0157318
1 0.949463 0.942383 0.0913086 0.103516 0.0155334
1 0.974854 0.950684 0.0405273 0.0673828 0.0129089
1 0.0343628 0.931641 0.0411377 0.0664062 0.011879
1 0.0519409 0.937744 0.0853271 0.0854492 0.0118179
1 0.914551 0.947266 0.151367 0.101562 0.0110168
6 0.980225 0.105438 0.0356445 0.176819 0.0107651
2 0.864746 0.0114136 0.0244141 0.0228271 0.010704
4 0.403809 0.788574 0.183594 0.304688 0.0104675
3 0.0356445 0.174438 0.0476074 0.322998 0.00934601
6 0.0343628 0.900879 0.0587158 0.186523 0.00866699
6 0.0288696 0.918457 0.052124 0.112305 0.00829315
6 0.0344086 0.931396 0.0478821 0.0786133 0.00761795
1 0.0963135 0.933105 0.150391 0.110352 0.00693893
1 0.027359 0.930176 0.0343933 0.0556641 0.00680923
6 0.976318 0.0688629 0.0415039 0.120575 0.00660706
6 0.977295 0.930908 0.0395508 0.0991211 0.00656128
13 0.0280151 0.0991211 0.0351562 0.196533 0.00641632
1 0.981445 0.887695 0.03125 0.205078 0.00621033
6 0.0276794 0.0820312 0.046814 0.1521 0.00538254
3 0.980225 0.105438 0.0356445 0.176819 0.00508881
6 0.973633 0.0471344 0.0449219 0.0861511 0.0046196
2 0.977295 0.948486 0.0375977 0.0698242 0.00459671
2 0.416626 0.723633 0.186279 0.318359 0.00450516
1 0.036438 0.911377 0.0509033 0.116699 0.0042038
1 0.972656 0.899658 0.046875 0.181152 0.00417709
6 0.97876 0.899658 0.0405273 0.165527 0.00357437
19 0.622925 0.617676 0.613525 0.638672 0.00356865
13 0.403198 0.790039 0.184814 0.301758 0.00351334
1 0.97876 0.928955 0.0307617 0.106934 0.00344658
2 0.970703 0.936523 0.0488281 0.107422 0.00339127
1 0.0731049 0.946777 0.123566 0.0771484 0.00338364
1 0.121155 0.948242 0.209839 0.0898438 0.00333023
6 0.403564 0.787598 0.20166 0.344727 0.00310135
13 0.980225 0.105438 0.0356445 0.176819 0.00283241
1 0.035965 0.895264 0.0613708 0.162598 0.00273895
19 0.403564 0.787598 0.20166 0.344727 0.00248718
2 0.0701904 0.354248 0.0302734 0.135254 0.00241661
3 0.0343628 0.900879 0.0587158 0.186523 0.0024147
6 0.0280762 0.0495911 0.0427246 0.0907593 0.00237846
9 0.405273 0.790527 0.19043 0.307617 0.00231361
8 0.622925 0.617676 0.613525 0.638672 0.00231361
13 0.071167 0.327637 0.0328369 0.103516 0.00228882
1 0.622925 0.617676 0.613525 0.638672 0.00225449
14 0.403809 0.788574 0.183594 0.304688 0.00225449
2 0.978516 0.912354 0.0371094 0.126465 0.00211525
2 0.036438 0.911377 0.0509033 0.116699 0.00210762
3 0.978516 0.912354 0.0371094 0.126465 0.0020504
18 0.403564 0.787598 0.20166 0.344727 0.00204849
3 0.0288086 0.0838623 0.0395508 0.167725 0.00204468
11 0.403564 0.787598 0.20166 0.344727 0.00198746
16 0.403564 0.787598 0.20166 0.344727 0.00195694
19 0.687012 0.751709 0.489258 0.475098 0.00189686
8 0.403564 0.787598 0.20166 0.344727 0.00188923
1 0.102539 0.959229 0.196289 0.0620117 0.00185108
17 0.403564 0.787598 0.20166 0.344727 0.00184536
7 0.403564 0.787598 0.20166 0.344727 0.00183868
10 0.403564 0.787598 0.20166 0.344727 0.00176239
2 0.027359 0.930176 0.0343933 0.0556641 0.00173855
0 0.405273 0.787109 0.202148 0.34082 0.0017271
3 0.405151 0.788086 0.201416 0.34668 0.00172329
15 0.405273 0.787109 0.202148 0.34082 0.00168705
1 0.908691 0.967041 0.165039 0.0620117 0.00163651
8 0.687012 0.751709 0.489258 0.475098 0.00161839
5 0.403564 0.787598 0.20166 0.344727 0.00158024
2 0.0519409 0.937744 0.0853271 0.0854492 0.00152493
12 0.622925 0.617676 0.613525 0.638672 0.00152302
7 0.622925 0.617676 0.613525 0.638672 0.00152302
12 0.405151 0.788086 0.201416 0.34668 0.00152111
4 0.447998 0.574829 0.339355 0.68042 0.0014267
19 0.300964 0.629028 0.424438 0.566162 0.0013628
4 0.622925 0.617676 0.613525 0.638672 0.00134468
17 0.622925 0.617676 0.613525 0.638672 0.00133133
6 0.0362549 0.846436 0.0615234 0.303223 0.00132561
3 0.0288544 0.915283 0.044342 0.13623 0.00131989
6 0.982422 0.0498657 0.0253906 0.0946045 0.00131512
3 0.95459 0.510986 0.0908203 0.962402 0.00130081
2 0.914551 0.947266 0.151367 0.101562 0.00127506
2 0.866699 0.0115967 0.0400391 0.0231934 0.0012722
19 0.378479 0.574707 0.402222 0.666016 0.00126362
3 0.977539 0.0474091 0.0332031 0.0917053 0.00124741
18 0.622925 0.617676 0.613525 0.638672 0.00124454
16 0.622925 0.617676 0.613525 0.638672 0.00123978
15 0.622925 0.617676 0.613525 0.638672 0.00121403
1 0.888916 0.957275 0.210449 0.0854492 0.00117302
9 0.622925 0.617676 0.613525 0.638672 0.00113392
1 0.053299 0.886963 0.0923767 0.183105 0.00111294
0 0.622925 0.617676 0.613525 0.638672 0.00111294
6 0.937256 0.0325317 0.10791 0.0650635 0.00108624
5 0.622925 0.617676 0.613525 0.638672 0.00108528
1 0.0367432 0.941406 0.0529785 0.0703125 0.00106144
6 0.978271 0.162048 0.0375977 0.30188 0.00105667
11 0.622925 0.617676 0.613525 0.638672 0.00105476
2 0.0445099 0.722046 0.0562439 0.518799 0.00105381
1 0.964844 0.951904 0.0507812 0.0844727 0.00105286
1 0.0356445 0.174438 0.0476074 0.322998 0.0010519
1 0.164856 0.930176 0.307007 0.12793 0.00105
1 0.181458 0.951416 0.348022 0.097168 0.00104523
3 0.0362549 0.846436 0.0615234 0.303223 0.00100994
