2 0.625 0.295166 0.0546875 0.242676 0.770996
6 0.0363159 0.168457 0.0462646 0.316406 0.0447693
3 0.939453 0.515625 0.0605469 0.886719 0.0407104
2 0.628418 0.288574 0.0400391 0.136719 0.0267944
2 0.612793 0.736328 0.0263672 0.0888672 0.018631
6 0.0366211 0.075592 0.0445557 0.146667 0.0186157
3 0.0341797 0.146057 0.0423584 0.256714 0.0146408
2 0.631348 0.250488 0.0410156 0.339355 0.0144577
13 0.0341797 0.146057 0.0423584 0.256714 0.0140839
6 0.0368652 0.112457 0.0548096 0.207703 0.0124741
3 0.963623 0.33252 0.0610352 0.592773 0.0119781
2 0.0343628 0.835449 0.0371094 0.307617 0.0118713
6 0.0270386 0.915771 0.043457 0.13916 0.0115356
1 0.03302 0.909668 0.0483398 0.176758 0.0106735
2 0.289062 0.812988 0.0454102 0.113281 0.00965118
3 0.039978 0.0819397 0.0501709 0.158386 0.00800323
2 0.226257 0.86377 0.190063 0.0253906 0.00725174
6 0.0329437 0.891846 0.0432434 0.194824 0.00723648
2 0.62793 0.291992 0.0351562 0.223145 0.00653076
3 0.966797 0.809326 0.0449219 0.338379 0.00585175
3 0.951172 0.683105 0.0664062 0.579102 0.00530624
6 0.973877 0.858643 0.0327148 0.270996 0.00530624
2 0.0311737 0.824707 0.0294495 0.176758 0.00524139
3 0.954102 0.409912 0.0683594 0.819824 0.00514984
2 0.974365 0.837402 0.0297852 0.30957 0.00453949
2 0.03302 0.897461 0.0437012 0.193359 0.0044136
1 0.966797 0.770508 0.0429688 0.402344 0.00413132
3 0.0404663 0.211487 0.0474854 0.400269 0.00398636
1 0.122314 0.960693 0.216309 0.0727539 0.00388527
4 0.625488 0.292786 0.0498047 0.259155 0.0033741
3 0.0280762 0.910156 0.0404053 0.175781 0.00298691
2 0.976318 0.837402 0.0200195 0.211914 0.00280952
2 0.969482 0.885986 0.0297852 0.192871 0.00273705
2 0.0388794 0.728027 0.0352783 0.49707 0.00270844
1 0.03125 0.932373 0.0333252 0.0766602 0.00264168
2 0.636719 0.219727 0.0302734 0.254395 0.00263596
6 0.0335083 0.938232 0.0516357 0.0942383 0.00258446
1 0.0856934 0.95752 0.157715 0.0634766 0.00253868
2 0.631348 0.257812 0.0439453 0.181641 0.00247192
1 0.974609 0.825684 0.0351562 0.264648 0.00242043
3 0.945557 0.567627 0.0913086 0.864746 0.00237274
1 0.032959 0.929688 0.0449219 0.109375 0.00224304
2 0.614258 0.756348 0.0253906 0.0771484 0.00222588
2 0.978516 0.375732 0.015625 0.0844727 0.00217247
6 0.0325928 0.0567169 0.0491943 0.0965271 0.00217247
6 0.966797 0.809326 0.0449219 0.338379 0.00210762
2 0.63623 0.271912 0.0390625 0.250122 0.00206375
6 0.0320435 0.100342 0.0306396 0.157715 0.00204468
13 0.625 0.295166 0.0546875 0.242676 0.00200272
2 0.607422 0.73877 0.0224609 0.0810547 0.00199318
1 0.0354004 0.861572 0.0389404 0.26123 0.00198364
13 0.0404663 0.211487 0.0474854 0.400269 0.00184822
2 0.0346527 0.773438 0.0325012 0.299805 0.00173378
3 0.937988 0.585571 0.0546875 0.52417 0.00162029
2 0.0417023 0.820801 0.0325623 0.249023 0.00161457
2 0.045105 0.310059 0.0450439 0.583984 0.00153351
13 0.039978 0.0819397 0.0501709 0.158386 0.00147915
3 0.974609 0.825684 0.0351562 0.264648 0.00145245
1 0.888428 0.961426 0.182129 0.0732422 0.00144577
4 0.0363159 0.168457 0.0462646 0.316406 0.00144291
2 0.499023 0.643555 0.0224609 0.100586 0.00143147
2 0.0978088 0.958984 0.172546 0.0605469 0.00134277
19 0.678711 0.490234 0.401367 0.630859 0.0013237
2 0.03508 0.16748 0.0462952 0.311523 0.00131321
4 0.045105 0.310059 0.0450439 0.583984 0.00130081
2 0.943359 0.518188 0.0566406 0.885498 0.00127792
3 0.0302429 0.861816 0.0376587 0.256836 0.00118828
2 0.615234 0.77002 0.0224609 0.157227 0.00113678
1 0.743896 0.0350952 0.480957 0.0522461 0.00105286
3 0.975342 0.2229 0.0473633 0.395508 0.00104427
3 0.979492 0.12912 0.0390625 0.217346 0.00103283
2 0.618652 0.341797 0.0498047 0.149902 0.00102901
3 0.0336914 0.887207 0.0577393 0.225586 0.00101662
