2 0.319336 0.0953064 0.0566406 0.0176392 0.78125
14 0.383789 0.327393 0.0161133 0.0239258 0.478027
14 0.382812 0.326416 0.0214844 0.0317383 0.340576
6 0.0278168 0.913574 0.0466614 0.151367 0.137573
3 0.0278168 0.913574 0.0466614 0.151367 0.13562
1 0.0249786 0.0818176 0.0350037 0.121521 0.106689
2 0.324219 0.0938721 0.0615234 0.0292969 0.105774
1 0.0267944 0.911865 0.0429688 0.160645 0.0585022
14 0.381348 0.330078 0.0146484 0.0219727 0.0525208
14 0.379883 0.325195 0.0258789 0.0419922 0.0284271
3 0.0450439 0.335693 0.0537109 0.620605 0.0246124
3 0.967773 0.225403 0.0488281 0.425171 0.0206451
6 0.0257263 0.0788879 0.038147 0.112732 0.0184479
14 0.386719 0.323242 0.0219727 0.0341797 0.0166779
14 0.375488 0.327393 0.0214844 0.0307617 0.00901794
3 0.963135 0.331055 0.0522461 0.662109 0.00829315
3 0.0522919 0.411621 0.0663147 0.823242 0.0069809
2 0.320068 0.102753 0.0585938 0.0183716 0.0068779
1 0.586914 0.0348969 0.179688 0.0278625 0.00602341
2 0.319824 0.09375 0.0664062 0.0454102 0.00585938
1 0.0293579 0.869629 0.0446777 0.239258 0.0056839
1 0.632812 0.0349884 0.157227 0.0307312 0.00567245
14 0.384521 0.31958 0.0131836 0.0239258 0.00485992
3 0.0658264 0.488403 0.0910034 0.972412 0.00477982
3 0.973877 0.131531 0.0444336 0.240845 0.0043602
2 0.383057 0.327393 0.015625 0.0234375 0.00434875
1 0.0237427 0.888184 0.0310059 0.139648 0.00434875
2 0.382812 0.326416 0.0214844 0.0317383 0.00426483
3 0.0289154 0.86792 0.0456848 0.230957 0.00416183
2 0.0278168 0.913574 0.0466614 0.151367 0.00410843
3 0.0341797 0.932373 0.0593262 0.100098 0.00342751
3 0.0257263 0.0788879 0.038147 0.112732 0.00330162
13 0.0278168 0.913574 0.0466614 0.151367 0.00329781
14 0.384766 0.337402 0.0146484 0.0219727 0.00291252
4 0.0284424 0.912842 0.0476074 0.146973 0.00290871
3 0.0187683 0.923828 0.0328979 0.136719 0.00261688
2 0.304443 0.0949402 0.0712891 0.0249634 0.00260353
1 0.0209503 0.0986023 0.026825 0.169006 0.00258064
14 0.381836 0.337891 0.0180664 0.0268555 0.00250244
6 0.967773 0.225403 0.0488281 0.425171 0.00243378
14 0.383057 0.325439 0.0463867 0.0454102 0.00236702
13 0.0239868 0.0949402 0.0343018 0.144592 0.00235748
6 0.973877 0.131531 0.0444336 0.240845 0.00226402
3 0.0292053 0.908447 0.0584106 0.183105 0.00213242
1 0.0279083 0.111053 0.0362244 0.181213 0.0019722
19 0.383545 0.32666 0.015625 0.0224609 0.00194263
6 0.0292053 0.908447 0.0584106 0.183105 0.00194168
6 0.0187683 0.923828 0.0328979 0.136719 0.0018959
6 0.0861511 0.973633 0.139221 0.0449219 0.00182343
1 0.728027 0.0961914 0.100586 0.0649414 0.00180626
4 0.383545 0.32666 0.015625 0.0224609 0.00176907
14 0.322266 0.0943604 0.0581055 0.0214844 0.00172329
2 0.65332 0.427246 0.0927734 0.0141602 0.00170612
7 0.0251465 0.911621 0.0396729 0.163086 0.00164032
6 0.980957 0.953369 0.0380859 0.0737305 0.0015192
2 0.965332 0.314697 0.0400391 0.527832 0.00146866
3 0.0237427 0.888184 0.0310059 0.139648 0.0014534
14 0.381348 0.315918 0.019043 0.0356445 0.00144768
6 0.0255737 0.945312 0.0408936 0.0820312 0.00142288
13 0.383789 0.327393 0.0161133 0.0239258 0.00139141
2 0.320312 0.0846558 0.0668945 0.0250244 0.00133038
1 0.529297 0.0337372 0.266602 0.0284729 0.00132751
1 0.661133 0.0386353 0.196289 0.0335693 0.0013237
3 0.965332 0.314697 0.0400391 0.527832 0.00131226
1 0.319092 0.0949707 0.059082 0.0195312 0.00130558
2 0.559204 0.0335693 0.207764 0.0272217 0.00129414
14 0.389893 0.326904 0.0244141 0.0473633 0.00125408
3 0.0267944 0.952881 0.0371094 0.074707 0.00123215
10 0.383789 0.327393 0.0161133 0.0239258 0.00116253
2 0.0257263 0.0788879 0.038147 0.112732 0.00116158
2 0.0989685 0.972656 0.164856 0.046875 0.00115681
3 0.0394135 0.242432 0.058136 0.451172 0.0011549
2 0.320801 0.0801697 0.0595703 0.0706177 0.00114155
2 0.623047 0.601074 0.0175781 0.0458984 0.00113678
19 0.382324 0.325195 0.0209961 0.03125 0.0011282
3 0.97876 0.107544 0.0424805 0.169189 0.00109005
3 0.0305176 0.148499 0.0455322 0.231323 0.00107765
1 0.383789 0.327393 0.0161133 0.0239258 0.00103855
13 0.322266 0.0943604 0.0581055 0.0214844 0.00102329
