2 0.518066 0.714355 0.140625 0.166016 0.728516
2 0.978516 0.536133 0.0234375 0.119141 0.439697
2 0.973633 0.557129 0.0273438 0.128906 0.320801
6 0.0397949 0.934814 0.060791 0.097168 0.239868
2 0.97583 0.515625 0.0268555 0.124023 0.15564
6 0.0426025 0.915771 0.0637207 0.164551 0.0913696
6 0.0866699 0.955566 0.163086 0.0810547 0.0606384
2 0.974609 0.533569 0.0371094 0.147705 0.0603027
1 0.0876465 0.945801 0.153564 0.0888672 0.0587769
6 0.0710144 0.943848 0.116272 0.0830078 0.0510254
1 0.116089 0.952393 0.218506 0.0952148 0.0381775
6 0.0505524 0.931641 0.0924988 0.113281 0.0325623
2 0.879883 0.0121155 0.0234375 0.024231 0.026825
1 0.0396729 0.942627 0.0623779 0.0854492 0.0228271
2 0.486816 0.714844 0.225586 0.179688 0.0223846
6 0.116089 0.952393 0.218506 0.0952148 0.0219116
2 0.96875 0.331787 0.0449219 0.589355 0.0211487
2 0.0317383 0.940186 0.0389404 0.0688477 0.0195465
6 0.979492 0.953857 0.0410156 0.0727539 0.0190125
2 0.974854 0.522461 0.0209961 0.0908203 0.0179749
6 0.0988464 0.937988 0.156799 0.120117 0.0167084
2 0.977783 0.845459 0.0366211 0.299316 0.0143127
2 0.973877 0.559082 0.0444336 0.130859 0.0105591
2 0.97583 0.47168 0.0229492 0.177734 0.00951385
1 0.0341797 0.941406 0.0440674 0.0664062 0.00943756
2 0.0386353 0.938721 0.0686035 0.0795898 0.0092926
1 0.154541 0.956543 0.309082 0.0830078 0.00917053
4 0.515747 0.714844 0.144287 0.164062 0.00852966
6 0.976562 0.860107 0.0410156 0.277832 0.0075531
3 0.0407104 0.79126 0.0552979 0.382324 0.00687027
2 0.986328 0.540039 0.0214844 0.108398 0.00682831
1 0.0407715 0.90332 0.0610352 0.169922 0.00677109
3 0.0397949 0.934814 0.060791 0.097168 0.00669479
3 0.0426025 0.915771 0.0637207 0.164551 0.00624084
6 0.0406342 0.856934 0.0649719 0.28418 0.00613403
2 0.978516 0.512085 0.0214844 0.0881348 0.00613022
6 0.0503082 0.945801 0.0749207 0.0732422 0.00551224
4 0.96875 0.326904 0.0488281 0.597168 0.00537109
2 0.97168 0.44751 0.0253906 0.269043 0.00497818
6 0.978516 0.93457 0.0429688 0.0976562 0.00486755
1 0.0646973 0.933105 0.107666 0.100586 0.00484848
13 0.518066 0.714844 0.138672 0.160156 0.00467682
1 0.981201 0.128876 0.0356445 0.236389 0.00428009
13 0.973633 0.557129 0.0273438 0.12793 0.0040741
6 0.0366058 0.942139 0.0508118 0.0668945 0.00404358
3 0.0377808 0.876953 0.0639648 0.181641 0.00403976
1 0.972168 0.953613 0.0556641 0.0732422 0.00401688
6 0.050415 0.884766 0.081543 0.205078 0.00395584
6 0.912598 0.949219 0.172852 0.0917969 0.00382233
14 0.518066 0.714844 0.138672 0.160156 0.00346947
2 0.118103 0.94751 0.210083 0.10498 0.00323677
1 0.519531 0.712891 0.139648 0.15918 0.00322151
9 0.518066 0.714844 0.138672 0.160156 0.00302696
2 0.978027 0.94751 0.0439453 0.0776367 0.00302315
6 0.943115 0.955566 0.0961914 0.0849609 0.00289345
2 0.0507812 0.942383 0.0720215 0.0644531 0.00270653
1 0.0826111 0.962158 0.152649 0.0756836 0.00269508
6 0.967285 0.956299 0.0654297 0.0678711 0.00269127
3 0.978516 0.879639 0.0410156 0.225098 0.00267982
6 0.0401154 0.956055 0.0708923 0.0761719 0.00265884
2 0.880371 0.0129852 0.0371094 0.0259705 0.00248718
3 0.0536957 0.944092 0.0830383 0.0942383 0.00239563
2 0.897949 0.949707 0.204102 0.0927734 0.00231171
13 0.977783 0.53125 0.0229492 0.110352 0.00226784
1 0.0613098 0.884766 0.112732 0.201172 0.0022583
13 0.0394897 0.942627 0.0628662 0.0834961 0.00220299
2 0.0358734 0.922852 0.0549622 0.115234 0.00214195
2 0.0252686 0.652832 0.0185547 0.0595703 0.00211143
6 0.518066 0.714844 0.138672 0.160156 0.00209999
2 0.0229492 0.400879 0.0178223 0.0644531 0.00207138
7 0.518066 0.714844 0.138672 0.160156 0.00205231
2 0.888672 0.012085 0.0390625 0.0233154 0.00198936
2 0.9729 0.819824 0.0268555 0.192383 0.00198746
1 0.0507812 0.942383 0.0720215 0.0644531 0.00196457
19 0.684448 0.593872 0.463135 0.648193 0.00196457
13 0.978516 0.539551 0.0292969 0.148438 0.00191212
19 0.51709 0.712402 0.133789 0.15625 0.00187492
6 0.132599 0.939209 0.23822 0.121582 0.0017519
1 0.103516 0.924561 0.171387 0.150879 0.00173378
4 0.0466461 0.937988 0.071991 0.108398 0.00171852
8 0.518066 0.714844 0.138672 0.160156 0.00171471
16 0.51709 0.712402 0.133789 0.15625 0.0017004
5 0.518066 0.714844 0.138672 0.160156 0.00167561
17 0.518066 0.714844 0.138672 0.160156 0.0016489
10 0.518066 0.714844 0.138672 0.160156 0.0016489
18 0.518066 0.714844 0.138672 0.160156 0.00163078
2 0.984375 0.561523 0.0234375 0.129883 0.00161934
3 0.980957 0.952393 0.0380859 0.0737305 0.00161648
15 0.518066 0.714844 0.138672 0.160156 0.00161171
3 0.0856323 0.947266 0.162231 0.0859375 0.00160027
6 0.987793 0.938965 0.0244141 0.0791016 0.00156784
6 0.154541 0.956543 0.309082 0.0830078 0.00154972
12 0.518066 0.714844 0.138672 0.160156 0.00154972
11 0.518066 0.714844 0.138672 0.160156 0.00154972
0 0.518066 0.714844 0.138672 0.160156 0.00151348
3 0.96875 0.326904 0.0488281 0.597168 0.0015049
6 0.922119 0.963135 0.145996 0.0698242 0.00146484
3 0.0406342 0.856934 0.0649719 0.28418 0.00143814
8 0.682617 0.594238 0.481445 0.693359 0.00142288
6 0.0223083 0.911377 0.0446167 0.153809 0.00142002
1 0.198059 0.948975 0.392944 0.102051 0.00141335
2 0.484741 0.725098 0.284424 0.243164 0.00139618
3 0.519531 0.712891 0.139648 0.15918 0.0013895
1 0.897949 0.949707 0.204102 0.0927734 0.00137997
1 0.908447 0.963623 0.165527 0.0688477 0.00133801
14 0.0386353 0.938721 0.0686035 0.0795898 0.00130272
2 0.541992 0.698242 0.291016 0.245117 0.00129604
6 0.0298309 0.0816956 0.0521545 0.144226 0.00128841
6 0.0930786 0.904297 0.186157 0.181641 0.00128555
3 0.0322266 0.738281 0.0552979 0.472656 0.00123978
6 0.967773 0.946289 0.0566406 0.107422 0.0012188
3 0.978516 0.93457 0.0429688 0.0976562 0.00120544
13 0.0426025 0.915771 0.0637207 0.164551 0.00118923
3 0.0311584 0.81958 0.0444946 0.313965 0.00118637
19 0.317749 0.562378 0.366455 0.685791 0.00116158
2 0.974365 0.550293 0.0200195 0.0917969 0.00113773
4 0.684448 0.593872 0.463135 0.648193 0.00111771
2 0.0876465 0.945801 0.153564 0.0888672 0.00111008
1 0.160339 0.931641 0.28772 0.136719 0.00110054
1 0.0299683 0.0913696 0.0371094 0.144897 0.00109673
2 0.965332 0.416504 0.0224609 0.257812 0.00109196
2 0.914062 0.0115662 0.0898438 0.0230713 0.001091
6 0.0407104 0.79126 0.0552979 0.382324 0.00109005
6 0.965576 0.878662 0.0668945 0.242676 0.00108719
3 0.0488739 0.732422 0.0687561 0.507812 0.00106812
1 0.973633 0.557129 0.0273438 0.12793 0.00106716
6 0.959961 0.0372772 0.0722656 0.0721741 0.0010643
2 0.976562 0.494629 0.0332031 0.115234 0.00103569
11 0.0386353 0.938721 0.0686035 0.0795898 0.00102329
2 0.601562 0.199768 0.0224609 0.0892334 0.00101471
13 0.0229645 0.148438 0.0166931 0.0493164 0.0010128
6 0.0309906 0.133789 0.0488586 0.233398 0.00100708
2 0.0392914 0.917969 0.0676575 0.158203 0.00100231
