2 0.374268 0.796875 0.0756836 0.230469 0.861816
2 0.983398 0.710449 0.0175781 0.0888672 0.239624
2 0.982422 0.574707 0.0234375 0.34082 0.137939
2 0.371826 0.797363 0.0742188 0.135742 0.076416
2 0.983398 0.665039 0.0195312 0.169922 0.0518799
3 0.973633 0.766113 0.0488281 0.422852 0.0484924
3 0.0467377 0.426514 0.0693665 0.774902 0.0467834
6 0.0357666 0.18396 0.0413818 0.322998 0.0464478
13 0.982422 0.715332 0.015625 0.0859375 0.0431213
3 0.0537567 0.502563 0.0931702 0.975342 0.0380859
1 0.976562 0.955566 0.046875 0.0673828 0.0315552
2 0.975586 0.691528 0.03125 0.509521 0.0306091
6 0.977539 0.953613 0.0449219 0.0673828 0.0294647
3 0.966309 0.330688 0.0556641 0.574951 0.0285187
1 0.973633 0.76709 0.0449219 0.413086 0.0270996
6 0.980469 0.1315 0.0332031 0.201843 0.0176392
3 0.0327759 0.187317 0.0424805 0.320679 0.016037
1 0.981689 0.143433 0.034668 0.230225 0.0134506
2 0.981445 0.615723 0.0175781 0.200195 0.0131531
2 0.089386 0.0132446 0.0245972 0.0247803 0.0128174
13 0.0260315 0.796387 0.0198364 0.0703125 0.011467
2 0.980957 0.953857 0.0380859 0.0668945 0.0111465
6 0.030365 0.918457 0.0466919 0.12793 0.0103912
1 0.026062 0.13147 0.0292969 0.207764 0.00915527
3 0.0415649 0.267151 0.0483398 0.498901 0.00845337
2 0.446289 0.0127411 0.0219727 0.0254822 0.00832367
2 0.983398 0.712402 0.0292969 0.0849609 0.00804138
4 0.372559 0.798828 0.0761719 0.243164 0.00715637
1 0.0357666 0.18396 0.0413818 0.322998 0.00697708
6 0.972656 0.799072 0.046875 0.366699 0.00674057
2 0.981689 0.814941 0.0366211 0.360352 0.00572205
3 0.0337982 0.916016 0.0534973 0.121094 0.00561905
2 0.987305 0.72168 0.0175781 0.0751953 0.00521851
3 0.981689 0.143433 0.034668 0.230225 0.00479507
2 0.377686 0.791016 0.200684 0.266602 0.00476837
2 0.977539 0.695801 0.0195312 0.12793 0.0044899
2 0.974365 0.63623 0.0239258 0.197266 0.00442505
3 0.95874 0.41748 0.0571289 0.834961 0.00390625
2 0.981445 0.604004 0.0175781 0.109375 0.00390053
2 0.0262451 0.789551 0.0197754 0.0693359 0.00382614
2 0.986328 0.642578 0.0214844 0.198242 0.00382233
2 0.96875 0.556152 0.0195312 0.134766 0.00341225
13 0.372803 0.797363 0.0825195 0.231445 0.00336647
6 0.0322266 0.136536 0.0340576 0.196655 0.00296593
2 0.0910645 0.0158844 0.0327148 0.0317078 0.00285339
6 0.0287018 0.944092 0.0451355 0.0766602 0.00266075
2 0.973633 0.76709 0.0449219 0.413086 0.00245667
2 0.983154 0.599609 0.0336914 0.305664 0.00240898
13 0.983398 0.665039 0.0195312 0.169922 0.00226784
2 0.978516 0.521973 0.0195312 0.224609 0.00218773
2 0.440186 0.015686 0.0385742 0.029541 0.0021286
6 0.0360107 0.892578 0.0517578 0.173828 0.0021286
2 0.817383 0.0192566 0.0341797 0.0374146 0.00209999
1 0.371338 0.798828 0.0825195 0.230469 0.00206375
2 0.0449982 0.487793 0.0669861 0.975586 0.0020504
3 0.953369 0.500977 0.0932617 0.924805 0.00198936
13 0.983398 0.712402 0.0292969 0.0849609 0.00195312
2 0.823242 0.0153351 0.0273438 0.0306702 0.00193977
13 0.0264282 0.143585 0.0297852 0.201599 0.00190067
13 0.0357666 0.18396 0.0413818 0.322998 0.00188351
1 0.947266 0.960449 0.0957031 0.0673828 0.00187969
13 0.0245361 0.813477 0.0201416 0.0957031 0.00184631
14 0.372803 0.797363 0.0825195 0.231445 0.00181484
2 0.0357666 0.18396 0.0413818 0.322998 0.00174427
9 0.372803 0.797363 0.0825195 0.231445 0.00171852
2 0.969971 0.958496 0.0600586 0.0673828 0.0016861
2 0.98291 0.518555 0.0341797 0.492188 0.00168228
13 0.980713 0.123779 0.0366211 0.179443 0.0016346
3 0.0310822 0.13266 0.0328064 0.220032 0.0015583
2 0.0832214 0.0171051 0.0261841 0.030365 0.00155354
14 0.583984 0.162476 0.0322266 0.0212402 0.00151634
6 0.962402 0.958252 0.0654297 0.0717773 0.00150013
1 0.484253 0.120605 0.179932 0.188965 0.00150013
13 0.0883789 0.0152588 0.0256348 0.0270386 0.00147915
6 0.0415649 0.267151 0.0483398 0.498901 0.00144386
13 0.987305 0.72168 0.0175781 0.0751953 0.00142956
3 0.0358276 0.895996 0.0462646 0.18457 0.00141335
2 0.983154 0.665039 0.0336914 0.169922 0.00135994
3 0.0422974 0.709717 0.0513916 0.541504 0.00127888
13 0.0278778 0.812988 0.0282288 0.133789 0.00124741
2 0.975342 0.710938 0.0180664 0.0869141 0.00124359
7 0.372803 0.797363 0.0825195 0.231445 0.00124359
1 0.0415649 0.267151 0.0483398 0.498901 0.00123405
2 0.966797 0.346191 0.0429688 0.536133 0.0012188
4 0.981201 0.558716 0.0258789 0.363037 0.00120258
6 0.0348511 0.863525 0.0402832 0.253418 0.00119019
2 0.969482 0.597168 0.0200195 0.178711 0.00118828
6 0.0283966 0.903564 0.0340271 0.17334 0.00118732
10 0.372803 0.797363 0.0825195 0.231445 0.00118732
2 0.981445 0.690918 0.015625 0.0849609 0.00118446
6 0.372803 0.797363 0.0825195 0.231445 0.00117779
5 0.372803 0.797363 0.0825195 0.231445 0.00116444
3 0.0296936 0.928711 0.0355835 0.113281 0.00115395
18 0.372803 0.797363 0.0825195 0.231445 0.00115108
3 0.371338 0.798828 0.0825195 0.230469 0.00114155
16 0.372803 0.797363 0.0825195 0.231445 0.0011158
1 0.0354614 0.915283 0.0528564 0.161621 0.00111198
3 0.969971 0.764404 0.0600586 0.463379 0.00110054
17 0.372803 0.797363 0.0825195 0.231445 0.00109863
2 0.449707 0.0180969 0.0546875 0.0307007 0.00109005
19 0.372803 0.797363 0.0825195 0.231445 0.00108147
3 0.975342 0.956543 0.0473633 0.0693359 0.00106239
15 0.372803 0.797363 0.0825195 0.231445 0.00105667
2 0.979492 0.577637 0.015625 0.160156 0.00104904
2 0.96582 0.463623 0.0527344 0.927246 0.00104523
6 0.0377197 0.952881 0.0490723 0.0571289 0.00104141
13 0.977783 0.956787 0.0444336 0.0649414 0.0010376
11 0.372803 0.797363 0.0825195 0.231445 0.00103188
0 0.372803 0.797363 0.0825195 0.231445 0.00101566
6 0.0537567 0.502563 0.0931702 0.975342 0.00100422
