14 0.472168 0.288086 0.0595703 0.0415039 0.765625
6 0.977295 0.939453 0.0415039 0.0917969 0.25293
6 0.0372314 0.882812 0.0592041 0.1875 0.097229
6 0.978516 0.899414 0.0410156 0.181641 0.053894
1 0.976318 0.945801 0.0473633 0.0810547 0.0536499
3 0.0355835 0.21582 0.048584 0.418457 0.0506592
6 0.0302734 0.910156 0.0500488 0.104492 0.0489807
6 0.0392456 0.926758 0.0563965 0.101562 0.0390625
6 0.0348663 0.145508 0.0464783 0.289551 0.0365906
6 0.965576 0.936279 0.0551758 0.0942383 0.0357971
2 0.974854 0.942627 0.050293 0.0776367 0.0332031
14 0.293945 0.072876 0.0234375 0.0186768 0.0326233
1 0.961914 0.936523 0.0625 0.0976562 0.028595
6 0.972168 0.924072 0.0556641 0.0913086 0.0241394
14 0.47168 0.290283 0.0615234 0.0683594 0.022995
6 0.0846558 0.944092 0.153442 0.090332 0.0152588
6 0.971191 0.884766 0.0576172 0.166016 0.0149384
3 0.0306091 0.143066 0.0430298 0.286133 0.012825
3 0.0435791 0.720093 0.0557861 0.522705 0.0127411
1 0.0306091 0.143066 0.0430298 0.286133 0.0118484
6 0.0494537 0.941895 0.0744324 0.0849609 0.010704
1 0.0375977 0.92334 0.0549316 0.0849609 0.00894928
6 0.0426636 0.915283 0.0631104 0.153809 0.00888824
3 0.970703 0.938232 0.046875 0.0883789 0.00853729
3 0.971191 0.884766 0.0576172 0.166016 0.00823975
6 0.0353394 0.0910645 0.0557861 0.172363 0.00770569
1 0.948242 0.943359 0.101562 0.0976562 0.00767136
2 0.0372314 0.882812 0.0592041 0.1875 0.00744629
6 0.97583 0.955322 0.0483398 0.0756836 0.00705338
3 0.978516 0.899414 0.0410156 0.181641 0.0068512
6 0.0504761 0.923096 0.0894775 0.114746 0.00657272
14 0.300049 0.0741577 0.0180664 0.0147705 0.00652695
1 0.0265503 0.131317 0.0328369 0.198303 0.00628281
6 0.0292816 0.209473 0.0422668 0.407227 0.00627136
1 0.979736 0.143494 0.0307617 0.206177 0.00625229
2 0.0317383 0.915527 0.0488281 0.0927734 0.0062027
3 0.0370483 0.881836 0.0544434 0.195312 0.00618362
3 0.0322113 0.910645 0.0473938 0.109375 0.00602722
6 0.0278015 0.102631 0.0307007 0.188293 0.00597763
2 0.965576 0.936279 0.0551758 0.0942383 0.00525665
13 0.976807 0.94873 0.0463867 0.0732422 0.00509262
3 0.96875 0.82959 0.0625 0.303711 0.00495529
14 0.469116 0.299561 0.067627 0.043457 0.00455093
3 0.972168 0.924072 0.0556641 0.0913086 0.00442123
3 0.0286102 0.898682 0.0436096 0.165527 0.00437546
3 0.975586 0.296875 0.0488281 0.59375 0.0042305
1 0.469238 0.291748 0.0712891 0.0478516 0.00417709
1 0.0302734 0.910156 0.0500488 0.104492 0.00382423
2 0.47168 0.288574 0.0605469 0.0439453 0.00373459
4 0.971924 0.86499 0.0561523 0.23877 0.0036869
3 0.0361328 0.0913696 0.0490723 0.182739 0.00367737
1 0.031189 0.224548 0.0447998 0.399536 0.00357437
6 0.0677643 0.935547 0.108368 0.0878906 0.00354767
3 0.0386353 0.781738 0.057251 0.353516 0.00350189
14 0.471069 0.314209 0.0637207 0.0922852 0.00344276
6 0.931885 0.94458 0.116699 0.10498 0.00343704
3 0.0396729 0.932861 0.0571289 0.0991211 0.00333786
6 0.971436 0.831055 0.0571289 0.314453 0.00322914
14 0.455322 0.289062 0.0649414 0.0444336 0.00320625
14 0.29834 0.0744019 0.0209961 0.0233154 0.00318718
13 0.97876 0.873779 0.0424805 0.234863 0.00318336
1 0.972656 0.902832 0.0527344 0.151367 0.00315094
14 0.301514 0.071167 0.0263672 0.0192871 0.00314331
1 0.916016 0.947021 0.150391 0.100098 0.0031395
6 0.031189 0.841553 0.0570068 0.258301 0.00277138
2 0.629883 0.0105591 0.0224609 0.0186768 0.00273705
6 0.982422 0.924561 0.0351562 0.109863 0.00261307
4 0.0357666 0.213379 0.0460205 0.419434 0.00258636
4 0.47168 0.288574 0.0585938 0.0424805 0.00257874
13 0.47168 0.289062 0.0566406 0.0424805 0.00248337
9 0.470703 0.288574 0.0585938 0.0429688 0.00241089
1 0.0372314 0.882812 0.0592041 0.1875 0.00234795
2 0.821289 0.21167 0.0732422 0.0756836 0.00226212
6 0.118347 0.952148 0.234985 0.0957031 0.00221634
19 0.472168 0.288086 0.0605469 0.0390625 0.00217628
13 0.0306244 0.146973 0.0454407 0.260254 0.00212097
3 0.0305786 0.720703 0.0490723 0.466797 0.00210381
2 0.972168 0.924072 0.0556641 0.0913086 0.00196266
3 0.954834 0.494141 0.0571289 0.988281 0.0018692
6 0.968506 0.924805 0.0629883 0.136719 0.00180531
13 0.0372314 0.882812 0.0592041 0.1875 0.00175381
3 0.977539 0.948242 0.0449219 0.078125 0.0017128
14 0.487183 0.289062 0.0490723 0.0473633 0.00163937
6 0.0383301 0.821289 0.0577393 0.347656 0.00161743
1 0.126038 0.947754 0.22937 0.0849609 0.00153542
3 0.0426636 0.915283 0.0631104 0.153809 0.00144672
6 0.0803223 0.960205 0.138428 0.0795898 0.00141907
14 0.974854 0.942627 0.050293 0.0776367 0.00140095
8 0.470703 0.288574 0.0585938 0.0429688 0.00138092
2 0.099884 0.953125 0.190857 0.0878906 0.00137997
6 0.0275879 0.891602 0.0482178 0.160156 0.00129604
3 0.0267944 0.114288 0.0310059 0.198181 0.00128078
6 0.0546112 0.902832 0.100006 0.194336 0.00125408
2 0.031189 0.224548 0.0447998 0.399536 0.00125122
3 0.968262 0.728027 0.0634766 0.460938 0.00120544
17 0.472656 0.288818 0.0605469 0.0424805 0.00120163
0 0.472168 0.288086 0.0605469 0.0390625 0.00115776
13 0.0278015 0.102631 0.0307007 0.188293 0.00115204
13 0.0302734 0.910156 0.0500488 0.104492 0.00114822
2 0.0406647 0.936279 0.066864 0.0766602 0.00113392
3 0.0376587 0.316406 0.046875 0.632812 0.0011301
7 0.470703 0.288574 0.0585938 0.0429688 0.00112343
2 0.978516 0.899658 0.0429688 0.175293 0.00109768
10 0.472656 0.288818 0.0605469 0.0424805 0.00109482
6 0.0435791 0.720093 0.0557861 0.522705 0.00107861
3 0.97583 0.866455 0.0483398 0.255371 0.00107098
13 0.967773 0.933105 0.0527344 0.0966797 0.00106049
16 0.46814 0.290283 0.0734863 0.0439453 0.00105667
15 0.472656 0.288818 0.0605469 0.0424805 0.00105286
2 0.836914 0.550781 0.0458984 0.132812 0.00103951
3 0.0846558 0.944092 0.153442 0.090332 0.00102901
14 0.479492 0.280762 0.0517578 0.0410156 0.00101852
5 0.472656 0.288574 0.0605469 0.0429688 0.00101089
12 0.47168 0.287598 0.0615234 0.0395508 0.00100708
11 0.472168 0.288086 0.0605469 0.0390625 0.00100613
