2 0.740723 0.9729 0.131836 0.0209961 0.592773
2 0.612305 0.183716 0.0253906 0.0944824 0.50293
2 0.716797 0.9729 0.0947266 0.0249023 0.410889
6 0.0268555 0.914795 0.0537109 0.152832 0.384033
2 0.70459 0.969482 0.0712891 0.0239258 0.228271
2 0.800293 0.673828 0.0361328 0.164062 0.0814819
2 0.613281 0.181885 0.0400391 0.100586 0.0458069
2 0.690918 0.972412 0.100586 0.0258789 0.0455933
1 0.0283051 0.91626 0.0505676 0.130371 0.044281
6 0.034317 0.931885 0.052948 0.120605 0.0410156
2 0.03125 0.914551 0.0496826 0.133789 0.0324097
6 0.0361328 0.891602 0.0645752 0.197266 0.0318909
2 0.606934 0.174438 0.0283203 0.0949707 0.0278625
2 0.734375 0.972656 0.131836 0.0371094 0.0257263
2 0.842285 0.0127411 0.0332031 0.0254822 0.0238953
6 0.0192261 0.902588 0.0384521 0.192871 0.0184479
2 0.660156 0.969727 0.167969 0.03125 0.0180206
3 0.026535 0.913574 0.0465393 0.15332 0.0179901
6 0.0255127 0.877197 0.0474854 0.245605 0.0175171
2 0.705566 0.977539 0.0742188 0.0234375 0.0161896
2 0.71582 0.973633 0.0712891 0.0195312 0.015007
1 0.978516 0.140228 0.0332031 0.23761 0.014389
6 0.082489 0.959473 0.155334 0.0791016 0.014183
6 0.0513 0.929443 0.0922241 0.121582 0.0112381
1 0.0320435 0.901367 0.0518799 0.191406 0.0101776
2 0.741699 0.972656 0.0722656 0.0195312 0.00912476
3 0.0350952 0.891846 0.060791 0.200684 0.00683212
2 0.704102 0.9729 0.0888672 0.0366211 0.00588608
2 0.618164 0.190796 0.0224609 0.0871582 0.00576019
6 0.0520172 0.953613 0.079071 0.0830078 0.00565338
2 0.754883 0.978516 0.162109 0.0214844 0.00542831
13 0.0283051 0.91626 0.0505676 0.130371 0.00539398
1 0.749023 0.973633 0.147461 0.0214844 0.00537872
2 0.643555 0.975586 0.200195 0.03125 0.00498199
6 0.100006 0.945801 0.173035 0.108398 0.00486374
6 0.0706635 0.946777 0.116974 0.0927734 0.00484467
2 0.614746 0.764648 0.0253906 0.0976562 0.004673
1 0.100006 0.945801 0.173035 0.108398 0.0045929
6 0.978516 0.140228 0.0332031 0.23761 0.00451279
6 0.0454712 0.943848 0.053833 0.100586 0.00400925
2 0.977539 0.173096 0.0136719 0.0395508 0.0037899
1 0.971436 0.171936 0.0375977 0.324097 0.00366783
3 0.0192261 0.902588 0.0384521 0.192871 0.00336838
6 0.0570068 0.899902 0.111328 0.200195 0.00330353
13 0.977539 0.174194 0.0136719 0.0427246 0.00313759
2 0.617676 0.782227 0.0253906 0.158203 0.00309944
2 0.833008 0.0125427 0.03125 0.0250854 0.00302315
2 0.686035 0.973877 0.183594 0.0249023 0.00301933
3 0.034317 0.931885 0.052948 0.120605 0.00287819
2 0.0239563 0.906738 0.046814 0.18457 0.00276566
3 0.96875 0.843018 0.0507812 0.259277 0.00274086
2 0.296143 0.360596 0.0166016 0.0429688 0.00262451
2 0.775391 0.973389 0.150391 0.0239258 0.00259781
1 0.0513 0.929443 0.0922241 0.121582 0.00254822
2 0.138184 0.435913 0.036377 0.0803223 0.00247765
1 0.0192261 0.902588 0.0384521 0.192871 0.00242424
6 0.0330353 0.848145 0.0628357 0.303711 0.00233841
2 0.740234 0.964844 0.128906 0.0332031 0.00232697
4 0.0292969 0.915039 0.0499268 0.152344 0.00225067
1 0.0362549 0.930176 0.0463867 0.125977 0.0022049
13 0.0278625 0.908447 0.0557251 0.183105 0.00219727
13 0.611328 0.184937 0.0263672 0.0910645 0.00213623
2 0.566895 0.326904 0.0253906 0.0566406 0.00213051
2 0.0425415 0.935303 0.0535889 0.117676 0.00205231
1 0.156738 0.951172 0.291992 0.0976562 0.00204086
2 0.574219 0.503418 0.0166016 0.0615234 0.0019989
2 0.45752 0.0170593 0.0292969 0.0185547 0.00197983
1 0.922852 0.983398 0.115234 0.0234375 0.0019207
2 0.981445 0.740234 0.0175781 0.0507812 0.0019083
3 0.0255127 0.877197 0.0474854 0.245605 0.00185871
14 0.0267944 0.915039 0.0535889 0.142578 0.00185585
2 0.794434 0.661621 0.0322266 0.135742 0.00178623
2 0.793945 0.69873 0.0371094 0.232422 0.00176239
1 0.0708008 0.950439 0.113037 0.0991211 0.00166702
9 0.137207 0.438965 0.0395508 0.0771484 0.00164986
6 0.0388794 0.787842 0.0579834 0.424316 0.00161266
6 0.139923 0.952148 0.24115 0.0957031 0.00161076
4 0.970703 0.257446 0.0371094 0.487061 0.00156307
6 0.0230103 0.875488 0.0306396 0.194336 0.00156021
14 0.137695 0.43457 0.0410156 0.0791016 0.00154305
2 0.803223 0.717285 0.0419922 0.207031 0.00152493
2 0.981445 0.727539 0.0195312 0.0761719 0.00148296
2 0.0361328 0.891602 0.0645752 0.197266 0.00141335
6 0.0396118 0.867676 0.0792236 0.264648 0.00140572
1 0.978516 0.943604 0.0234375 0.065918 0.00136566
11 0.0267944 0.915039 0.0535889 0.142578 0.00135422
6 0.0930176 0.901855 0.186035 0.18457 0.00134087
6 0.970703 0.821045 0.0429688 0.307129 0.00134087
3 0.971436 0.779297 0.0415039 0.378906 0.00130939
6 0.0276489 0.947021 0.0552979 0.105957 0.00130653
3 0.0462494 0.911133 0.0815735 0.177734 0.00130081
3 0.0446777 0.729248 0.0574951 0.518066 0.00128078
6 0.0208435 0.918213 0.041687 0.144043 0.00127316
3 0.979492 0.115509 0.0332031 0.196716 0.00124741
6 0.976807 0.168945 0.0405273 0.326172 0.00121307
2 0.820801 0.969727 0.299805 0.0371094 0.00120354
2 0.970703 0.257446 0.0371094 0.487061 0.00119877
13 0.842285 0.0127411 0.0332031 0.0254822 0.001194
1 0.933838 0.979248 0.0854492 0.0297852 0.00117302
7 0.0265808 0.914551 0.0508423 0.163086 0.00114632
4 0.612305 0.183716 0.0253906 0.0944824 0.00113869
2 0.0322266 0.943604 0.0407715 0.0854492 0.00113201
3 0.0330353 0.848145 0.0628357 0.303711 0.00113201
13 0.981445 0.740234 0.0175781 0.0507812 0.00107002
3 0.0516357 0.641846 0.0592041 0.669434 0.00106621
9 0.0267944 0.915039 0.0535889 0.142578 0.00104332
2 0.978516 0.943604 0.0234375 0.065918 0.00104046
2 0.838379 0.0177917 0.0341797 0.0335083 0.00102615
16 0.0267944 0.915039 0.0535889 0.142578 0.00100708
