2 0.47168 0.772461 0.28418 0.228516 0.921875
2 0.977539 0.600952 0.0332031 0.360596 0.683105
6 0.0354614 0.16333 0.038208 0.282227 0.0952759
6 0.0355377 0.108521 0.0456238 0.212646 0.0731201
13 0.0322266 0.1474 0.0369873 0.257935 0.0440369
6 0.974609 0.927979 0.0449219 0.130371 0.0349731
6 0.973633 0.94751 0.0527344 0.0854492 0.032959
1 0.47229 0.770996 0.293701 0.25293 0.0251007
4 0.468018 0.766113 0.285645 0.241211 0.023819
6 0.974365 0.893799 0.0493164 0.188965 0.0236969
3 0.0322266 0.1474 0.0369873 0.257935 0.0223083
6 0.036377 0.0746155 0.0515137 0.13739 0.0207977
2 0.984863 0.602417 0.0302734 0.355713 0.0194855
3 0.968262 0.310059 0.0498047 0.573242 0.017334
1 0.969727 0.956787 0.0566406 0.074707 0.0169525
3 0.0368042 0.0852356 0.0458984 0.165466 0.0135727
13 0.0277252 0.113312 0.0295105 0.213806 0.00910187
1 0.0354614 0.16333 0.038208 0.282227 0.00816345
2 0.976562 0.512695 0.0292969 0.454102 0.00743866
6 0.470703 0.773438 0.288086 0.249023 0.0074234
6 0.0502319 0.947998 0.081543 0.0688477 0.00737762
13 0.47229 0.770996 0.293701 0.25293 0.00717545
6 0.038147 0.208435 0.0447998 0.405396 0.0070076
1 0.89624 0.966309 0.182129 0.0654297 0.00671387
1 0.0288544 0.101593 0.0311584 0.201111 0.00669479
3 0.0388794 0.209412 0.0386963 0.382935 0.00657272
14 0.470703 0.773438 0.288086 0.249023 0.00618744
2 0.0326996 0.16626 0.0388489 0.303711 0.00611115
6 0.976318 0.137512 0.0375977 0.217163 0.00604248
13 0.0368042 0.0852356 0.0458984 0.165466 0.00582123
2 0.793457 0.384766 0.0244141 0.101074 0.00563812
19 0.468506 0.77002 0.282715 0.245117 0.00563431
9 0.47229 0.770996 0.293701 0.25293 0.00536728
2 0.355957 0.782227 0.050293 0.243164 0.00534821
6 0.147827 0.962646 0.274658 0.074707 0.00524139
2 0.9729 0.946777 0.0541992 0.0791016 0.00511551
16 0.470703 0.773438 0.288086 0.249023 0.00500107
18 0.47229 0.770996 0.293701 0.25293 0.00496674
2 0.974609 0.65918 0.0429688 0.59668 0.00479889
11 0.470703 0.773438 0.288086 0.249023 0.00479126
2 0.978271 0.529907 0.0239258 0.206787 0.00463867
3 0.966064 0.394165 0.0678711 0.758545 0.00461197
2 0.967773 0.42749 0.0625 0.731934 0.0045433
7 0.47229 0.770996 0.293701 0.25293 0.00452423
6 0.0315552 0.939697 0.0471191 0.0717773 0.00448608
1 0.0402985 0.944336 0.0641785 0.0722656 0.00437164
3 0.47229 0.770996 0.293701 0.25293 0.00431824
8 0.471558 0.772461 0.293213 0.25 0.00418091
0 0.47229 0.770996 0.293701 0.25293 0.00412369
17 0.47229 0.770996 0.293701 0.25293 0.00405502
10 0.471558 0.772461 0.293213 0.25 0.00405121
15 0.47229 0.770996 0.293701 0.25293 0.00394821
6 0.046936 0.0849915 0.0649414 0.168396 0.0039444
3 0.971436 0.590332 0.043457 0.37793 0.00373268
2 0.981201 0.668457 0.0258789 0.219727 0.00373077
12 0.47229 0.770996 0.293701 0.25293 0.00372505
5 0.47229 0.770996 0.293701 0.25293 0.00372505
13 0.0388794 0.209412 0.0386963 0.382935 0.00368881
3 0.0578613 0.499268 0.095459 0.974121 0.00350571
1 0.147827 0.962646 0.274658 0.074707 0.00342178
13 0.973633 0.143982 0.0390625 0.243286 0.00325966
3 0.0390625 0.124023 0.0577393 0.248047 0.00323296
3 0.0470581 0.628296 0.0600586 0.643799 0.00309181
1 0.0314331 0.0759277 0.0404053 0.137939 0.00297737
3 0.0277252 0.113312 0.0295105 0.213806 0.00288963
1 0.0533752 0.873047 0.0924683 0.205078 0.00281334
3 0.974609 0.895752 0.0429688 0.200684 0.00279427
2 0.973877 0.503906 0.0424805 0.597656 0.00274658
3 0.973633 0.143982 0.0390625 0.243286 0.0027256
2 0.474609 0.773438 0.148438 0.239258 0.00267601
1 0.916748 0.948975 0.143066 0.100098 0.00266457
4 0.978516 0.603027 0.03125 0.361328 0.00262451
6 0.0383301 0.890381 0.0639648 0.205566 0.00256538
2 0.0403442 0.323975 0.0432129 0.60791 0.00251198
2 0.982422 0.754883 0.0175781 0.0751953 0.00250244
1 0.0655823 0.94751 0.122742 0.0698242 0.00244713
2 0.96875 0.303223 0.0410156 0.545898 0.00234985
6 0.035141 0.0896912 0.0376282 0.1297 0.00234795
3 0.0511475 0.416992 0.065918 0.833984 0.0023098
3 0.973145 0.922852 0.0537109 0.128906 0.00229263
2 0.459473 0.819824 0.280273 0.178711 0.0022831
2 0.981445 0.754395 0.0234375 0.0966797 0.00227737
1 0.0841675 0.960938 0.162231 0.046875 0.00226593
3 0.0439606 0.867188 0.0758972 0.197266 0.00224113
2 0.571777 0.402344 0.0175781 0.0615234 0.00216484
1 0.0964355 0.946777 0.148926 0.0771484 0.0020752
1 0.9729 0.923584 0.0541992 0.133301 0.00202179
19 0.621948 0.597534 0.545166 0.652588 0.00201988
2 0.0338898 0.136383 0.0340271 0.206726 0.00200462
6 0.0395508 0.929932 0.0718994 0.081543 0.00198174
6 0.949219 0.953857 0.0898438 0.090332 0.00190353
3 0.97168 0.952637 0.0527344 0.0791016 0.00187492
2 0.975342 0.927734 0.0493164 0.125 0.00183964
1 0.950928 0.958008 0.0844727 0.0722656 0.00181103
6 0.0273743 0.126495 0.0278931 0.215759 0.0018034
4 0.967773 0.42749 0.0625 0.731934 0.00178814
6 0.100098 0.955322 0.153564 0.065918 0.00173569
6 0.983154 0.933105 0.0336914 0.108398 0.00165462
2 0.97876 0.711914 0.0249023 0.132812 0.00165462
6 0.963135 0.959473 0.065918 0.0771484 0.00164986
19 0.458496 0.535645 0.579102 0.676758 0.00158501
6 0.0485229 0.909424 0.0692139 0.128418 0.00152111
3 0.0419312 0.266968 0.0526123 0.503174 0.00151157
6 0.0443573 0.850586 0.0743713 0.234375 0.00148964
2 0.423584 0.374268 0.0332031 0.0644531 0.0014286
8 0.66748 0.578491 0.59375 0.764893 0.0014019
4 0.66748 0.578491 0.59375 0.764893 0.00129509
6 0.981689 0.914062 0.0366211 0.169922 0.00128746
2 0.451172 0.194824 0.0239258 0.0791016 0.00128651
6 0.0778809 0.964844 0.148438 0.0644531 0.00126648
3 0.0357666 0.836914 0.0552979 0.296875 0.00126553
19 0.696777 0.688599 0.524414 0.52124 0.00125027
2 0.979492 0.691895 0.0292969 0.44043 0.00124454
1 0.878418 0.930176 0.21582 0.139648 0.00121021
2 0.978516 0.759277 0.0253906 0.175781 0.00119972
2 0.373291 0.776855 0.0893555 0.257812 0.00118732
1 0.0538788 0.951416 0.0853577 0.0600586 0.00116253
1 0.812256 0.958008 0.354004 0.0839844 0.00115204
1 0.0708008 0.920654 0.118896 0.109863 0.00114822
6 0.0860596 0.966309 0.172119 0.0361328 0.00113297
13 0.0415649 0.136444 0.0427246 0.222229 0.00113106
2 0.34668 0.80127 0.0410156 0.204102 0.00112057
13 0.975586 0.867676 0.0429688 0.25293 0.00111103
4 0.0326996 0.16626 0.0388489 0.303711 0.00106239
6 0.068573 0.893311 0.118713 0.20752 0.00105476
2 0.787598 0.379883 0.0224609 0.0957031 0.00104046
