2 0.188049 0.286377 0.115601 0.223633 0.756836
6 0.974609 0.944336 0.046875 0.0800781 0.189331
6 0.0369873 0.881348 0.0584717 0.173828 0.0848389
2 0.519531 0.01474 0.0234375 0.02948 0.0819702
6 0.0283051 0.904297 0.0464172 0.109375 0.0590515
1 0.973633 0.946289 0.046875 0.078125 0.0436096
2 0.974609 0.944336 0.046875 0.0800781 0.0331726
6 0.0399933 0.912842 0.0498962 0.111816 0.0275574
6 0.958008 0.94751 0.0722656 0.0874023 0.0268097
3 0.035965 0.891602 0.063324 0.143555 0.0181885
6 0.0324097 0.838379 0.0540771 0.264648 0.0175323
3 0.0283051 0.904297 0.0464172 0.109375 0.0139999
3 0.0362549 0.847656 0.0562744 0.255859 0.0118027
13 0.185791 0.292053 0.112305 0.246948 0.0116577
2 0.512207 0.0160217 0.03125 0.0320435 0.0115585
6 0.0339966 0.929932 0.0628662 0.101074 0.0111847
2 0.213379 0.289368 0.228027 0.259155 0.0106812
1 0.0283051 0.904297 0.0464172 0.109375 0.0104599
6 0.969482 0.0388184 0.0473633 0.0776367 0.00986481
6 0.971436 0.925537 0.0415039 0.0942383 0.00957489
6 0.977051 0.0769958 0.0458984 0.145325 0.00920868
6 0.019165 0.880859 0.0383301 0.173828 0.008461
6 0.977539 0.136963 0.0410156 0.251465 0.00823212
6 0.975586 0.0507202 0.046875 0.0904541 0.00817871
6 0.0462036 0.920166 0.0792236 0.10498 0.00797272
6 0.974854 0.933105 0.0307617 0.0732422 0.00786591
2 0.885742 0.0117493 0.0244141 0.0232544 0.00738525
2 0.0369873 0.881348 0.0584717 0.173828 0.0071907
2 0.584961 0.243652 0.0800781 0.097168 0.00697327
6 0.920898 0.955078 0.142578 0.0839844 0.00695801
13 0.980713 0.0969238 0.0385742 0.193848 0.00682831
4 0.185547 0.284912 0.108887 0.213867 0.00677872
6 0.978516 0.908447 0.0351562 0.149902 0.00657654
3 0.0372467 0.924316 0.051239 0.112305 0.00642776
2 0.525879 0.0184631 0.0273438 0.0320435 0.00545502
3 0.971924 0.208923 0.0424805 0.408325 0.00517273
13 0.973633 0.946289 0.046875 0.078125 0.00515747
1 0.964844 0.921875 0.0527344 0.128906 0.00507355
3 0.974854 0.941895 0.0405273 0.0849609 0.00489807
3 0.976562 0.0501709 0.0410156 0.0974121 0.00456238
6 0.964844 0.921875 0.0527344 0.128906 0.00447845
2 0.0283203 0.911133 0.034668 0.100586 0.00440216
3 0.979736 0.112671 0.0385742 0.203125 0.00432587
1 0.0369873 0.881348 0.0584717 0.173828 0.00424576
2 0.725098 0.404053 0.0205078 0.0644531 0.00402832
13 0.985352 0.111572 0.0234375 0.185547 0.00383949
2 0.184326 0.287659 0.104492 0.140503 0.00382805
2 0.0338745 0.908203 0.0616455 0.110352 0.00366402
2 0.164551 0.289307 0.0690918 0.216309 0.00365829
3 0.019165 0.880859 0.0383301 0.173828 0.00358582
6 0.949219 0.0168762 0.0410156 0.0325317 0.00324249
9 0.189941 0.285828 0.117188 0.221313 0.00309753
3 0.0420685 0.748535 0.0555115 0.46582 0.00300217
14 0.189941 0.285828 0.117188 0.221313 0.00297737
6 0.982422 0.0870667 0.0292969 0.167664 0.00296974
6 0.962891 0.0260315 0.0546875 0.0449829 0.00293732
6 0.983154 0.937256 0.0336914 0.0805664 0.00288391
1 0.185547 0.284912 0.108887 0.213867 0.00283623
13 0.901855 0.948242 0.194336 0.0878906 0.00276184
1 0.975586 0.176697 0.0390625 0.338989 0.00265884
3 0.958008 0.94751 0.0722656 0.0874023 0.00261688
6 0.101562 0.93457 0.164551 0.109375 0.00261688
13 0.978271 0.141357 0.043457 0.249023 0.00252151
2 0.146606 0.290771 0.290283 0.287598 0.00251961
3 0.976318 0.0762939 0.043457 0.152588 0.00241661
2 0.9375 0.0184021 0.0341797 0.0368042 0.00234795
6 0.122955 0.951416 0.23114 0.097168 0.00231361
3 0.0287323 0.790527 0.0548401 0.347656 0.00229073
13 0.0362549 0.847656 0.0562744 0.255859 0.0021553
6 0.189941 0.285828 0.117188 0.221313 0.0021553
4 0.971924 0.208923 0.0424805 0.408325 0.00209236
2 0.974854 0.933105 0.0307617 0.0732422 0.00201988
3 0.966797 0.29895 0.0527344 0.5896 0.00201225
2 0.940918 0.0114441 0.0341797 0.0228882 0.00196457
7 0.189453 0.284973 0.121094 0.221069 0.00195122
2 0.981445 0.867188 0.015625 0.0615234 0.00192738
3 0.976562 0.925293 0.0292969 0.0869141 0.00185108
2 0.901855 0.948242 0.194336 0.0878906 0.00181866
19 0.189941 0.285828 0.117188 0.221313 0.00181675
16 0.189453 0.284973 0.121094 0.221069 0.0017767
2 0.503906 0.0122528 0.0361328 0.0245056 0.0017395
5 0.189453 0.284973 0.121094 0.221069 0.00172901
2 0.78125 0.566406 0.0175781 0.0439453 0.00172234
3 0.189453 0.284973 0.121094 0.221069 0.00171471
2 0.0292816 0.051712 0.0354309 0.0779724 0.00170708
10 0.189453 0.284973 0.121094 0.221069 0.00170231
3 0.980225 0.162659 0.0395508 0.310425 0.0016737
1 0.0357056 0.918457 0.0454102 0.102539 0.0016737
6 0.0480652 0.893555 0.0918579 0.197266 0.00166035
8 0.189941 0.285828 0.117188 0.221313 0.00165462
11 0.189941 0.285828 0.117188 0.221313 0.00165462
18 0.189453 0.284973 0.121094 0.221069 0.00165081
17 0.189941 0.285828 0.117188 0.221313 0.00163651
6 0.972412 0.0304108 0.0415039 0.0527039 0.00162506
3 0.971924 0.908447 0.0463867 0.130371 0.00160885
6 0.0853271 0.956299 0.161865 0.0620117 0.00160694
12 0.189941 0.285828 0.117188 0.221313 0.00159168
15 0.189453 0.284973 0.121094 0.221069 0.00158787
6 0.0303345 0.0509033 0.0466309 0.0780029 0.00156498
1 0.963867 0.0328979 0.0664062 0.0651855 0.00156498
0 0.189453 0.284973 0.121094 0.221069 0.00154495
1 0.0224609 0.902344 0.0291748 0.0996094 0.00152779
2 0.94873 0.0157623 0.0371094 0.0312195 0.00152493
6 0.0273438 0.861816 0.0424805 0.198242 0.00150204
13 0.03479 0.913086 0.0518799 0.113281 0.00147724
13 0.932129 0.951172 0.12793 0.0800781 0.00146103
2 0.528809 0.0289612 0.0419922 0.0579224 0.00142765
14 0.974609 0.944336 0.046875 0.0800781 0.00142288
2 0.725586 0.401123 0.0390625 0.108887 0.00141811
19 0.541992 0.55896 0.551758 0.704346 0.00140858
1 0.969482 0.930908 0.0493164 0.0854492 0.00139999
1 0.945312 0.94165 0.0839844 0.10498 0.0013876
6 0.946777 0.0121918 0.0322266 0.0243835 0.00135136
1 0.979492 0.139099 0.0390625 0.234497 0.00130367
1 0.974854 0.933105 0.0307617 0.0732422 0.0012579
3 0.0474854 0.88208 0.0643311 0.175293 0.00123787
6 0.938477 0.0141144 0.0917969 0.0282288 0.00120163
3 0.969482 0.0388184 0.0473633 0.0776367 0.00117493
2 0.978516 0.908447 0.0351562 0.149902 0.00115776
6 0.0387573 0.856934 0.0775146 0.266602 0.00114346
6 0.964111 0.892334 0.0600586 0.184082 0.00114155
1 0.912842 0.943848 0.13916 0.106445 0.00113773
8 0.541992 0.55896 0.551758 0.704346 0.00113201
3 0.964111 0.892334 0.0600586 0.184082 0.00111198
3 0.0269318 0.869629 0.0498962 0.208008 0.00110722
6 0.980225 0.0395508 0.0336914 0.0755615 0.00109863
19 0.454956 0.695068 0.648682 0.598145 0.00107479
1 0.517578 0.0165405 0.0253906 0.0330811 0.00107193
2 0.407715 0.0153809 0.0336914 0.0283813 0.00104523
2 0.980469 0.823975 0.0273438 0.312988 0.00104332
13 0.0420685 0.748535 0.0555115 0.46582 0.00104237
6 0.0492401 0.939697 0.0660706 0.0893555 0.00104046
