2 0.431641 0.227539 0.256836 0.186523 0.876953
6 0.0441742 0.931885 0.0608215 0.0952148 0.281738
6 0.0675964 0.94043 0.121155 0.0859375 0.153198
3 0.0484619 0.365234 0.0750732 0.696289 0.0905762
6 0.0996094 0.945068 0.189697 0.0981445 0.0714111
6 0.970703 0.953125 0.0566406 0.0703125 0.0441284
6 0.0418854 0.903076 0.0583191 0.158691 0.0408325
6 0.980469 0.933838 0.0390625 0.10498 0.0286865
6 0.0501709 0.921631 0.0858154 0.129395 0.0244141
3 0.961182 0.355225 0.0561523 0.710449 0.0239563
6 0.0435181 0.869629 0.0706787 0.198242 0.0223846
6 0.142273 0.950195 0.25061 0.0996094 0.0217438
6 0.916016 0.959717 0.150391 0.0805664 0.0180054
2 0.0427094 0.931152 0.0698547 0.0869141 0.0174866
4 0.430176 0.227783 0.262695 0.202637 0.0174408
6 0.970703 0.917725 0.0507812 0.117676 0.0164948
6 0.94165 0.955566 0.0991211 0.0791016 0.0164337
1 0.430176 0.227783 0.262695 0.202637 0.015358
1 0.0384521 0.169312 0.0460205 0.315674 0.0140839
3 0.0557098 0.491699 0.0924377 0.983398 0.0132141
6 0.985352 0.949219 0.0292969 0.0703125 0.0130997
3 0.971436 0.914795 0.0532227 0.111816 0.0110931
6 0.0356293 0.870605 0.0420227 0.182617 0.0100937
1 0.0462799 0.935547 0.0671082 0.0859375 0.00991821
3 0.0441742 0.931885 0.0608215 0.0952148 0.00991821
3 0.0394287 0.175598 0.053833 0.341187 0.00960541
6 0.979736 0.894531 0.0405273 0.195312 0.00924683
2 0.944824 0.744141 0.0253906 0.0927734 0.00907898
6 0.0351562 0.921875 0.0449219 0.0761719 0.00861359
3 0.0447998 0.240723 0.0583496 0.481445 0.00780487
6 0.430176 0.227783 0.262695 0.202637 0.00769424
6 0.0822449 0.957031 0.148987 0.0859375 0.00753403
2 0.452148 0.229004 0.147461 0.178223 0.00712204
1 0.981445 0.0839996 0.0371094 0.113983 0.00712204
1 0.0996094 0.945068 0.189697 0.0981445 0.00658035
3 0.968262 0.864746 0.0517578 0.237305 0.00653076
13 0.430664 0.229492 0.255859 0.206543 0.00619125
1 0.0675964 0.94043 0.121155 0.0859375 0.00550461
14 0.430664 0.229492 0.255859 0.206543 0.00536728
2 0.0317383 0.92627 0.0368652 0.0654297 0.00520325
9 0.430176 0.227783 0.262695 0.202637 0.00502777
19 0.430176 0.227783 0.262695 0.202637 0.00498581
2 0.976562 0.948486 0.046875 0.0756836 0.00489426
2 0.100555 0.951416 0.19342 0.097168 0.00476074
3 0.0431519 0.871338 0.0625 0.210449 0.00471115
1 0.970703 0.953125 0.0566406 0.0703125 0.00470352
3 0.0860291 0.944092 0.156555 0.0922852 0.00466156
3 0.969727 0.935547 0.0429688 0.101562 0.00465012
18 0.430176 0.227783 0.262695 0.202637 0.00463104
16 0.430176 0.227783 0.262695 0.202637 0.00450897
2 0.0386963 0.897461 0.0598145 0.173828 0.00449371
3 0.0342255 0.32312 0.0655823 0.640869 0.00445175
1 0.0506439 0.873047 0.084259 0.201172 0.00440216
11 0.430176 0.227783 0.262695 0.202637 0.00437164
7 0.430176 0.227783 0.262695 0.202637 0.00430298
6 0.965332 0.948486 0.0576172 0.101074 0.00409698
8 0.430176 0.227783 0.262695 0.202637 0.0040741
6 0.080658 0.899902 0.126282 0.200195 0.0039711
1 0.158081 0.943848 0.279541 0.110352 0.00394058
6 0.0384521 0.169312 0.0460205 0.315674 0.00392914
3 0.967529 0.288696 0.0454102 0.543701 0.00390244
19 0.584351 0.490845 0.825439 0.852295 0.0038681
10 0.430176 0.227783 0.262695 0.202637 0.00377083
3 0.430176 0.227783 0.262695 0.202637 0.00375557
3 0.979736 0.894531 0.0405273 0.195312 0.00373077
17 0.430176 0.227783 0.262695 0.202637 0.00367165
13 0.944824 0.744141 0.0253906 0.0927734 0.00355911
0 0.430176 0.227783 0.262695 0.202637 0.00354576
15 0.430176 0.227783 0.262695 0.202637 0.00354576
1 0.0418701 0.902588 0.0648193 0.153809 0.00348854
6 0.91748 0.026123 0.165039 0.0446777 0.00343895
6 0.968262 0.864746 0.0517578 0.237305 0.00341034
12 0.430176 0.227783 0.262695 0.202637 0.00325394
5 0.430664 0.229492 0.255859 0.206543 0.0032177
6 0.0439606 0.948242 0.0773621 0.0839844 0.00296402
2 0.0504913 0.355469 0.0674744 0.681641 0.00287056
1 0.0355835 0.869629 0.0551758 0.25293 0.00285149
4 0.0555267 0.935303 0.0815735 0.104004 0.00277519
6 0.92749 0.0352631 0.127441 0.068634 0.00265884
3 0.980469 0.933838 0.0390625 0.10498 0.00259018
13 0.103882 0.942139 0.179443 0.0844727 0.00258636
6 0.078064 0.993164 0.142456 0.0136719 0.00256157
1 0.968262 0.924805 0.0556641 0.103516 0.00247002
8 0.584351 0.490845 0.825439 0.852295 0.00246048
2 0.970703 0.917725 0.0507812 0.117676 0.00244713
1 0.0380859 0.92627 0.0457764 0.0673828 0.00243187
19 0.331787 0.46521 0.663574 0.835205 0.00241852
3 0.979248 0.953125 0.0395508 0.0742188 0.00241661
3 0.0575256 0.931641 0.10321 0.103516 0.0024147
2 0.749512 0.850586 0.0322266 0.0761719 0.00239372
2 0.0351562 0.893555 0.0450439 0.126953 0.00237083
3 0.0585938 0.288086 0.0596924 0.576172 0.00233269
3 0.961426 0.908203 0.0751953 0.152344 0.0023098
1 0.0330353 0.225403 0.0464783 0.421265 0.00229454
1 0.974609 0.932129 0.0371094 0.102539 0.002285
6 0.0339966 0.848389 0.048584 0.283691 0.00228119
13 0.970703 0.953125 0.0566406 0.0703125 0.00226974
13 0.0555267 0.935303 0.0815735 0.104004 0.00224304
6 0.950684 0.0416412 0.0888672 0.0793152 0.00217819
6 0.0460663 0.803467 0.0658264 0.361816 0.00214577
2 0.985352 0.949219 0.0292969 0.0703125 0.00197983
1 0.0447998 0.240723 0.0583496 0.481445 0.00193596
1 0.0356293 0.870605 0.0420227 0.182617 0.00186443
2 0.946289 0.750488 0.0175781 0.0732422 0.00184441
2 0.0670776 0.94043 0.123901 0.0820312 0.00182629
3 0.0339966 0.848389 0.048584 0.283691 0.00177383
19 0.437744 0.456787 0.578613 0.679199 0.00176334
4 0.657349 0.481445 0.68335 0.859375 0.00174713
3 0.0356598 0.893066 0.0431824 0.133789 0.00165462
13 0.0675964 0.94043 0.121155 0.0859375 0.00154972
13 0.0401611 0.924805 0.0646973 0.101562 0.00154591
2 0.985352 0.537598 0.0136719 0.0537109 0.00153828
2 0.481445 0.19043 0.163086 0.130371 0.00153828
14 0.0427094 0.931152 0.0698547 0.0869141 0.00153255
13 0.926514 0.956543 0.13916 0.0732422 0.00151825
6 0.973389 0.049118 0.0493164 0.0775452 0.00150108
7 0.584351 0.490845 0.825439 0.852295 0.00149727
1 0.928223 0.0355988 0.137695 0.0711365 0.00147629
1 0.964355 0.0477905 0.0673828 0.0797119 0.00146961
1 0.046936 0.343262 0.071167 0.681641 0.00145817
3 0.0460663 0.803467 0.0658264 0.361816 0.00145149
2 0.441895 0.264404 0.280273 0.148438 0.00145149
12 0.584351 0.490845 0.825439 0.852295 0.00143147
1 0.19751 0.955322 0.39502 0.0893555 0.00139809
3 0.950928 0.465088 0.0922852 0.924316 0.00133038
3 0.0288239 0.888672 0.0444031 0.197266 0.00131607
3 0.0523682 0.841309 0.0871582 0.268555 0.0013113
19 0.497681 0.569336 0.551514 0.698242 0.00131035
6 0.0883789 0.929932 0.176758 0.140137 0.00129414
17 0.584351 0.490845 0.825439 0.852295 0.00129223
3 0.94165 0.955566 0.0991211 0.0791016 0.00127888
6 0.0534058 0.867432 0.103149 0.265137 0.00127888
6 0.986328 0.918213 0.0273438 0.149902 0.00125313
4 0.0553131 0.89624 0.0878601 0.180176 0.0012331
11 0.0427094 0.931152 0.0698547 0.0869141 0.00122261
2 0.944336 0.722656 0.0234375 0.0927734 0.00121689
6 0.0484619 0.365234 0.0750732 0.696289 0.00118256
2 0.492554 0.171265 0.141846 0.0825195 0.00118256
2 0.493286 0.154907 0.132568 0.0585938 0.00117493
4 0.0860291 0.944092 0.156555 0.0922852 0.00116158
15 0.584351 0.490845 0.825439 0.852295 0.00115395
16 0.584351 0.490845 0.825439 0.852295 0.00114632
19 0.57019 0.384888 0.506104 0.759521 0.00113869
18 0.584351 0.490845 0.825439 0.852295 0.00113773
6 0.948242 0.93042 0.0898438 0.125488 0.00113678
1 0.97168 0.898926 0.0546875 0.151367 0.00112629
2 0.95459 0.766113 0.0380859 0.164062 0.00112343
1 0.0319824 0.103455 0.0357666 0.206909 0.00111866
6 0.0322266 0.918457 0.0606689 0.12207 0.00111389
1 0.578003 0.490356 0.668213 0.759521 0.00108814
9 0.584351 0.490845 0.825439 0.852295 0.00108051
6 0.125153 0.963379 0.222839 0.0732422 0.00107861
6 0.976807 0.963379 0.0444336 0.0654297 0.00105953
4 0.269775 0.458862 0.539551 0.836182 0.00105381
6 0.0346527 0.90625 0.0395813 0.119141 0.00102329
5 0.584351 0.490845 0.825439 0.852295 0.00100803
11 0.584351 0.490845 0.825439 0.852295 0.00100422
