2 0.0827637 0.0867004 0.0900879 0.055603 0.80957
2 0.490723 0.951904 0.0244141 0.0668945 0.280029
2 0.0840149 0.0869751 0.111755 0.0753174 0.200684
3 0.967773 0.380127 0.0644531 0.695801 0.15332
1 0.0870972 0.0856934 0.108765 0.0666504 0.0673828
3 0.96875 0.5 0.0625 1 0.037323
3 0.953613 0.5 0.0673828 1 0.036499
6 0.0298767 0.94873 0.0521851 0.0751953 0.0341187
2 0.494629 0.959229 0.0244141 0.0541992 0.0294189
2 0.97876 0.423218 0.0424805 0.825439 0.0241089
3 0.0413361 0.865723 0.0760193 0.219727 0.0186005
6 0.0294189 0.925293 0.050293 0.118164 0.017395
3 0.0362396 0.924805 0.0625305 0.103516 0.0173798
3 0.984131 0.946045 0.0317383 0.0766602 0.0171051
2 0.492676 0.9646 0.0195312 0.0356445 0.015976
1 0.0267029 0.0800781 0.0288696 0.0930176 0.0131531
1 0.984863 0.946045 0.0302734 0.0805664 0.0115891
3 0.958252 0.396729 0.0541992 0.559082 0.0100861
6 0.0832825 0.967773 0.151306 0.0507812 0.00992584
3 0.0267792 0.10083 0.0295715 0.137939 0.00991821
2 0.0267029 0.0800781 0.0288696 0.0930176 0.00926208
2 0.96582 0.363892 0.0546875 0.684326 0.00920105
6 0.0408325 0.958008 0.0581055 0.0625 0.00914764
3 0.977051 0.311035 0.0458984 0.62207 0.00732803
6 0.0678558 0.956787 0.118439 0.0629883 0.0066185
6 0.0416718 0.906006 0.0628967 0.156738 0.00639725
1 0.0236359 0.098877 0.0264587 0.157471 0.00593185
6 0.0408936 0.850342 0.0643311 0.291504 0.00577927
2 0.981689 0.466309 0.0366211 0.448242 0.00543976
13 0.97168 0.373413 0.0566406 0.684814 0.00539398
3 0.0356445 0.950684 0.0506592 0.0732422 0.00500488
3 0.0317383 0.933594 0.0511475 0.0742188 0.00489807
13 0.0869141 0.083374 0.11084 0.0671387 0.00484467
2 0.106445 0.0804443 0.108643 0.0717773 0.00471497
2 0.496582 0.967773 0.0234375 0.03125 0.00450516
4 0.967773 0.380127 0.0644531 0.695801 0.00415802
2 0.493164 0.942139 0.0322266 0.0786133 0.00378418
3 0.0416718 0.906006 0.0628967 0.156738 0.00368309
2 0.481445 0.952637 0.0361328 0.0654297 0.003479
3 0.0247498 0.0807495 0.0370483 0.0948486 0.00347519
2 0.0302734 0.941162 0.041626 0.074707 0.00345802
1 0.0367432 0.949707 0.0612793 0.0693359 0.00343895
2 0.039978 0.0959473 0.0450439 0.0913086 0.0030365
1 0.0292816 0.935791 0.0405579 0.0834961 0.00302696
3 0.0458221 0.792969 0.0646057 0.388672 0.0028019
2 0.962158 0.495605 0.0678711 0.991211 0.00276184
19 0.464355 0.843994 0.648438 0.312012 0.00272179
2 0.136597 0.39917 0.0546875 0.0175781 0.00252724
6 0.983643 0.950928 0.0307617 0.0649414 0.00252533
3 0.97583 0.469238 0.0463867 0.724609 0.00246429
3 0.0484009 0.956299 0.0732422 0.0600586 0.00242233
3 0.969727 0.264404 0.0507812 0.491699 0.00241852
3 0.0264893 0.915527 0.0390625 0.157227 0.00227737
14 0.0823669 0.0881653 0.0891724 0.0536499 0.00227165
2 0.0370636 0.952393 0.0508728 0.065918 0.00202942
1 0.119415 0.958008 0.235779 0.0839844 0.00201416
2 0.984131 0.946045 0.0317383 0.0766602 0.00192261
6 0.0292816 0.935791 0.0405579 0.0834961 0.0018959
19 0.486206 0.51709 0.695557 0.669922 0.00178337
4 0.082489 0.0875854 0.0884399 0.0543213 0.00177956
8 0.464355 0.843994 0.648438 0.312012 0.00174522
2 0.978271 0.575562 0.0375977 0.719971 0.00173378
6 0.0267792 0.10083 0.0295715 0.137939 0.00168991
3 0.970947 0.203552 0.0327148 0.260864 0.00166988
3 0.931152 0.5 0.0908203 1 0.00163174
3 0.03125 0.942383 0.034668 0.0664062 0.00160408
2 0.0294189 0.925293 0.050293 0.118164 0.00160122
2 0.0411987 0.905762 0.0681152 0.151367 0.00158119
3 0.0366669 0.854736 0.052887 0.276855 0.00151062
8 0.486206 0.51709 0.695557 0.669922 0.00148678
1 0.744629 0.041626 0.254883 0.024292 0.00148201
13 0.026535 0.127899 0.0242004 0.19928 0.0014677
1 0.0832825 0.967773 0.151306 0.0507812 0.00142479
4 0.55896 0.518433 0.557861 0.681885 0.00142097
2 0.0854645 0.100342 0.118378 0.162354 0.00137997
7 0.464355 0.843994 0.648438 0.312012 0.00134754
6 0.967773 0.380127 0.0644531 0.695801 0.00132465
2 0.304688 0.396973 0.0786133 0.103027 0.00132084
9 0.0820618 0.0866394 0.0941772 0.0540161 0.00131798
2 0.0928955 0.0701294 0.124512 0.140259 0.00131512
6 0.0209351 0.944092 0.0338135 0.0786133 0.00131321
2 0.0283356 0.150879 0.0158386 0.105957 0.00129795
2 0.954834 0.425781 0.059082 0.545898 0.00129318
12 0.464355 0.843994 0.648438 0.312012 0.00125599
13 0.492188 0.95166 0.0253906 0.0693359 0.00119019
6 0.974609 0.184265 0.0410156 0.279907 0.00118351
2 0.081604 0.104858 0.0909424 0.0695801 0.00116253
13 0.0236359 0.098877 0.0264587 0.157471 0.0011549
19 0.467773 0.791992 0.460938 0.416016 0.00115395
1 0.807129 0.0418701 0.385742 0.0317383 0.00114632
6 0.119415 0.958008 0.235779 0.0839844 0.00114155
1 0.0207062 0.0858917 0.0218201 0.115082 0.00113392
2 0.0834503 0.0665894 0.11264 0.0860596 0.00113297
17 0.464355 0.843994 0.648438 0.312012 0.00113106
6 0.022934 0.0863647 0.0252991 0.107544 0.0011301
2 0.0269165 0.133484 0.02771 0.173462 0.0011282
16 0.464355 0.843994 0.648438 0.312012 0.00111771
15 0.464355 0.843994 0.648438 0.312012 0.00111008
14 0.0895386 0.0812378 0.110962 0.0721436 0.00108242
2 0.500977 0.954102 0.0449219 0.0527344 0.00107765
3 0.97583 0.183472 0.0483398 0.2771 0.00107479
9 0.464355 0.843994 0.648438 0.312012 0.0010643
2 0.488281 0.966797 0.0244141 0.0292969 0.00105095
1 0.525391 0.84668 0.668945 0.306641 0.00104904
11 0.464355 0.843994 0.648438 0.312012 0.00104237
13 0.984131 0.946045 0.0317383 0.0766602 0.00103569
18 0.464355 0.843994 0.648438 0.312012 0.00100422
