2 0.624512 0.131226 0.21582 0.0639648 0.709961
14 0.725098 0.515137 0.0205078 0.0253906 0.43335
14 0.721191 0.517578 0.0253906 0.0322266 0.208862
2 0.979736 0.871582 0.0229492 0.0957031 0.205811
6 0.0316315 0.946289 0.0490417 0.0703125 0.166138
2 0.609497 0.117645 0.290771 0.0874634 0.114868
2 0.0234985 0.805176 0.0187988 0.0712891 0.10083
2 0.03125 0.941406 0.0333252 0.0722656 0.0794678
2 0.942871 0.467773 0.0273438 0.107422 0.0693359
2 0.0248718 0.77002 0.0213013 0.125977 0.0667725
2 0.44812 0.0862579 0.127197 0.116058 0.0554199
1 0.0353241 0.949707 0.0487366 0.0751953 0.0519714
2 0.0353241 0.949707 0.0487366 0.0751953 0.0484924
2 0.978516 0.895996 0.0292969 0.15918 0.0391846
6 0.977051 0.95166 0.0458984 0.0693359 0.0332947
2 0.421387 0.0545654 0.0727539 0.0511475 0.0318604
1 0.0322266 0.940186 0.0352783 0.0688477 0.0284882
6 0.974609 0.9021 0.0449219 0.156738 0.0274048
2 0.986328 0.855957 0.0195312 0.0634766 0.0249329
2 0.437988 0.0668945 0.106445 0.0737305 0.0249176
6 0.977539 0.873535 0.0292969 0.111328 0.0237122
2 0.5625 0.105835 0.353516 0.112305 0.0235443
2 0.0296021 0.816406 0.0255127 0.0546875 0.0223236
14 0.729004 0.518066 0.0253906 0.0390625 0.0211792
6 0.0388794 0.955566 0.0499268 0.0712891 0.0199585
6 0.980713 0.929443 0.0385742 0.11377 0.0198975
2 0.0284729 0.672852 0.0269165 0.296875 0.0129852
2 0.0261078 0.731445 0.0221252 0.144531 0.0120392
2 0.990234 0.848633 0.015625 0.0537109 0.0114517
2 0.0286255 0.937988 0.0463867 0.0869141 0.0106659
2 0.971436 0.865234 0.0336914 0.103516 0.00978088
14 0.719727 0.515625 0.0371094 0.0390625 0.00946045
2 0.610352 0.140137 0.213867 0.0427246 0.00845337
2 0.984375 0.866699 0.0195312 0.0888672 0.0082016
6 0.0325928 0.0732269 0.0550537 0.115997 0.00788116
3 0.981445 0.908447 0.0371094 0.183105 0.00754547
2 0.0321655 0.603027 0.0181885 0.118164 0.0074501
2 0.624512 0.117554 0.21582 0.118408 0.00728607
13 0.0236664 0.812988 0.0189514 0.0595703 0.00723648
1 0.974121 0.954102 0.0517578 0.0683594 0.00705719
6 0.955811 0.958984 0.0786133 0.0761719 0.00661087
2 0.0215454 0.788086 0.0201416 0.0966797 0.00650406
13 0.986328 0.861816 0.0195312 0.0751953 0.00637817
6 0.0299377 0.114105 0.0484009 0.188782 0.00634003
6 0.0574188 0.952148 0.0882874 0.0742188 0.00588226
1 0.44812 0.0862579 0.127197 0.116058 0.00557709
2 0.0259247 0.922607 0.0318909 0.143066 0.0054245
2 0.975586 0.872559 0.0234375 0.130859 0.00518799
2 0.413574 0.0487518 0.0556641 0.0404358 0.00514603
3 0.0373688 0.13327 0.0612488 0.224182 0.00512695
13 0.0357513 0.946533 0.0505676 0.0737305 0.00486374
2 0.725098 0.515137 0.0205078 0.0253906 0.00463486
2 0.0258179 0.800781 0.0332031 0.0732422 0.00450134
3 0.041748 0.951904 0.0577393 0.0766602 0.00435638
2 0.944824 0.48877 0.0214844 0.0683594 0.00435257
2 0.027359 0.69873 0.0240173 0.163086 0.0042305
2 0.408203 0.0933228 0.239258 0.145386 0.00421143
2 0.977051 0.95166 0.0458984 0.0693359 0.00413895
1 0.977539 0.873535 0.0292969 0.111328 0.00411606
3 0.031311 0.946045 0.0445557 0.0708008 0.00402832
2 0.0239563 0.824219 0.0184937 0.0673828 0.00395203
2 0.633301 0.12793 0.109375 0.0541992 0.00395203
13 0.978516 0.895996 0.0292969 0.15918 0.00385094
2 0.0518188 0.952637 0.0792236 0.0849609 0.00378227
2 0.0244598 0.902832 0.0221252 0.108398 0.00372696
2 0.501099 0.0964661 0.241943 0.125916 0.00354004
3 0.0371246 0.0703278 0.0639343 0.116669 0.00350189
2 0.942383 0.465088 0.0361328 0.137207 0.00325012
3 0.980713 0.929443 0.0385742 0.11377 0.00320244
6 0.971436 0.0435333 0.0493164 0.0679626 0.00320244
2 0.680176 0.116089 0.331055 0.0703125 0.00318718
6 0.984375 0.911865 0.03125 0.17627 0.00309944
2 0.0283356 0.924316 0.0370789 0.0859375 0.00308418
1 0.0446014 0.94043 0.0611877 0.0878906 0.00295639
13 0.978271 0.871582 0.0258789 0.0986328 0.00295067
2 0.606934 0.0930481 0.291016 0.156189 0.00280571
6 0.0288086 0.937256 0.0362549 0.100098 0.00279045
14 0.719727 0.526367 0.0263672 0.0341797 0.00263214
6 0.929688 0.962646 0.134766 0.0708008 0.00262451
2 0.617188 0.135864 0.147461 0.0605469 0.00261116
2 0.563599 0.13501 0.294678 0.0593262 0.00258446
2 0.0252686 0.745117 0.0200195 0.0878906 0.00257683
2 0.259521 0.0196838 0.0351562 0.0370483 0.00253487
2 0.0541382 0.819336 0.0272217 0.0439453 0.00252533
1 0.623535 0.13269 0.217773 0.0625 0.00241661
1 0.977051 0.910889 0.0458984 0.154785 0.00227165
2 0.0224762 0.939697 0.0264587 0.065918 0.00225639
6 0.0823975 0.960205 0.1521 0.0795898 0.00223732
13 0.0234222 0.790039 0.0204163 0.0976562 0.00223351
2 0.408691 0.0621948 0.0820312 0.0704346 0.00217438
19 0.390503 0.845703 0.664307 0.308594 0.00213051
14 0.928223 0.84668 0.0136719 0.0175781 0.00208473
2 0.259277 0.0150146 0.027832 0.0300293 0.00207329
2 0.0216064 0.743164 0.0189209 0.140625 0.00201797
4 0.628906 0.132568 0.236328 0.0610352 0.00200081
2 0.0339355 0.898682 0.0422363 0.159668 0.00193977
2 0.0264435 0.747559 0.032074 0.158203 0.00192833
14 0.726562 0.506836 0.0185547 0.0273438 0.00187683
2 0.0292969 0.650391 0.0230713 0.195312 0.00187206
13 0.0247192 0.760254 0.0218506 0.133789 0.00186729
13 0.0241699 0.202209 0.0140991 0.0545654 0.00186348
3 0.972656 0.905518 0.0546875 0.149902 0.0018568
14 0.726562 0.524902 0.0205078 0.0263672 0.00185204
3 0.974121 0.954102 0.0517578 0.0683594 0.00179195
3 0.0483398 0.271484 0.0537109 0.495117 0.00172901
2 0.0993652 0.958252 0.169434 0.0834961 0.00168705
13 0.974121 0.954102 0.0517578 0.0683594 0.00167179
2 0.0307007 0.817383 0.032959 0.0869141 0.00164127
1 0.0288086 0.937256 0.0362549 0.100098 0.00163174
4 0.725586 0.51416 0.0205078 0.0253906 0.00163174
2 0.0400391 0.929443 0.043457 0.0825195 0.00162411
2 0.980469 0.864258 0.0390625 0.0908203 0.00162125
19 0.725586 0.51416 0.0205078 0.0253906 0.00160027
3 0.978271 0.885742 0.0317383 0.12793 0.0015707
14 0.708008 0.0385742 0.0214844 0.0124512 0.00156975
3 0.0274048 0.155579 0.0349121 0.229858 0.00153542
2 0.575195 0.146362 0.155273 0.0302734 0.00148964
13 0.725098 0.515137 0.0205078 0.0253906 0.00148582
2 0.965332 0.042099 0.0615234 0.0696106 0.00145626
13 0.0289307 0.816895 0.0194092 0.0527344 0.0014286
2 0.452148 0.011322 0.0263672 0.022644 0.00139904
2 0.981445 0.731934 0.0195312 0.0830078 0.00137043
1 0.0993652 0.958252 0.169434 0.0834961 0.00136852
13 0.62793 0.131592 0.220703 0.0649414 0.00136566
6 0.0250092 0.111816 0.0307922 0.174316 0.00134945
2 0.984131 0.85498 0.0317383 0.0683594 0.00134468
2 0.666016 0.122925 0.176758 0.0529785 0.00132751
8 0.390503 0.845703 0.664307 0.308594 0.00131607
4 0.436829 0.706787 0.489624 0.543457 0.00131607
1 0.390503 0.845703 0.664307 0.308594 0.00129795
2 0.417725 0.600586 0.0205078 0.0595703 0.00129318
1 0.425781 0.0587006 0.0917969 0.0661926 0.00126839
13 0.979492 0.858887 0.0253906 0.0634766 0.0012598
2 0.988281 0.839355 0.0175781 0.0556641 0.00123596
14 0.627441 0.131958 0.214844 0.0664062 0.0012188
2 0.596191 0.132568 0.110352 0.048584 0.00121784
2 0.980713 0.929443 0.0385742 0.11377 0.00121212
19 0.530762 0.827148 0.711914 0.345703 0.00119877
4 0.0357056 0.946289 0.0484619 0.0761719 0.00119781
1 0.578003 0.116089 0.336182 0.0874023 0.00115871
2 0.622559 0.149078 0.242188 0.183289 0.0011549
2 0.721191 0.517578 0.0253906 0.0322266 0.00115299
3 0.960205 0.296631 0.065918 0.593262 0.00113678
2 0.456299 0.063324 0.149902 0.0945435 0.0011301
2 0.421875 0.038208 0.0698242 0.0400391 0.00112534
2 0.0247803 0.893066 0.0195312 0.0507812 0.0011158
2 0.974854 0.901611 0.0483398 0.149902 0.00110912
6 0.959473 0.0405121 0.0673828 0.0801086 0.00108528
10 0.725586 0.515137 0.0205078 0.0263672 0.00108433
2 0.626953 0.151245 0.223633 0.0908203 0.0010519
1 0.725586 0.515137 0.0205078 0.0263672 0.00104237
13 0.0288086 0.937256 0.0362549 0.100098 0.00103951
13 0.0530396 0.226807 0.0228271 0.0986328 0.00100803
6 0.0426483 0.0757446 0.0570374 0.149292 0.00100231
