1 0.661133 0.0410614 0.178711 0.037262 0.2323
2 0.11853 0.533691 0.0681152 0.0625 0.137451
2 0.114471 0.533691 0.0532837 0.046875 0.126831
3 0.969482 0.341309 0.0571289 0.682617 0.114319
3 0.963623 0.5 0.0649414 1 0.104126
3 0.0438843 0.327515 0.0523682 0.630127 0.0402832
2 0.488281 0.0749664 0.0263672 0.0959167 0.0264282
2 0.121216 0.554688 0.0690918 0.104492 0.0227966
2 0.988281 0.459473 0.0195312 0.138672 0.0227509
6 0.0269775 0.916992 0.0460205 0.138672 0.0222015
3 0.0402069 0.185181 0.0531311 0.3479 0.020462
2 0.745605 0.0423584 0.0166016 0.0343018 0.019928
2 0.667969 0.0404053 0.259766 0.0418701 0.0180969
1 0.774414 0.0456543 0.416016 0.0516357 0.0180054
3 0.0404053 0.872314 0.0708008 0.20459 0.0151062
2 0.0271606 0.618652 0.0198975 0.202148 0.0110626
3 0.0296326 0.915039 0.0527954 0.123047 0.0101166
2 0.743164 0.0448151 0.0449219 0.0382996 0.00988007
1 0.619629 0.038681 0.231445 0.0417786 0.00901794
2 0.743164 0.043396 0.0273438 0.0374756 0.00764084
3 0.97583 0.389648 0.0483398 0.779297 0.00744629
1 0.705078 0.0423126 0.244141 0.0411072 0.0072403
2 0.11734 0.525391 0.0631714 0.0996094 0.00698471
6 0.0393677 0.900879 0.060791 0.15332 0.00611877
2 0.0288696 0.661133 0.0205078 0.163086 0.00580215
3 0.978027 0.0999756 0.0439453 0.162109 0.00479889
1 0.666016 0.0380096 0.172852 0.0604553 0.0044899
3 0.972168 0.142517 0.0556641 0.240356 0.00446701
2 0.342773 0.0923462 0.10498 0.0181885 0.00405884
3 0.983398 0.114868 0.03125 0.205811 0.00394821
3 0.0410156 0.899658 0.0562744 0.161621 0.00393677
6 0.0267029 0.93457 0.0383911 0.0996094 0.00389099
2 0.0452423 0.34668 0.0513611 0.678711 0.00377083
2 0.48877 0.0614014 0.0224609 0.0646973 0.00374031
3 0.0314941 0.149597 0.0460205 0.28186 0.00373268
3 0.9729 0.217651 0.0541992 0.416748 0.00357437
3 0.0440674 0.786621 0.0656738 0.401367 0.00296402
2 0.0273285 0.727783 0.0366516 0.493652 0.00280762
6 0.0406494 0.226746 0.0518799 0.448853 0.00270462
3 0.0373993 0.101807 0.0658264 0.16748 0.00262642
6 0.66748 0.0420074 0.173828 0.0387878 0.00238609
1 0.743164 0.0448151 0.0449219 0.0382996 0.00226402
3 0.0341797 0.266479 0.0458984 0.494385 0.00226402
6 0.980469 0.114136 0.0390625 0.207764 0.00219154
6 0.120636 0.956055 0.215271 0.0878906 0.0021801
3 0.0445557 0.479492 0.0638428 0.958984 0.0021534
2 0.938477 0.955078 0.0380859 0.0507812 0.00209999
4 0.970703 0.339966 0.0507812 0.667725 0.00209045
2 0.963867 0.5 0.0664062 1 0.00205612
4 0.958984 0.488281 0.0722656 0.976562 0.00202179
3 0.975342 0.549072 0.0493164 0.901855 0.00197601
2 0.0986328 0.963867 0.160156 0.0507812 0.00190258
3 0.977295 0.317383 0.0454102 0.53418 0.00187969
2 0.0393677 0.900879 0.060791 0.15332 0.00187874
2 0.631348 0.0415192 0.167969 0.0370789 0.00185776
1 0.969482 0.341309 0.0571289 0.682617 0.0018301
6 0.0336304 0.179321 0.0441895 0.338623 0.00182152
2 0.114532 0.52002 0.055603 0.0664062 0.00179291
3 0.973145 0.0786133 0.0537109 0.116211 0.0017128
6 0.0336456 0.939453 0.0559998 0.0820312 0.00170135
1 0.0255737 0.103912 0.0292969 0.166687 0.00169468
1 0.988281 0.459473 0.0195312 0.138672 0.0016737
6 0.0864868 0.963135 0.153442 0.0541992 0.00167179
4 0.0426178 0.229736 0.0524597 0.442383 0.00165081
2 0.759766 0.0439453 0.349609 0.0455322 0.00162792
3 0.0256348 0.901367 0.0411377 0.189453 0.00159836
14 0.484863 0.46521 0.0175781 0.0148926 0.00157833
3 0.0281982 0.819336 0.0483398 0.335938 0.00153828
3 0.0283203 0.0800171 0.0566406 0.139038 0.00153542
2 0.734375 0.0422974 0.198242 0.041626 0.0015049
6 0.0328369 0.87915 0.0531006 0.214355 0.00140953
2 0.0298462 0.607422 0.032959 0.69043 0.0013876
1 0.0426178 0.229736 0.0524597 0.442383 0.00135326
2 0.75 0.0391846 0.0371094 0.0377197 0.00134087
13 0.0426178 0.229736 0.0524597 0.442383 0.00134087
2 0.0341187 0.481445 0.0394287 0.772461 0.00131798
6 0.97876 0.0834045 0.0424805 0.131531 0.00131321
2 0.0268097 0.574219 0.0180359 0.168945 0.00130081
3 0.041748 0.932373 0.0483398 0.105957 0.0012989
13 0.118408 0.535156 0.0649414 0.0634766 0.00129509
2 0.0281372 0.542969 0.0224609 0.399414 0.00126362
2 0.10495 0.525879 0.0491333 0.0625 0.00125122
2 0.490234 0.050354 0.0205078 0.0455322 0.00123405
2 0.0346527 0.314087 0.0481262 0.594482 0.00120735
3 0.0336456 0.939453 0.0559998 0.0820312 0.0011673
2 0.481445 0.0541992 0.03125 0.052002 0.00115585
1 0.113739 0.533203 0.053772 0.0478516 0.00115395
2 0.0269775 0.916992 0.0460205 0.138672 0.00115108
3 0.0351562 0.385742 0.0527344 0.771484 0.00107288
13 0.983398 0.114868 0.03125 0.205811 0.00105381
2 0.535645 0.589844 0.0302734 0.0800781 0.00101089
