2 0.0629883 0.133789 0.0742188 0.092041 0.773438
1 0.0579529 0.265137 0.0750122 0.380859 0.274658
3 0.0580902 0.265564 0.0793762 0.373169 0.27002
2 0.0607758 0.17395 0.0757141 0.192627 0.217529
2 0.0579529 0.265137 0.0750122 0.380859 0.184937
2 0.0700684 0.117432 0.0620117 0.0693359 0.174072
4 0.541016 0.512817 0.106445 0.898193 0.161743
2 0.0545654 0.53418 0.0180664 0.0966797 0.149658
3 0.0575409 0.350586 0.0829163 0.636719 0.108948
6 0.0354156 0.956055 0.0568542 0.0644531 0.0487061
1 0.0654449 0.124146 0.0756531 0.0742188 0.0411682
1 0.0607758 0.17395 0.0757141 0.192627 0.0387268
6 0.0579529 0.265137 0.0750122 0.380859 0.0272522
6 0.0389404 0.924072 0.0595703 0.116699 0.0199127
6 0.0407562 0.900879 0.0508118 0.18457 0.0191498
4 0.652344 0.507935 0.111328 0.872803 0.0179596
6 0.0958557 0.972412 0.16864 0.0551758 0.0120621
6 0.0439453 0.957275 0.0637207 0.0854492 0.0115585
6 0.0697021 0.962402 0.116211 0.0615234 0.010582
2 0.052124 0.394409 0.0616455 0.642822 0.00992584
4 0.612793 0.508301 0.161133 0.887695 0.00951385
1 0.0395355 0.958008 0.0503235 0.0625 0.00827026
2 0.0235748 0.0648193 0.0227966 0.0646973 0.00717926
2 0.0535889 0.53125 0.0308838 0.0908203 0.00591278
3 0.0407562 0.900879 0.0508118 0.18457 0.00552368
1 0.147705 0.969971 0.254395 0.0600586 0.00509644
2 0.0426025 0.722046 0.0369873 0.510986 0.00499725
3 0.0390625 0.954102 0.0528564 0.0683594 0.00466537
2 0.0392609 0.70166 0.0287781 0.253906 0.00455856
2 0.0322266 0.951172 0.0354004 0.0625 0.0045166
2 0.038681 0.954102 0.0593567 0.0644531 0.00445938
13 0.0589447 0.265076 0.0783997 0.371216 0.00406265
1 0.0823975 0.263672 0.164795 0.407227 0.00371552
1 0.0322266 0.951172 0.0354004 0.0625 0.00357628
3 0.0389404 0.924072 0.0595703 0.116699 0.00345802
2 0.0513306 0.552246 0.0181885 0.141602 0.00339508
13 0.0684509 0.122314 0.0652466 0.0712891 0.00329971
6 0.0607758 0.17395 0.0757141 0.192627 0.0031662
2 0.0581055 0.552246 0.0231934 0.121094 0.0028019
1 0.0864563 0.974121 0.151794 0.0517578 0.0026741
6 0.0575409 0.350586 0.0829163 0.636719 0.00251389
1 0.0236816 0.070343 0.0212402 0.0687866 0.00248528
1 0.102295 0.959961 0.166504 0.0703125 0.00234222
1 0.0575409 0.350586 0.0829163 0.636719 0.00233841
3 0.034668 0.938477 0.0510254 0.0800781 0.00232697
2 0.0371246 0.816895 0.0346375 0.299805 0.00216675
6 0.0281982 0.911377 0.0444336 0.171387 0.00215912
13 0.0654449 0.136597 0.079071 0.095459 0.00200272
13 0.0527344 0.549805 0.0224609 0.114258 0.00193691
13 0.0234375 0.0775452 0.0201416 0.0802612 0.00188351
6 0.0322266 0.951172 0.0354004 0.0625 0.00188065
2 0.0436401 0.524414 0.0217285 0.0839844 0.00184917
3 0.0281982 0.911377 0.0444336 0.171387 0.00183296
3 0.0429688 0.282959 0.0595703 0.452637 0.00182819
3 0.0327148 0.94751 0.0361328 0.0717773 0.00180054
2 0.0514526 0.511719 0.0201416 0.0810547 0.00177097
2 0.0549927 0.561523 0.0197754 0.166016 0.0017128
6 0.147705 0.969971 0.254395 0.0600586 0.00166321
13 0.0351562 0.956299 0.048584 0.0620117 0.00165844
2 0.050354 0.584473 0.026001 0.18457 0.001647
6 0.0491943 0.966797 0.0621338 0.0546875 0.00156879
4 0.0639801 0.136993 0.0783386 0.0990601 0.00150871
13 0.0534668 0.530273 0.0194092 0.09375 0.00144482
1 0.0697021 0.962402 0.116211 0.0615234 0.00144386
13 0.0575409 0.350586 0.0829163 0.636719 0.00143909
6 0.034668 0.938477 0.0510254 0.0800781 0.00141907
2 0.0823975 0.263672 0.164795 0.407227 0.00141239
3 0.978271 0.921631 0.043457 0.131348 0.00138569
6 0.0235748 0.0648193 0.0227966 0.0646973 0.00138474
2 0.025238 0.0716553 0.034729 0.0705566 0.00135899
2 0.03685 0.748535 0.025177 0.266602 0.00135612
4 0.539062 0.519409 0.0703125 0.781494 0.0013504
14 0.0639343 0.136383 0.0772095 0.0978394 0.00134087
2 0.0508423 0.552734 0.0284424 0.111328 0.00133896
6 0.0442963 0.909668 0.0791321 0.180664 0.00133419
9 0.0579529 0.265137 0.0750122 0.380859 0.00130367
4 0.688965 0.328979 0.3125 0.502197 0.00127411
2 0.0389404 0.924072 0.0595703 0.116699 0.00127125
2 0.0395508 0.345825 0.0518799 0.529053 0.00124836
4 0.569824 0.580444 0.204102 0.759033 0.00124741
1 0.0625 0.14502 0.0732422 0.102051 0.00124645
7 0.0579529 0.265137 0.0750122 0.380859 0.00124359
9 0.0630035 0.136597 0.0768738 0.0944824 0.00123596
13 0.0408936 0.901367 0.0576172 0.179688 0.00119114
4 0.058197 0.260681 0.0750122 0.363403 0.00118637
12 0.0577087 0.266174 0.0857544 0.377808 0.0011692
2 0.0302734 0.934082 0.039917 0.0947266 0.00115013
13 0.050354 0.584473 0.026001 0.18457 0.00111198
3 0.0522461 0.959473 0.0744629 0.0693359 0.00108433
4 0.519043 0.529175 0.180664 0.859619 0.00108147
0 0.0577087 0.266174 0.0857544 0.377808 0.00108051
16 0.0577087 0.266174 0.0857544 0.377808 0.00106907
15 0.0577087 0.266174 0.0857544 0.377808 0.0010643
10 0.0577087 0.266174 0.0857544 0.377808 0.0010643
2 0.0437164 0.243103 0.0624695 0.359497 0.00105572
19 0.0577087 0.266174 0.0857544 0.377808 0.00104809
5 0.0577087 0.266174 0.0857544 0.377808 0.00102806
2 0.0585938 0.214355 0.0611572 0.228516 0.00101089
13 0.0607758 0.17395 0.0757141 0.192627 0.00100422
