2 0.356689 0.844727 0.0932617 0.0439453 0.580566
6 0.0361176 0.902344 0.0696106 0.164062 0.347656
6 0.976562 0.931885 0.0429688 0.10498 0.17627
3 0.971191 0.878418 0.0576172 0.180664 0.0991821
6 0.0349121 0.114655 0.0483398 0.19989 0.0641479
6 0.978516 0.904297 0.0429688 0.171875 0.0538635
3 0.038269 0.11618 0.0533447 0.200256 0.0533752
6 0.971924 0.868408 0.0561523 0.228027 0.0437012
3 0.03862 0.900635 0.0663147 0.183105 0.0302582
3 0.0603943 0.500732 0.0906372 0.998535 0.0279236
3 0.975586 0.925293 0.0488281 0.108398 0.0272217
6 0.0216675 0.884277 0.043335 0.194336 0.026825
6 0.103058 0.960693 0.186951 0.0786133 0.025116
6 0.0406036 0.836182 0.0555115 0.300293 0.0211792
3 0.970459 0.834473 0.059082 0.293945 0.020752
6 0.0467072 0.929199 0.0747986 0.12793 0.0173187
3 0.978516 0.904297 0.0429688 0.171875 0.016861
6 0.96582 0.943359 0.0566406 0.0957031 0.0167694
2 0.974365 0.939453 0.0493164 0.0800781 0.0147629
2 0.0393066 0.600952 0.0406494 0.643799 0.0144119
6 0.0496368 0.889648 0.0801697 0.201172 0.0128708
6 0.972168 0.905029 0.0556641 0.127441 0.0127487
6 0.976562 0.133026 0.0390625 0.241272 0.0123291
2 0.191895 0.0219116 0.029541 0.0345459 0.0112
1 0.974609 0.94458 0.0488281 0.081543 0.00997925
2 0.513672 0.768066 0.0292969 0.09375 0.00966644
3 0.980225 0.143921 0.0317383 0.243896 0.00965881
1 0.976074 0.924805 0.0478516 0.113281 0.00898743
2 0.0364532 0.903809 0.0689392 0.15332 0.0077095
3 0.0471344 0.92749 0.071991 0.131348 0.00765991
2 0.358643 0.837402 0.119141 0.0537109 0.00716019
13 0.0281372 0.117218 0.0308838 0.196716 0.00711823
2 0.664062 0.963867 0.100586 0.0195312 0.00707245
3 0.975586 0.944824 0.0429688 0.0830078 0.0069313
1 0.0371094 0.904053 0.0689697 0.172363 0.00629425
3 0.0281372 0.117218 0.0308838 0.196716 0.00602341
6 0.974365 0.955566 0.0454102 0.0791016 0.00590134
3 0.965088 0.30188 0.0561523 0.55835 0.00555801
3 0.0371094 0.588379 0.0662842 0.823242 0.00541687
13 0.0413055 0.904541 0.0626526 0.185059 0.00527573
3 0.966553 0.935059 0.059082 0.108398 0.00522614
3 0.0341797 0.147919 0.0396729 0.242249 0.00477982
3 0.045105 0.341553 0.0478516 0.645996 0.00469208
3 0.0216675 0.884277 0.043335 0.194336 0.00466537
4 0.0412445 0.902588 0.0617981 0.187012 0.00441742
2 0.0367279 0.454712 0.040802 0.729248 0.00415802
3 0.041626 0.685059 0.0461426 0.55957 0.00405502
3 0.0334473 0.822754 0.0393066 0.313477 0.00392914
6 0.0273285 0.127869 0.0296936 0.202271 0.00365257
2 0.966553 0.295776 0.043457 0.547119 0.00364304
6 0.976318 0.823486 0.0473633 0.306152 0.00357819
3 0.982178 0.852783 0.0356445 0.249512 0.00345993
1 0.966553 0.935059 0.059082 0.108398 0.00329399
6 0.125092 0.940918 0.212708 0.118164 0.00329208
2 0.045105 0.341553 0.0478516 0.645996 0.00321388
13 0.974609 0.94458 0.0488281 0.081543 0.0031929
6 0.0322266 0.885498 0.0418701 0.189941 0.0029335
1 0.0349121 0.114655 0.0483398 0.19989 0.00281715
2 0.0281372 0.117218 0.0308838 0.196716 0.00279999
1 0.0395508 0.926025 0.0587158 0.114746 0.00273323
3 0.0426025 0.827637 0.067749 0.329102 0.00268173
6 0.982666 0.922363 0.034668 0.116211 0.00264359
1 0.971924 0.868408 0.0561523 0.228027 0.00261688
6 0.928711 0.945068 0.123047 0.102051 0.00261497
6 0.0839844 0.93335 0.14502 0.127441 0.0025959
3 0.975586 0.119659 0.0488281 0.208435 0.00258064
6 0.088623 0.898926 0.177246 0.18457 0.00257111
2 0.971924 0.907715 0.0561523 0.137695 0.00254822
13 0.978516 0.904785 0.0429688 0.165039 0.00252342
6 0.020752 0.861328 0.0297852 0.131836 0.00231934
3 0.0405121 0.209229 0.039093 0.379395 0.00231361
2 0.103058 0.960693 0.186951 0.0786133 0.00226021
2 0.0371094 0.920654 0.0476074 0.121582 0.00222778
13 0.971924 0.868408 0.0561523 0.228027 0.00222778
19 0.519531 0.615234 0.592773 0.567383 0.00208664
13 0.980225 0.143921 0.0317383 0.243896 0.00191498
6 0.0325928 0.789551 0.0490723 0.366211 0.0018816
6 0.981201 0.944336 0.0375977 0.0878906 0.00187492
6 0.0371094 0.920654 0.0476074 0.121582 0.00182152
2 0.450684 0.259033 0.0205078 0.0493164 0.00180244
2 0.0387573 0.606934 0.0316162 0.438477 0.00177765
6 0.065155 0.945312 0.109436 0.0917969 0.00176811
1 0.0273285 0.127869 0.0296936 0.202271 0.00168228
3 0.971436 0.731934 0.0571289 0.43457 0.00168037
3 0.0327148 0.904297 0.043457 0.158203 0.00162601
6 0.982178 0.852783 0.0356445 0.249512 0.00162315
4 0.973877 0.868164 0.0522461 0.234375 0.00160599
3 0.034668 0.272339 0.0482178 0.539307 0.0015955
6 0.035141 0.864258 0.0586243 0.207031 0.00157833
8 0.519531 0.615234 0.592773 0.567383 0.00157261
2 0.0546875 0.482178 0.0726318 0.964355 0.00143623
19 0.508667 0.693359 0.431885 0.478516 0.00143433
6 0.946045 0.933838 0.0942383 0.132324 0.00142765
14 0.0364532 0.903809 0.0689392 0.15332 0.00141811
2 0.665527 0.958496 0.103516 0.0244141 0.00140476
2 0.0341797 0.166016 0.0355225 0.30127 0.00140381
2 0.0377197 0.457031 0.0290527 0.411133 0.00136757
6 0.950195 0.949463 0.078125 0.0893555 0.00135422
6 0.97168 0.0717773 0.0527344 0.119629 0.00135422
6 0.0409088 0.952393 0.0690613 0.0717773 0.00134373
4 0.0591278 0.475098 0.0731506 0.950195 0.00130463
2 0.036438 0.523438 0.0185547 0.151367 0.00129795
2 0.964111 0.943604 0.0561523 0.097168 0.00126457
3 0.0424805 0.351807 0.0704346 0.703613 0.00124168
1 0.95166 0.948486 0.0830078 0.0893555 0.00123501
7 0.0400391 0.908936 0.0668945 0.166504 0.00123024
6 0.0388794 0.827148 0.0777588 0.339844 0.00122261
4 0.0375977 0.120941 0.0439453 0.22052 0.0012188
13 0.355957 0.84375 0.0927734 0.0439453 0.00121498
3 0.9729 0.866699 0.0541992 0.266602 0.00120831
6 0.0381927 0.162231 0.0378723 0.273193 0.00118828
13 0.038269 0.11618 0.0533447 0.200256 0.00118065
19 0.632812 0.743652 0.358398 0.479492 0.00116825
1 0.356689 0.844727 0.0932617 0.0439453 0.00114727
6 0.915039 0.0325165 0.162109 0.0502014 0.00113869
2 0.0372314 0.517212 0.0233154 0.365967 0.00113678
3 0.977295 0.779297 0.0454102 0.388672 0.0011282
3 0.050415 0.873535 0.0772705 0.213867 0.00112438
4 0.978516 0.904297 0.0429688 0.171875 0.00109577
2 0.449707 0.254883 0.0151367 0.0356445 0.00109482
2 0.66748 0.602051 0.0390625 0.0673828 0.00109291
6 0.955078 0.0457001 0.078125 0.0753479 0.00108433
9 0.0400391 0.908936 0.0668945 0.166504 0.00108242
6 0.141052 0.968506 0.255981 0.0629883 0.0010767
1 0.978516 0.904297 0.0429688 0.171875 0.00106621
4 0.976562 0.931885 0.0429688 0.10498 0.00105572
11 0.0361176 0.902344 0.0696106 0.164062 0.00104427
2 0.0373535 0.800781 0.0369873 0.332031 0.00104427
2 0.477661 0.258789 0.0280762 0.0571289 0.00104046
2 0.518555 0.757812 0.0253906 0.101562 0.00103855
3 0.958252 0.382935 0.0717773 0.765381 0.00102711
8 0.508667 0.693359 0.431885 0.478516 0.0010252
13 0.972656 0.167175 0.0371094 0.305298 0.00100994
