2 0.650391 0.347412 0.115234 0.192383 0.803711
6 0.0453339 0.936279 0.0694885 0.090332 0.219727
6 0.0615692 0.942871 0.113434 0.0830078 0.160522
2 0.918457 0.0185852 0.0253906 0.0363159 0.118469
6 0.0472412 0.920654 0.0708008 0.148926 0.067749
1 0.0265198 0.113007 0.0337524 0.168518 0.0613708
6 0.0864258 0.95459 0.169434 0.0791016 0.053894
2 0.0241089 0.517578 0.0198975 0.0585938 0.0441284
2 0.639648 0.342041 0.0761719 0.172852 0.0436707
3 0.938232 0.503906 0.0961914 0.810547 0.0405273
6 0.0274658 0.105804 0.0352783 0.150696 0.0367432
6 0.127747 0.95459 0.232788 0.0908203 0.0325623
2 0.925781 0.0180969 0.0361328 0.0348511 0.0291595
1 0.0327148 0.932129 0.0419922 0.0595703 0.0283813
2 0.0327148 0.932129 0.0419922 0.0595703 0.0279236
6 0.0351562 0.933594 0.0517578 0.0585938 0.0244446
2 0.912109 0.0198517 0.0302734 0.0354919 0.0191345
1 0.127747 0.95459 0.232788 0.0908203 0.016037
6 0.972656 0.947754 0.0507812 0.0751953 0.0158081
6 0.0440674 0.876953 0.0750732 0.226562 0.0142212
2 0.638672 0.346191 0.183594 0.230469 0.0132523
2 0.024231 0.441406 0.0181885 0.0605469 0.011879
6 0.975586 0.92627 0.0449219 0.116211 0.0112534
6 0.974365 0.89624 0.0454102 0.186035 0.0107956
2 0.0254822 0.506836 0.0171509 0.0546875 0.00931549
6 0.0718842 0.929932 0.123566 0.13623 0.00901794
1 0.0625 0.945801 0.10376 0.0791016 0.00880432
3 0.0453339 0.936279 0.0694885 0.090332 0.00854492
6 0.0332031 0.144775 0.0388184 0.218262 0.00841522
1 0.0483246 0.938721 0.0718079 0.0639648 0.00728226
2 0.0457153 0.938965 0.0831299 0.0771484 0.00704193
6 0.0483246 0.956055 0.0757141 0.078125 0.00702667
3 0.942871 0.364746 0.0732422 0.729492 0.00680161
2 0.0243225 0.342773 0.0227661 0.136719 0.00661469
6 0.0298462 0.915039 0.050293 0.142578 0.00659561
13 0.0265198 0.113007 0.0337524 0.168518 0.00656128
3 0.0437622 0.329224 0.0446777 0.593506 0.00637436
2 0.101837 0.956299 0.200134 0.081543 0.00629807
6 0.921387 0.956543 0.139648 0.0693359 0.00611877
1 0.647461 0.341553 0.108398 0.202148 0.00590897
3 0.039917 0.919434 0.0684814 0.141602 0.00587845
1 0.968262 0.952637 0.0576172 0.0693359 0.00582504
6 0.944092 0.953613 0.090332 0.0791016 0.00561523
4 0.0437622 0.329224 0.0446777 0.593506 0.0055542
13 0.648438 0.343994 0.112305 0.193848 0.00550079
1 0.918457 0.0185852 0.0253906 0.0363159 0.00534439
1 0.0430756 0.901855 0.0742493 0.163086 0.00525284
2 0.937012 0.0198975 0.0576172 0.0361328 0.00502777
4 0.644043 0.344971 0.109375 0.195312 0.00494766
13 0.0596161 0.93457 0.108551 0.09375 0.00485229
1 0.0332031 0.144775 0.0388184 0.218262 0.00479889
3 0.950684 0.651855 0.0830078 0.611328 0.00468826
2 0.0280151 0.230408 0.0306396 0.409302 0.00439453
13 0.100464 0.943848 0.189941 0.0849609 0.00425339
1 0.0322266 0.102539 0.0355225 0.132324 0.0042305
6 0.981689 0.946533 0.0366211 0.0678711 0.00420761
1 0.0983582 0.94873 0.161682 0.0927734 0.00411224
2 0.919922 0.0227509 0.0361328 0.0399475 0.00410461
3 0.0615692 0.942871 0.113434 0.0830078 0.00368309
3 0.0274658 0.105804 0.0352783 0.150696 0.0035305
1 0.0431061 0.936523 0.0727234 0.0976562 0.00349236
2 0.972656 0.947754 0.0507812 0.0751953 0.00323486
2 0.353516 0.250977 0.0551758 0.131348 0.00321007
13 0.0332031 0.144775 0.0388184 0.218262 0.00320816
2 0.625 0.307129 0.0664062 0.165527 0.00315285
3 0.0440674 0.876953 0.0750732 0.226562 0.00298309
2 0.785156 0.020752 0.0449219 0.036377 0.00294304
3 0.957275 0.419434 0.0756836 0.822266 0.00286484
6 0.902344 0.94751 0.185547 0.0913086 0.00277138
3 0.0864258 0.95459 0.169434 0.0791016 0.00273323
2 0.67041 0.353271 0.300781 0.262207 0.00271225
9 0.644043 0.344971 0.109375 0.195312 0.00266075
14 0.644043 0.344971 0.109375 0.195312 0.00253677
2 0.0260773 0.333252 0.0232849 0.210449 0.00252914
6 0.96582 0.942139 0.0566406 0.111816 0.00252151
1 0.950195 0.957031 0.0839844 0.0664062 0.00246429
13 0.0452271 0.942139 0.0740967 0.0844727 0.00242043
4 0.0327148 0.27417 0.0419922 0.51123 0.00234985
6 0.0248413 0.885498 0.0393066 0.20166 0.00214195
2 0.647461 0.349365 0.0859375 0.113281 0.0021286
3 0.0332031 0.144775 0.0388184 0.218262 0.0020771
6 0.644043 0.344971 0.109375 0.195312 0.00204086
14 0.938232 0.503906 0.0961914 0.810547 0.00203705
1 0.0718842 0.929932 0.123566 0.13623 0.00196838
4 0.0529938 0.937988 0.0817566 0.102539 0.00192833
2 0.981689 0.946533 0.0366211 0.0678711 0.00191307
13 0.919434 0.019104 0.0273438 0.038208 0.00190258
7 0.644043 0.344971 0.109375 0.195312 0.00188065
2 0.64502 0.226562 0.125977 0.445801 0.00182438
2 0.0246582 0.516113 0.0321045 0.0634766 0.00182438
3 0.945068 0.516602 0.0571289 0.777344 0.0018177
4 0.0292053 0.233887 0.0302124 0.418945 0.00180054
2 0.503906 0.141846 0.0732422 0.0700684 0.00179291
2 0.907227 0.0209656 0.0507812 0.0390015 0.0016861
3 0.973633 0.92749 0.0527344 0.11377 0.00165176
19 0.648438 0.343994 0.112305 0.193848 0.00162983
5 0.648438 0.343994 0.112305 0.193848 0.00160408
18 0.644043 0.344971 0.109375 0.195312 0.00156593
10 0.644043 0.344971 0.109375 0.195312 0.00155926
16 0.648438 0.343994 0.112305 0.193848 0.00154877
2 0.0625 0.945801 0.10376 0.0791016 0.00152302
15 0.644043 0.344971 0.109375 0.195312 0.00152302
2 0.0437622 0.329224 0.0446777 0.593506 0.00149345
2 0.977295 0.834961 0.0375977 0.324219 0.00149059
6 0.0359497 0.924316 0.0567627 0.0927734 0.00147438
17 0.648438 0.343994 0.112305 0.193848 0.00147247
11 0.644043 0.344971 0.109375 0.195312 0.00147152
3 0.645508 0.34375 0.114258 0.196289 0.00146484
8 0.648438 0.343994 0.112305 0.193848 0.00146008
0 0.644043 0.344971 0.109375 0.195312 0.00143719
12 0.644043 0.344971 0.109375 0.195312 0.00143719
6 0.961914 0.90625 0.0644531 0.1875 0.00141907
1 0.938232 0.503906 0.0961914 0.810547 0.00141048
2 0.970947 0.92334 0.0463867 0.110352 0.00140953
14 0.0457153 0.938965 0.0831299 0.0771484 0.00140858
6 0.938232 0.503906 0.0961914 0.810547 0.00138187
2 0.957031 0.0252533 0.0546875 0.0422668 0.00137234
2 0.0224609 0.933594 0.0294189 0.0546875 0.00136662
6 0.914062 0.97168 0.15625 0.0507812 0.00135899
1 0.199829 0.955566 0.376709 0.0888672 0.00135231
3 0.025589 0.899902 0.0415955 0.18457 0.00134277
3 0.974609 0.894531 0.0410156 0.193359 0.00132751
6 0.0544739 0.965088 0.0966187 0.0561523 0.00129795
3 0.052597 0.401123 0.0652161 0.802246 0.00128746
13 0.938232 0.503906 0.0961914 0.810547 0.00128746
1 0.0264893 0.0975342 0.0317383 0.0913086 0.00127411
2 0.0264282 0.330322 0.0229492 0.0893555 0.00126266
2 0.777344 0.0188293 0.0517578 0.0289917 0.00126171
6 0.0699463 0.964844 0.11792 0.0703125 0.0012579
6 0.0347748 0.0992432 0.0410461 0.128662 0.00125122
2 0.0338745 0.16333 0.041748 0.273438 0.00123692
3 0.939697 0.518555 0.0600586 0.286133 0.00120068
6 0.0915527 0.908936 0.183105 0.17041 0.0011816
9 0.938232 0.503906 0.0961914 0.810547 0.00117683
13 0.902344 0.94751 0.185547 0.0913086 0.0011673
2 0.950928 0.36377 0.0708008 0.726562 0.00116253
0 0.938232 0.503906 0.0961914 0.810547 0.00116158
13 0.0472412 0.920654 0.0708008 0.148926 0.00115395
19 0.749023 0.487671 0.501953 0.622314 0.00115299
1 0.0336914 0.913574 0.0498047 0.0888672 0.00114536
3 0.967041 0.953369 0.0581055 0.0698242 0.00114059
2 0.021698 0.510254 0.015686 0.046875 0.00106335
4 0.225891 0.187012 0.0599365 0.297852 0.00105762
8 0.938232 0.503906 0.0961914 0.810547 0.00105572
16 0.938232 0.503906 0.0961914 0.810547 0.0010519
2 0.974365 0.934326 0.0336914 0.0961914 0.00104141
11 0.938232 0.503906 0.0961914 0.810547 0.00103855
12 0.938232 0.503906 0.0961914 0.810547 0.00103569
10 0.938232 0.503906 0.0961914 0.810547 0.00101471
11 0.0457153 0.938965 0.0831299 0.0771484 0.00100803
