2 0.430176 0.180298 0.171875 0.297607 0.664062
6 0.979492 0.92041 0.0410156 0.135742 0.104431
3 0.0544434 0.49585 0.0939941 0.980957 0.0700684
6 0.976318 0.946777 0.0415039 0.0791016 0.0522766
6 0.0289612 0.918457 0.0466919 0.137695 0.0331726
3 0.0405273 0.38623 0.0718994 0.772461 0.027771
3 0.0329132 0.914062 0.0555115 0.130859 0.0271606
3 0.977539 0.913574 0.0449219 0.145508 0.0261993
3 0.0410309 0.287109 0.0597839 0.574219 0.0245819
6 0.0324707 0.0856018 0.052124 0.139343 0.0233765
1 0.974854 0.945801 0.0424805 0.0869141 0.0226746
1 0.026474 0.0977783 0.0361633 0.13916 0.0211639
13 0.978516 0.85498 0.0136719 0.0410156 0.0174408
3 0.0344238 0.0847778 0.0566406 0.138306 0.0163422
2 0.408569 0.217285 0.127197 0.212891 0.0144882
6 0.026825 0.94043 0.0388794 0.09375 0.0142899
13 0.978516 0.9104 0.0351562 0.153809 0.0142593
3 0.0358276 0.891113 0.052002 0.202148 0.0130386
3 0.0377197 0.388306 0.0518799 0.629639 0.012825
2 0.976318 0.946777 0.0415039 0.0791016 0.012207
2 0.0304871 0.0958252 0.046814 0.142822 0.0110474
2 0.202271 0.0118866 0.0266113 0.0237732 0.01091
3 0.975586 0.954346 0.0449219 0.0737305 0.0102539
2 0.979492 0.92041 0.0410156 0.135742 0.00937653
3 0.0287476 0.928711 0.0391846 0.128906 0.0089798
2 0.466797 0.179993 0.27832 0.315796 0.00746536
6 0.0348358 0.890625 0.0467834 0.205078 0.00688553
1 0.977539 0.128204 0.0351562 0.220642 0.00652695
2 0.0272675 0.827637 0.01651 0.0595703 0.00522614
1 0.0363617 0.0885925 0.0532532 0.139221 0.00517654
13 0.979248 0.870117 0.0219727 0.0849609 0.00434494
3 0.0302887 0.109619 0.037323 0.154541 0.00434113
2 0.978516 0.85498 0.0136719 0.0390625 0.0043335
1 0.977783 0.913574 0.0444336 0.149414 0.00408173
1 0.432251 0.178955 0.193115 0.30957 0.0037899
3 0.980713 0.937012 0.034668 0.0986328 0.00363541
2 0.0540161 0.49939 0.0955811 0.97583 0.00341606
13 0.423096 0.184082 0.162598 0.272461 0.00322914
13 0.979492 0.864258 0.0175781 0.0566406 0.00316048
2 0.0446167 0.139038 0.0496826 0.041748 0.00297356
3 0.0335541 0.214478 0.0613098 0.417236 0.00296783
3 0.96875 0.9104 0.0507812 0.179199 0.00295258
4 0.432251 0.178955 0.193115 0.30957 0.00290489
3 0.0322266 0.941406 0.052124 0.0820312 0.00276184
6 0.983643 0.934082 0.0327148 0.100586 0.00265121
2 0.0302582 0.839355 0.0211487 0.171875 0.00251961
1 0.961914 0.953125 0.0605469 0.0839844 0.00250626
13 0.978516 0.952881 0.0410156 0.0688477 0.00234985
2 0.0289612 0.918457 0.0466919 0.137695 0.00228691
1 0.0446167 0.139771 0.0505371 0.0471191 0.00227547
6 0.0302887 0.109619 0.037323 0.154541 0.00222969
2 0.381836 0.177124 0.113281 0.323486 0.00216675
3 0.0438843 0.489136 0.0877686 0.976807 0.00212097
3 0.0210571 0.914062 0.0421143 0.166016 0.00211334
13 0.0282288 0.82373 0.0162964 0.0566406 0.00210953
19 0.393066 0.466431 0.592773 0.819092 0.00207901
9 0.430664 0.180481 0.170898 0.292358 0.00207329
3 0.0324707 0.168579 0.045166 0.313232 0.00190639
6 0.0210571 0.914062 0.0421143 0.166016 0.00190258
13 0.980469 0.851074 0.0214844 0.0634766 0.00185776
6 0.0379791 0.937988 0.0463562 0.0966797 0.0018568
6 0.0333862 0.955078 0.0443115 0.0625 0.00177479
6 0.434448 0.180176 0.193604 0.322754 0.0017662
6 0.968262 0.936768 0.0537109 0.126465 0.00175858
14 0.430664 0.180481 0.170898 0.292358 0.0016737
3 0.043457 0.384644 0.0407715 0.453369 0.00158405
13 0.979492 0.146606 0.0175781 0.174072 0.00150013
19 0.430664 0.180481 0.170898 0.292358 0.00148296
2 0.03479 0.943604 0.0355225 0.0913086 0.00145245
19 0.569702 0.479858 0.776611 0.88208 0.00143147
3 0.026123 0.866699 0.0280762 0.1875 0.00137997
3 0.978516 0.886719 0.0234375 0.146484 0.00136375
7 0.430664 0.180481 0.170898 0.292358 0.00133991
6 0.983887 0.95166 0.0322266 0.0751953 0.00133228
3 0.958496 0.38916 0.0517578 0.77832 0.00132179
2 0.0283813 0.81543 0.0180664 0.0585938 0.00130367
3 0.035675 0.5 0.0713501 1 0.00127125
1 0.978516 0.932129 0.03125 0.0908203 0.00126553
16 0.430664 0.180481 0.170898 0.292358 0.0012598
5 0.430664 0.180481 0.170898 0.292358 0.0012598
11 0.434448 0.180176 0.193604 0.322754 0.00124264
10 0.430664 0.180481 0.170898 0.292358 0.00123978
13 0.03125 0.124359 0.0360107 0.179504 0.00123501
6 0.978516 0.886719 0.0234375 0.146484 0.00123405
15 0.430664 0.180481 0.170898 0.292358 0.0012207
3 0.967285 0.924072 0.0576172 0.108887 0.0012188
3 0.96875 0.217651 0.0390625 0.4021 0.00121593
3 0.430664 0.179871 0.171875 0.294556 0.00119781
18 0.434448 0.180176 0.193604 0.322754 0.00117302
2 0.979492 0.86084 0.0175781 0.0498047 0.0011692
17 0.430664 0.180481 0.170898 0.292358 0.00114727
8 0.434448 0.180176 0.193604 0.322754 0.00114632
0 0.430664 0.180481 0.170898 0.292358 0.0011425
3 0.966309 0.295044 0.0498047 0.566162 0.00113201
6 0.0540161 0.49939 0.0955811 0.97583 0.00111389
8 0.569702 0.479858 0.776611 0.88208 0.00110531
1 0.0544434 0.49585 0.0939941 0.980957 0.0011034
1 0.0410309 0.287109 0.0597839 0.574219 0.00109959
12 0.430664 0.180481 0.170898 0.292358 0.00108624
13 0.978516 0.886719 0.0234375 0.146484 0.00102234
4 0.968018 0.259338 0.0405273 0.480347 0.00100994
