2 0.222168 0.708008 0.196777 0.185547 0.410889
2 0.486938 0.196289 0.064209 0.0148926 0.232788
2 0.907227 0.178711 0.0947266 0.0297852 0.179321
2 0.179199 0.666992 0.290527 0.0996094 0.060791
2 0.0317535 0.923584 0.0348816 0.125488 0.0556335
4 0.23584 0.706543 0.166016 0.201172 0.0513611
6 0.0299377 0.919678 0.039856 0.121582 0.0426636
2 0.297852 0.210083 0.0795898 0.0146484 0.0409546
2 0.226074 0.706055 0.138672 0.236328 0.0337524
2 0.727539 0.970703 0.0195312 0.0253906 0.0272522
2 0.0273285 0.928223 0.0195618 0.0703125 0.0247955
2 0.97583 0.689453 0.0170898 0.102539 0.0231628
1 0.0254059 0.92627 0.0248718 0.0810547 0.0166016
2 0.166931 0.650391 0.268677 0.0478516 0.0112076
4 0.273865 0.772949 0.11438 0.355469 0.0104141
3 0.0299377 0.919678 0.039856 0.121582 0.00910187
2 0.918945 0.183716 0.0869141 0.0385742 0.00855255
13 0.975342 0.201904 0.0141602 0.0913086 0.00832367
4 0.829102 0.810059 0.101562 0.286133 0.00782776
2 0.13916 0.215759 0.0769043 0.0421143 0.00736237
3 0.0460205 0.340088 0.0673828 0.635254 0.00616837
2 0.88916 0.174805 0.0917969 0.0288086 0.00613403
4 0.324707 0.523315 0.15625 0.769775 0.00519562
3 0.951416 0.493652 0.0620117 0.987305 0.00499725
6 0.976562 0.953857 0.0253906 0.0649414 0.00485229
2 0.97583 0.711426 0.0151367 0.0800781 0.00471115
2 0.0244141 0.92041 0.0285645 0.0849609 0.00451279
2 0.148804 0.663086 0.251709 0.0449219 0.00445938
3 0.967041 0.220947 0.0424805 0.391602 0.00411224
13 0.977539 0.135925 0.0234375 0.196899 0.00391769
4 0.269531 0.535645 0.203613 0.724609 0.00388908
2 0.731934 0.96875 0.0273438 0.0253906 0.00385857
2 0.722168 0.969971 0.0273438 0.0268555 0.00379181
13 0.976562 0.194946 0.0253906 0.273682 0.00371552
4 0.818848 0.60791 0.0722656 0.69043 0.0036869
3 0.0471802 0.5 0.0715332 1 0.00356293
4 0.303711 0.791016 0.151367 0.365234 0.00348663
4 0.638672 0.583862 0.0761719 0.243408 0.003479
2 0.480957 0.196167 0.0683594 0.0217285 0.00322151
6 0.977539 0.140869 0.03125 0.197266 0.00288773
13 0.222168 0.708008 0.196777 0.185547 0.00287247
3 0.0287933 0.412598 0.0534973 0.825195 0.00269127
2 0.308594 0.212158 0.0722656 0.015625 0.00261497
3 0.959717 0.348145 0.0571289 0.696289 0.00258827
2 0.899414 0.183716 0.106445 0.0454102 0.0025425
3 0.977539 0.783447 0.0429688 0.411621 0.00244522
2 0.172791 0.70752 0.266724 0.202148 0.00244331
3 0.973633 0.122162 0.0332031 0.197571 0.00243759
2 0.391235 0.218079 0.233154 0.024292 0.00237846
2 0.978516 0.67334 0.0175781 0.141602 0.00235558
3 0.980469 0.927246 0.0390625 0.125977 0.00226212
2 0.347534 0.216614 0.299072 0.0340576 0.00223351
2 0.975342 0.201904 0.0141602 0.0913086 0.0022049
3 0.968994 0.889893 0.0541992 0.17334 0.00214577
3 0.949219 0.482422 0.0996094 0.935547 0.00213432
2 0.976562 0.953857 0.0253906 0.0649414 0.00212479
6 0.972412 0.118927 0.0356445 0.148865 0.00210381
2 0.275146 0.710449 0.225098 0.256836 0.00208855
13 0.0299377 0.919678 0.039856 0.121582 0.00207901
3 0.0368958 0.459473 0.0737915 0.918945 0.00199509
2 0.143066 0.21521 0.106201 0.0539551 0.00190735
2 0.130157 0.656738 0.188416 0.0292969 0.00188446
2 0.979492 0.956787 0.0175781 0.0532227 0.0018301
3 0.975586 0.956787 0.0332031 0.0610352 0.00180721
2 0.391602 0.207886 0.262695 0.0241699 0.00168705
13 0.977539 0.688965 0.0195312 0.106445 0.00163364
1 0.214844 0.709961 0.220703 0.18457 0.00163269
2 0.263245 0.697266 0.190308 0.175781 0.00150776
9 0.222168 0.708008 0.196777 0.185547 0.00145435
3 0.0244141 0.92041 0.0285645 0.0849609 0.00143814
6 0.979492 0.956787 0.0175781 0.0532227 0.00142288
4 0.350586 0.801758 0.107422 0.296875 0.00135422
6 0.222168 0.708008 0.196777 0.185547 0.00134563
4 0.629883 0.607422 0.0585938 0.641602 0.00134182
2 0.474609 0.194824 0.0595703 0.0134277 0.00133133
4 0.813477 0.745605 0.0693359 0.469727 0.00132179
2 0.240234 0.76416 0.16748 0.329102 0.00131893
1 0.0307159 0.919434 0.0374451 0.124023 0.00130558
4 0.22168 0.663086 0.213379 0.276367 0.00129986
3 0.0345459 0.249329 0.0499268 0.49353 0.00129223
2 0.221741 0.660645 0.212769 0.238281 0.00126839
3 0.97876 0.146088 0.0229492 0.20343 0.00126457
2 0.0257874 0.943359 0.0200806 0.0585938 0.00121975
2 0.184631 0.666016 0.271362 0.172852 0.00120068
2 0.285156 0.209473 0.0571289 0.0119629 0.00119305
13 0.976562 0.219482 0.015625 0.140137 0.0011692
8 0.222168 0.708008 0.196777 0.185547 0.00115204
14 0.222168 0.708008 0.196777 0.185547 0.0011301
3 0.969971 0.1698 0.0366211 0.255127 0.00112915
2 0.487793 0.196289 0.0654297 0.0324707 0.00112152
2 0.979492 0.197693 0.0253906 0.204224 0.00111389
2 0.671875 0.248535 0.101562 0.019043 0.00110531
1 0.0245361 0.761719 0.027832 0.143555 0.00110149
4 0.32666 0.595337 0.222656 0.740967 0.00109482
2 0.290771 0.210632 0.0888672 0.0211182 0.001091
19 0.222168 0.708008 0.196777 0.185547 0.00104046
7 0.222168 0.708008 0.196777 0.185547 0.00103664
2 0.0307922 0.936523 0.0272827 0.0683594 0.00100899
2 0.977539 0.783447 0.0429688 0.411621 0.00100708
