2 0.0283051 0.812012 0.0315247 0.0830078 0.629395
2 0.492188 0.804199 0.205078 0.135742 0.527344
2 0.0222626 0.805176 0.0292053 0.0869141 0.0844727
6 0.978027 0.932129 0.0439453 0.104492 0.0808105
6 0.0334473 0.114105 0.0378418 0.168274 0.0602112
2 0.0258331 0.256348 0.0185242 0.0712891 0.0477905
6 0.979248 0.895996 0.0415039 0.19043 0.0271301
2 0.0285492 0.245117 0.0232239 0.0786133 0.0240479
3 0.0357208 0.873535 0.0613708 0.200195 0.0232086
6 0.0367432 0.938232 0.0537109 0.0805664 0.0227509
6 0.0283508 0.925049 0.0515747 0.103027 0.0210724
2 0.0287628 0.155396 0.0184021 0.0737305 0.0189362
2 0.0283051 0.788086 0.0361633 0.118164 0.0169373
3 0.972656 0.847168 0.0527344 0.249023 0.0167999
2 0.979492 0.320068 0.0175781 0.0625 0.0164337
2 0.028595 0.156555 0.0238647 0.136108 0.0155792
6 0.0850525 0.948242 0.148254 0.0761719 0.0145111
6 0.0314331 0.835449 0.0395508 0.165039 0.0134506
3 0.967285 0.773193 0.0517578 0.416504 0.0134277
6 0.031189 0.89209 0.0550537 0.21582 0.0132217
1 0.97583 0.945312 0.0483398 0.0820312 0.0129166
3 0.0290527 0.0968018 0.0358887 0.184814 0.012291
13 0.0266724 0.812988 0.0314941 0.0878906 0.0111923
2 0.0281982 0.82959 0.0380859 0.120117 0.0106354
2 0.0283203 0.750977 0.0328369 0.183594 0.0100403
1 0.0336304 0.116425 0.0371094 0.178772 0.00952911
13 0.0263062 0.255615 0.0179443 0.0722656 0.00947571
3 0.976074 0.945557 0.0478516 0.0795898 0.00940704
3 0.0345459 0.925537 0.0620117 0.090332 0.00932312
2 0.029068 0.197266 0.0246277 0.173828 0.00925446
3 0.0346069 0.74707 0.0533447 0.300781 0.00899506
13 0.0281372 0.0984192 0.0334473 0.181091 0.0088501
3 0.979248 0.895996 0.0415039 0.19043 0.00812531
2 0.489746 0.796875 0.242188 0.196289 0.00710297
13 0.0287628 0.155396 0.0184021 0.0737305 0.00695038
2 0.03125 0.158112 0.0270996 0.20282 0.00681305
2 0.0375977 0.159973 0.0325928 0.307983 0.00666046
3 0.0367432 0.940674 0.0523682 0.0795898 0.00646591
2 0.97583 0.939697 0.0483398 0.081543 0.00624084
1 0.03125 0.807617 0.039917 0.150391 0.00522232
6 0.0285645 0.0849609 0.0377197 0.162598 0.00502396
2 0.0336304 0.116425 0.0371094 0.178772 0.00456619
2 0.0273438 0.930176 0.0273438 0.0498047 0.00449753
2 0.0327606 0.197754 0.0226135 0.11377 0.00448608
4 0.491699 0.807617 0.199219 0.133789 0.00435257
13 0.0343628 0.122955 0.036377 0.170105 0.00431824
2 0.0311279 0.172241 0.0187988 0.0810547 0.00414276
1 0.0294342 0.0881653 0.0363464 0.171814 0.00410461
1 0.0260925 0.80957 0.0321655 0.0927734 0.00409698
6 0.03479 0.898438 0.0574951 0.140625 0.00400162
2 0.53418 0.822266 0.28418 0.171875 0.00398254
2 0.0345459 0.869629 0.0484619 0.229492 0.00386238
6 0.0503998 0.944092 0.0732727 0.0805664 0.00382423
13 0.0269928 0.137848 0.0220642 0.107117 0.00374222
6 0.983887 0.916748 0.0322266 0.137207 0.00364304
1 0.0351562 0.75 0.0474854 0.293945 0.00343513
3 0.0275574 0.91748 0.0436401 0.12793 0.00335693
13 0.0292969 0.156708 0.0206299 0.169495 0.00332069
6 0.970947 0.850586 0.050293 0.259766 0.00327682
1 0.240723 0.196167 0.105957 0.141357 0.00327682
6 0.975342 0.955811 0.0454102 0.0786133 0.00309944
1 0.967285 0.773193 0.0517578 0.416504 0.00309563
2 0.0321655 0.806641 0.0454102 0.171875 0.00308037
13 0.979492 0.321045 0.015625 0.0585938 0.00292015
6 0.0202026 0.912354 0.0350342 0.122559 0.00289154
6 0.9729 0.915527 0.0444336 0.120117 0.00264359
3 0.0254517 0.880615 0.0390625 0.195801 0.00264168
13 0.491699 0.807617 0.199219 0.133789 0.00262833
2 0.0273132 0.254639 0.03302 0.0712891 0.00260735
3 0.973389 0.916504 0.0454102 0.114258 0.00253677
1 0.491699 0.807617 0.199219 0.133789 0.00252724
6 0.981689 0.944824 0.0366211 0.0869141 0.00240517
1 0.0273438 0.930176 0.0273438 0.0498047 0.00235367
6 0.972412 0.936523 0.0395508 0.078125 0.00230789
3 0.0401611 0.626831 0.0610352 0.625244 0.00229073
2 0.0266418 0.279297 0.0221558 0.119141 0.00222015
19 0.306702 0.596558 0.381714 0.5979 0.0021801
1 0.969727 0.919189 0.0546875 0.134277 0.0018425
3 0.9729 0.935791 0.034668 0.0874023 0.00178337
4 0.24707 0.194336 0.0874023 0.127441 0.0017662
6 0.031311 0.791504 0.0421143 0.162109 0.00176144
3 0.0850525 0.948242 0.148254 0.0761719 0.0017395
3 0.0348969 0.11731 0.0381165 0.17749 0.00166893
8 0.305237 0.539062 0.457886 0.637695 0.0016489
3 0.0314789 0.825195 0.0403137 0.123047 0.00164413
2 0.981445 0.254395 0.0195312 0.0654297 0.00161266
1 0.95752 0.932129 0.0712891 0.114258 0.00158691
2 0.487793 0.773926 0.204102 0.0849609 0.00151634
9 0.491699 0.807617 0.199219 0.133789 0.00150108
2 0.03479 0.898438 0.0574951 0.140625 0.00146866
2 0.0351562 0.75 0.0474854 0.293945 0.00146389
14 0.491699 0.807617 0.199219 0.133789 0.00146103
2 0.973389 0.916504 0.0454102 0.114258 0.00145245
6 0.979248 0.0454102 0.0375977 0.0736084 0.00144482
2 0.0957947 0.960449 0.155579 0.0517578 0.00143814
3 0.0500488 0.537598 0.0775146 0.887695 0.00140667
13 0.0311279 0.172241 0.0187988 0.0810547 0.00139141
2 0.0327759 0.171753 0.0183105 0.0551758 0.00137234
13 0.97876 0.87207 0.0424805 0.238281 0.00135994
2 0.370117 0.318115 0.0166016 0.0429688 0.00134945
1 0.0849915 0.955078 0.145447 0.0625 0.00131702
2 0.974609 0.319092 0.015625 0.0600586 0.00127316
19 0.450684 0.549316 0.438477 0.591797 0.00126839
2 0.0273438 0.334412 0.0324707 0.272583 0.00126076
13 0.03125 0.807617 0.039917 0.150391 0.0012598
2 0.0229492 0.419434 0.019165 0.116211 0.00123501
13 0.977783 0.94751 0.0444336 0.0795898 0.00122547
4 0.480957 0.483398 0.488281 0.810547 0.00122356
2 0.0358887 0.938721 0.0629883 0.0737305 0.00121117
1 0.0348511 0.934814 0.0534668 0.0834961 0.00120354
6 0.0351562 0.75 0.0474854 0.293945 0.00118732
1 0.970947 0.850586 0.050293 0.259766 0.0011797
2 0.0227814 0.786133 0.0260925 0.0839844 0.00117207
6 0.0282898 0.814941 0.0319214 0.0976562 0.00114536
6 0.491699 0.807617 0.199219 0.133789 0.0011425
6 0.0334473 0.0848999 0.0317383 0.11853 0.00112343
14 0.240723 0.196167 0.105957 0.141357 0.00112247
2 0.539062 0.841309 0.345703 0.239258 0.00112152
1 0.0357513 0.865234 0.0569153 0.193359 0.00111961
6 0.0287781 0.138428 0.0283813 0.163574 0.00111485
2 0.031723 0.82959 0.0306702 0.0761719 0.00111103
2 0.0283508 0.925049 0.0515747 0.103027 0.00110722
3 0.0287781 0.138428 0.0283813 0.163574 0.00110531
4 0.306702 0.596558 0.381714 0.5979 0.00104237
7 0.305237 0.539062 0.457886 0.637695 0.00103855
7 0.491699 0.807617 0.199219 0.133789 0.00103664
4 0.24707 0.21582 0.100586 0.198242 0.00102997
19 0.491699 0.807617 0.199219 0.133789 0.00102425
3 0.983887 0.916748 0.0322266 0.137207 0.00100994
