2 0.455688 0.204773 0.192139 0.338501 0.80127
6 0.0293579 0.924072 0.0489502 0.124512 0.567871
2 0.0341797 0.121948 0.0369873 0.177246 0.321533
1 0.0331421 0.112885 0.0501709 0.216614 0.286621
1 0.0341797 0.120819 0.0367432 0.177307 0.216919
2 0.0493164 0.716797 0.0181885 0.0556641 0.161377
2 0.0259399 0.381104 0.0201416 0.105957 0.113037
2 0.0356445 0.11615 0.050415 0.225708 0.0708618
2 0.0235596 0.2005 0.0241699 0.0599365 0.0681152
1 0.0317383 0.939453 0.0396729 0.0878906 0.0654297
6 0.0336914 0.113861 0.0491943 0.214172 0.0637207
2 0.026123 0.339111 0.0198975 0.114746 0.0437317
6 0.0462799 0.928955 0.0773621 0.124512 0.0430298
2 0.0228271 0.302246 0.0160522 0.0615234 0.0303192
1 0.975586 0.111786 0.03125 0.183167 0.0297852
3 0.0288696 0.923584 0.0435791 0.125488 0.029541
2 0.0317383 0.932129 0.0429688 0.0927734 0.0292664
1 0.0270233 0.908936 0.0431213 0.162598 0.0265656
6 0.0327148 0.939453 0.0474854 0.0820312 0.0230103
3 0.0379486 0.115723 0.0583801 0.231445 0.0193634
2 0.0407715 0.704102 0.0222168 0.0791016 0.0176086
4 0.458252 0.208313 0.208496 0.358765 0.0145645
2 0.0341949 0.126099 0.0336609 0.114258 0.0138931
2 0.973389 0.111969 0.0258789 0.181335 0.0135193
6 0.0826416 0.958252 0.15625 0.0639648 0.0134888
6 0.975586 0.111786 0.03125 0.183167 0.012886
2 0.0485229 0.702637 0.020874 0.0830078 0.0123138
2 0.0259552 0.188477 0.0257263 0.081543 0.0120621
3 0.0365601 0.879883 0.0638428 0.189453 0.0117493
1 0.458252 0.208313 0.208496 0.358765 0.0107956
2 0.0277405 0.138824 0.0348511 0.183289 0.00926208
2 0.0439453 0.125519 0.0441895 0.179138 0.00905609
2 0.0287323 0.522461 0.018219 0.0654297 0.00892639
1 0.0223541 0.88916 0.0248718 0.18457 0.00874329
2 0.0227814 0.28833 0.0176697 0.0541992 0.0083847
13 0.0278931 0.925293 0.0447998 0.131836 0.00791168
2 0.0346069 0.92627 0.0528564 0.133789 0.00785828
2 0.562988 0.0223694 0.0478516 0.039978 0.00738144
1 0.964111 0.950195 0.0541992 0.0820312 0.00712967
3 0.0462646 0.928223 0.076416 0.12793 0.00665283
2 0.0417633 0.723145 0.0219421 0.0703125 0.0063858
1 0.939453 0.95459 0.105469 0.0810547 0.006073
2 0.0506592 0.730469 0.0180664 0.0664062 0.0058136
2 0.0292358 0.53418 0.0145264 0.0400391 0.00571442
6 0.0415649 0.922852 0.0501709 0.107422 0.00551224
6 0.0314331 0.877441 0.0506592 0.208008 0.00548935
1 0.121307 0.954346 0.229553 0.0913086 0.00544357
6 0.459717 0.206787 0.214355 0.355469 0.00536346
6 0.0671539 0.942871 0.12326 0.0927734 0.00528336
1 0.0611877 0.936035 0.104675 0.100586 0.00487137
13 0.458252 0.208313 0.208496 0.358765 0.00445557
1 0.972656 0.167419 0.03125 0.299927 0.00424957
19 0.459717 0.206787 0.214355 0.355469 0.0042038
6 0.977539 0.950928 0.0429688 0.0708008 0.00407791
9 0.459717 0.206787 0.214355 0.355469 0.00389099
6 0.121307 0.954346 0.229553 0.0913086 0.00387573
1 0.0873108 0.946777 0.149597 0.0908203 0.00370407
6 0.0383301 0.229919 0.0479736 0.441528 0.00367355
2 0.0264282 0.366699 0.0313721 0.125488 0.00367355
13 0.0341797 0.115234 0.0389404 0.198242 0.00364685
6 0.053421 0.952637 0.0850525 0.0732422 0.00360107
14 0.458252 0.208313 0.208496 0.358765 0.00359917
13 0.026123 0.374512 0.0200195 0.104004 0.00359344
1 0.0332031 0.17218 0.0407715 0.302124 0.00357246
1 0.0415039 0.94751 0.0583496 0.0795898 0.00351715
18 0.459717 0.206787 0.214355 0.355469 0.003479
6 0.0774994 0.922852 0.123322 0.154297 0.00345993
11 0.45813 0.209473 0.212646 0.354004 0.00334549
16 0.458252 0.208313 0.208496 0.358765 0.00331879
1 0.0372314 0.884277 0.0593262 0.194336 0.00330734
6 0.977783 0.930664 0.0444336 0.107422 0.00330544
3 0.0383301 0.229919 0.0479736 0.441528 0.0032196
7 0.459717 0.206787 0.214355 0.355469 0.00315666
3 0.0317993 0.921387 0.0592041 0.157227 0.00308418
8 0.459717 0.206787 0.214355 0.355469 0.00306129
17 0.458252 0.208313 0.208496 0.358765 0.00304604
1 0.914062 0.960693 0.148438 0.0727539 0.00298309
10 0.459717 0.206787 0.214355 0.355469 0.00297928
6 0.0388184 0.8479 0.060791 0.280762 0.00292015
15 0.458252 0.208313 0.208496 0.358765 0.00290871
13 0.0495605 0.716309 0.0180664 0.0556641 0.00289536
2 0.0476074 0.716797 0.0328369 0.0585938 0.00289345
2 0.0221558 0.370117 0.0179443 0.102539 0.00289154
3 0.45813 0.209473 0.212646 0.354004 0.00288582
2 0.0404663 0.268555 0.0490723 0.501953 0.00286674
14 0.0293579 0.924072 0.0489502 0.124512 0.00285912
6 0.0332031 0.17218 0.0407715 0.302124 0.00285721
4 0.03125 0.923584 0.0447998 0.127441 0.00284195
0 0.459717 0.206787 0.214355 0.355469 0.00280952
3 0.0343628 0.154541 0.0430908 0.273926 0.00273895
5 0.458252 0.208313 0.208496 0.358765 0.00273323
1 0.0380859 0.926758 0.0603027 0.142578 0.0026741
12 0.458252 0.208313 0.208496 0.358765 0.00266075
1 0.0223846 0.116241 0.0309143 0.215759 0.00260353
1 0.0449371 0.115112 0.0517273 0.193359 0.00251579
6 0.0469971 0.944092 0.057251 0.0766602 0.00246429
2 0.023056 0.873047 0.0239563 0.15918 0.00241852
2 0.0556641 0.723145 0.0194092 0.0556641 0.00239754
6 0.0223541 0.88916 0.0248718 0.18457 0.00234222
6 0.0337524 0.91748 0.0675049 0.149414 0.00230026
2 0.487305 0.153839 0.133789 0.247498 0.00229454
6 0.972656 0.167419 0.03125 0.299927 0.00227928
7 0.0289154 0.924805 0.0420227 0.134766 0.00225067
2 0.0465088 0.734375 0.0203857 0.0957031 0.00223541
4 0.0336914 0.113861 0.0491943 0.214172 0.00222778
13 0.975586 0.111786 0.03125 0.183167 0.00220871
1 0.0327148 0.111176 0.0366211 0.111633 0.0022049
3 0.0253906 0.869873 0.041626 0.229004 0.00212288
1 0.0277405 0.138824 0.0348511 0.183289 0.00198555
11 0.0282898 0.923584 0.0510864 0.117676 0.00195312
19 0.505371 0.445679 0.491211 0.800049 0.00193977
1 0.958984 0.934814 0.0664062 0.10498 0.00193024
2 0.968506 0.950928 0.0473633 0.074707 0.00192165
13 0.026123 0.339111 0.0198975 0.114746 0.0018425
2 0.0245361 0.405273 0.0170898 0.090332 0.00182152
4 0.0521088 0.927734 0.084259 0.119141 0.00178242
1 0.0383301 0.229919 0.0479736 0.441528 0.00174141
3 0.975586 0.111786 0.03125 0.183167 0.00171757
2 0.0215149 0.321777 0.0177612 0.108398 0.00168705
9 0.0289154 0.924805 0.0420227 0.134766 0.00166893
19 0.320801 0.45752 0.560547 0.769531 0.00166225
13 0.0322266 0.941406 0.0389404 0.0820312 0.00164795
2 0.735352 0.0109558 0.0253906 0.0219116 0.001647
3 0.0285034 0.115631 0.0397949 0.206726 0.00164127
2 0.0324707 0.673828 0.0212402 0.0722656 0.00161648
2 0.45752 0.276367 0.182617 0.189941 0.00160503
19 0.625854 0.465942 0.521729 0.693115 0.00160503
2 0.0238495 0.278809 0.0233459 0.0610352 0.00158119
2 0.976562 0.286621 0.0175781 0.0698242 0.00156879
2 0.0322266 0.512207 0.0166016 0.0732422 0.00156212
3 0.0424194 0.806396 0.0583496 0.36377 0.00154018
16 0.0300598 0.922363 0.0519409 0.120117 0.00153351
6 0.0932007 0.940674 0.144165 0.11084 0.00149727
3 0.0307007 0.824219 0.0450439 0.316406 0.0014658
2 0.0290375 0.833984 0.0204163 0.0595703 0.00145531
2 0.0330658 0.82959 0.0309143 0.265625 0.00143623
14 0.0325928 0.114166 0.0513916 0.217957 0.00137615
13 0.0392914 0.694824 0.0223694 0.0917969 0.00136757
2 0.0282898 0.501465 0.0203247 0.09375 0.0013628
2 0.939453 0.956055 0.107422 0.078125 0.00133896
2 0.0245667 0.329102 0.0327759 0.107422 0.00132275
9 0.0336914 0.113831 0.0469971 0.217651 0.00130749
19 0.625977 0.551758 0.392578 0.663086 0.00128841
2 0.0340576 0.708496 0.0233154 0.108398 0.00127792
2 0.974609 0.299072 0.015625 0.0981445 0.00127506
2 0.0346069 0.180725 0.0439453 0.317261 0.00126362
2 0.89209 0.963379 0.192383 0.0693359 0.00119305
2 0.0372314 0.884277 0.0593262 0.194336 0.0011797
19 0.0293579 0.924072 0.0489502 0.124512 0.00116348
2 0.976562 0.228027 0.03125 0.427734 0.0011425
19 0.462891 0.680908 0.511719 0.626465 0.00113773
2 0.457764 0.380981 0.374512 0.67749 0.00109482
7 0.0336914 0.113861 0.0491943 0.214172 0.00109291
17 0.0293579 0.924072 0.0489502 0.124512 0.00107193
2 0.458984 0.280396 0.21875 0.454834 0.00104809
11 0.0325928 0.114166 0.0513916 0.217957 0.00104809
16 0.0325928 0.114166 0.0513916 0.217957 0.00103188
2 0.0217285 0.924805 0.0393066 0.136719 0.00102711
2 0.026825 0.179871 0.034729 0.103638 0.00101852
3 0.0410156 0.935303 0.0474854 0.0883789 0.00100613
