4 0.754395 0.35614 0.15918 0.485962 0.789062
2 0.392578 0.155151 0.118164 0.0759277 0.763184
2 0.959229 0.445435 0.0249023 0.0895996 0.479736
4 0.511108 0.357056 0.162354 0.52417 0.13916
2 0.932617 0.966309 0.0517578 0.0166016 0.129028
3 0.950684 0.387451 0.0751953 0.774902 0.090332
1 0.393311 0.149536 0.121582 0.0769043 0.0591736
3 0.970703 0.290405 0.0527344 0.565674 0.0493469
4 0.468018 0.331421 0.213379 0.528564 0.048584
2 0.942871 0.952881 0.0556641 0.0375977 0.0372314
3 0.966309 0.641113 0.0498047 0.661133 0.0353088
2 0.964111 0.567871 0.0327148 0.379883 0.0335388
3 0.963135 0.5 0.0620117 1 0.0281525
3 0.952881 0.50293 0.0942383 0.978516 0.0267487
2 0.957764 0.438477 0.0688477 0.876953 0.0256805
2 0.94751 0.946045 0.0600586 0.0551758 0.024765
2 0.970459 0.641235 0.043457 0.678467 0.0245667
2 0.964844 0.579102 0.0429688 0.490234 0.019165
6 0.0253754 0.933105 0.0461731 0.0771484 0.0181427
3 0.0292358 0.851562 0.0563965 0.240234 0.0177917
2 0.395264 0.152832 0.0742188 0.0708008 0.0171204
3 0.953369 0.591797 0.0639648 0.816406 0.015686
3 0.0537262 0.479492 0.094696 0.958984 0.0155411
6 0.025177 0.854492 0.0447388 0.255859 0.013443
2 0.936523 0.961914 0.0644531 0.0273438 0.0131378
2 0.96875 0.721191 0.0214844 0.104492 0.011528
2 0.393066 0.160828 0.126465 0.119263 0.0099411
6 0.0227051 0.914307 0.0454102 0.124512 0.009758
1 0.0253754 0.938477 0.0444641 0.0800781 0.00975037
4 0.732422 0.322144 0.239258 0.549072 0.00970459
2 0.959961 0.606445 0.0546875 0.787109 0.00919342
2 0.970703 0.290405 0.0527344 0.565674 0.0089035
2 0.137207 0.0256042 0.0397949 0.0390015 0.00827789
2 0.95166 0.444336 0.0253906 0.0888672 0.00760269
2 0.944824 0.869629 0.0449219 0.0800781 0.00748825
6 0.951416 0.9375 0.0561523 0.0625 0.00704193
3 0.039566 0.394531 0.068573 0.789062 0.00588608
2 0.953125 0.93042 0.0625 0.0766602 0.00585175
3 0.026123 0.931885 0.0522461 0.0756836 0.00510025
1 0.939453 0.955566 0.0664062 0.0380859 0.00503922
3 0.0270386 0.894531 0.0540771 0.138672 0.00473022
2 0.96875 0.749023 0.0253906 0.217773 0.00424957
3 0.0480194 0.624512 0.0719299 0.696289 0.00421524
2 0.966553 0.934082 0.0454102 0.0712891 0.00395203
2 0.951172 0.892578 0.0585938 0.136719 0.00385094
1 0.933594 0.965332 0.0527344 0.0205078 0.0038147
2 0.0249023 0.933838 0.0498047 0.0756836 0.00361824
6 0.117004 0.957764 0.233765 0.0825195 0.0036087
2 0.972656 0.727051 0.015625 0.0810547 0.00352859
6 0.0341187 0.924561 0.0563965 0.0981445 0.0032444
3 0.0242767 0.915771 0.0415344 0.137207 0.00318336
2 0.098114 0.0258636 0.125061 0.0378723 0.00283051
3 0.966309 0.151917 0.0498047 0.292847 0.00255585
4 0.39502 0.14917 0.127441 0.0808105 0.00240898
3 0.0386963 0.821289 0.0581055 0.291016 0.00240326
1 0.446533 0.325256 0.273926 0.489136 0.00231171
14 0.394287 0.148071 0.125488 0.076416 0.00225639
3 0.0230713 0.851562 0.0334473 0.217773 0.00220871
3 0.963623 0.566406 0.0375977 0.426758 0.00214767
6 0.973633 0.104523 0.0390625 0.206482 0.00208855
2 0.961426 0.477051 0.0244141 0.136719 0.00197983
13 0.394043 0.151978 0.117676 0.0776367 0.00194836
2 0.973633 0.637573 0.0371094 0.443604 0.00193214
3 0.0172119 0.89917 0.0344238 0.162598 0.00191212
1 0.94751 0.946045 0.0600586 0.0551758 0.00190449
13 0.959473 0.444946 0.0244141 0.0866699 0.0018959
6 0.0889587 0.946777 0.167786 0.0830078 0.00187016
6 0.0379486 0.837402 0.0632629 0.286133 0.00184727
4 0.531372 0.290771 0.212646 0.581543 0.00180054
2 0.948975 0.86377 0.0493164 0.118164 0.00178146
2 0.959961 0.722168 0.0390625 0.504883 0.00175381
2 0.967285 0.413574 0.0576172 0.651367 0.00170135
1 0.754883 0.357971 0.191406 0.489136 0.00169563
6 0.968262 0.924316 0.0380859 0.0878906 0.00164318
2 0.926758 0.96875 0.0478516 0.015625 0.00160503
3 0.955322 0.675171 0.081543 0.616455 0.00160313
2 0.0512695 0.473633 0.0932617 0.947266 0.00150299
4 0.025177 0.854492 0.0447388 0.255859 0.00140572
4 0.776855 0.509399 0.198242 0.811279 0.00139809
2 0.754883 0.357971 0.191406 0.489136 0.0013876
6 0.966309 0.151917 0.0498047 0.292847 0.00133705
2 0.960938 0.411621 0.0273438 0.133789 0.00132751
6 0.0670319 0.938232 0.115936 0.090332 0.00131512
13 0.0316772 0.835693 0.0526123 0.281738 0.00130939
3 0.0336151 0.526245 0.0658264 0.94751 0.0012989
3 0.930664 0.452148 0.109375 0.904297 0.00128365
2 0.0427246 0.655151 0.0533447 0.670166 0.00126266
2 0.951904 0.862793 0.043457 0.193359 0.00124645
4 0.539429 0.327515 0.339111 0.514893 0.00122547
6 0.0861816 0.960693 0.169434 0.0454102 0.00120926
3 0.967285 0.413574 0.0576172 0.651367 0.00119781
6 0.0166016 0.885742 0.0332031 0.1875 0.00119305
2 0.964355 0.716309 0.0341797 0.376953 0.00118923
6 0.886475 0.0281067 0.205566 0.0437622 0.00116634
1 0.117004 0.957764 0.233765 0.0825195 0.00116253
2 0.943359 0.871582 0.0273438 0.0742188 0.00113487
2 0.414917 0.146973 0.141846 0.0776367 0.0011301
3 0.0206146 0.068512 0.0405579 0.116882 0.00112343
2 0.960449 0.919922 0.0439453 0.0957031 0.00111961
2 0.941895 0.938477 0.0751953 0.0742188 0.0011034
3 0.976318 0.115723 0.0317383 0.220703 0.00106144
3 0.0192719 0.92627 0.0342102 0.102539 0.00106144
6 0.0445099 0.945068 0.0745544 0.0727539 0.00105381
2 0.943359 0.885742 0.0361328 0.101562 0.00105
2 0.117676 0.0220795 0.0742188 0.0388489 0.00104427
6 0.958252 0.0357513 0.0581055 0.0627747 0.00104046
6 0.914307 0.0332184 0.140137 0.0487976 0.00102901
