2 0.467407 0.304443 0.112061 0.112793 0.807617
2 0.369629 0.0135498 0.0224609 0.0264282 0.0785522
2 0.963867 0.900391 0.0234375 0.109375 0.0680542
2 0.968506 0.911133 0.0297852 0.103516 0.0327454
6 0.969971 0.91748 0.034668 0.116211 0.0310364
2 0.963135 0.873047 0.0209961 0.143555 0.0224457
6 0.0238037 0.914551 0.0440674 0.137695 0.0206146
2 0.474609 0.320557 0.145508 0.153809 0.0192261
2 0.369873 0.0148926 0.0356445 0.0297852 0.012413
1 0.0270996 0.896973 0.0515137 0.180664 0.00930786
13 0.462158 0.308594 0.112793 0.121094 0.0082016
6 0.9729 0.939209 0.0405273 0.0805664 0.00746918
1 0.0283203 0.936523 0.0390625 0.0839844 0.00741196
14 0.468262 0.30249 0.107422 0.116211 0.00727081
2 0.959961 0.897461 0.0195312 0.0927734 0.00554276
2 0.964111 0.833496 0.0209961 0.0917969 0.00528336
6 0.031189 0.939697 0.0539551 0.0913086 0.00372505
2 0.0273438 0.94458 0.0385742 0.0756836 0.00343704
2 0.46106 0.307373 0.072998 0.0947266 0.00328064
2 0.451172 0.302246 0.204102 0.171875 0.00323105
1 0.0250854 0.928223 0.0380859 0.125977 0.00296211
1 0.462402 0.311523 0.111328 0.114258 0.00281334
4 0.468262 0.30249 0.107422 0.116211 0.0027771
6 0.0302277 0.0798492 0.0545349 0.119843 0.00269699
9 0.468262 0.30249 0.107422 0.116211 0.00269508
2 0.259766 0.453125 0.0297852 0.0566406 0.00264168
2 0.963379 0.818359 0.0146484 0.0566406 0.00234985
2 0.962158 0.875 0.019043 0.0839844 0.0022831
6 0.02948 0.910645 0.05896 0.178711 0.00227547
2 0.964844 0.848145 0.0273438 0.183594 0.00224495
3 0.967773 0.912109 0.03125 0.125 0.00216484
3 0.0314331 0.14325 0.048584 0.218384 0.00202179
13 0.965332 0.910889 0.0283203 0.131348 0.00193691
3 0.0233154 0.914062 0.0400391 0.138672 0.00187016
7 0.468262 0.30249 0.107422 0.116211 0.00182629
6 0.462158 0.308594 0.112793 0.121094 0.00177956
6 0.976562 0.951172 0.0371094 0.0488281 0.00174713
2 0.962402 0.805664 0.0185547 0.0654297 0.00173473
1 0.0336304 0.852295 0.0515137 0.258301 0.00173473
2 0.958984 0.854004 0.0214844 0.160156 0.0017252
1 0.968506 0.911133 0.0297852 0.103516 0.00171566
6 0.981445 0.944336 0.0292969 0.0566406 0.00170422
6 0.965576 0.902344 0.027832 0.118164 0.00168896
2 0.796387 0.505859 0.0400391 0.0654297 0.00165939
1 0.0406494 0.730469 0.0531006 0.513672 0.00158596
19 0.462158 0.308594 0.112793 0.121094 0.00158405
19 0.334229 0.528809 0.668457 0.584961 0.00153351
2 0.9729 0.939209 0.0405273 0.0805664 0.00151634
8 0.462402 0.311523 0.111328 0.114258 0.0014801
18 0.462158 0.308594 0.112793 0.121094 0.00146484
16 0.468262 0.30249 0.107422 0.116211 0.00143909
2 0.354492 0.0146484 0.0551758 0.0264282 0.00143623
15 0.462402 0.311523 0.111328 0.114258 0.00142384
5 0.463013 0.312744 0.111084 0.116211 0.00140762
10 0.462158 0.308594 0.112793 0.121094 0.00140381
1 0.0424805 0.946045 0.0599365 0.0688477 0.00139809
3 0.462402 0.311523 0.111328 0.114258 0.00137424
17 0.468262 0.30249 0.107422 0.116211 0.00135708
12 0.463013 0.312744 0.111084 0.116211 0.00135422
2 0.665527 0.731934 0.0205078 0.0507812 0.00135422
11 0.468262 0.30249 0.107422 0.116211 0.00134754
1 0.789062 0.961426 0.141602 0.0361328 0.00133991
0 0.462158 0.308594 0.112793 0.121094 0.00133419
3 0.0341797 0.10202 0.0592041 0.162659 0.00132751
1 0.121613 0.965576 0.223083 0.043457 0.00131512
6 0.0314331 0.14325 0.048584 0.218384 0.00131321
14 0.369629 0.0135498 0.0224609 0.0264282 0.00128555
1 0.369629 0.0135498 0.0224609 0.0264282 0.00125122
2 0.959229 0.912109 0.0249023 0.146484 0.00123882
1 0.368896 0.0178528 0.03125 0.0346069 0.0012331
6 0.956787 0.0357819 0.0688477 0.0641785 0.0011673
8 0.334229 0.528809 0.668457 0.584961 0.00116348
1 0.5625 0.921143 0.746094 0.157715 0.00113487
1 0.10083 0.958496 0.177734 0.0693359 0.0011301
6 0.0261688 0.948486 0.033844 0.0756836 0.00112152
3 0.0406036 0.729492 0.0596619 0.511719 0.00103664
1 0.0605469 0.955078 0.0983887 0.0585938 0.00102615
2 0.379883 0.0189209 0.0429688 0.0344238 0.00102139
2 0.965332 0.873047 0.0361328 0.142578 0.00100613
