2 0.508789 0.811035 0.0322266 0.0761719 0.732422
2 0.0323486 0.616699 0.0289307 0.300781 0.536621
2 0.0298767 0.648438 0.0305786 0.198242 0.319824
2 0.0316162 0.698242 0.0283203 0.129883 0.318115
14 0.508789 0.8125 0.0322266 0.0810547 0.287354
2 0.509277 0.812012 0.0498047 0.0878906 0.0454712
2 0.0408325 0.609497 0.0360107 0.290771 0.0357666
2 0.518066 0.813477 0.0283203 0.0830078 0.034729
6 0.0387421 0.926758 0.0585022 0.0917969 0.0325012
6 0.121857 0.953857 0.226013 0.0922852 0.0276794
2 0.0283508 0.567383 0.0241089 0.182617 0.0205536
2 0.0410614 0.699219 0.0384827 0.125977 0.0200806
1 0.508789 0.812012 0.0332031 0.0761719 0.0176697
6 0.0496979 0.94043 0.0827332 0.0800781 0.0149765
2 0.0314789 0.512573 0.0215149 0.0910645 0.0143967
2 0.513184 0.822266 0.0292969 0.0849609 0.0113449
2 0.0328979 0.736328 0.0267334 0.214844 0.0107269
13 0.0342407 0.730957 0.0268555 0.0917969 0.0102463
2 0.0342407 0.730957 0.0268555 0.0917969 0.00930023
13 0.0316315 0.694336 0.032196 0.141602 0.00889587
2 0.0255585 0.701172 0.0238342 0.12793 0.00849152
1 0.97876 0.931641 0.0288086 0.0839844 0.00824738
6 0.977295 0.927002 0.0454102 0.114746 0.00820923
6 0.100372 0.947266 0.162537 0.0976562 0.00595474
6 0.0387421 0.903809 0.0663147 0.131836 0.00534821
2 0.0336456 0.497681 0.0202332 0.0866699 0.00518799
6 0.0613556 0.929932 0.111176 0.081543 0.0047226
6 0.97168 0.945801 0.0546875 0.0791016 0.00468063
2 0.0302887 0.518066 0.0307312 0.475586 0.00466919
3 0.0388794 0.934814 0.0593262 0.0854492 0.00452042
13 0.510742 0.814453 0.0302734 0.0732422 0.00403595
1 0.124603 0.949707 0.232727 0.0830078 0.00392151
13 0.0333252 0.617188 0.0321045 0.291992 0.00375748
2 0.0234375 0.620117 0.0255127 0.254883 0.00366211
2 0.53125 0.0114136 0.0576172 0.0223999 0.0036335
6 0.0287781 0.916992 0.052063 0.128906 0.00318718
3 0.975586 0.926514 0.0488281 0.105957 0.00316238
6 0.9104 0.958252 0.165527 0.0678711 0.00303841
1 0.968018 0.935303 0.0541992 0.0883789 0.00293732
14 0.518066 0.813477 0.0283203 0.0830078 0.0027504
2 0.0273438 0.577026 0.0415039 0.357666 0.00272942
19 0.313965 0.674805 0.530273 0.625 0.0025692
13 0.0340576 0.755859 0.0339355 0.325195 0.0022831
2 0.0328979 0.612793 0.0275879 0.139648 0.00222588
2 0.042984 0.794189 0.0468445 0.356934 0.00213814
6 0.0446777 0.877441 0.0750732 0.167969 0.00213432
9 0.508789 0.8125 0.0322266 0.0810547 0.00209427
3 0.958008 0.3479 0.0546875 0.695801 0.00208664
2 0.0335236 0.550781 0.0323181 0.261719 0.00206566
3 0.977783 0.901611 0.0444336 0.181152 0.00205803
3 0.0341949 0.785156 0.0461121 0.34668 0.00201607
8 0.313965 0.674805 0.530273 0.625 0.00201607
2 0.524902 0.010376 0.0341797 0.0205078 0.00201035
3 0.0446777 0.877441 0.0750732 0.167969 0.00189972
13 0.0339966 0.14624 0.043457 0.249023 0.00184441
19 0.508789 0.812012 0.0332031 0.0761719 0.0017519
14 0.509277 0.812012 0.0498047 0.0878906 0.00172997
2 0.0298767 0.649902 0.0239868 0.0947266 0.00166416
6 0.208008 0.972168 0.416016 0.0556641 0.00161457
4 0.0323486 0.616699 0.0289307 0.300781 0.00158596
2 0.646484 0.439453 0.0175781 0.0336914 0.0015831
3 0.0452271 0.81665 0.0627441 0.317871 0.0015583
13 0.0298767 0.648438 0.0305786 0.198242 0.00155544
2 0.976318 0.93042 0.0375977 0.0883789 0.00151825
2 0.032608 0.664551 0.0287781 0.134766 0.00151539
2 0.502441 0.818848 0.0322266 0.0810547 0.00150681
2 0.870117 0.0149841 0.0322266 0.027832 0.00150585
13 0.0328979 0.736328 0.0267334 0.214844 0.00149536
1 0.0388794 0.934814 0.0593262 0.0854492 0.00149345
6 0.121277 0.977783 0.223267 0.0444336 0.0014925
1 0.976562 0.921631 0.0410156 0.102051 0.00144482
19 0.378113 0.69043 0.43811 0.483398 0.00143814
6 0.12027 0.996582 0.225769 0.00683594 0.00143433
1 0.0674896 0.940674 0.113312 0.0776367 0.00143147
7 0.508789 0.8125 0.0322266 0.0810547 0.00139618
2 0.0345459 0.543945 0.0255127 0.181641 0.00137901
6 0.0709534 0.95166 0.12616 0.0830078 0.00132751
2 0.387939 0.474121 0.0185547 0.0683594 0.00128937
18 0.508789 0.8125 0.0322266 0.0810547 0.00128651
3 0.0372314 0.744629 0.0633545 0.441406 0.00128555
6 0.0452271 0.81665 0.0627441 0.317871 0.00127792
2 0.0377197 0.529663 0.0316162 0.436768 0.00126743
3 0.0289459 0.914551 0.0485535 0.129883 0.00126553
6 0.0339966 0.14624 0.043457 0.249023 0.00125408
6 0.945312 0.946045 0.0917969 0.0942383 0.00125027
19 0.624634 0.686035 0.504639 0.546875 0.00124741
2 0.514648 0.0117493 0.0820312 0.0231323 0.00124073
6 0.508789 0.8125 0.0322266 0.0810547 0.00123215
3 0.966553 0.29895 0.0532227 0.58374 0.00123024
6 0.0892029 0.921875 0.133606 0.15625 0.00119591
2 0.0283356 0.622559 0.0184021 0.113281 0.00117111
5 0.508789 0.8125 0.0322266 0.0810547 0.00117111
10 0.508789 0.812012 0.0332031 0.0761719 0.00116825
7 0.313965 0.674805 0.530273 0.625 0.00114155
0 0.508789 0.8125 0.0322266 0.0810547 0.00113583
16 0.508789 0.8125 0.0322266 0.0810547 0.0011301
12 0.508789 0.8125 0.0322266 0.0810547 0.00111294
8 0.508789 0.8125 0.0322266 0.0810547 0.00111294
2 0.0362549 0.790039 0.0344238 0.291992 0.00111008
12 0.313965 0.674805 0.530273 0.625 0.0011034
6 0.0841675 0.96167 0.15564 0.0766602 0.00108719
1 0.268799 0.963379 0.537598 0.0732422 0.0010519
11 0.508789 0.8125 0.0322266 0.0810547 0.00104523
13 0.0257263 0.701172 0.0227661 0.123047 0.00104523
17 0.508789 0.8125 0.0322266 0.0810547 0.00104237
3 0.97168 0.945312 0.0546875 0.078125 0.00102711
15 0.508789 0.8125 0.0322266 0.0810547 0.00102615
2 0.0381927 0.935547 0.066925 0.0722656 0.00101376
