2 0.491699 0.876953 0.432617 0.09375 0.825684
2 0.405762 0.869141 0.260742 0.105469 0.469727
2 0.632812 0.866699 0.136719 0.0253906 0.090271
2 0.585571 0.866211 0.236084 0.0273438 0.0829468
6 0.039856 0.0819092 0.055542 0.163818 0.0592651
2 0.532715 0.874023 0.349609 0.0566406 0.056366
3 0.0385132 0.0872192 0.0549316 0.174438 0.0402222
6 0.0353394 0.0437622 0.0540771 0.0875244 0.0386963
1 0.409424 0.868652 0.249512 0.108398 0.0354614
6 0.979248 0.945801 0.0336914 0.0810547 0.0235748
2 0.982422 0.94873 0.0273438 0.0732422 0.0234985
1 0.0385132 0.888916 0.0533447 0.188965 0.0209961
2 0.488281 0.881348 0.258789 0.09375 0.0169525
2 0.437256 0.869629 0.330566 0.150391 0.0132523
2 0.975342 0.561035 0.0180664 0.0947266 0.0121307
6 0.0313721 0.911133 0.0534668 0.150391 0.0118332
2 0.481934 0.852051 0.34668 0.0751953 0.0101547
1 0.494019 0.876953 0.437744 0.0791016 0.00977325
3 0.0389404 0.0496826 0.0509033 0.0993652 0.00933075
3 0.0356445 0.890137 0.0604248 0.186523 0.00914764
6 0.0477448 0.0506592 0.0744324 0.0961914 0.00904083
2 0.489258 0.841797 0.448242 0.15625 0.00855255
1 0.978516 0.951172 0.0332031 0.0761719 0.00798798
2 0.58252 0.749512 0.0976562 0.120117 0.00718689
1 0.0279541 0.899902 0.0437012 0.200195 0.00655746
6 0.977783 0.106934 0.0444336 0.195557 0.00646973
6 0.0382233 0.943115 0.0578308 0.0864258 0.00618744
3 0.977783 0.106934 0.0444336 0.195557 0.00561905
3 0.971191 0.721191 0.0576172 0.485352 0.00508118
2 0.580566 0.868164 0.269531 0.0429688 0.00501633
2 0.597168 0.740234 0.0664062 0.110352 0.00442505
19 0.321899 0.67041 0.598389 0.59375 0.00371933
13 0.429688 0.867676 0.3125 0.103516 0.00336647
2 0.653809 0.86377 0.123047 0.0244141 0.00329781
6 0.0362549 0.887207 0.059082 0.225586 0.00329208
2 0.974854 0.578125 0.0151367 0.0830078 0.00327301
2 0.501099 0.886475 0.460693 0.197754 0.0030632
6 0.0296326 0.100342 0.0442505 0.200684 0.00297165
2 0.54541 0.749512 0.172852 0.12793 0.00276375
1 0.0458984 0.914307 0.0618896 0.144043 0.00263596
6 0.050415 0.956543 0.0754395 0.0634766 0.00253105
8 0.321899 0.67041 0.598389 0.59375 0.00251198
2 0.489746 0.791992 0.428711 0.245117 0.00247192
3 0.0481567 0.0668335 0.0731201 0.128052 0.00246811
4 0.429688 0.867676 0.3125 0.103516 0.00243759
3 0.0429077 0.796631 0.0563965 0.352051 0.0023098
2 0.627441 0.86377 0.186523 0.0322266 0.00226021
3 0.0321045 0.84082 0.0610352 0.318359 0.00225639
2 0.790039 0.329346 0.0361328 0.0932617 0.00217438
3 0.0485077 0.0385895 0.0716858 0.0766296 0.00209045
3 0.0614471 0.498047 0.098053 0.996094 0.00206566
19 0.484863 0.585449 0.679688 0.700195 0.00205421
6 0.978271 0.0741882 0.043457 0.123108 0.00204277
2 0.039978 0.170105 0.0511475 0.336548 0.00190353
3 0.0444946 0.327881 0.0618896 0.655762 0.00187588
3 0.0372467 0.928467 0.0595398 0.123535 0.0018549
6 0.98584 0.939453 0.0283203 0.0839844 0.00180149
2 0.232178 0.247803 0.043457 0.12793 0.00176907
6 0.0391235 0.0336304 0.0488281 0.0601807 0.00172901
1 0.976562 0.92749 0.0410156 0.121582 0.00171375
4 0.0344849 0.0807495 0.0495605 0.161499 0.00169659
13 0.982422 0.94873 0.0273438 0.0732422 0.00168324
6 0.0580902 0.0769653 0.0903625 0.147827 0.00167942
1 0.039917 0.100189 0.0605469 0.197083 0.00165558
19 0.43689 0.683105 0.553955 0.478516 0.00159168
7 0.321899 0.67041 0.598389 0.59375 0.00156784
2 0.528442 0.781738 0.267334 0.209961 0.00156021
13 0.974609 0.123199 0.0429688 0.241394 0.0015564
4 0.321899 0.67041 0.598389 0.59375 0.00153255
8 0.484863 0.585449 0.679688 0.700195 0.00152493
12 0.321899 0.67041 0.598389 0.59375 0.00152493
14 0.429688 0.867676 0.3125 0.103516 0.00152111
13 0.493652 0.879395 0.431641 0.0888672 0.00147152
1 0.0452271 0.841797 0.0616455 0.249023 0.00145912
2 0.356445 0.119263 0.0498047 0.0202637 0.00145054
2 0.634766 0.866211 0.0751953 0.0244141 0.00144768
2 0.0387573 0.0332031 0.0454102 0.0604248 0.00143433
9 0.429688 0.867676 0.3125 0.103516 0.00140858
6 0.976318 0.0473022 0.043457 0.0838623 0.00140381
2 0.600586 0.865723 0.120117 0.0244141 0.0013628
3 0.0322266 0.134277 0.052124 0.268555 0.00135517
1 0.98584 0.94751 0.0283203 0.0756836 0.00135422
17 0.321899 0.67041 0.598389 0.59375 0.00132656
6 0.974365 0.922363 0.0356445 0.118164 0.00132179
6 0.0384369 0.132324 0.0549622 0.264648 0.00129032
2 0.97583 0.532715 0.0209961 0.142578 0.00127792
16 0.321899 0.67041 0.598389 0.59375 0.00126648
8 0.43689 0.683105 0.553955 0.478516 0.00126457
13 0.039856 0.0819092 0.055542 0.163818 0.00126171
9 0.321899 0.67041 0.598389 0.59375 0.00122547
4 0.495117 0.879883 0.427734 0.0810547 0.00118828
15 0.321899 0.67041 0.598389 0.59375 0.00117779
6 0.409424 0.868652 0.249512 0.108398 0.00117588
2 0.438477 0.890625 0.304688 0.0947266 0.00116444
2 0.0385742 0.0445557 0.0587158 0.0826416 0.00116158
18 0.321899 0.67041 0.598389 0.59375 0.00116062
2 0.986328 0.938721 0.0273438 0.0854492 0.00114059
19 0.677246 0.574219 0.501953 0.729492 0.00113964
6 0.083313 0.963623 0.137573 0.0532227 0.00113487
2 0.574219 0.724609 0.280273 0.260742 0.00112343
11 0.321899 0.67041 0.598389 0.59375 0.00112343
3 0.0272827 0.111694 0.0401611 0.205322 0.00108433
5 0.321899 0.67041 0.598389 0.59375 0.00108433
1 0.0343628 0.81665 0.0454102 0.32373 0.00108337
6 0.0829468 0.0352173 0.136597 0.0665283 0.00106907
0 0.321899 0.67041 0.598389 0.59375 0.00106239
1 0.0353394 0.0437622 0.0540771 0.0875244 0.00104237
19 0.429688 0.867676 0.3125 0.103516 0.00102234
2 0.367065 0.657715 0.605713 0.575195 0.00101089
1 0.863525 0.974609 0.272949 0.0429688 0.00100517
