2 0.470215 0.841309 0.15918 0.0419922 0.826172
6 0.979248 0.892578 0.0415039 0.177734 0.0491638
2 0.469116 0.844238 0.162354 0.0771484 0.0406494
6 0.0282898 0.0870667 0.0482788 0.170105 0.0388184
6 0.0375214 0.918213 0.0572815 0.124512 0.0268707
2 0.472534 0.839844 0.109619 0.0527344 0.0252075
3 0.0523376 0.500732 0.0901489 0.979004 0.0233459
6 0.0322266 0.148132 0.0430908 0.265259 0.022995
3 0.0468597 0.344482 0.0642395 0.64209 0.0223846
6 0.039978 0.893555 0.0588379 0.207031 0.0210114
2 0.702148 0.724609 0.0996094 0.0224609 0.0207214
6 0.976074 0.068573 0.0478516 0.125549 0.0203552
3 0.0322266 0.148132 0.0430908 0.265259 0.0185699
13 0.0266266 0.0985107 0.0341492 0.197021 0.0173187
1 0.0391693 0.891357 0.0603333 0.186035 0.0113373
6 0.0886841 0.957031 0.163696 0.0800781 0.0100327
6 0.977295 0.0497437 0.0395508 0.0906982 0.00990295
6 0.974609 0.174011 0.0390625 0.327759 0.00938416
3 0.976318 0.1008 0.0473633 0.182678 0.00881195
3 0.0419159 0.874512 0.0719299 0.182617 0.00876617
13 0.0243225 0.834473 0.0237427 0.133789 0.0087204
6 0.0459442 0.942627 0.0719299 0.0834961 0.0076828
3 0.974609 0.174011 0.0390625 0.327759 0.00767136
3 0.0393219 0.912842 0.0644226 0.158691 0.00732422
3 0.0302582 0.107941 0.0349426 0.197693 0.0069809
3 0.979248 0.890869 0.0375977 0.185059 0.00690842
2 0.713867 0.729004 0.117188 0.0234375 0.00660706
3 0.0333405 0.0853882 0.0485535 0.170776 0.00629044
6 0.957764 0.0467529 0.0805664 0.0849609 0.00610733
6 0.9729 0.90332 0.0424805 0.138672 0.00589371
6 0.0370483 0.933105 0.0526123 0.0810547 0.00557327
3 0.0479736 0.723877 0.0648193 0.509277 0.00533676
3 0.971924 0.256287 0.0385742 0.48938 0.00518036
3 0.984375 0.113312 0.0292969 0.208435 0.00516891
6 0.0422516 0.823242 0.0602722 0.345703 0.00515747
13 0.983398 0.1008 0.0332031 0.201233 0.00513458
6 0.0254517 0.111053 0.032959 0.205139 0.00473404
2 0.476562 0.843262 0.0732422 0.0371094 0.0047226
6 0.98291 0.0838623 0.0341797 0.167725 0.00461197
6 0.979492 0.936279 0.0410156 0.0766602 0.00425339
3 0.977295 0.0497437 0.0395508 0.0906982 0.00403976
6 0.0338135 0.0563354 0.0550537 0.107056 0.00384521
3 0.0422516 0.823242 0.0602722 0.345703 0.00383186
6 0.97876 0.103394 0.0424805 0.193848 0.00364304
3 0.038147 0.932617 0.0571289 0.105469 0.00361061
3 0.970459 0.881348 0.0415039 0.213867 0.00345993
6 0.0692139 0.946533 0.120361 0.0776367 0.00300026
6 0.937012 0.0415192 0.116211 0.0822449 0.00297356
6 0.970459 0.881348 0.0415039 0.213867 0.00297165
6 0.984375 0.0405121 0.03125 0.07547 0.00288773
2 0.4646 0.853027 0.171387 0.0419922 0.00276184
3 0.978027 0.92041 0.0439453 0.110352 0.00276184
6 0.0401001 0.22998 0.0499268 0.433594 0.0026207
2 0.70166 0.723633 0.128906 0.0302734 0.002491
3 0.0297089 0.887207 0.0472717 0.194336 0.00245476
13 0.0322266 0.148132 0.0430908 0.265259 0.00244713
1 0.100311 0.952637 0.173401 0.0947266 0.00232887
4 0.0457153 0.3396 0.0556641 0.650879 0.00230408
1 0.971436 0.887207 0.043457 0.176758 0.00229073
2 0.0243225 0.834473 0.0237427 0.133789 0.00218773
2 0.581055 0.117676 0.102539 0.0212402 0.0021553
2 0.971436 0.887207 0.043457 0.176758 0.00214958
1 0.0552826 0.936523 0.0967102 0.0917969 0.00211143
2 0.829102 0.295654 0.0302734 0.0795898 0.00206375
13 0.0402832 0.790283 0.0537109 0.376465 0.0020504
1 0.470215 0.841797 0.162109 0.0449219 0.00197983
3 0.0401001 0.22998 0.0499268 0.433594 0.00191975
2 0.036911 0.936523 0.0628967 0.0800781 0.00189495
3 0.974121 0.0685883 0.0517578 0.120392 0.001894
4 0.469238 0.842773 0.162109 0.0478516 0.00184155
2 0.473755 0.822754 0.162842 0.0693359 0.0017395
1 0.038147 0.932617 0.0571289 0.105469 0.00165844
2 0.979248 0.911865 0.0415039 0.125488 0.00154972
1 0.0319824 0.108154 0.0472412 0.212646 0.00154114
1 0.965576 0.061615 0.0668945 0.111145 0.00153923
19 0.463379 0.610474 0.62793 0.55835 0.00151348
3 0.971436 0.902344 0.0473633 0.132812 0.00150871
1 0.140015 0.953613 0.269287 0.0927734 0.00147915
3 0.969971 0.772461 0.0424805 0.404297 0.00147438
13 0.979492 0.878174 0.0410156 0.206543 0.00147247
2 0.434082 0.839844 0.220703 0.0488281 0.00147057
2 0.829102 0.251953 0.0380859 0.161621 0.00146008
1 0.911133 0.0453491 0.177734 0.0906982 0.00143814
3 0.981201 0.934082 0.0336914 0.0791016 0.00130558
13 0.979492 0.130981 0.0410156 0.247803 0.00130463
3 0.965332 0.345215 0.0537109 0.69043 0.00129223
2 0.101227 0.958008 0.191101 0.0839844 0.00127316
2 0.0467529 0.356934 0.0562744 0.674805 0.0012188
1 0.0245056 0.849121 0.0270386 0.186523 0.00121403
2 0.979492 0.936279 0.0410156 0.0766602 0.0012064
6 0.98291 0.915039 0.0341797 0.142578 0.00118828
3 0.983154 0.0671692 0.0297852 0.129333 0.00117207
1 0.979492 0.878174 0.0410156 0.206543 0.00116825
2 0.474121 0.833496 0.166016 0.126953 0.00115395
1 0.978027 0.920898 0.0439453 0.111328 0.00115299
2 0.714844 0.721191 0.0859375 0.0253906 0.00114536
1 0.937012 0.0415192 0.116211 0.0822449 0.00108719
1 0.0360718 0.165344 0.0461426 0.302124 0.00105572
1 0.972656 0.200745 0.0390625 0.38562 0.00105
13 0.0278473 0.069519 0.0429382 0.135864 0.00100422
