2 0.525391 0.91748 0.102539 0.0390625 0.757324
2 0.053772 0.398682 0.0308838 0.216309 0.191162
2 0.0530396 0.373047 0.0228271 0.146484 0.161133
2 0.54248 0.921875 0.0947266 0.0507812 0.12323
2 0.0477295 0.302979 0.0384521 0.555176 0.0751953
2 0.0455322 0.456665 0.0155029 0.072998 0.0686035
3 0.0368195 0.149902 0.0440369 0.269043 0.0588684
6 0.0384521 0.157043 0.041748 0.284546 0.0578918
1 0.0245972 0.114258 0.0270996 0.20752 0.0567322
2 0.0493774 0.394409 0.0192871 0.170166 0.0550232
2 0.048584 0.520996 0.0158691 0.0498047 0.04776
6 0.0271301 0.110992 0.0328979 0.217957 0.0406799
3 0.039505 0.782471 0.0555115 0.403809 0.0334167
3 0.0257568 0.917725 0.0487061 0.125488 0.0258331
3 0.0421143 0.243469 0.043335 0.460327 0.0209045
2 0.0496216 0.456055 0.0205078 0.0625 0.0207825
3 0.0283813 0.109375 0.036377 0.215088 0.0184479
3 0.0393219 0.852539 0.0671082 0.255859 0.0179443
2 0.527832 0.921875 0.100586 0.0791016 0.0161743
2 0.0475464 0.468872 0.0148926 0.0661621 0.0157776
2 0.0279541 0.102295 0.0328369 0.20459 0.0152588
2 0.0449219 0.41333 0.0167236 0.163574 0.0139236
2 0.0567017 0.35376 0.024292 0.126465 0.013298
1 0.0384521 0.157043 0.041748 0.284546 0.0117264
2 0.0516968 0.380859 0.0187988 0.0917969 0.0105362
6 0.0421143 0.243469 0.043335 0.460327 0.0102615
3 0.0349274 0.120331 0.0583191 0.19635 0.00972748
13 0.053772 0.398682 0.0308838 0.216309 0.00954437
1 0.0219727 0.149231 0.0172729 0.141968 0.00885773
3 0.0250854 0.158142 0.0285645 0.309692 0.00811005
2 0.0482788 0.431763 0.0184326 0.122803 0.00789642
2 0.0458984 0.487793 0.015625 0.121094 0.00788116
6 0.0328979 0.835938 0.0522461 0.291016 0.00775146
2 0.523926 0.928711 0.108398 0.0488281 0.00757599
6 0.0245819 0.929932 0.0421448 0.11084 0.00747299
1 0.0250244 0.130127 0.0355225 0.260254 0.00728989
3 0.95459 0.404907 0.0751953 0.778076 0.00701904
2 0.0228882 0.128265 0.0196533 0.202454 0.00696564
1 0.0248108 0.919678 0.0387573 0.148926 0.0067215
2 0.0432129 0.476074 0.0187988 0.0839844 0.0064621
2 0.0540161 0.332275 0.0219727 0.0761719 0.00568008
2 0.0435791 0.519043 0.0179443 0.0566406 0.00549698
2 0.0439453 0.390625 0.0218506 0.163086 0.00547028
3 0.973633 0.143982 0.0488281 0.260864 0.0054245
3 0.975586 0.11142 0.0488281 0.167786 0.00537491
2 0.0288696 0.165283 0.0308838 0.324707 0.00484467
2 0.0543213 0.407104 0.0487061 0.232666 0.00479507
13 0.0368195 0.149902 0.0440369 0.269043 0.0046463
2 0.0356445 0.250488 0.0383301 0.478516 0.00442505
2 0.0501099 0.478394 0.0200195 0.0773926 0.00439835
2 0.0485229 0.377563 0.0279541 0.185303 0.00424576
1 0.034668 0.110382 0.0395508 0.196228 0.00415039
6 0.0351562 0.106415 0.0412598 0.188049 0.00398636
4 0.0477295 0.302979 0.0384521 0.555176 0.00374031
3 0.0366058 0.0794983 0.0586243 0.148132 0.00369263
6 0.976562 0.128479 0.046875 0.219604 0.00358582
1 0.535645 0.919922 0.102539 0.0390625 0.00351715
1 0.0395355 0.831543 0.058136 0.30957 0.00337029
3 0.041748 0.672607 0.0632324 0.600098 0.00331879
13 0.119873 0.844238 0.041748 0.0605469 0.00326729
3 0.0289001 0.818359 0.0354614 0.322266 0.00318909
1 0.0421143 0.243469 0.043335 0.460327 0.0030098
2 0.0546875 0.312256 0.0164795 0.0415039 0.0028801
2 0.0384521 0.157043 0.041748 0.284546 0.00287819
3 0.0332031 0.202637 0.0335693 0.405273 0.00268364
2 0.042923 0.643921 0.0513611 0.686768 0.00267601
2 0.0236664 0.165039 0.0173645 0.126953 0.00266075
14 0.533203 0.919922 0.103516 0.0400391 0.00254631
2 0.49707 0.921875 0.164062 0.0517578 0.00248337
6 0.0366364 0.0778809 0.0514832 0.155762 0.00242805
2 0.0493164 0.39502 0.0163574 0.0893555 0.00239754
2 0.753906 0.317139 0.0322266 0.115234 0.00239754
2 0.0518188 0.45874 0.024292 0.206543 0.00237846
13 0.039505 0.782471 0.0555115 0.403809 0.0022831
13 0.534668 0.92041 0.0986328 0.0488281 0.00212288
2 0.0475464 0.490112 0.0147705 0.0812988 0.00205421
3 0.967285 0.211365 0.0498047 0.397583 0.00199699
2 0.0516357 0.341064 0.022583 0.11084 0.00198555
13 0.0257416 0.103729 0.0298157 0.200256 0.00191212
6 0.039505 0.782471 0.0555115 0.403809 0.00190449
3 0.0379639 0.895752 0.060791 0.159668 0.00181198
3 0.980225 0.0938416 0.0375977 0.144348 0.001791
2 0.0453491 0.527344 0.0134277 0.0585938 0.00173473
4 0.0356445 0.250488 0.0383301 0.478516 0.00169468
19 0.457642 0.680664 0.655029 0.630859 0.00167084
13 0.0515137 0.383545 0.0202637 0.144043 0.00165367
6 0.979248 0.092865 0.0415039 0.135071 0.00164604
2 0.119873 0.844238 0.041748 0.0605469 0.00164413
2 0.0259552 0.791504 0.0193787 0.0830078 0.00160408
4 0.0371704 0.162964 0.0422363 0.308838 0.00157166
2 0.0515137 0.314941 0.0192871 0.0498047 0.00154591
2 0.0440063 0.436401 0.0148926 0.083252 0.00153446
13 0.02565 0.790527 0.0187683 0.0771484 0.0015192
2 0.050293 0.519043 0.0333252 0.0546875 0.00151825
2 0.0529175 0.419434 0.0250244 0.135742 0.00151539
2 0.0239868 0.726562 0.0241699 0.130859 0.00143909
4 0.525879 0.916992 0.100586 0.0390625 0.00128937
8 0.457642 0.680664 0.655029 0.630859 0.00127602
2 0.055542 0.523438 0.0179443 0.0478516 0.00127506
19 0.379028 0.574341 0.478271 0.765381 0.00126171
2 0.0546875 0.377197 0.0388184 0.144531 0.00125504
8 0.379028 0.574341 0.478271 0.765381 0.00120354
2 0.538086 0.938965 0.105469 0.0585938 0.00118446
3 0.945312 0.570801 0.0664062 0.858398 0.00116539
3 0.0231323 0.888184 0.0317383 0.206055 0.00112534
3 0.0325317 0.933105 0.050293 0.104492 0.00110912
2 0.0270386 0.14917 0.0230713 0.150879 0.00106812
1 0.0220337 0.14856 0.0162354 0.0778809 0.00105095
7 0.0338745 0.149353 0.0418701 0.268677 0.00105
3 0.0200806 0.927002 0.0318604 0.120605 0.00104332
19 0.566895 0.697388 0.570312 0.5271 0.0010128
