2 0.37793 0.129974 0.209961 0.174622 0.830566
2 0.250488 0.197998 0.0322266 0.105469 0.791992
2 0.0197144 0.599609 0.0192871 0.0615234 0.127686
1 0.377686 0.131378 0.206543 0.184021 0.118896
3 0.0325928 0.147339 0.0541992 0.256104 0.0254517
6 0.0325928 0.147339 0.0541992 0.256104 0.0194855
1 0.03125 0.94458 0.041626 0.0737305 0.019165
6 0.950195 0.0477448 0.0703125 0.0749207 0.0182495
6 0.0270081 0.914307 0.0435181 0.14209 0.0154266
4 0.375 0.13446 0.227539 0.198853 0.0128098
6 0.0327148 0.94873 0.0439453 0.0712891 0.0098877
13 0.0325928 0.163025 0.052124 0.297974 0.00987244
6 0.0344849 0.890625 0.0516357 0.185547 0.00984192
2 0.387817 0.125092 0.279053 0.244446 0.00943756
6 0.955078 0.0643921 0.0742188 0.0948486 0.00889587
6 0.379028 0.132111 0.212646 0.177185 0.00865173
1 0.122955 0.958496 0.21991 0.0830078 0.00852203
2 0.019165 0.599609 0.0308838 0.0644531 0.00832367
2 0.378906 0.173828 0.220703 0.100098 0.0075264
2 0.298584 0.0803223 0.0664062 0.0932617 0.00695419
2 0.0210419 0.672852 0.0281067 0.237305 0.00654984
2 0.259033 0.19873 0.043457 0.112793 0.00641632
13 0.376831 0.135986 0.220947 0.199707 0.00566101
1 0.0913391 0.956787 0.146912 0.074707 0.00554276
1 0.0429688 0.95459 0.0628662 0.0654297 0.00549316
14 0.376831 0.135986 0.220947 0.199707 0.00524139
2 0.0207214 0.617676 0.0204468 0.0859375 0.00510788
6 0.89624 0.0319824 0.17627 0.0639648 0.00496292
13 0.0200806 0.598633 0.0198364 0.0615234 0.00462341
2 0.314209 0.0933838 0.101562 0.108154 0.00457001
9 0.376831 0.135986 0.220947 0.199707 0.00455856
19 0.376831 0.135986 0.220947 0.199707 0.00417328
11 0.376831 0.135986 0.220947 0.199707 0.00417328
16 0.376831 0.135986 0.220947 0.199707 0.00410843
1 0.939209 0.947021 0.104004 0.0961914 0.00402832
18 0.376831 0.135986 0.220947 0.199707 0.00396729
7 0.376831 0.135986 0.220947 0.199707 0.00393677
2 0.03125 0.950195 0.0378418 0.0664062 0.00393295
6 0.0476685 0.953857 0.0783691 0.0766602 0.00367165
10 0.376831 0.135986 0.220947 0.199707 0.00364304
1 0.188965 0.580566 0.0961914 0.110352 0.00361252
3 0.376831 0.135986 0.220947 0.199707 0.00360107
6 0.976318 0.897949 0.0473633 0.194336 0.00356865
2 0.357422 0.173828 0.21875 0.149902 0.00352859
3 0.0266113 0.912598 0.038208 0.168945 0.00345993
8 0.376831 0.135986 0.220947 0.199707 0.00339699
0 0.376831 0.135986 0.220947 0.199707 0.00339699
2 0.0240021 0.601074 0.0174255 0.0605469 0.00337029
6 0.0411377 0.929199 0.0605469 0.112305 0.0033493
15 0.376831 0.135986 0.220947 0.199707 0.00333214
1 0.248535 0.196899 0.0341797 0.104248 0.00332451
12 0.376831 0.135986 0.220947 0.199707 0.00325584
17 0.376831 0.135986 0.220947 0.199707 0.00320625
3 0.0343018 0.893311 0.0455322 0.197754 0.00314713
5 0.376831 0.135986 0.220947 0.199707 0.00312042
2 0.241211 0.197815 0.0395508 0.10144 0.00305748
2 0.757812 0.699219 0.0263672 0.0996094 0.002882
3 0.0322723 0.913818 0.052887 0.131348 0.00284576
6 0.109039 0.958496 0.178406 0.0751953 0.00282288
1 0.962646 0.933594 0.0610352 0.117188 0.00274658
3 0.952393 0.0474854 0.0698242 0.0775146 0.00269699
2 0.717285 0.5625 0.0224609 0.0800781 0.00268364
3 0.968994 0.902832 0.0541992 0.149414 0.00257874
13 0.249023 0.200928 0.0317383 0.101562 0.00257301
2 0.805664 0.0134888 0.0253906 0.0250854 0.00255585
1 0.916016 0.958984 0.150391 0.0761719 0.00253105
13 0.0222473 0.754395 0.0164185 0.0673828 0.00251579
19 0.571777 0.318237 0.513672 0.513916 0.00248337
6 0.0704041 0.958496 0.125305 0.0654297 0.0024395
6 0.918457 0.0466309 0.145508 0.0831299 0.00242615
6 0.0352936 0.861572 0.0404968 0.272949 0.002388
3 0.0388184 0.165283 0.0712891 0.330566 0.00235558
2 0.813965 0.0126953 0.0390625 0.0238647 0.00234985
14 0.248535 0.196899 0.0341797 0.104248 0.00229836
14 0.188965 0.580566 0.0961914 0.110352 0.00224304
6 0.963867 0.107819 0.0625 0.183289 0.00222206
6 0.935303 0.038147 0.0922852 0.0648193 0.00206757
3 0.0419312 0.334839 0.0561523 0.63501 0.00198174
2 0.0212097 0.262939 0.0176392 0.0678711 0.00197411
13 0.188965 0.580566 0.0961914 0.110352 0.0019474
2 0.246582 0.216309 0.0307617 0.113281 0.00187683
6 0.974365 0.938965 0.0473633 0.0927734 0.00185108
1 0.0802612 0.93457 0.13269 0.107422 0.00172138
3 0.0355988 0.0693207 0.0638123 0.113312 0.00164223
3 0.973633 0.116058 0.0449219 0.198547 0.00161934
2 0.293701 0.0710449 0.0517578 0.0627441 0.00161934
2 0.695801 0.774902 0.0244141 0.0605469 0.00161362
1 0.387817 0.125092 0.279053 0.244446 0.0015173
6 0.0842285 0.968506 0.168457 0.0571289 0.00151253
6 0.0350952 0.0664062 0.0594482 0.102295 0.00149441
2 0.0222473 0.754395 0.0164185 0.0673828 0.00147915
3 0.0383911 0.215515 0.052124 0.396118 0.00146866
2 0.337891 0.106537 0.141602 0.132629 0.00145531
6 0.0368652 0.212097 0.0516357 0.417603 0.00144386
2 0.0130615 0.601562 0.0211792 0.0615234 0.0014267
8 0.574707 0.31665 0.573242 0.528809 0.00141144
2 0.0437164 0.948486 0.0573425 0.0834961 0.00141048
6 0.930664 0.953125 0.115234 0.0917969 0.00135517
2 0.0325928 0.163025 0.052124 0.297974 0.00127602
6 0.955322 0.952881 0.0717773 0.090332 0.00127506
6 0.947998 0.0350494 0.0668945 0.0470886 0.0012722
13 0.825195 0.849609 0.0380859 0.119141 0.00121307
1 0.0292969 0.906006 0.0419922 0.154785 0.00119781
2 0.322266 0.205505 0.220215 0.151489 0.00116158
2 0.188965 0.580566 0.0961914 0.110352 0.00115108
1 0.972656 0.945312 0.0410156 0.09375 0.00111771
3 0.0294495 0.859863 0.0427856 0.274414 0.00110912
6 0.0837097 0.919678 0.135803 0.160645 0.00109291
6 0.965576 0.0513916 0.0493164 0.0898438 0.00105953
1 0.0359344 0.158875 0.052887 0.283813 0.00104237
9 0.248535 0.196899 0.0341797 0.104248 0.0010376
2 0.276794 0.198853 0.123169 0.105225 0.00102043
2 0.361084 0.0109863 0.0292969 0.0219727 0.00100803
