2 0.532104 0.184082 0.139893 0.0966797 0.537109
3 0.0454559 0.340942 0.0663147 0.636475 0.13562
3 0.950439 0.330688 0.0756836 0.590576 0.135376
3 0.0534668 0.468262 0.0789795 0.936523 0.0802002
2 0.500488 0.191162 0.0703125 0.0698242 0.0782471
2 0.719238 0.139648 0.155273 0.0280762 0.0675049
2 0.528809 0.163086 0.114258 0.133301 0.052887
3 0.943115 0.4375 0.074707 0.875 0.0450134
2 0.519043 0.195374 0.113281 0.0672607 0.0367737
6 0.976318 0.914551 0.0415039 0.147461 0.0328369
6 0.0372314 0.944824 0.0554199 0.0751953 0.0311432
6 0.0326538 0.919678 0.0493164 0.121582 0.0287781
2 0.541992 0.188477 0.116211 0.0541992 0.0203247
1 0.0362396 0.936279 0.0503235 0.105957 0.0196075
6 0.0409546 0.842529 0.0476074 0.293457 0.0132065
6 0.960205 0.949707 0.0600586 0.0849609 0.0125961
6 0.974365 0.938721 0.0415039 0.0893555 0.0105209
2 0.505005 0.164673 0.0769043 0.13208 0.0101852
1 0.0384521 0.950195 0.0506592 0.0664062 0.00992584
6 0.914551 0.954102 0.143555 0.0898438 0.00879669
6 0.0425873 0.907959 0.0561829 0.148926 0.00836182
3 0.937988 0.491577 0.108398 0.968018 0.00779343
3 0.933594 0.332031 0.0859375 0.664062 0.00737381
3 0.97583 0.916992 0.0463867 0.140625 0.00729752
1 0.943604 0.943604 0.097168 0.0932617 0.00720215
1 0.966064 0.948242 0.0463867 0.0859375 0.0068779
1 0.924316 0.955811 0.125977 0.0786133 0.00605392
3 0.0334473 0.29541 0.0430908 0.521484 0.0060463
6 0.0485077 0.953125 0.0677795 0.0664062 0.00595856
6 0.029007 0.0880127 0.0491638 0.158447 0.00569534
2 0.570801 0.145386 0.0722656 0.0871582 0.00563812
3 0.043045 0.877686 0.0552673 0.217285 0.00526047
2 0.495605 0.153442 0.046875 0.112061 0.00523376
6 0.943604 0.943604 0.097168 0.0932617 0.0047493
1 0.0292969 0.0976562 0.0430908 0.182129 0.0044632
3 0.0410767 0.234375 0.0498047 0.433594 0.00426483
2 0.0382843 0.948975 0.0506287 0.074707 0.00414276
2 0.493164 0.176147 0.0615234 0.102295 0.00400925
3 0.0319672 0.151001 0.0439758 0.260498 0.0038147
6 0.0456543 0.9375 0.0540771 0.0957031 0.00377464
2 0.571289 0.181152 0.0595703 0.0407715 0.00361252
2 0.729004 0.137451 0.157227 0.0439453 0.00344086
2 0.584473 0.139526 0.0439453 0.067627 0.00331116
3 0.0414276 0.407837 0.046051 0.789795 0.00328636
2 0.0453491 0.335938 0.0599365 0.649414 0.00325584
2 0.524414 0.165375 0.197266 0.182922 0.00315094
3 0.0333252 0.820801 0.0383301 0.311523 0.00314713
6 0.0845337 0.962158 0.15271 0.0620117 0.003088
2 0.0286713 0.477051 0.0210266 0.162109 0.00301552
2 0.0339355 0.385498 0.0465088 0.64209 0.00276947
2 0.0292969 0.289185 0.0373535 0.540771 0.00273323
3 0.0436401 0.92041 0.0480957 0.141602 0.00261879
2 0.031311 0.930664 0.0402832 0.115234 0.00248909
13 0.0258789 0.903809 0.0292969 0.188477 0.00245476
2 0.0258789 0.903809 0.0292969 0.188477 0.00239944
3 0.0331421 0.295898 0.0306396 0.316406 0.00238991
3 0.0368652 0.932129 0.0512695 0.102539 0.00234795
6 0.975586 0.864746 0.0390625 0.270508 0.00233459
1 0.0312347 0.93457 0.0349426 0.0722656 0.00232124
2 0.0338135 0.386047 0.0338135 0.390991 0.00230217
1 0.13446 0.958984 0.25647 0.0625 0.00230217
1 0.908203 0.969727 0.152344 0.0585938 0.00229073
4 0.532227 0.167542 0.135742 0.122925 0.00225449
13 0.532227 0.167542 0.135742 0.122925 0.00223732
3 0.0407715 0.298218 0.0360107 0.385986 0.0022049
2 0.500977 0.129761 0.0380859 0.0708008 0.00207329
6 0.980469 0.945557 0.0332031 0.0600586 0.00192165
6 0.0453491 0.335938 0.0599365 0.649414 0.00191402
6 0.974609 0.958008 0.0429688 0.0664062 0.00191021
6 0.0681305 0.950928 0.117401 0.074707 0.00186825
2 0.370605 0.0124054 0.0410156 0.0248108 0.00186348
1 0.529785 0.194031 0.129883 0.0679932 0.00181866
2 0.0425873 0.907959 0.0561829 0.148926 0.00180912
6 0.0337982 0.876953 0.0466614 0.203125 0.00179577
2 0.539551 0.207397 0.150391 0.0979004 0.00177383
6 0.102875 0.952881 0.177063 0.0864258 0.0017662
3 0.029129 0.918457 0.0415955 0.149414 0.00171947
3 0.0325317 0.098877 0.0546875 0.18335 0.00170326
6 0.0319672 0.151001 0.0439758 0.260498 0.00166321
2 0.966064 0.948242 0.0463867 0.0859375 0.00161457
6 0.043457 0.89624 0.0424805 0.205566 0.00161171
1 0.0632172 0.952637 0.107941 0.0693359 0.00160694
1 0.532227 0.167542 0.135742 0.122925 0.0015974
2 0.0534668 0.468262 0.0789795 0.936523 0.00158691
2 0.974365 0.938721 0.0415039 0.0893555 0.00156116
1 0.0453491 0.335938 0.0599365 0.649414 0.00155449
2 0.976318 0.914551 0.0415039 0.147461 0.00153637
3 0.0349121 0.47168 0.0698242 0.943359 0.00153446
1 0.0977478 0.955078 0.17218 0.0742188 0.00148678
3 0.966064 0.918945 0.050293 0.121094 0.00147533
13 0.0381012 0.94873 0.0507507 0.0712891 0.00145435
3 0.967529 0.269775 0.0610352 0.528809 0.00144005
2 0.567871 0.162109 0.102539 0.110352 0.00139332
6 0.957275 0.327881 0.0756836 0.596191 0.00136948
2 0.0401001 0.723511 0.0393066 0.529541 0.00134563
1 0.0299683 0.304443 0.0228271 0.183594 0.00134277
2 0.69043 0.13916 0.0927734 0.0222168 0.00133228
13 0.031311 0.930664 0.0402832 0.115234 0.0013113
13 0.976562 0.905273 0.0429688 0.173828 0.00130081
6 0.932861 0.923096 0.103027 0.153809 0.00129318
1 0.976562 0.905273 0.0429688 0.173828 0.00128078
6 0.958984 0.908203 0.0644531 0.183594 0.00124264
4 0.0453491 0.335938 0.0599365 0.649414 0.0012331
13 0.0453491 0.335938 0.0599365 0.649414 0.00122738
2 0.273682 0.965332 0.0786133 0.0185547 0.00120831
2 0.0449066 0.841309 0.0508118 0.25 0.00119781
1 0.0455322 0.922607 0.0618896 0.127441 0.0011816
6 0.141052 0.962158 0.2677 0.0600586 0.00117874
1 0.0410767 0.234375 0.0498047 0.433594 0.00113869
2 0.957275 0.320923 0.0698242 0.549561 0.00112343
13 0.950439 0.330688 0.0756836 0.590576 0.00111866
13 0.529785 0.194031 0.129883 0.0679932 0.00111389
3 0.0332031 0.946045 0.0461426 0.0708008 0.00111294
9 0.532227 0.167542 0.135742 0.122925 0.00110435
6 0.0564575 0.491211 0.0921631 0.982422 0.00109577
2 0.946533 0.401245 0.0795898 0.758057 0.001091
1 0.871338 0.967041 0.220215 0.065918 0.00105286
3 0.96875 0.821777 0.0488281 0.327148 0.00105095
2 0.250244 0.965332 0.0834961 0.0185547 0.00103474
1 0.943359 0.455933 0.09375 0.896729 0.00103188
1 0.957275 0.327881 0.0756836 0.596191 0.00102711
2 0.710449 0.13623 0.109375 0.0273438 0.00100803
