2 0.459961 0.808594 0.0292969 0.290039 0.340576
2 0.647461 0.470337 0.0175781 0.0632324 0.143677
6 0.0309143 0.144531 0.0402222 0.244141 0.10498
3 0.967041 0.711792 0.0541992 0.531494 0.0561523
2 0.468018 0.808594 0.0307617 0.296875 0.055542
3 0.966797 0.395752 0.0527344 0.711426 0.0545654
2 0.651367 0.478516 0.0175781 0.0634766 0.0448303
13 0.0284424 0.103027 0.0338135 0.176758 0.0371704
2 0.708984 0.488892 0.0146484 0.0505371 0.0306549
13 0.031311 0.146606 0.0401611 0.254639 0.0274658
6 0.97583 0.159241 0.034668 0.239136 0.0266418
2 0.031662 0.162598 0.0423889 0.29541 0.0195923
3 0.964355 0.578613 0.0517578 0.834961 0.0189209
3 0.465454 0.805176 0.0339355 0.298828 0.016861
2 0.463013 0.803711 0.0524902 0.293945 0.0158081
2 0.679199 0.0117493 0.03125 0.0234985 0.0153656
3 0.971436 0.272827 0.0493164 0.485596 0.0145721
2 0.19458 0.489746 0.0134277 0.0292969 0.0135956
2 0.539551 0.0132599 0.0273438 0.0265198 0.0135803
2 0.464478 0.734375 0.0222168 0.145508 0.0131378
3 0.031311 0.146606 0.0401611 0.254639 0.0115128
2 0.525391 0.0138855 0.0292969 0.027771 0.00836945
2 0.032959 0.931641 0.0325928 0.0644531 0.00788116
2 0.464233 0.708496 0.0197754 0.0839844 0.00736237
2 0.663574 0.522949 0.0185547 0.0507812 0.00735092
2 0.546875 0.0132294 0.0322266 0.0264587 0.00725555
4 0.970947 0.294922 0.050293 0.543945 0.00686646
2 0.515137 0.0140686 0.0234375 0.0281372 0.00685501
1 0.96875 0.949707 0.0527344 0.0771484 0.00637436
3 0.964844 0.80127 0.046875 0.362305 0.00587845
2 0.66748 0.520996 0.015625 0.0498047 0.00580597
6 0.0266113 0.108887 0.0303955 0.177002 0.00540543
3 0.963623 0.508057 0.0727539 0.929199 0.00522232
2 0.650391 0.468262 0.0361328 0.0908203 0.00497437
2 0.052124 0.67041 0.022583 0.0761719 0.00484467
3 0.967285 0.396606 0.0419922 0.531006 0.00463104
2 0.794922 0.0119324 0.0371094 0.0238647 0.0046196
1 0.032959 0.931641 0.0325928 0.0644531 0.00447083
2 0.807129 0.0125427 0.0302734 0.0250854 0.00429535
14 0.673828 0.0116882 0.0322266 0.0233765 0.00429153
6 0.0355225 0.207947 0.0411377 0.382935 0.00419998
1 0.938232 0.945312 0.104004 0.0996094 0.00419235
2 0.199829 0.490234 0.0161133 0.0322266 0.00390434
4 0.462036 0.808105 0.0339355 0.295898 0.00372696
2 0.776367 0.0111847 0.0380859 0.0223694 0.00371361
2 0.533203 0.0162354 0.0283203 0.0321045 0.00367546
2 0.461426 0.913086 0.0185547 0.0771484 0.00365067
1 0.978516 0.14566 0.0351562 0.209167 0.0036335
6 0.970947 0.271423 0.0463867 0.479614 0.00355721
1 0.914795 0.961914 0.152832 0.0703125 0.00345612
2 0.664062 0.510742 0.0146484 0.0634766 0.00336456
1 0.0324097 0.154541 0.039917 0.268066 0.00321388
13 0.97583 0.159241 0.034668 0.239136 0.00320435
3 0.97583 0.159241 0.034668 0.239136 0.00317001
2 0.711914 0.492798 0.0166016 0.0495605 0.00310135
1 0.961426 0.925049 0.0615234 0.132324 0.00305367
2 0.656738 0.495239 0.0166016 0.0808105 0.00290298
1 0.465576 0.806152 0.0297852 0.300781 0.00268364
3 0.972656 0.20874 0.0390625 0.353027 0.0025444
6 0.97168 0.944092 0.0507812 0.0844727 0.00250053
2 0.916016 0.0128479 0.0244141 0.0256958 0.00248909
13 0.647461 0.470337 0.0175781 0.0632324 0.00237274
2 0.6875 0.0115662 0.0332031 0.0231323 0.00234032
1 0.0530396 0.94043 0.0814209 0.0859375 0.00233841
13 0.0237427 0.157104 0.0145874 0.0463867 0.00232315
6 0.0337524 0.929199 0.0386963 0.0849609 0.00224876
13 0.0355225 0.207947 0.0411377 0.382935 0.00224876
13 0.0251617 0.125244 0.0232849 0.181641 0.00223351
2 0.0426788 0.78833 0.0384216 0.39209 0.00220299
14 0.366943 0.871582 0.0126953 0.0166016 0.00217628
3 0.0290222 0.102539 0.0377808 0.176758 0.00207329
3 0.965088 0.617554 0.0405273 0.536377 0.00205231
3 0.966797 0.875732 0.0546875 0.205566 0.00202179
6 0.966309 0.844482 0.0478516 0.27002 0.00199318
6 0.978516 0.128174 0.0371094 0.159668 0.00196266
6 0.0283508 0.0954895 0.0462036 0.163025 0.00184822
1 0.0994873 0.948975 0.162109 0.0825195 0.00177288
2 0.671387 0.525391 0.0185547 0.0400391 0.00173378
1 0.0874023 0.961914 0.155273 0.046875 0.0017271
2 0.200195 0.493164 0.0239258 0.0361328 0.00170231
2 0.0305176 0.130188 0.0345459 0.217163 0.0016222
13 0.978516 0.128174 0.0371094 0.159668 0.00161743
2 0.036438 0.893311 0.0408936 0.164551 0.00160503
2 0.461548 0.878906 0.0251465 0.12207 0.00159931
6 0.965332 0.714722 0.0478516 0.543213 0.0015955
2 0.768066 0.0103149 0.0341797 0.0206299 0.00150394
2 0.973633 0.948486 0.046875 0.0795898 0.00149536
2 0.0386963 0.321655 0.0440674 0.610596 0.00148869
2 0.646973 0.466064 0.0332031 0.0639648 0.00146008
2 0.555664 0.0118408 0.0361328 0.0236816 0.00141907
13 0.465576 0.806152 0.0297852 0.300781 0.00138569
6 0.465576 0.806152 0.0297852 0.300781 0.00135994
1 0.0347443 0.889648 0.044281 0.167969 0.00133228
2 0.620117 0.463745 0.0205078 0.0598145 0.00127792
1 0.965332 0.714722 0.0478516 0.543213 0.00125408
13 0.0529175 0.672363 0.019043 0.0693359 0.00125122
2 0.463623 0.757324 0.0297852 0.18457 0.00121307
6 0.9729 0.898926 0.0444336 0.186523 0.00116348
2 0.0595703 0.681152 0.0175781 0.0429688 0.0011425
1 0.0266113 0.108887 0.0303955 0.177002 0.00112343
4 0.0377197 0.272339 0.0452881 0.50415 0.00111961
3 0.0355225 0.207947 0.0411377 0.382935 0.00111008
14 0.685059 0.0122223 0.0458984 0.0244446 0.00109959
2 0.65918 0.503906 0.015625 0.0654297 0.00109863
3 0.975586 0.858887 0.0410156 0.258789 0.00105858
2 0.0396118 0.927734 0.0397949 0.0761719 0.00105858
2 0.708496 0.480957 0.0205078 0.0556641 0.00105476
6 0.966797 0.395752 0.0527344 0.711426 0.00105286
14 0.820312 0.70166 0.0126953 0.0146484 0.0010519
13 0.0254364 0.151123 0.0185852 0.065918 0.00104141
2 0.462158 0.920898 0.0131836 0.0673828 0.00103951
2 0.65625 0.0118408 0.0576172 0.0236816 0.00103378
4 0.651367 0.478516 0.0175781 0.0634766 0.00101376
