2 0.636719 0.78125 0.276367 0.129883 0.90625
14 0.731445 0.304443 0.0273438 0.0366211 0.708984
3 0.0374756 0.206726 0.0467529 0.371704 0.217896
14 0.729004 0.304443 0.0302734 0.0532227 0.178711
3 0.952148 0.501099 0.0917969 0.954834 0.0878906
1 0.0366211 0.174438 0.0408936 0.314209 0.0386353
1 0.984375 0.905273 0.03125 0.116211 0.0341187
2 0.412354 0.0136719 0.0209961 0.0235596 0.0316772
6 0.039856 0.949707 0.0593262 0.0654297 0.0315247
3 0.0711517 0.514526 0.0971985 0.970947 0.0314331
14 0.725586 0.297119 0.0263672 0.0395508 0.0277863
2 0.109619 0.0106812 0.0263672 0.0213623 0.0260468
1 0.987305 0.885742 0.0253906 0.09375 0.0211792
6 0.0391083 0.206665 0.0445862 0.383057 0.0211487
3 0.963867 0.609863 0.0683594 0.780273 0.019516
3 0.953125 0.331055 0.0664062 0.649414 0.0193787
2 0.580566 0.320312 0.0195312 0.0615234 0.0165863
3 0.970947 0.714233 0.0581055 0.542236 0.0121994
1 0.0427399 0.950684 0.0661316 0.0634766 0.0115738
6 0.0620117 0.954102 0.110596 0.0625 0.0114899
6 0.979736 0.918457 0.0405273 0.141602 0.00999451
3 0.0506592 0.512695 0.101318 0.953125 0.00967407
4 0.0391083 0.206665 0.0445862 0.383057 0.0083847
3 0.94043 0.421387 0.0664062 0.842773 0.00804901
2 0.982422 0.914795 0.0351562 0.13916 0.0076828
2 0.729492 0.302734 0.03125 0.0449219 0.00758362
1 0.0701447 0.95752 0.114594 0.0673828 0.00740433
2 0.640625 0.793945 0.305664 0.227539 0.00740051
2 0.532227 0.0115356 0.0244141 0.0219727 0.00663376
1 0.982422 0.882812 0.0253906 0.114258 0.00624466
2 0.0341949 0.824219 0.0249939 0.164062 0.00624466
2 0.643555 0.782227 0.148438 0.129883 0.00576019
1 0.981445 0.873047 0.0332031 0.163086 0.0056572
14 0.719727 0.302979 0.0302734 0.0424805 0.00502777
2 0.424316 0.0129395 0.0307617 0.0230103 0.004673
14 0.740234 0.30249 0.0283203 0.0385742 0.0045433
6 0.0318604 0.923584 0.0546875 0.109863 0.00450134
6 0.0861511 0.955811 0.14801 0.0805664 0.00436401
1 0.0423431 0.224609 0.0437317 0.422363 0.00428772
1 0.637695 0.779297 0.275391 0.125977 0.00405121
1 0.979492 0.916016 0.0351562 0.148438 0.00390053
2 0.447754 0.0136414 0.0209961 0.0220337 0.00382614
13 0.637695 0.779297 0.275391 0.125977 0.0036602
3 0.0619812 0.620605 0.0776978 0.648438 0.00359535
3 0.0410156 0.261719 0.0467529 0.523438 0.00358772
1 0.0336914 0.120911 0.0413818 0.213257 0.00354767
6 0.0457001 0.838867 0.0665588 0.296875 0.00352287
2 0.507324 0.281006 0.0166016 0.0532227 0.00348663
14 0.735352 0.311523 0.0292969 0.0473633 0.00345802
4 0.636719 0.785645 0.276367 0.162109 0.00316811
3 0.983154 0.913574 0.0317383 0.141602 0.00302696
4 0.729492 0.303711 0.03125 0.043457 0.00299835
2 0.0336914 0.939941 0.0368652 0.0439453 0.00289345
3 0.964844 0.292114 0.0546875 0.540771 0.0027256
1 0.952148 0.501099 0.0917969 0.954834 0.0026741
2 0.105347 0.0124664 0.0375977 0.0249329 0.00265503
2 0.0427399 0.950684 0.0661316 0.0634766 0.00254631
3 0.0480194 0.776367 0.0648499 0.417969 0.00244904
6 0.044754 0.902588 0.072113 0.161621 0.00234604
2 0.985352 0.874512 0.0253906 0.12793 0.00232124
14 0.63623 0.78125 0.267578 0.125 0.0022831
2 0.0337067 0.823242 0.0264587 0.0898438 0.00225449
2 0.956543 0.505249 0.0869141 0.954346 0.00223351
2 0.625977 0.0220337 0.0351562 0.0440674 0.00219536
19 0.730957 0.303467 0.0273438 0.0356445 0.00219154
1 0.974609 0.95459 0.0507812 0.0791016 0.00218964
1 0.125549 0.963623 0.245972 0.0727539 0.00211334
1 0.72998 0.303955 0.0244141 0.0390625 0.0021019
9 0.637207 0.781738 0.27832 0.126953 0.00209618
14 0.728516 0.297119 0.0361328 0.0820312 0.00201416
3 0.0477753 0.662842 0.0543518 0.623535 0.00201225
3 0.0523529 0.340088 0.0649719 0.680176 0.00201035
3 0.0447998 0.868164 0.0753174 0.216797 0.00200653
2 0.0370483 0.824219 0.0393066 0.318359 0.00200272
2 0.41333 0.0145264 0.0385742 0.0263672 0.00193787
2 0.116302 0.959717 0.197083 0.0668945 0.00190258
13 0.729492 0.303467 0.0283203 0.0415039 0.0018816
6 0.125549 0.963623 0.245972 0.0727539 0.00176907
3 0.0366211 0.819336 0.0456543 0.310547 0.0017271
1 0.0394897 0.0985107 0.0429688 0.143555 0.0017252
1 0.0327301 0.944336 0.0466003 0.0625 0.00170422
2 0.0327301 0.944336 0.0466003 0.0625 0.00165749
6 0.952148 0.501099 0.0917969 0.954834 0.00164413
1 0.0420532 0.136047 0.0447998 0.229858 0.00163746
6 0.637207 0.781738 0.27832 0.126953 0.00163364
9 0.731445 0.304443 0.0273438 0.0366211 0.00158691
2 0.671387 0.758301 0.222656 0.0800781 0.00153255
16 0.638184 0.777832 0.290039 0.166992 0.00152397
3 0.0403442 0.949707 0.05896 0.0673828 0.00150394
2 0.415771 0.0164795 0.0258789 0.0313721 0.00150299
1 0.0327148 0.938965 0.0362549 0.0449219 0.00150013
2 0.638184 0.71582 0.321289 0.285156 0.00149536
2 0.987305 0.87207 0.0214844 0.0449219 0.00145054
19 0.637207 0.781738 0.27832 0.126953 0.00144768
14 0.741211 0.30249 0.0488281 0.0439453 0.00143814
2 0.0685883 0.953613 0.114532 0.0693359 0.00139236
2 0.449219 0.0188599 0.0214844 0.0321045 0.00137424
7 0.637207 0.781738 0.27832 0.126953 0.00135994
5 0.637207 0.781738 0.27832 0.126953 0.00133896
14 0.727539 0.300049 0.0458984 0.0498047 0.00131989
14 0.732422 0.319092 0.0224609 0.0375977 0.00131512
18 0.638184 0.777832 0.290039 0.166992 0.00131035
11 0.638184 0.777832 0.290039 0.166992 0.00128555
14 0.412354 0.013855 0.0205078 0.0239258 0.00127697
19 0.45752 0.596802 0.569336 0.628662 0.00127316
2 0.112671 0.0142212 0.0334473 0.0284424 0.00125217
8 0.638184 0.777832 0.290039 0.166992 0.00122738
16 0.731445 0.304443 0.0273438 0.0366211 0.00122738
14 0.952148 0.501099 0.0917969 0.954834 0.00122452
10 0.730469 0.304443 0.0273438 0.0375977 0.00122261
17 0.637207 0.781738 0.27832 0.126953 0.00120544
10 0.637207 0.781738 0.27832 0.126953 0.00120068
13 0.0351562 0.825684 0.0256348 0.180664 0.00119495
0 0.952148 0.501099 0.0917969 0.954834 0.00119305
5 0.730957 0.304199 0.0273438 0.0366211 0.00119114
3 0.0494995 0.203857 0.0418701 0.375 0.00119114
6 0.977539 0.951904 0.0449219 0.0766602 0.00117493
17 0.730469 0.304443 0.0273438 0.0375977 0.00116158
3 0.976318 0.806396 0.0473633 0.375488 0.00115871
3 0.638184 0.777832 0.290039 0.166992 0.00115395
6 0.0335236 0.149536 0.044281 0.276611 0.00115108
15 0.638184 0.777832 0.290039 0.166992 0.00114059
6 0.0351562 0.94043 0.0473633 0.0507812 0.00113869
12 0.637207 0.781738 0.27832 0.126953 0.00113678
0 0.637207 0.781738 0.27832 0.126953 0.00113678
15 0.731445 0.304443 0.0273438 0.0366211 0.00113487
2 0.0391083 0.206665 0.0445862 0.383057 0.00113201
10 0.952148 0.501099 0.0917969 0.954834 0.00112057
1 0.978271 0.129639 0.0375977 0.231934 0.0011158
16 0.952148 0.501099 0.0917969 0.954834 0.00111198
4 0.29126 0.308838 0.0224609 0.0722656 0.00111008
2 0.0437012 0.325928 0.0449219 0.626465 0.0011034
11 0.952148 0.501099 0.0917969 0.954834 0.0011034
12 0.952148 0.501099 0.0917969 0.954834 0.00108719
11 0.730469 0.304443 0.0273438 0.0375977 0.00108719
13 0.956543 0.505249 0.0869141 0.954346 0.00107479
1 0.887451 0.975586 0.221191 0.0449219 0.00107384
6 0.0711517 0.514526 0.0971985 0.970947 0.00107098
1 0.984375 0.847168 0.03125 0.25293 0.00106239
6 0.0487061 0.942383 0.0681152 0.0878906 0.00104713
1 0.729004 0.304443 0.0302734 0.0532227 0.00103951
2 0.771484 0.0142975 0.0322266 0.028595 0.00100803
8 0.952148 0.501099 0.0917969 0.954834 0.00100613
3 0.0363007 0.913086 0.0565491 0.15625 0.00100231
