2 0.563477 0.805176 0.179688 0.258789 0.765625
2 0.980713 0.53418 0.0327148 0.37793 0.647461
2 0.319824 0.0181427 0.0239258 0.0271912 0.0583191
2 0.972656 0.521973 0.0332031 0.384766 0.0541077
2 0.554199 0.139771 0.139648 0.0234375 0.0512695
6 0.085022 0.961914 0.148804 0.0683594 0.0297546
6 0.0377197 0.920898 0.0645752 0.111328 0.0155792
6 0.041626 0.940918 0.0603027 0.0869141 0.0134201
6 0.976807 0.894531 0.0463867 0.169922 0.0125122
3 0.0493774 0.421875 0.0661621 0.84375 0.0112915
2 0.571289 0.746582 0.161133 0.137695 0.0110397
2 0.976562 0.507324 0.0273438 0.267578 0.0109329
2 0.976807 0.454712 0.0288086 0.481201 0.00990295
3 0.041687 0.337402 0.045166 0.623047 0.00844574
2 0.324463 0.0141602 0.0229492 0.0217896 0.00704575
4 0.562988 0.804688 0.191406 0.275391 0.00701904
2 0.578735 0.805176 0.280029 0.306641 0.00693893
2 0.980469 0.609375 0.0273438 0.208984 0.00685501
2 0.318848 0.0210266 0.0288086 0.0385132 0.00676727
2 0.580078 0.143555 0.0693359 0.0161133 0.00638199
6 0.0537567 0.956543 0.084137 0.0634766 0.00636673
1 0.059845 0.937744 0.104431 0.10498 0.00623703
6 0.115479 0.968262 0.211426 0.0634766 0.00606918
1 0.562988 0.804688 0.191406 0.275391 0.0059967
2 0.0326538 0.510742 0.0224609 0.211914 0.00597
6 0.975342 0.126678 0.0317383 0.213928 0.00595474
6 0.0658722 0.943848 0.102142 0.102539 0.0055809
6 0.043335 0.918213 0.0664062 0.163574 0.00500488
1 0.120026 0.951172 0.216492 0.0976562 0.00484085
2 0.97168 0.358032 0.0449219 0.692139 0.00472641
2 0.538086 0.853027 0.107422 0.176758 0.00455856
13 0.0299072 0.141541 0.0323486 0.224731 0.0044899
2 0.327637 0.018692 0.0307617 0.0275574 0.00434875
6 0.030014 0.930176 0.0427551 0.118164 0.0043335
1 0.975342 0.126678 0.0317383 0.213928 0.00427628
6 0.976562 0.937256 0.046875 0.0844727 0.0042305
13 0.567871 0.80957 0.165039 0.258789 0.00401688
2 0.317139 0.0138245 0.0263672 0.0224609 0.00355911
3 0.0377655 0.922363 0.0577698 0.120117 0.00351143
6 0.0303345 0.116852 0.032959 0.16864 0.00349236
2 0.041687 0.337402 0.045166 0.623047 0.00345802
2 0.552734 0.143799 0.117188 0.0366211 0.00305176
1 0.0358887 0.931885 0.0445557 0.0952148 0.00304413
13 0.974854 0.128204 0.0327148 0.225037 0.00302505
6 0.0302124 0.894287 0.0506592 0.17627 0.00299072
2 0.975586 0.615723 0.0253906 0.25293 0.00284958
3 0.977295 0.896973 0.0415039 0.18457 0.00270081
3 0.0627594 0.504883 0.0932312 0.974609 0.0026207
2 0.557617 0.1427 0.0878906 0.020752 0.00256538
6 0.564453 0.805664 0.191406 0.273438 0.0025425
1 0.0375977 0.89502 0.0574951 0.174805 0.0024929
3 0.0373535 0.889893 0.0616455 0.17334 0.00243568
2 0.0286713 0.573242 0.0173645 0.108398 0.0023632
2 0.320068 0.0154724 0.0395508 0.0256958 0.00230217
2 0.977783 0.650391 0.0209961 0.165039 0.00219154
14 0.562988 0.804688 0.191406 0.275391 0.00217819
2 0.981445 0.464844 0.0214844 0.222656 0.00217819
9 0.567871 0.80957 0.165039 0.258789 0.00217247
2 0.0344238 0.412781 0.0291748 0.43811 0.00210762
2 0.32373 0.0207825 0.0449219 0.031311 0.00208855
1 0.125244 0.968994 0.250488 0.0620117 0.00206375
1 0.085022 0.961914 0.148804 0.0683594 0.0020256
6 0.0377197 0.8479 0.0488281 0.272949 0.00198364
2 0.0405121 0.9375 0.0508118 0.09375 0.00194931
4 0.980469 0.537598 0.03125 0.375977 0.00190544
2 0.576172 0.135864 0.107422 0.0244141 0.001894
2 0.026474 0.365479 0.0206604 0.154785 0.00189209
6 0.0973816 0.949219 0.175354 0.101562 0.00187683
19 0.564453 0.805664 0.191406 0.273438 0.00184631
11 0.562988 0.804688 0.191406 0.275391 0.00180149
6 0.0847168 0.972656 0.158691 0.0546875 0.00178623
2 0.0985107 0.961914 0.177246 0.0703125 0.00174904
16 0.564453 0.805664 0.191406 0.273438 0.00174904
18 0.564453 0.805664 0.191406 0.273438 0.00173569
2 0.0324707 0.30658 0.0196533 0.2052 0.00166416
14 0.319824 0.0181427 0.0239258 0.0271912 0.00164986
7 0.564453 0.805664 0.191406 0.273438 0.00161171
2 0.0287018 0.793457 0.0202332 0.0888672 0.00161171
8 0.564453 0.805664 0.191406 0.273438 0.00160599
6 0.0333099 0.951416 0.0508118 0.0600586 0.00159931
5 0.562988 0.804688 0.191406 0.275391 0.00158596
3 0.039856 0.946289 0.0574951 0.0800781 0.00158119
3 0.562988 0.804688 0.191406 0.275391 0.00156784
6 0.0747681 0.989258 0.131958 0.0214844 0.00156689
17 0.562988 0.804688 0.191406 0.275391 0.00152493
10 0.564453 0.805664 0.191406 0.273438 0.00150871
15 0.564453 0.805664 0.191406 0.273438 0.00150871
6 0.0862732 0.925781 0.138 0.148438 0.0014677
0 0.564453 0.805664 0.191406 0.273438 0.00145817
3 0.0374756 0.863281 0.0500488 0.25 0.00145531
2 0.030014 0.54187 0.0207825 0.1604 0.0014267
6 0.101837 0.982666 0.174744 0.034668 0.00137997
1 0.911133 0.943359 0.144531 0.101562 0.00131893
3 0.0299072 0.141541 0.0323486 0.224731 0.00130463
2 0.98584 0.564941 0.0283203 0.339844 0.0012846
2 0.0310364 0.299255 0.0232544 0.409302 0.0012846
6 0.0547333 0.993164 0.102203 0.0136719 0.00127316
12 0.564453 0.805664 0.191406 0.273438 0.0012722
2 0.587891 0.141357 0.0556641 0.0224609 0.00124836
3 0.970703 0.311768 0.046875 0.595215 0.00124168
2 0.479004 0.793945 0.0244141 0.0361328 0.00121307
2 0.688965 0.339844 0.0234375 0.0644531 0.00120831
2 0.968018 0.558105 0.0327148 0.250977 0.00119972
2 0.97168 0.766113 0.0332031 0.407227 0.00119019
3 0.974854 0.128204 0.0327148 0.225037 0.00118065
2 0.550781 0.833008 0.12793 0.25 0.00112629
2 0.0470428 0.420898 0.0619202 0.841797 0.00112534
2 0.565918 0.841309 0.135742 0.181641 0.00110149
3 0.97583 0.922363 0.0483398 0.114258 0.00109673
3 0.966309 0.376099 0.0673828 0.728271 0.00107765
2 0.378662 0.283203 0.0253906 0.0483398 0.00105572
2 0.978516 0.683594 0.0175781 0.130859 0.00104809
2 0.980469 0.326416 0.0390625 0.652832 0.00104332
2 0.9729 0.323364 0.034668 0.529053 0.00103474
4 0.970703 0.38147 0.0585938 0.688232 0.00102711
2 0.0345306 0.921143 0.0420227 0.108887 0.00100136
