2 0.49646 0.0394135 0.0949707 0.0466614 0.774414
2 0.447876 0.0440674 0.204834 0.0528564 0.44751
3 0.97168 0.141144 0.0527344 0.247498 0.205078
3 0.0477905 0.488281 0.0761719 0.976562 0.116577
3 0.0332642 0.415527 0.0665283 0.831055 0.115479
3 0.966797 0.64624 0.0625 0.70752 0.0924683
3 0.956055 0.496094 0.0800781 0.992188 0.0715332
6 0.0262146 0.925293 0.0480347 0.12793 0.0386353
6 0.972656 0.14447 0.0449219 0.258911 0.0352783
3 0.967529 0.2005 0.0473633 0.387085 0.0313721
2 0.49707 0.0368042 0.0996094 0.0736084 0.02771
3 0.976318 0.336426 0.0473633 0.672852 0.0261536
6 0.978271 0.953613 0.0395508 0.0712891 0.0237122
3 0.0447998 0.348999 0.0708008 0.657471 0.0198517
2 0.37262 0.0372314 0.368042 0.055542 0.0183105
6 0.0307312 0.949219 0.0531616 0.0800781 0.0171967
3 0.0252075 0.932129 0.050415 0.108398 0.0166779
2 0.316162 0.411133 0.0283203 0.0478516 0.0142059
4 0.775391 0.511108 0.138672 0.958252 0.0123138
1 0.969727 0.142944 0.0488281 0.264893 0.0112381
6 0.97583 0.887939 0.0483398 0.185059 0.0109177
3 0.97168 0.484497 0.0566406 0.890381 0.0107956
2 0.443115 0.0334473 0.239746 0.0668945 0.0101166
2 0.491089 0.0489502 0.111572 0.041626 0.0094223
2 0.301941 0.0372162 0.494751 0.0732727 0.0090332
2 0.602051 0.593262 0.118164 0.308594 0.00874329
6 0.0843811 0.971436 0.162781 0.0571289 0.0086441
3 0.0296021 0.300781 0.0592041 0.601562 0.00853729
3 0.978027 0.176697 0.0439453 0.351685 0.0068779
3 0.97583 0.716187 0.0483398 0.559814 0.00618744
3 0.963867 0.360352 0.0605469 0.720703 0.00593567
2 0.973633 0.334717 0.0527344 0.669434 0.0055809
3 0.0327148 0.553223 0.0583496 0.893555 0.00549316
2 0.0300598 0.948975 0.0322876 0.0727539 0.00545883
2 0.494629 0.0439453 0.100586 0.0878906 0.0051918
2 0.478027 0.034729 0.125977 0.053833 0.00479507
3 0.969727 0.95459 0.0527344 0.0693359 0.00465775
13 0.969727 0.142944 0.0488281 0.264893 0.0045166
3 0.977539 0.891357 0.0429688 0.20166 0.00428009
3 0.978027 0.916748 0.0439453 0.125488 0.00422668
2 0.0405273 0.5 0.0595703 1 0.00380707
3 0.968994 0.875732 0.0620117 0.209473 0.00364304
4 0.825684 0.498779 0.176758 0.971191 0.00355911
3 0.0232544 0.907959 0.0443115 0.172363 0.00354004
3 0.03125 0.947754 0.0474854 0.0830078 0.0034771
6 0.0272369 0.959229 0.0392761 0.0717773 0.00341225
3 0.062912 0.508301 0.119293 0.973633 0.00335503
4 0.956055 0.496094 0.0800781 0.992188 0.00330162
14 0.775879 0.0449219 0.0175781 0.0168457 0.00322723
3 0.975586 0.11731 0.0351562 0.220459 0.00319862
2 0.449707 0.0532227 0.202148 0.10083 0.00318146
6 0.967529 0.2005 0.0473633 0.387085 0.00302505
2 0.0323334 0.938232 0.0444641 0.0942383 0.00294495
4 0.972656 0.14447 0.0449219 0.258911 0.00290489
6 0.914795 0.958252 0.146973 0.0639648 0.00286484
4 0.618164 0.680176 0.176758 0.496094 0.00285721
4 0.770996 0.681519 0.120117 0.590088 0.00285149
2 0.642578 0.675781 0.132812 0.333984 0.00276947
2 0.976562 0.947021 0.0410156 0.074707 0.0027504
2 0.969727 0.142944 0.0488281 0.264893 0.00274849
4 0.724609 0.470215 0.275391 0.883789 0.0026989
6 0.0191956 0.91626 0.0383911 0.163574 0.00258827
1 0.447876 0.0440674 0.204834 0.0528564 0.00247002
14 0.315186 0.413818 0.0283203 0.0493164 0.00246811
3 0.0358887 0.883301 0.0600586 0.196289 0.00237274
13 0.0335083 0.37207 0.0670166 0.744141 0.0023365
6 0.0400391 0.962646 0.0657959 0.0688477 0.00232887
3 0.0266418 0.863037 0.0490112 0.260254 0.00232506
6 0.979248 0.922119 0.0415039 0.132324 0.00227547
2 0.625 0.655273 0.162109 0.447266 0.00224686
7 0.972656 0.14447 0.0449219 0.258911 0.00224304
2 0.956055 0.496094 0.0800781 0.992188 0.00217819
6 0.976562 0.0927124 0.0371094 0.178589 0.00203705
6 0.946777 0.956055 0.0849609 0.0605469 0.00202179
1 0.0252075 0.932129 0.050415 0.108398 0.00199509
3 0.970947 0.177063 0.034668 0.245483 0.00197601
3 0.0428467 0.246826 0.0617676 0.443848 0.00191021
3 0.973389 0.825684 0.0532227 0.323242 0.00189781
2 0.121765 0.958984 0.209595 0.0820312 0.00182438
6 0.0201416 0.941895 0.0343018 0.0927734 0.00179768
6 0.0502777 0.951416 0.0830383 0.097168 0.0017662
4 0.499023 0.500488 0.277344 0.576172 0.00169468
3 0.981689 0.937744 0.0327148 0.0932617 0.00159454
17 0.972656 0.14447 0.0449219 0.258911 0.0015831
2 0.44751 0.0428467 0.119629 0.0500488 0.00158119
3 0.962158 0.497681 0.0698242 0.633545 0.00156403
3 0.968018 0.0855408 0.0639648 0.137512 0.00155354
4 0.520996 0.537231 0.417969 0.654053 0.00154018
3 0.030365 0.174438 0.0504761 0.316162 0.00153542
2 0.0262146 0.925293 0.0480347 0.12793 0.00149536
2 0.0693207 0.95752 0.115509 0.0751953 0.00148773
2 0.480469 0.0434113 0.0722656 0.0472107 0.00146103
2 0.782227 0.0308228 0.0498047 0.0515137 0.00146008
4 0.384033 0.496094 0.628418 0.938477 0.00145149
6 0.981689 0.937744 0.0327148 0.0932617 0.00144672
3 0.0244141 0.112518 0.0408936 0.206604 0.001441
3 0.96875 0.907959 0.0507812 0.137207 0.00142765
1 0.489624 0.043457 0.114502 0.0445557 0.0014143
2 0.282959 0.0577393 0.525879 0.0932617 0.00137329
1 0.0309601 0.946777 0.0342712 0.0810547 0.00134945
4 0.448853 0.535767 0.240967 0.744873 0.00131416
1 0.966797 0.64624 0.0625 0.70752 0.00130844
3 0.980469 0.0900879 0.03125 0.180176 0.00128937
14 0.494019 0.0391846 0.098877 0.053833 0.00126648
4 0.447876 0.0440674 0.204834 0.0528564 0.00126362
4 0.494019 0.0391846 0.098877 0.053833 0.00125694
1 0.121765 0.958984 0.209595 0.0820312 0.00123596
13 0.494019 0.0391846 0.098877 0.053833 0.00122261
3 0.94873 0.956543 0.0869141 0.0673828 0.00120735
6 0.966797 0.64624 0.0625 0.70752 0.00118351
19 0.467285 0.537109 0.516602 0.614258 0.00113869
13 0.978271 0.953613 0.0395508 0.0712891 0.00112534
19 0.382935 0.493164 0.611084 0.77832 0.00108433
4 0.382812 0.589355 0.286133 0.669922 0.00107193
13 0.0262146 0.925293 0.0480347 0.12793 0.00105095
2 0.413818 0.0457764 0.120605 0.0501709 0.00104618
6 0.0717468 0.962402 0.127991 0.0673828 0.00102043
13 0.447876 0.0440674 0.204834 0.0528564 0.00100803
