2 0.690918 0.679688 0.275391 0.116211 0.89502
2 0.866699 0.0665283 0.0185547 0.0493164 0.0951538
2 0.786621 0.179443 0.0839844 0.0893555 0.0726318
3 0.0518799 0.438965 0.0734863 0.87793 0.0648193
6 0.979004 0.930664 0.0419922 0.105469 0.035614
6 0.0415192 0.92041 0.0756531 0.106445 0.0320435
2 0.69043 0.66748 0.306641 0.188477 0.0300751
3 0.0661621 0.505493 0.0966797 0.987061 0.026474
6 0.978271 0.950684 0.043457 0.0751953 0.0250702
3 0.0466309 0.341064 0.0579834 0.658691 0.0250397
6 0.0449219 0.908203 0.0686035 0.175781 0.021637
6 0.97876 0.898682 0.0424805 0.185059 0.020813
6 0.0502777 0.946289 0.0864563 0.0839844 0.0206299
3 0.956543 0.501587 0.0869141 0.977295 0.0136566
6 0.0292358 0.915283 0.0460205 0.138184 0.0127106
1 0.973633 0.948242 0.0507812 0.0761719 0.0101318
2 0.0335846 0.753906 0.0395203 0.4375 0.00995636
6 0.034668 0.939941 0.0654297 0.0830078 0.00961304
6 0.0318604 0.085968 0.0559082 0.163025 0.00770569
3 0.966553 0.592285 0.0668945 0.81543 0.00759506
6 0.0845337 0.945312 0.158081 0.0898438 0.00692749
6 0.0634918 0.926758 0.109589 0.113281 0.00690079
6 0.977783 0.0812378 0.0444336 0.141479 0.00679779
2 0.69043 0.677246 0.109375 0.105469 0.00674057
1 0.125702 0.952148 0.234436 0.0820312 0.006073
3 0.976562 0.926758 0.046875 0.111328 0.00587463
13 0.776367 0.180664 0.0996094 0.105469 0.005867
6 0.0403442 0.830078 0.0595703 0.339844 0.00580215
2 0.684082 0.67627 0.180664 0.102539 0.00579834
4 0.692383 0.678711 0.271484 0.118164 0.00574112
6 0.950928 0.949463 0.0864258 0.0893555 0.00553894
3 0.0336304 0.147766 0.0496826 0.260132 0.00527191
2 0.866211 0.0654297 0.0332031 0.046875 0.00511932
13 0.692383 0.678711 0.271484 0.118164 0.0050354
3 0.97876 0.898682 0.0424805 0.185059 0.00488663
3 0.0374603 0.916504 0.0622864 0.145508 0.00471497
6 0.968994 0.110107 0.0620117 0.208496 0.00466156
3 0.0336914 0.889648 0.0533447 0.125 0.00437546
2 0.977539 0.94165 0.0449219 0.081543 0.00435638
6 0.120422 0.960205 0.223999 0.0795898 0.00434494
6 0.910889 0.957031 0.17041 0.0761719 0.00429535
2 0.0296173 0.63623 0.0210876 0.142578 0.00428009
3 0.968994 0.110107 0.0620117 0.208496 0.0042572
1 0.976562 0.92627 0.046875 0.112305 0.00419617
1 0.69043 0.677734 0.275391 0.118164 0.00406647
14 0.692383 0.678711 0.271484 0.118164 0.00385094
6 0.0336304 0.147766 0.0496826 0.260132 0.00362587
1 0.0292816 0.922852 0.0432434 0.0751953 0.00340652
3 0.0374756 0.0857239 0.0581055 0.165466 0.00324821
3 0.968018 0.911621 0.0561523 0.111328 0.00308418
19 0.475464 0.492798 0.732666 0.877686 0.00307083
3 0.0409546 0.240479 0.0610352 0.456543 0.00304794
6 0.968994 0.938477 0.0561523 0.119141 0.00296021
9 0.692383 0.678711 0.271484 0.118164 0.0029335
6 0.0377808 0.928955 0.0430908 0.0854492 0.00283241
6 0.985352 0.936035 0.0292969 0.0888672 0.00273132
3 0.0335846 0.753906 0.0395203 0.4375 0.00268555
19 0.561523 0.554077 0.417969 0.583252 0.00265884
3 0.966064 0.390137 0.0678711 0.780273 0.00264931
3 0.968018 0.84668 0.0600586 0.246094 0.0025959
3 0.0403442 0.830078 0.0595703 0.339844 0.00259209
6 0.0817871 0.963135 0.152344 0.0737305 0.00253296
3 0.979736 0.123444 0.0405273 0.232605 0.00252724
3 0.0503235 0.937012 0.0888062 0.100586 0.00237465
2 0.688477 0.651855 0.289062 0.119141 0.00235748
3 0.0506744 0.884521 0.0829773 0.193848 0.00235558
3 0.978516 0.949707 0.0410156 0.0771484 0.00234795
1 0.0385742 0.929199 0.0500488 0.0683594 0.00232315
6 0.692383 0.678711 0.271484 0.118164 0.00219917
6 0.975586 0.0528717 0.046875 0.0890808 0.0021534
2 0.104248 0.95752 0.208496 0.0830078 0.00214386
1 0.0384521 0.935791 0.0653076 0.0952148 0.00199509
1 0.02948 0.0970764 0.0424805 0.192078 0.00198364
19 0.692383 0.678711 0.271484 0.118164 0.00197792
7 0.692383 0.678711 0.271484 0.118164 0.00197029
1 0.0689392 0.944824 0.127258 0.0869141 0.00194931
19 0.445068 0.628906 0.42041 0.594727 0.0019331
3 0.0292816 0.922852 0.0432434 0.0751953 0.00184822
8 0.475464 0.492798 0.732666 0.877686 0.0018425
5 0.692383 0.678711 0.271484 0.118164 0.00180244
6 0.979736 0.123444 0.0405273 0.232605 0.00174522
16 0.692383 0.678711 0.271484 0.118164 0.00173378
10 0.692383 0.678711 0.271484 0.118164 0.00172615
6 0.0548248 0.490723 0.0929871 0.981445 0.0017252
6 0.0565186 0.897217 0.112549 0.162598 0.00172329
3 0.976562 0.0799866 0.0429688 0.151062 0.00168324
17 0.692383 0.678711 0.271484 0.118164 0.00167274
13 0.979736 0.123444 0.0405273 0.232605 0.00165558
18 0.692383 0.678711 0.271484 0.118164 0.001647
11 0.692383 0.678711 0.271484 0.118164 0.001647
2 0.0424652 0.938232 0.0759583 0.0805664 0.0016346
0 0.692383 0.678711 0.271484 0.118164 0.00162315
12 0.692383 0.678711 0.271484 0.118164 0.00157261
2 0.0422363 0.601562 0.0217285 0.0839844 0.00157166
19 0.31488 0.754883 0.413208 0.472656 0.00155544
6 0.984131 0.91626 0.0317383 0.147949 0.00155067
3 0.0473022 0.727783 0.0622559 0.497559 0.00152874
2 0.0292816 0.922852 0.0432434 0.0751953 0.00152111
4 0.475464 0.492798 0.732666 0.877686 0.00147057
6 0.0336914 0.862793 0.0480957 0.199219 0.00144863
15 0.692383 0.678711 0.271484 0.118164 0.00144386
4 0.0458984 0.292114 0.0605469 0.556396 0.00144386
1 0.98291 0.946045 0.0341797 0.074707 0.00144291
3 0.968018 0.713135 0.0639648 0.526855 0.00143814
6 0.0292816 0.922852 0.0432434 0.0751953 0.00143623
8 0.31488 0.754883 0.413208 0.472656 0.00143528
19 0.376099 0.681396 0.622803 0.61377 0.00143433
8 0.692383 0.678711 0.271484 0.118164 0.00142097
6 0.0201416 0.927002 0.0333252 0.0893555 0.00141335
1 0.910889 0.957031 0.17041 0.0761719 0.00137997
6 0.0731506 0.995117 0.132507 0.00976562 0.00134468
2 0.0255737 0.728516 0.0214844 0.18457 0.00130939
6 0.142761 0.947021 0.267212 0.105957 0.00129509
4 0.561523 0.554077 0.417969 0.583252 0.00127029
2 0.855957 0.0673828 0.0302734 0.0482178 0.00126839
6 0.0491333 0.943604 0.0645752 0.065918 0.00125599
1 0.143677 0.969971 0.273193 0.0600586 0.00124645
6 0.0336914 0.889648 0.0533447 0.125 0.00122833
7 0.475464 0.492798 0.732666 0.877686 0.00122166
12 0.475464 0.492798 0.732666 0.877686 0.00117588
13 0.0314941 0.0851746 0.0455322 0.163147 0.00114632
3 0.692383 0.678711 0.271484 0.118164 0.00112915
8 0.376099 0.681396 0.622803 0.61377 0.00108814
6 0.0405884 0.172913 0.0533447 0.340698 0.00108528
2 0.0258942 0.680664 0.0158386 0.107422 0.00107098
8 0.563843 0.553223 0.468018 0.589844 0.00106049
6 0.964111 0.89917 0.065918 0.20166 0.00105953
1 0.0302582 0.898438 0.0486145 0.125977 0.00105286
2 0.888428 0.942871 0.215332 0.114258 0.00105095
6 0.0189362 0.900635 0.0370789 0.16748 0.0010252
3 0.0438995 0.933105 0.0525818 0.0869141 0.0010128
