2 0.371826 0.309631 0.290527 0.258667 0.852539
3 0.0439911 0.339722 0.0565491 0.633057 0.0734253
6 0.0390625 0.944092 0.057251 0.0805664 0.0380554
1 0.980713 0.130157 0.0385742 0.228455 0.0323181
6 0.0860596 0.949219 0.161133 0.0859375 0.03125
4 0.370361 0.31073 0.293457 0.272095 0.0198059
6 0.0306702 0.924316 0.0527954 0.12207 0.0189819
6 0.0311584 0.110565 0.0437622 0.200256 0.0186005
2 0.0317535 0.932129 0.0365906 0.0732422 0.0183716
1 0.375977 0.310608 0.280273 0.276245 0.0177307
1 0.0317535 0.932129 0.0365906 0.0732422 0.0176697
2 0.913574 0.0151978 0.0214844 0.0255737 0.0151443
6 0.0317535 0.930664 0.04245 0.0742188 0.0136108
2 0.427368 0.302979 0.189209 0.240723 0.0115051
6 0.05336 0.950684 0.0844421 0.0791016 0.0113983
6 0.0383911 0.895264 0.0629883 0.180176 0.0111389
3 0.0471191 0.5 0.0683594 1 0.00992584
3 0.0411987 0.173889 0.0494385 0.299683 0.00862885
2 0.0253296 0.320801 0.0236816 0.216797 0.00807953
6 0.979492 0.895508 0.0390625 0.195312 0.00787354
6 0.374023 0.310547 0.298828 0.274902 0.00753403
13 0.374023 0.310547 0.298828 0.274902 0.00676346
6 0.0363159 0.0752106 0.0499268 0.121796 0.00633621
3 0.036499 0.0845032 0.0462646 0.148376 0.00617981
3 0.0293579 0.358521 0.0483398 0.687256 0.00601196
14 0.374023 0.310547 0.298828 0.274902 0.00538635
6 0.979492 0.131256 0.0371094 0.23114 0.00536728
19 0.370361 0.31073 0.293457 0.272095 0.00531006
9 0.374023 0.310547 0.298828 0.274902 0.00519562
2 0.0439453 0.349976 0.0544434 0.661377 0.00513077
3 0.0406494 0.878418 0.0665283 0.204102 0.00479889
3 0.0402222 0.943848 0.0554199 0.0849609 0.00473022
18 0.374023 0.310547 0.298828 0.274902 0.00471878
11 0.374023 0.310547 0.298828 0.274902 0.00466156
16 0.374023 0.310547 0.298828 0.274902 0.00460815
3 0.0328827 0.147705 0.0399475 0.251953 0.00447845
7 0.374023 0.310547 0.298828 0.274902 0.00436401
13 0.0274353 0.113556 0.0339966 0.201599 0.00428009
3 0.966797 0.329102 0.0507812 0.62793 0.00418854
8 0.374023 0.310547 0.298828 0.274902 0.00402451
3 0.374023 0.310547 0.298828 0.274902 0.00399399
1 0.0274353 0.113556 0.0339966 0.201599 0.00399017
17 0.374023 0.310547 0.298828 0.274902 0.0038414
10 0.374023 0.310547 0.298828 0.274902 0.00378227
0 0.374023 0.310547 0.298828 0.274902 0.00376701
15 0.374023 0.310547 0.298828 0.274902 0.00375175
1 0.17334 0.959229 0.34668 0.0776367 0.00367546
2 0.0269623 0.235413 0.0368958 0.434448 0.00362015
6 0.977539 0.939453 0.0429688 0.09375 0.00358582
3 0.0274353 0.113556 0.0339966 0.201599 0.00355148
12 0.374023 0.310547 0.298828 0.274902 0.00348663
6 0.0680237 0.937988 0.110535 0.0986328 0.00347519
2 0.978516 0.54248 0.0175781 0.0751953 0.00343132
5 0.374023 0.310547 0.298828 0.274902 0.00332642
6 0.0388336 0.854004 0.0531921 0.272461 0.00313377
6 0.963135 0.953125 0.0698242 0.0761719 0.00297165
6 0.163879 0.952637 0.294312 0.0947266 0.00288582
3 0.0530396 0.487793 0.106079 0.975586 0.00287247
3 0.0365143 0.914551 0.0544128 0.15918 0.00282669
2 0.977539 0.797119 0.0332031 0.394043 0.00271225
2 0.990234 0.482422 0.0117188 0.0332031 0.00238037
1 0.0439911 0.339722 0.0565491 0.633057 0.00235748
3 0.980469 0.914062 0.0371094 0.166016 0.00230217
2 0.0386353 0.941406 0.0631104 0.0800781 0.00227547
1 0.0363159 0.0752106 0.0499268 0.121796 0.00216293
1 0.0995178 0.954102 0.163757 0.0917969 0.00216103
6 0.94751 0.960205 0.0952148 0.0698242 0.00213432
1 0.0347137 0.101349 0.0516663 0.201111 0.00199699
2 0.399902 0.341858 0.318359 0.380737 0.00198364
2 0.098877 0.949219 0.190186 0.0898438 0.00178146
2 0.910645 0.0139465 0.0400391 0.0269165 0.00171185
3 0.0281982 0.242493 0.0412598 0.451538 0.00167179
3 0.0526276 0.950195 0.0851746 0.0820312 0.00165653
3 0.970703 0.912842 0.0507812 0.129395 0.00163269
1 0.0317383 0.916504 0.0483398 0.09375 0.00159836
2 0.442993 0.261719 0.144287 0.174805 0.00159836
6 0.98291 0.954834 0.0341797 0.0688477 0.0015707
1 0.0402222 0.943848 0.0554199 0.0849609 0.00155067
3 0.0336914 0.86499 0.0506592 0.27002 0.00152588
6 0.03479 0.166687 0.0438232 0.290649 0.00151539
3 0.0368042 0.408142 0.0478516 0.411255 0.0015049
3 0.958984 0.469727 0.0566406 0.907227 0.00150299
1 0.131958 0.951904 0.24292 0.0766602 0.00149441
6 0.10144 0.962891 0.202881 0.0742188 0.00144768
6 0.915283 0.960938 0.155762 0.078125 0.001441
1 0.0224457 0.93457 0.0290833 0.0673828 0.00143814
3 0.0317383 0.916504 0.0483398 0.09375 0.00143623
6 0.206543 0.966309 0.413086 0.0673828 0.00143433
1 0.0411987 0.173889 0.0494385 0.299683 0.00137711
2 0.918945 0.0136719 0.0332031 0.0230713 0.00132084
1 0.0596466 0.936035 0.0989685 0.108398 0.0012989
6 0.0439911 0.339722 0.0565491 0.633057 0.00129795
6 0.0207062 0.910156 0.0393982 0.160156 0.00127697
2 0.96582 0.322998 0.0390625 0.552246 0.00121403
6 0.0436554 0.925781 0.0562439 0.109375 0.00116348
2 0.307617 0.32373 0.228027 0.233887 0.00116253
2 0.983398 0.522461 0.0195312 0.09375 0.00116062
19 0.499878 0.502808 0.605713 0.726807 0.00114536
2 0.916992 0.0197754 0.0351562 0.0361328 0.00113678
2 0.965576 0.700195 0.0161133 0.0634766 0.00111008
2 0.0396271 0.914795 0.058197 0.131348 0.00109673
1 0.0411377 0.881348 0.0627441 0.211914 0.00101757
3 0.0368652 0.393066 0.0737305 0.786133 0.00101471
