2 0.637207 0.197327 0.230469 0.203979 0.786621
2 0.555664 0.145905 0.0537109 0.114929 0.539551
3 0.0465698 0.41272 0.0643311 0.811279 0.247192
3 0.0569763 0.494995 0.0940552 0.9729 0.107422
2 0.0271454 0.456299 0.0271301 0.390137 0.0714722
3 0.958008 0.579102 0.0761719 0.841797 0.0609436
2 0.0289001 0.299927 0.0391235 0.525146 0.0372314
1 0.245605 0.0288391 0.390137 0.0380249 0.0330811
3 0.966064 0.400879 0.0678711 0.801758 0.0293579
6 0.0345459 0.920166 0.0513916 0.116699 0.0282745
2 0.0255737 0.433105 0.026123 0.217773 0.028244
2 0.630859 0.235596 0.253906 0.137207 0.0262756
2 0.0276489 0.421875 0.0333252 0.536133 0.0244293
6 0.118958 0.959473 0.205444 0.0810547 0.0243378
6 0.0852356 0.95874 0.164001 0.0610352 0.0224609
1 0.633789 0.196594 0.227539 0.205444 0.0215912
6 0.956787 0.954102 0.0825195 0.0722656 0.0187836
6 0.0385742 0.940674 0.0644531 0.0795898 0.0186157
2 0.0273895 0.691895 0.0226135 0.133789 0.0177917
2 0.53125 0.275635 0.0634766 0.123047 0.0170593
3 0.032547 0.152405 0.0440369 0.274292 0.0166321
6 0.032547 0.152405 0.0440369 0.274292 0.0157013
4 0.631836 0.204041 0.25 0.246216 0.0151596
6 0.0286713 0.897949 0.0478821 0.165039 0.0127258
1 0.0960693 0.959229 0.182617 0.0581055 0.0119553
6 0.976807 0.953125 0.0463867 0.0761719 0.0101776
6 0.91626 0.959229 0.159668 0.081543 0.0101318
3 0.0490875 0.610352 0.0712585 0.699219 0.00911713
3 0.0435181 0.287354 0.0552979 0.543457 0.00868225
2 0.547852 0.170288 0.0673828 0.173584 0.00831604
2 0.601074 0.156342 0.164062 0.151184 0.00809479
6 0.0764465 0.947266 0.123962 0.0722656 0.00782013
2 0.5625 0.155884 0.0849609 0.141846 0.00780487
3 0.971436 0.315063 0.0571289 0.606201 0.00714874
2 0.0241852 0.627441 0.0214539 0.172852 0.00696945
3 0.030304 0.277466 0.0430298 0.507568 0.00632477
2 0.542969 0.211212 0.0849609 0.240173 0.00610733
2 0.0239563 0.391602 0.0227661 0.157227 0.00582886
6 0.0546875 0.952881 0.0876465 0.0708008 0.0056839
2 0.0254364 0.325684 0.0281067 0.420898 0.0056572
2 0.585938 0.284424 0.171875 0.115234 0.00548553
1 0.118958 0.959473 0.205444 0.0810547 0.00545883
6 0.631836 0.204041 0.25 0.246216 0.00533676
2 0.65625 0.244141 0.192383 0.105957 0.00523376
1 0.368774 0.0349121 0.672607 0.0563965 0.00505447
3 0.0349274 0.363403 0.0590515 0.679443 0.00500107
1 0.896973 0.959961 0.19043 0.0761719 0.00498962
13 0.636719 0.205841 0.242188 0.237244 0.00479507
2 0.0960693 0.959229 0.182617 0.0581055 0.00466919
3 0.964111 0.675415 0.0600586 0.531982 0.00453949
6 0.0418854 0.916748 0.066864 0.154785 0.00439835
19 0.631836 0.204041 0.25 0.246216 0.00438309
3 0.028183 0.911865 0.0410461 0.152832 0.00428772
6 0.0975647 0.934326 0.164246 0.109863 0.00415802
2 0.0244141 0.368042 0.0229492 0.256104 0.00413132
2 0.15271 0.255127 0.0537109 0.129395 0.00387192
2 0.577148 0.21875 0.134766 0.213867 0.00385666
2 0.621094 0.278809 0.256836 0.149414 0.00367546
9 0.631836 0.204041 0.25 0.246216 0.0036087
6 0.979736 0.935059 0.0405273 0.108398 0.00357246
14 0.636719 0.205841 0.242188 0.237244 0.0034523
11 0.636719 0.205841 0.242188 0.237244 0.00329399
1 0.0267181 0.898926 0.0383606 0.176758 0.0032692
18 0.631836 0.204041 0.25 0.246216 0.00326347
6 0.97876 0.861084 0.0424805 0.266113 0.00320244
6 0.0465698 0.41272 0.0643311 0.811279 0.00318336
8 0.631836 0.204041 0.25 0.246216 0.00316429
16 0.631836 0.204041 0.25 0.246216 0.0031395
13 0.0273895 0.691895 0.0226135 0.133789 0.00313759
7 0.631836 0.204041 0.25 0.246216 0.00310326
1 0.2005 0.95752 0.354858 0.0849609 0.00307846
2 0.628906 0.249268 0.272461 0.275879 0.00306129
1 0.912598 0.943848 0.165039 0.112305 0.00300598
1 0.190063 0.0267334 0.296143 0.0311279 0.00297737
17 0.631836 0.204041 0.25 0.246216 0.00295067
10 0.631836 0.204041 0.25 0.246216 0.00293922
1 0.0465698 0.41272 0.0643311 0.811279 0.00290108
4 0.674805 0.436523 0.208008 0.873047 0.00289536
3 0.949463 0.645996 0.0756836 0.547852 0.00286102
2 0.0317993 0.896973 0.0435791 0.182617 0.00276184
2 0.0380859 0.365479 0.0523682 0.634277 0.00274277
3 0.631836 0.204041 0.25 0.246216 0.00272942
15 0.631836 0.204041 0.25 0.246216 0.00272942
2 0.0254211 0.67041 0.0187378 0.103516 0.00272751
6 0.0569763 0.494995 0.0940552 0.9729 0.00266266
2 0.0287628 0.541504 0.0254822 0.388672 0.00265312
0 0.636719 0.205841 0.242188 0.237244 0.00263214
2 0.0338135 0.737305 0.0196533 0.0722656 0.00255585
2 0.0297241 0.540649 0.0341797 0.584717 0.00251389
5 0.631836 0.204041 0.25 0.246216 0.00247574
4 0.632812 0.471191 0.183594 0.942383 0.00245094
13 0.0330048 0.114197 0.0419006 0.216919 0.00243759
1 0.143463 0.942871 0.217468 0.114258 0.00240517
1 0.102203 0.947266 0.153015 0.0878906 0.00239944
12 0.636719 0.205841 0.242188 0.237244 0.00237846
2 0.0271149 0.570801 0.0226746 0.203125 0.00232506
1 0.510742 1 0.978516 0 0.00224113
6 0.038269 0.0706787 0.052002 0.131836 0.00218964
6 0.0419312 0.872314 0.0698242 0.200684 0.00218582
1 0.0723877 0.951416 0.13208 0.0698242 0.00214386
2 0.645508 0.261963 0.244141 0.0976562 0.00212669
2 0.0242157 0.363281 0.0191956 0.110352 0.00211716
6 0.0406952 0.239075 0.0489807 0.444702 0.00199509
1 0.555664 0.146118 0.0537109 0.114014 0.00197029
2 0.0322418 0.434204 0.0224304 0.254639 0.00196838
6 0.961426 0.948486 0.0615234 0.0991211 0.0019331
3 0.931885 0.585083 0.0952148 0.829834 0.00192356
3 0.0424194 0.889893 0.060791 0.20459 0.00185394
6 0.0361328 0.870117 0.0447998 0.246094 0.00179005
1 0.965576 0.956299 0.0688477 0.0717773 0.00177574
1 0.928955 0.967529 0.138184 0.0610352 0.00173283
6 0.958496 0.473999 0.0830078 0.903564 0.00165367
3 0.0383301 0.941162 0.0524902 0.0805664 0.00160599
13 0.555664 0.145905 0.0537109 0.114929 0.00156593
1 0.066391 0.511353 0.0964661 0.967529 0.00155544
6 0.038269 0.110107 0.0461426 0.220215 0.00150871
2 0.541016 0.247559 0.0722656 0.155273 0.00149632
2 0.978516 0.831543 0.0351562 0.323242 0.00148678
6 0.143463 0.942871 0.217468 0.114258 0.00147629
2 0.0465698 0.41272 0.0643311 0.811279 0.00147343
3 0.0397339 0.0849915 0.0493164 0.168396 0.00147343
6 0.0292969 0.931641 0.0319824 0.0654297 0.00143242
6 0.108795 0.915039 0.169617 0.169922 0.00134754
1 0.252441 0.957031 0.504883 0.0859375 0.00134563
2 0.0346527 0.541016 0.0237122 0.258789 0.00131035
2 0.974365 0.94873 0.0512695 0.0771484 0.00130463
3 0.948242 0.496094 0.103516 0.992188 0.00130081
1 0.0383301 0.941162 0.0524902 0.0805664 0.00127125
6 0.0301208 0.949219 0.0499878 0.0625 0.0012598
2 0.547852 0.274109 0.111328 0.135376 0.0012064
6 0.0656586 0.927002 0.118439 0.114746 0.00120544
3 0.03479 0.920166 0.0571289 0.112793 0.00119877
1 0.524902 0.929443 0.950195 0.141113 0.001194
2 0.0483398 0.615234 0.0592041 0.677734 0.00118923
19 0.562988 0.498413 0.491211 0.610596 0.00116348
2 0.0345001 0.754395 0.0209656 0.117188 0.00113487
6 0.186279 0.952637 0.325684 0.0947266 0.00110722
1 0.0696716 0.884766 0.118469 0.207031 0.00110722
6 0.14444 0.980469 0.245789 0.0390625 0.00110054
3 0.0491333 0.945557 0.081543 0.0795898 0.00105286
2 0.0506287 0.498779 0.0925903 0.971191 0.00104618
1 0.03479 0.920166 0.0571289 0.112793 0.00104427
3 0.977295 0.952148 0.0454102 0.078125 0.00104046
2 0.0356293 0.795898 0.0344543 0.375 0.00103664
3 0.972656 0.146667 0.0546875 0.231079 0.00100517
