2 0.496094 0.893066 0.18457 0.137695 0.880859
2 0.491211 0.898926 0.123047 0.161133 0.0195465
2 0.481934 0.881592 0.24707 0.203613 0.0109253
4 0.48877 0.899414 0.208984 0.152344 0.00871277
3 0.96875 0.717773 0.046875 0.527344 0.00863647
3 0.97168 0.912842 0.0527344 0.117676 0.0071373
1 0.496582 0.893555 0.180664 0.131836 0.00621796
6 0.977295 0.919434 0.043457 0.131836 0.006073
1 0.88916 0.9646 0.204102 0.0629883 0.00561142
3 0.0334473 0.915039 0.0563965 0.134766 0.00528717
13 0.493164 0.894043 0.179688 0.136719 0.00526428
1 0.101929 0.964844 0.155029 0.0527344 0.00488663
6 0.032608 0.124664 0.0468445 0.184753 0.00390434
13 0.0323334 0.124634 0.0417786 0.185303 0.00353813
6 0.0283203 0.918457 0.0462646 0.139648 0.00349236
14 0.493164 0.894043 0.179688 0.136719 0.0034256
19 0.391968 0.591919 0.643799 0.724365 0.00308037
1 0.486328 0.898926 0.225586 0.176758 0.00290871
9 0.493164 0.894043 0.179688 0.136719 0.00290871
2 0.976562 0.556641 0.0136719 0.0595703 0.00278854
1 0.868164 0.974609 0.261719 0.0488281 0.00263214
1 0.924561 0.941895 0.135254 0.104492 0.00252914
2 0.024765 0.192261 0.0158997 0.0397949 0.00244141
8 0.391968 0.591919 0.643799 0.724365 0.00243187
3 0.957275 0.505127 0.0854492 0.946777 0.00237656
6 0.48877 0.899414 0.208984 0.152344 0.00236702
19 0.373413 0.733398 0.53833 0.533203 0.00236511
19 0.625977 0.700684 0.526367 0.496094 0.00222969
6 0.977539 0.949951 0.0429688 0.0727539 0.00216293
1 0.972656 0.907471 0.046875 0.151855 0.0021286
6 0.978516 0.860352 0.0371094 0.263672 0.00208855
7 0.493164 0.894043 0.179688 0.136719 0.00197029
3 0.979492 0.932373 0.0390625 0.123535 0.00196457
2 0.28833 0.0133972 0.0244141 0.0254517 0.00191116
19 0.48877 0.899414 0.208984 0.152344 0.00187492
16 0.493164 0.894043 0.179688 0.136719 0.0016737
5 0.493164 0.894043 0.179688 0.136719 0.00166035
8 0.373413 0.733398 0.53833 0.533203 0.00164318
6 0.0405426 0.0544891 0.0629578 0.0870667 0.0016346
3 0.0265503 0.917236 0.0374756 0.165527 0.00162888
10 0.493164 0.894043 0.179688 0.136719 0.00160313
18 0.48877 0.899414 0.208984 0.152344 0.00159168
17 0.48877 0.899414 0.208984 0.152344 0.00159168
0 0.493164 0.894043 0.179688 0.136719 0.00155354
19 0.379395 0.646973 0.442383 0.529297 0.00154591
12 0.493164 0.894043 0.179688 0.136719 0.00151157
2 0.101593 0.969971 0.160583 0.0463867 0.00151062
3 0.959229 0.623413 0.0620117 0.753174 0.00150394
19 0.583862 0.651123 0.640869 0.697754 0.00150108
11 0.489258 0.899902 0.208008 0.178711 0.00146389
8 0.493164 0.894043 0.179688 0.136719 0.00146008
15 0.493164 0.894043 0.179688 0.136719 0.00144291
1 0.960205 0.92749 0.0639648 0.123535 0.00141048
1 0.391968 0.591919 0.643799 0.724365 0.00140381
7 0.391968 0.591919 0.643799 0.724365 0.00138664
8 0.682251 0.736084 0.545654 0.527832 0.00137138
4 0.391968 0.591919 0.643799 0.724365 0.00135994
3 0.0380859 0.111572 0.0574951 0.203369 0.00135612
2 0.0361938 0.536621 0.0150146 0.0742188 0.00135231
12 0.391968 0.591919 0.643799 0.724365 0.00134563
6 0.0375366 0.0803528 0.0548096 0.140564 0.00134468
3 0.490601 0.901611 0.198486 0.151855 0.00131321
2 0.96875 0.717773 0.046875 0.527344 0.00130749
2 0.97876 0.78833 0.0288086 0.388184 0.00130653
13 0.024765 0.192261 0.0158997 0.0397949 0.00128937
3 0.967773 0.545166 0.0546875 0.878418 0.00120831
3 0.978271 0.89624 0.0415039 0.182129 0.00120258
2 0.0250549 0.947998 0.024231 0.0571289 0.00120068
1 0.140778 0.967773 0.247253 0.0546875 0.00116158
3 0.0343018 0.891602 0.0477295 0.203125 0.00114727
17 0.391968 0.591919 0.643799 0.724365 0.00113487
8 0.583862 0.651123 0.640869 0.697754 0.00112343
2 0.629883 0.266357 0.0615234 0.135254 0.00111961
18 0.391968 0.591919 0.643799 0.724365 0.00111675
16 0.391968 0.591919 0.643799 0.724365 0.00109291
15 0.391968 0.591919 0.643799 0.724365 0.00107956
9 0.391968 0.591919 0.643799 0.724365 0.00107574
12 0.373413 0.733398 0.53833 0.533203 0.00105858
13 0.978516 0.823486 0.0332031 0.333496 0.00105858
2 0.481445 0.859375 0.203125 0.113281 0.00103569
7 0.373413 0.733398 0.53833 0.533203 0.00102997
