2 0.657227 0.317322 0.295898 0.30481 0.840332
6 0.0259705 0.911377 0.0427856 0.157715 0.170654
2 0.0261536 0.690918 0.0211792 0.126953 0.11322
3 0.956055 0.509766 0.0878906 0.962891 0.0969849
1 0.0283051 0.94165 0.0378723 0.0795898 0.0608215
6 0.0259094 0.942871 0.0440063 0.0908203 0.0451965
2 0.0292816 0.944092 0.0346985 0.0805664 0.0424805
13 0.0351562 0.0909424 0.0289307 0.0922852 0.0413818
6 0.0349121 0.173584 0.0393066 0.282227 0.0411682
6 0.0366211 0.091095 0.0323486 0.0980835 0.0331726
2 0.0251617 0.713867 0.0197449 0.0869141 0.0305176
6 0.0344086 0.09729 0.0351868 0.169434 0.0283661
1 0.663086 0.320862 0.273438 0.311401 0.0270386
13 0.0260773 0.683594 0.023407 0.144531 0.0269165
3 0.964844 0.400391 0.0664062 0.800781 0.0265503
3 0.962891 0.615234 0.0722656 0.769531 0.0254517
4 0.661133 0.320312 0.289062 0.327148 0.0180817
13 0.0349121 0.173584 0.0393066 0.282227 0.0173035
13 0.0305176 0.113129 0.0274658 0.191223 0.0171204
2 0.0366211 0.091095 0.0323486 0.0980835 0.0139008
2 0.0270691 0.660156 0.0206909 0.12207 0.0137024
3 0.0271912 0.912109 0.0437622 0.167969 0.0135345
6 0.0338745 0.951416 0.0477295 0.0756836 0.0121307
2 0.026123 0.678711 0.0299072 0.137695 0.0110245
2 0.335693 0.615234 0.0219727 0.136719 0.00855255
13 0.0371094 0.131134 0.0319824 0.148865 0.00830841
3 0.0349121 0.173584 0.0393066 0.282227 0.00758362
1 0.0983887 0.958984 0.166992 0.0820312 0.00733566
6 0.655762 0.32019 0.296875 0.320557 0.00729752
3 0.0389404 0.270996 0.0458984 0.498047 0.00710297
13 0.658691 0.318298 0.303711 0.322388 0.00691605
2 0.0266724 0.903809 0.0383301 0.18457 0.00601196
6 0.0505524 0.948975 0.0817566 0.0825195 0.00595474
6 0.0324249 0.932617 0.0484314 0.125 0.00555801
19 0.655762 0.32019 0.296875 0.320557 0.00553894
13 0.0266724 0.903809 0.0383301 0.18457 0.00544739
2 0.471802 0.962891 0.032959 0.0410156 0.00543213
14 0.654297 0.322266 0.304688 0.327148 0.00518417
9 0.658691 0.318298 0.303711 0.322388 0.00505447
13 0.0337067 0.151184 0.0302429 0.210327 0.00502396
2 0.0256195 0.654297 0.0184631 0.0830078 0.00484848
18 0.658691 0.318298 0.303711 0.322388 0.00482178
2 0.022644 0.733398 0.0165405 0.0703125 0.00479889
16 0.658691 0.318298 0.303711 0.322388 0.0045166
11 0.658691 0.318298 0.303711 0.322388 0.00449753
13 0.0332642 0.0803223 0.0400391 0.130127 0.00445175
2 0.608398 0.302185 0.181641 0.295044 0.00419235
6 0.0708923 0.954834 0.127258 0.074707 0.00413132
7 0.658691 0.318298 0.303711 0.322388 0.00411224
6 0.0349121 0.904785 0.0593262 0.19043 0.00404358
17 0.658691 0.318298 0.303711 0.322388 0.00395966
6 0.0302429 0.128052 0.0307007 0.186768 0.0039444
3 0.658691 0.318298 0.303711 0.322388 0.00389671
8 0.658691 0.318298 0.303711 0.322388 0.00388336
15 0.658691 0.318298 0.303711 0.322388 0.00380707
0 0.658691 0.318298 0.303711 0.322388 0.00379181
6 0.0370483 0.219543 0.0498047 0.380249 0.00362206
10 0.658691 0.318298 0.303711 0.322388 0.00357819
2 0.0215454 0.708496 0.0171509 0.107422 0.00352287
2 0.956055 0.509766 0.0878906 0.962891 0.00350952
1 0.0366211 0.091095 0.0323486 0.0980835 0.00341225
6 0.0361938 0.0699463 0.0460205 0.110596 0.00336266
5 0.661133 0.320312 0.289062 0.327148 0.00335312
12 0.658691 0.318298 0.303711 0.322388 0.0033493
6 0.0336914 0.868408 0.0388184 0.245605 0.0033226
3 0.0366974 0.0871277 0.033783 0.141663 0.00321198
2 0.0330811 0.930664 0.0482178 0.126953 0.00318146
2 0.660645 0.329773 0.181641 0.305298 0.00305748
2 0.0221558 0.681152 0.0192871 0.157227 0.00298691
1 0.956055 0.509766 0.0878906 0.962891 0.00296211
3 0.0302429 0.128052 0.0307007 0.186768 0.00295639
1 0.0349121 0.173584 0.0393066 0.282227 0.00292015
13 0.0322266 0.793457 0.0311279 0.405273 0.00278091
1 0.0266724 0.903809 0.0383301 0.18457 0.00272179
1 0.141907 0.955078 0.263062 0.0898438 0.00271797
3 0.970703 0.31543 0.0566406 0.606445 0.00250816
13 0.0253143 0.656738 0.0191956 0.103516 0.00247574
3 0.0262756 0.942139 0.0388794 0.0922852 0.00219917
3 0.0360565 0.880371 0.0641174 0.204102 0.00208664
2 0.0339813 0.224365 0.0323792 0.42627 0.00200462
2 0.0341187 0.827881 0.0344238 0.320801 0.00198555
13 0.0251617 0.713867 0.0197449 0.0869141 0.0018692
13 0.0336914 0.868408 0.0388184 0.245605 0.00186729
2 0.693848 0.41333 0.228516 0.112793 0.00177288
3 0.0299225 0.867188 0.0387878 0.246094 0.00174809
2 0.0960388 0.961182 0.179016 0.0698242 0.00173378
2 0.340576 0.626953 0.0268555 0.139648 0.00173378
2 0.568848 0.197754 0.108398 0.0678711 0.00172997
13 0.0261993 0.681641 0.0205994 0.0908203 0.00172615
2 0.464233 0.959961 0.036377 0.0527344 0.00164509
2 0.0341797 0.142456 0.0288086 0.206299 0.00162125
2 0.026001 0.762207 0.0230713 0.338867 0.00160027
6 0.0427094 0.0860596 0.0420227 0.137939 0.00152206
6 0.956055 0.509766 0.0878906 0.962891 0.0015173
2 0.586914 0.344238 0.389648 0.396484 0.00151539
13 0.0292816 0.944092 0.0346985 0.0805664 0.00147247
3 0.968262 0.910645 0.0556641 0.165039 0.00138664
2 0.0253296 0.714844 0.0307617 0.103516 0.00138187
4 0.0322266 0.793457 0.0311279 0.405273 0.001297
6 0.976318 0.89209 0.0415039 0.206055 0.00129223
2 0.0349121 0.173584 0.0393066 0.282227 0.00127125
19 0.564819 0.508911 0.430908 0.68335 0.00126362
1 0.0878906 0.939209 0.148193 0.105957 0.00124836
13 0.0454102 0.0917053 0.0357666 0.101257 0.00124741
6 0.0204315 0.888672 0.0290833 0.203125 0.00124359
2 0.0374146 0.323486 0.045166 0.589355 0.00121117
1 0.0324249 0.932617 0.0484314 0.125 0.00120735
1 0.962891 0.615234 0.0722656 0.769531 0.00117493
1 0.0389404 0.270996 0.0458984 0.498047 0.00117397
2 0.584961 0.221924 0.137695 0.102539 0.00114822
13 0.0280151 0.871094 0.0262451 0.160156 0.00112343
2 0.0282898 0.615723 0.0197144 0.214844 0.00102901
6 0.0846558 0.966309 0.169312 0.0673828 0.00102329
