14 0.527832 0.288086 0.0605469 0.0439453 0.735352
6 0.0279236 0.942871 0.0558472 0.0869141 0.242554
1 0.0273285 0.938232 0.0451965 0.0805664 0.111633
6 0.96875 0.884766 0.0507812 0.164062 0.0665894
14 0.70459 0.0740356 0.0214844 0.0181885 0.0536499
6 0.967529 0.924072 0.0551758 0.0991211 0.0415649
6 0.0444336 0.947754 0.0739746 0.0986328 0.0253143
2 0.0283203 0.939453 0.0400391 0.0820312 0.0243073
14 0.526855 0.288574 0.0576172 0.0751953 0.0242767
6 0.970703 0.169006 0.0390625 0.328003 0.0224609
6 0.0317383 0.914551 0.0598145 0.170898 0.0173187
1 0.0350342 0.949463 0.0594482 0.081543 0.0166779
3 0.0283203 0.936035 0.0487061 0.0791016 0.0157318
3 0.0390625 0.866699 0.078125 0.22168 0.014389
6 0.0827637 0.95874 0.160889 0.0766602 0.0131226
2 0.0318604 0.94873 0.0568848 0.0849609 0.00976562
3 0.0273438 0.910889 0.0531006 0.119629 0.00920868
6 0.0370331 0.843506 0.0690002 0.305176 0.00879669
6 0.9646 0.85791 0.0532227 0.237305 0.00804138
3 0.969727 0.207825 0.0390625 0.400757 0.00802612
6 0.95874 0.925049 0.0629883 0.128418 0.00790405
1 0.970703 0.169006 0.0390625 0.328003 0.00742722
1 0.968262 0.925049 0.0556641 0.103027 0.007267
3 0.0350342 0.949463 0.0594482 0.081543 0.0071106
3 0.0400848 0.802002 0.0711975 0.376465 0.00708008
3 0.967529 0.880127 0.0493164 0.208496 0.00652695
2 0.0220642 0.163086 0.0237427 0.190918 0.00634384
6 0.0172119 0.913818 0.0344238 0.150879 0.00629807
3 0.967529 0.924072 0.0551758 0.0991211 0.00587463
14 0.700195 0.0741577 0.0263672 0.0229492 0.00558472
14 0.515137 0.287842 0.0498047 0.0395508 0.00530624
13 0.0278015 0.945801 0.0515747 0.0849609 0.0051651
6 0.975342 0.905518 0.0395508 0.147949 0.0044899
1 0.0999451 0.960205 0.181458 0.0795898 0.00443649
1 0.52832 0.289307 0.0585938 0.0473633 0.00419998
3 0.0391998 0.91748 0.0649109 0.137695 0.00389862
14 0.702148 0.0703735 0.0195312 0.0206299 0.00349236
13 0.0206299 0.131897 0.0213623 0.186401 0.00348091
2 0.0195618 0.103241 0.0216064 0.118713 0.00328064
2 0.527832 0.288818 0.0556641 0.0473633 0.00317764
6 0.0283203 0.943604 0.0385742 0.0756836 0.0031414
14 0.527832 0.299561 0.0625 0.0473633 0.00299072
14 0.706543 0.069397 0.0205078 0.0186768 0.00298309
2 0.968994 0.916748 0.0522461 0.105957 0.00297356
6 0.95166 0.940918 0.0751953 0.0869141 0.00282097
9 0.527832 0.288818 0.0556641 0.0473633 0.0026474
3 0.0439453 0.388672 0.0732422 0.766602 0.00259209
4 0.52832 0.289307 0.0585938 0.0473633 0.0025444
1 0.975586 0.144562 0.0351562 0.247986 0.00253677
1 0.0581207 0.937744 0.109833 0.106934 0.00253487
1 0.0240173 0.916748 0.0480347 0.117676 0.00252533
1 0.968262 0.873047 0.0498047 0.191406 0.0024662
13 0.527344 0.288574 0.0615234 0.0400391 0.00246048
3 0.965088 0.729492 0.0463867 0.470703 0.00242615
6 0.969727 0.909668 0.0390625 0.107422 0.00230026
2 0.0390015 0.91748 0.071167 0.133789 0.00229263
3 0.0305176 0.841553 0.0610352 0.309082 0.002285
6 0.975586 0.103516 0.0273438 0.190674 0.00227356
6 0.928467 0.940674 0.127441 0.0952148 0.00219154
1 0.0211029 0.148346 0.0226135 0.193054 0.00218201
19 0.527832 0.288574 0.0625 0.0429688 0.00208855
3 0.966797 0.302734 0.0488281 0.605469 0.0020752
3 0.968018 0.147034 0.0522461 0.277222 0.00192928
2 0.961914 0.896973 0.0527344 0.149414 0.00192261
3 0.972656 0.89624 0.0390625 0.154785 0.00187111
2 0.980469 0.400146 0.0117188 0.0400391 0.00183296
14 0.0279236 0.942871 0.0558472 0.0869141 0.00170135
6 0.0195465 0.949951 0.039032 0.0805664 0.00168705
14 0.706055 0.0755005 0.0292969 0.0257568 0.00167751
3 0.0172119 0.913818 0.0344238 0.150879 0.00165939
13 0.0400848 0.802002 0.0711975 0.376465 0.00159645
4 0.0319824 0.94751 0.0600586 0.101074 0.00157833
14 0.540527 0.287109 0.0605469 0.0390625 0.00152493
1 0.957764 0.931396 0.0571289 0.0864258 0.00151539
6 0.914795 0.956787 0.135254 0.0668945 0.00150299
7 0.0283966 0.945557 0.049408 0.0854492 0.00150013
6 0.970703 0.123352 0.046875 0.217163 0.00148869
13 0.975586 0.103516 0.0273438 0.190674 0.00142574
2 0.125 0.520996 0.0234375 0.0585938 0.00141525
3 0.95874 0.925049 0.0629883 0.128418 0.00139523
6 0.96167 0.0356445 0.0532227 0.0712891 0.00134182
17 0.527832 0.288086 0.0605469 0.0439453 0.00130367
8 0.526855 0.287842 0.0605469 0.0400391 0.00128365
6 0.0505371 0.876953 0.101074 0.246094 0.00121021
7 0.527832 0.288818 0.0556641 0.0473633 0.0011816
15 0.527832 0.288086 0.0605469 0.0439453 0.00117779
6 0.0240173 0.916748 0.0480347 0.117676 0.00117683
2 0.0405273 0.367676 0.0581055 0.735352 0.0011673
6 0.969727 0.0799561 0.046875 0.1521 0.00116253
11 0.0281677 0.943848 0.0563354 0.0791016 0.00114346
10 0.527832 0.288086 0.0605469 0.0439453 0.00109863
9 0.0283966 0.945557 0.049408 0.0854492 0.001091
16 0.527832 0.288574 0.0625 0.0429688 0.00107193
0 0.527832 0.288086 0.0605469 0.0439453 0.0010643
2 0.0435181 0.943359 0.0587158 0.101562 0.00104046
6 0.0641937 0.943359 0.117462 0.113281 0.0010376
