2 0.367188 0.216248 0.269531 0.127075 0.861816
14 0.270752 0.690918 0.0253906 0.0380859 0.736328
6 0.0208435 0.0747681 0.0402222 0.146606 0.311279
2 0.961914 0.166138 0.03125 0.108643 0.209229
14 0.270508 0.691406 0.0375977 0.0439453 0.15979
3 0.931641 0.483887 0.0683594 0.887695 0.133179
13 0.0136108 0.123047 0.0181885 0.0461426 0.122559
6 0.954102 0.0313721 0.0742188 0.0611572 0.105164
3 0.941406 0.33252 0.0683594 0.651367 0.0823975
6 0.0168457 0.0897217 0.0292969 0.135742 0.0803223
13 0.960205 0.194153 0.0288086 0.163452 0.0701294
13 0.0149536 0.117432 0.0230713 0.0693359 0.0513
2 0.934814 0.159546 0.0756836 0.100098 0.0328979
13 0.961914 0.168457 0.0273438 0.0996094 0.0328979
6 0.933105 0.0290222 0.118164 0.0580444 0.0319214
2 0.951904 0.164673 0.043457 0.11792 0.0305939
1 0.364868 0.216187 0.268311 0.126221 0.0303192
3 0.0229492 0.0831299 0.0388184 0.16626 0.0260162
2 0.362305 0.243103 0.271484 0.0909424 0.0240631
3 0.957031 0.25708 0.0585938 0.505371 0.0207062
14 0.264404 0.691895 0.0239258 0.0390625 0.0190277
13 0.953125 0.2052 0.0371094 0.178467 0.018631
13 0.0221863 0.0735168 0.0421753 0.145447 0.0185547
13 0.933105 0.191162 0.0654297 0.169434 0.0183563
13 0.965576 0.208313 0.0239258 0.156616 0.0182648
2 0.933105 0.191162 0.0654297 0.169434 0.0161591
3 0.944336 0.684814 0.0683594 0.599121 0.0160675
6 0.961914 0.0427246 0.0605469 0.0632324 0.0129929
1 0.966553 0.946289 0.0415039 0.0722656 0.0128555
2 0.0136108 0.123047 0.0181885 0.0461426 0.0125732
6 0.969727 0.0344391 0.0527344 0.0575867 0.0117645
2 0.963135 0.205994 0.0268555 0.168091 0.0109482
6 0.0140381 0.119751 0.0195923 0.0549316 0.00997925
6 0.937256 0.161865 0.0844727 0.101074 0.0092392
2 0.270508 0.688965 0.0288086 0.0400391 0.00918579
2 0.0168457 0.0897217 0.0292969 0.135742 0.00885773
2 0.0141602 0.118652 0.0214233 0.0734863 0.0079422
13 0.0168457 0.0897217 0.0292969 0.135742 0.00779343
2 0.963135 0.166504 0.0229492 0.0876465 0.00777817
6 0.957031 0.25708 0.0585938 0.505371 0.00696564
14 0.270996 0.694336 0.0317383 0.0693359 0.00686264
6 0.968506 0.924805 0.043457 0.111328 0.00672531
2 0.0208435 0.0747681 0.0402222 0.146606 0.00650406
2 0.364563 0.222107 0.304077 0.230591 0.00647736
2 0.273438 0.25 0.0932617 0.0537109 0.00629425
3 0.95752 0.715942 0.0634766 0.515381 0.00617218
4 0.362183 0.217773 0.2854 0.165527 0.00606537
14 0.269775 0.679199 0.0234375 0.0341797 0.00598526
13 0.369629 0.217041 0.268555 0.129395 0.00542831
2 0.426514 0.200562 0.155762 0.113525 0.00535202
13 0.938965 0.0311584 0.106445 0.0623169 0.00526428
13 0.0198669 0.125305 0.0310669 0.213257 0.00526428
3 0.0255127 0.0702515 0.0510254 0.129028 0.00525665
6 0.968018 0.944824 0.0405273 0.0712891 0.00523376
13 0.0126038 0.129517 0.0217285 0.0751953 0.00521088
6 0.960449 0.0598145 0.0595703 0.119629 0.00518036
2 0.371338 0.209595 0.178711 0.117432 0.00514984
2 0.943848 0.480957 0.0712891 0.904297 0.0050354
2 0.922852 0.128418 0.0898438 0.0495605 0.00489426
3 0.954102 0.0344238 0.0820312 0.0592041 0.00482941
3 0.0207214 0.139404 0.0372925 0.249023 0.00460434
1 0.810791 0.0231934 0.378418 0.0463867 0.00453186
6 0.0198975 0.126526 0.0356445 0.20105 0.00444794
6 0.963867 0.0948792 0.0546875 0.161804 0.00373268
2 0.920898 0.148315 0.0908203 0.088623 0.00366402
6 0.90332 0.0272827 0.193359 0.0545654 0.00351906
13 0.0175629 0.120728 0.0325012 0.0996094 0.00343513
1 0.150818 0.949707 0.295044 0.0498047 0.00342178
1 0.938965 0.0311584 0.106445 0.0623169 0.00337982
14 0.259277 0.688965 0.0258789 0.0351562 0.00337791
14 0.369629 0.217041 0.268555 0.129395 0.00335312
1 0.958984 0.757812 0.0527344 0.441406 0.00333977
13 0.934814 0.159546 0.0756836 0.100098 0.0032711
2 0.315674 0.248596 0.183594 0.0609131 0.00317383
3 0.0168457 0.0897217 0.0292969 0.135742 0.00316238
3 0.0347137 0.751953 0.0531311 0.40625 0.00304222
2 0.96582 0.945801 0.0410156 0.0732422 0.00283432
6 0.810791 0.0231934 0.378418 0.0463867 0.00281715
4 0.27002 0.689941 0.027832 0.0400391 0.00281525
2 0.662109 0.984131 0.0400391 0.0317383 0.00277901
6 0.943604 0.0463257 0.0932617 0.0926514 0.00276756
2 0.953125 0.2052 0.0371094 0.178467 0.00267601
3 0.962158 0.110992 0.050293 0.21698 0.00264931
9 0.369629 0.217041 0.268555 0.129395 0.00256348
2 0.453003 0.187866 0.0949707 0.088623 0.00255585
19 0.269287 0.687988 0.0268555 0.0361328 0.00253487
1 0.957031 0.25708 0.0585938 0.505371 0.00248337
3 0.962891 0.0426636 0.0585938 0.0664062 0.00242996
6 0.362183 0.217773 0.2854 0.165527 0.00241089
3 0.913086 0.468262 0.0947266 0.936523 0.00234795
1 0.505615 0.997559 0.98877 0.00488281 0.00226402
3 0.972656 0.086792 0.0488281 0.167725 0.00220108
6 0.0285034 0.0578003 0.0463867 0.115601 0.00219345
6 0.0160522 0.117432 0.0321045 0.0756836 0.00218773
2 0.954102 0.0313721 0.0742188 0.0611572 0.00218201
4 0.0215912 0.074707 0.0393372 0.149414 0.00214577
13 0.91333 0.129272 0.112793 0.057373 0.00211525
13 0.908203 0.0292053 0.181641 0.0584106 0.00208282
3 0.96167 0.0597382 0.0649414 0.113922 0.00206375
1 0.908203 0.0292053 0.181641 0.0584106 0.00204468
1 0.27002 0.69043 0.0258789 0.0429688 0.00202179
14 0.275635 0.678711 0.0249023 0.0380859 0.00200653
1 0.0208435 0.0747681 0.0402222 0.146606 0.0019722
13 0.27002 0.689941 0.0273438 0.0410156 0.00192928
1 0.0168457 0.0897217 0.0292969 0.135742 0.00192451
14 0.275879 0.696289 0.0244141 0.0419922 0.00187683
19 0.362183 0.217773 0.2854 0.165527 0.00187588
13 0.960693 0.189453 0.0239258 0.0898438 0.00184155
13 0.958984 0.158936 0.0410156 0.0991211 0.00183296
13 0.962158 0.0343475 0.0600586 0.0550842 0.00181198
1 0.44458 0.929199 0.341309 0.100586 0.00176048
16 0.362183 0.217773 0.2854 0.165527 0.00174332
1 0.939453 0.47998 0.0898438 0.936523 0.00173759
7 0.369629 0.217041 0.268555 0.129395 0.00170994
3 0.0336304 0.247925 0.0599365 0.470947 0.00170708
8 0.362183 0.217773 0.2854 0.165527 0.00168228
18 0.362183 0.217773 0.2854 0.165527 0.00162601
9 0.270752 0.690918 0.0253906 0.0380859 0.00160599
3 0.952881 0.434082 0.0942383 0.868164 0.00159645
11 0.362183 0.217773 0.2854 0.165527 0.00159454
1 0.963135 0.0342407 0.0600586 0.0585938 0.00156689
6 0.960938 0.184753 0.046875 0.365845 0.00156403
5 0.369629 0.217041 0.268555 0.129395 0.00155067
1 0.0140381 0.119751 0.0195923 0.0549316 0.0014925
6 0.0251465 0.0992432 0.0396729 0.154785 0.00148106
10 0.369629 0.217041 0.268555 0.129395 0.00143433
14 0.266357 0.705078 0.0273438 0.0498047 0.00143433
17 0.362183 0.217773 0.2854 0.165527 0.00140762
3 0.960449 0.801758 0.0537109 0.328125 0.00140285
13 0.951416 0.163208 0.0424805 0.11792 0.00139809
2 0.375 0.215881 0.108887 0.116089 0.00137806
6 0.0169067 0.0570984 0.0222168 0.0928345 0.00135803
1 0.941406 0.33252 0.0683594 0.651367 0.0013485
15 0.362183 0.217773 0.2854 0.165527 0.00134373
12 0.369629 0.217041 0.268555 0.129395 0.00133801
1 0.0297241 0.928223 0.0549316 0.0771484 0.00132847
0 0.369629 0.217041 0.268555 0.129395 0.00132751
3 0.362183 0.217773 0.2854 0.165527 0.0013237
6 0.963623 0.904785 0.0512695 0.133789 0.00130558
10 0.270752 0.690918 0.0253906 0.0380859 0.00129604
16 0.270752 0.690918 0.0253906 0.0380859 0.00126648
5 0.269531 0.688477 0.027832 0.0371094 0.00122643
6 0.939453 0.47998 0.0898438 0.936523 0.00121784
3 0.0166016 0.110352 0.0269775 0.220703 0.00121212
2 0.807129 0.535645 0.0234375 0.0566406 0.00121117
6 0.961914 0.166138 0.03125 0.108643 0.00120544
6 0.0225525 0.924805 0.0411987 0.0771484 0.00118923
6 0.941406 0.33252 0.0683594 0.651367 0.00118732
13 0.0212097 0.158447 0.0404663 0.316895 0.0011816
17 0.270752 0.690918 0.0253906 0.0380859 0.0011797
3 0.0140381 0.119751 0.0195923 0.0549316 0.00115204
2 0.274902 0.687988 0.0307617 0.0517578 0.00114918
2 0.47168 0.175415 0.0634766 0.0695801 0.00113869
15 0.270752 0.690918 0.0253906 0.0380859 0.00112629
13 0.972656 0.102112 0.0351562 0.204224 0.00108624
2 0.9646 0.148407 0.0395508 0.169495 0.00108242
18 0.270752 0.69043 0.0253906 0.0371094 0.00107956
2 0.362549 0.269287 0.280762 0.115723 0.00107002
9 0.270508 0.691406 0.0375977 0.0439453 0.00105572
3 0.930664 0.477417 0.0595703 0.523682 0.00105572
11 0.270752 0.690918 0.0253906 0.0380859 0.00105381
1 0.961914 0.166138 0.03125 0.108643 0.0010519
6 0.017395 0.926758 0.024292 0.0644531 0.00104237
3 0.0530396 0.465698 0.106079 0.91626 0.00103283
12 0.270508 0.689941 0.0253906 0.0371094 0.00103188
13 0.0162964 0.144653 0.0220337 0.106689 0.00102234
13 0.945312 0.478027 0.09375 0.956055 0.00101948
0 0.270752 0.69043 0.0253906 0.0390625 0.00100899
6 0.026825 0.0826416 0.0536499 0.165283 0.00100613
6 0.907471 0.0356445 0.185059 0.0712891 0.00100231
