6 0.0332031 0.935303 0.0561523 0.102051 0.340332
2 0.0322266 0.93042 0.0428467 0.0942383 0.32959
2 0.027832 0.53894 0.0290527 0.404541 0.320801
1 0.0342407 0.937012 0.0543213 0.110352 0.214966
6 0.982178 0.920898 0.0356445 0.130859 0.149658
2 0.0302734 0.680664 0.0253906 0.118164 0.116333
3 0.0510864 0.414062 0.0706787 0.790039 0.115723
2 0.805176 0.235352 0.0605469 0.0507812 0.101685
2 0.0241394 0.406982 0.0210571 0.107422 0.081665
6 0.980957 0.942627 0.0380859 0.0854492 0.0768433
3 0.963623 0.5 0.0727539 1 0.0690918
2 0.745117 0.659668 0.0244141 0.116211 0.0655518
2 0.520996 0.507324 0.0166016 0.0292969 0.0561218
1 0.0292816 0.924316 0.0395813 0.0908203 0.0559998
14 0.803711 0.235168 0.0605469 0.0506592 0.0462646
6 0.0523224 0.937988 0.0774841 0.100586 0.0352478
1 0.0517426 0.936035 0.0835266 0.0986328 0.0298309
2 0.728516 0.977295 0.100586 0.0239258 0.0271759
2 0.0239105 0.447144 0.0215149 0.183838 0.0250854
2 0.788574 0.234619 0.0380859 0.0546875 0.0248108
6 0.0908508 0.936279 0.135681 0.117676 0.0247498
6 0.0367889 0.908447 0.0536194 0.140137 0.0225067
3 0.953369 0.405029 0.065918 0.810059 0.0213318
3 0.972412 0.71521 0.0532227 0.518799 0.0205841
6 0.11853 0.948486 0.222412 0.103027 0.0202179
6 0.0413666 0.928711 0.077179 0.130859 0.0197906
1 0.842773 0.97876 0.314453 0.0366211 0.0196991
2 0.0432739 0.94165 0.0511475 0.0932617 0.019165
1 0.0977478 0.944092 0.162415 0.109863 0.0189667
2 0.0322418 0.581421 0.0306091 0.303955 0.018692
3 0.973145 0.918213 0.0537109 0.144043 0.0183868
2 0.244873 0.518555 0.0161133 0.0683594 0.0175934
2 0.0309296 0.634766 0.0233459 0.216797 0.0166168
1 0.790039 0.97876 0.226562 0.0229492 0.0155563
3 0.982422 0.92041 0.0351562 0.135742 0.0154343
3 0.969482 0.627075 0.0571289 0.74585 0.0151825
2 0.0257568 0.382812 0.0214844 0.0683594 0.0141983
1 0.0367584 0.905762 0.056366 0.180664 0.0139923
2 0.980957 0.942627 0.0380859 0.0854492 0.0133514
3 0.0708008 0.503052 0.0927734 0.972412 0.0130997
3 0.0344238 0.935303 0.0484619 0.109863 0.0124054
1 0.0686951 0.942871 0.125793 0.0966797 0.0117645
6 0.0686951 0.942871 0.125793 0.0966797 0.0113754
2 0.0317383 0.533691 0.0460205 0.427734 0.0109024
1 0.978516 0.952637 0.0429688 0.0751953 0.0107498
6 0.97168 0.914551 0.0507812 0.141602 0.0100021
3 0.97876 0.952637 0.0424805 0.0732422 0.00943756
2 0.982178 0.920898 0.0356445 0.130859 0.00909424
2 0.515625 0.126709 0.145508 0.0283203 0.00902557
2 0.0241089 0.488159 0.0231934 0.289307 0.0078125
3 0.968262 0.315063 0.0615234 0.619873 0.00754166
2 0.790039 0.97876 0.226562 0.0229492 0.0071373
6 0.981445 0.888428 0.0234375 0.174316 0.00702667
2 0.0517426 0.936035 0.0835266 0.0986328 0.00701141
6 0.0337524 0.145111 0.0454102 0.240051 0.00654221
3 0.0337524 0.145111 0.0454102 0.240051 0.00639725
2 0.779785 0.23291 0.0234375 0.0512695 0.00615692
2 0.79541 0.239014 0.0546875 0.0737305 0.00611496
13 0.982178 0.907227 0.0356445 0.164062 0.00584793
6 0.0293884 0.902832 0.0481567 0.186523 0.00574493
1 0.794922 0.236572 0.0537109 0.0571289 0.00547028
3 0.983398 0.886475 0.0273438 0.172363 0.00508499
2 0.0249634 0.398193 0.0305176 0.0849609 0.00506592
13 0.030426 0.932861 0.0521851 0.108887 0.00498962
2 0.0366211 0.675781 0.0256348 0.124023 0.00486755
2 0.833984 0.966309 0.3125 0.0517578 0.00484467
2 0.0367889 0.908447 0.0536194 0.140137 0.00449371
3 0.969727 0.939209 0.0410156 0.105957 0.00435638
6 0.0379028 0.862305 0.0587158 0.240234 0.00390625
2 0.0273438 0.916016 0.0335693 0.0878906 0.00390053
6 0.0997009 0.955078 0.177551 0.0742188 0.0038681
2 0.0824585 0.943848 0.139038 0.100586 0.00365257
3 0.0309296 0.923828 0.0585022 0.152344 0.00364685
1 0.149719 0.94043 0.253296 0.0976562 0.00334549
6 0.969727 0.939209 0.0410156 0.105957 0.00322914
6 0.0292816 0.924316 0.0395813 0.0908203 0.00322723
3 0.980225 0.879883 0.0356445 0.226562 0.00294304
6 0.978516 0.893311 0.0429688 0.17627 0.00288582
3 0.0431519 0.936523 0.0805664 0.109375 0.00283623
4 0.0595093 0.487793 0.0921631 0.954102 0.00269508
3 0.0530396 0.628052 0.0585938 0.636475 0.00255203
3 0.0491943 0.502319 0.0983887 0.942627 0.00254059
1 0.0224609 0.934326 0.0324707 0.0922852 0.00246811
2 0.248291 0.508789 0.0185547 0.0712891 0.00245667
1 0.982178 0.920898 0.0356445 0.130859 0.00244331
2 0.84375 0.978271 0.275391 0.0356445 0.00240135
3 0.0400543 0.871094 0.0636902 0.230469 0.00239563
3 0.971924 0.860596 0.050293 0.253418 0.00237656
13 0.982422 0.949707 0.0332031 0.0732422 0.00233269
3 0.0343628 0.407349 0.0687256 0.790771 0.00232315
2 0.808105 0.22168 0.0576172 0.0805664 0.00225639
2 0.0285034 0.715332 0.0206299 0.0722656 0.00225449
3 0.027832 0.53894 0.0290527 0.404541 0.00222206
2 0.0515594 0.412476 0.0619202 0.688721 0.00210953
3 0.039856 0.180847 0.0488281 0.328735 0.00210762
3 0.973633 0.51001 0.0527344 0.956543 0.00208282
4 0.0389404 0.937256 0.0621338 0.115723 0.00200272
2 0.0252075 0.450562 0.032959 0.208252 0.00198364
2 0.0322266 0.681641 0.041748 0.12207 0.00195312
2 0.0312347 0.71875 0.0311584 0.24707 0.00195217
14 0.79541 0.231445 0.0566406 0.0708008 0.00191021
2 0.97168 0.914551 0.0507812 0.141602 0.00188446
6 0.979736 0.146393 0.0385742 0.238464 0.0018568
14 0.0332031 0.935303 0.0561523 0.102051 0.00182629
2 0.0242615 0.890381 0.0332642 0.191895 0.00176525
3 0.0375977 0.548828 0.0445557 0.412109 0.00175858
3 0.979736 0.146393 0.0385742 0.238464 0.00174809
2 0.717285 0.976562 0.104492 0.0351562 0.00171566
1 0.852539 0.967041 0.294922 0.0620117 0.00171185
6 0.0529785 0.921387 0.105957 0.157227 0.0017004
11 0.0332031 0.935303 0.0561523 0.102051 0.00168991
2 0.515625 0.512207 0.015625 0.0380859 0.00168324
13 0.804199 0.234375 0.0634766 0.0517578 0.00162983
2 0.0234375 0.678223 0.022583 0.121094 0.00162792
6 0.138794 0.961426 0.23999 0.0771484 0.00159264
2 0.519531 0.508789 0.0341797 0.0322266 0.00156403
2 0.0269318 0.515137 0.0185242 0.15332 0.00155258
1 0.0242615 0.890381 0.0332642 0.191895 0.00146675
6 0.842773 0.97876 0.314453 0.0366211 0.00141716
2 0.03125 0.703125 0.019165 0.0947266 0.00141144
13 0.119354 0.941406 0.21344 0.117188 0.00137043
2 0.418457 0.209534 0.0356445 0.0848389 0.00136757
9 0.0342407 0.937012 0.0543213 0.110352 0.00136566
2 0.51709 0.503418 0.015625 0.0351562 0.00136471
1 0.119263 0.959717 0.231201 0.0805664 0.00135803
3 0.0908508 0.936279 0.135681 0.117676 0.00134373
4 0.027832 0.53894 0.0290527 0.404541 0.00134087
7 0.0342407 0.937012 0.0543213 0.110352 0.00131416
16 0.0335693 0.934082 0.057251 0.106445 0.00131035
2 0.462769 0.0145416 0.0598145 0.0290833 0.0012846
6 0.0219727 0.931396 0.0408936 0.109863 0.0012722
13 0.0302734 0.683594 0.0251465 0.119141 0.00126171
3 0.973633 0.901611 0.0371094 0.187012 0.00122547
2 0.0302734 0.637695 0.0378418 0.203125 0.00120068
3 0.0343018 0.307129 0.0444336 0.614258 0.00118351
2 0.119354 0.941406 0.21344 0.117188 0.00115776
2 0.241211 0.520996 0.015625 0.0664062 0.00115395
2 0.0224609 0.934326 0.0324707 0.0922852 0.00114727
4 0.0744171 0.843262 0.104584 0.290039 0.001091
3 0.0328979 0.894531 0.0465088 0.189453 0.00107956
6 0.138153 0.925781 0.237854 0.138672 0.00107861
6 0.976074 0.934326 0.0478516 0.131348 0.00107384
1 0.968994 0.913818 0.0620117 0.135254 0.00104713
2 0.414551 0.0132751 0.0444336 0.0265503 0.00100994
