2 0.630859 0.356445 0.0371094 0.236328 0.378174
2 0.629883 0.404175 0.0361328 0.13501 0.196655
1 0.0257721 0.899414 0.039032 0.175781 0.108276
6 0.0280151 0.904297 0.0447998 0.166016 0.0603333
3 0.0328979 0.903809 0.0552979 0.157227 0.0559082
2 0.636719 0.32135 0.03125 0.303589 0.0498047
6 0.979492 0.897217 0.0371094 0.172363 0.0334167
1 0.0339355 0.869385 0.0479736 0.237793 0.0310669
3 0.976807 0.896729 0.0405273 0.179199 0.0293579
6 0.0386353 0.874023 0.0494385 0.21875 0.015686
6 0.981689 0.954346 0.0366211 0.0600586 0.0147934
1 0.11972 0.958252 0.214172 0.0795898 0.0136871
2 0.625977 0.425049 0.03125 0.0981445 0.013176
2 0.631348 0.380493 0.0517578 0.18335 0.0107727
2 0.631836 0.381592 0.0273438 0.197754 0.0105591
3 0.0305939 0.212158 0.044281 0.38623 0.00978851
6 0.0372314 0.0770874 0.0499268 0.139526 0.00907898
6 0.0291748 0.0954895 0.0321045 0.160095 0.007164
3 0.962158 0.455322 0.0717773 0.88623 0.00708008
3 0.0339508 0.869629 0.0468445 0.245117 0.00605011
3 0.0369873 0.0783691 0.057373 0.129639 0.00604248
2 0.624023 0.393555 0.03125 0.165039 0.0047493
3 0.0458374 0.896484 0.0645752 0.191406 0.0047226
2 0.0390625 0.793701 0.0401611 0.400879 0.00448608
2 0.975342 0.902344 0.0395508 0.169922 0.00426102
1 0.0757141 0.953125 0.12738 0.078125 0.00413513
2 0.304199 0.697754 0.0302734 0.105469 0.00409317
3 0.0459595 0.279907 0.0498047 0.526123 0.00392532
1 0.975342 0.902344 0.0395508 0.169922 0.00365067
3 0.0325317 0.142151 0.0456543 0.248901 0.00358009
2 0.980225 0.958252 0.0375977 0.0581055 0.00316048
6 0.0444336 0.940918 0.0552979 0.0810547 0.00308228
2 0.635742 0.418579 0.0380859 0.121826 0.00294685
2 0.0397949 0.867432 0.0445557 0.247559 0.00281715
1 0.981689 0.954346 0.0366211 0.0600586 0.00266838
2 0.0344086 0.819824 0.0315247 0.305664 0.00248909
6 0.981201 0.935547 0.0375977 0.0898438 0.00246429
3 0.0247803 0.891357 0.032959 0.178223 0.00240517
6 0.11972 0.958252 0.214172 0.0795898 0.00228119
6 0.0325317 0.142151 0.0456543 0.248901 0.00222206
3 0.975586 0.82666 0.0351562 0.31543 0.00217247
1 0.0343018 0.912842 0.0574951 0.164551 0.00185013
6 0.0370941 0.896729 0.0730286 0.19873 0.00181675
3 0.982422 0.849609 0.0253906 0.226562 0.00174809
6 0.0300446 0.0702209 0.040741 0.105652 0.00171947
3 0.0356445 0.848389 0.0611572 0.303223 0.00164795
13 0.0291748 0.0954895 0.0321045 0.160095 0.00163746
13 0.976807 0.896729 0.0405273 0.179199 0.00162792
2 0.62793 0.374023 0.0302734 0.112793 0.00161839
3 0.0322266 0.107666 0.0357666 0.185791 0.00161171
2 0.642578 0.349609 0.0341797 0.238281 0.00158978
6 0.0470734 0.0702209 0.0689392 0.109558 0.00150585
2 0.635254 0.376953 0.0292969 0.134766 0.00150299
1 0.141205 0.94458 0.227844 0.11084 0.00150204
6 0.0773315 0.936523 0.129272 0.0996094 0.00144672
13 0.632812 0.349609 0.0400391 0.246094 0.00143528
3 0.038208 0.258972 0.0393066 0.44397 0.00143337
1 0.0774536 0.927734 0.130249 0.111328 0.00142002
4 0.632812 0.341736 0.0292969 0.263794 0.00141239
6 0.946289 0.962891 0.0898438 0.0703125 0.00138092
6 0.975586 0.82666 0.0351562 0.31543 0.0013752
13 0.0287781 0.897705 0.0422974 0.179199 0.00136948
6 0.0705872 0.904785 0.116638 0.19043 0.00136662
6 0.0428314 0.916016 0.0471497 0.125 0.00136662
1 0.0263672 0.858398 0.0263672 0.202148 0.0013628
2 0.036438 0.9021 0.050293 0.152832 0.00131798
2 0.3125 0.013031 0.0332031 0.026062 0.0012846
2 0.640137 0.289062 0.0175781 0.14502 0.0012331
4 0.0322266 0.895508 0.0467529 0.1875 0.00122929
4 0.0459595 0.279907 0.0498047 0.526123 0.00121212
6 0.986328 0.885498 0.0273438 0.186035 0.00121117
4 0.962158 0.455322 0.0717773 0.88623 0.00116158
1 0.603638 0.904297 0.70874 0.191406 0.00115204
2 0.203125 0.391602 0.0258789 0.0600586 0.00114727
6 0.0841675 0.961914 0.149536 0.0566406 0.00114727
2 0.958496 0.463623 0.0771484 0.905762 0.00113201
2 0.637207 0.342041 0.0185547 0.217285 0.00110435
6 0.0302734 0.925537 0.0430908 0.105957 0.00109768
19 0.543457 0.831299 0.615234 0.337402 0.00108147
4 0.318298 0.749756 0.340942 0.445801 0.0010643
1 0.026123 0.898926 0.0373535 0.09375 0.00102615
1 0.0474854 0.877441 0.0693359 0.211914 0.00100422
