2 0.44751 0.399902 0.0639648 0.324219 0.76416
3 0.0429688 0.617065 0.0661621 0.652588 0.155151
6 0.973633 0.897217 0.0449219 0.195801 0.0859985
1 0.0261841 0.147125 0.0311279 0.190613 0.0757446
6 0.0391083 0.950439 0.0553284 0.081543 0.071106
3 0.0455475 0.447144 0.0671082 0.85376 0.069458
6 0.972412 0.139832 0.043457 0.251587 0.0394897
6 0.972412 0.922363 0.0551758 0.133789 0.027298
6 0.0712128 0.956299 0.123199 0.0737305 0.0227051
1 0.972168 0.920898 0.0556641 0.136719 0.0215149
2 0.429443 0.269043 0.019043 0.0546875 0.0207672
6 0.966553 0.944092 0.0610352 0.0961914 0.0184326
6 0.039917 0.930664 0.0605469 0.125 0.0168915
3 0.0516357 0.495483 0.103271 0.960205 0.0147934
6 0.0566254 0.952148 0.0832825 0.0957031 0.0147705
1 0.976562 0.144531 0.0390625 0.255859 0.0133972
1 0.967773 0.945801 0.0585938 0.0947266 0.0118103
3 0.0454712 0.360962 0.0511475 0.666748 0.0113068
6 0.0265045 0.159882 0.0307312 0.228088 0.00998688
1 0.968262 0.881836 0.0498047 0.230469 0.00933075
2 0.44043 0.375732 0.0395508 0.27002 0.00805664
1 0.0993347 0.959473 0.163147 0.0810547 0.00801086
1 0.0437012 0.617065 0.0588379 0.674072 0.00733185
2 0.430908 0.279053 0.0239258 0.074707 0.00699234
6 0.099884 0.967529 0.195251 0.0649414 0.00687027
2 0.904785 0.0172729 0.0351562 0.0345459 0.00680542
3 0.0335693 0.327515 0.0476074 0.620361 0.00670624
3 0.0402222 0.953613 0.0562744 0.0791016 0.00624847
6 0.916016 0.947021 0.160156 0.0942383 0.0059967
3 0.039917 0.930664 0.0605469 0.125 0.0059166
1 0.0343475 0.167755 0.0357971 0.24115 0.00563431
3 0.973633 0.897217 0.0449219 0.195801 0.00548172
2 0.455444 0.4375 0.0432129 0.282227 0.00546646
6 0.0343475 0.167755 0.0357971 0.24115 0.00489044
3 0.972656 0.162354 0.0390625 0.296875 0.00479507
6 0.953369 0.927734 0.0834961 0.136719 0.00455093
6 0.0439911 0.907227 0.0624084 0.185547 0.00445938
1 0.0402222 0.953613 0.0562744 0.0791016 0.00413895
2 0.038269 0.949951 0.0632324 0.074707 0.00403595
4 0.448608 0.400879 0.0617676 0.326172 0.00393295
1 0.0263672 0.118011 0.036499 0.127258 0.00379562
6 0.0437012 0.617065 0.0588379 0.674072 0.00359917
3 0.972412 0.922363 0.0551758 0.133789 0.00358582
6 0.97583 0.101654 0.0366211 0.173645 0.00351715
2 0.910645 0.013092 0.0380859 0.0261841 0.00325584
3 0.0265045 0.159882 0.0307312 0.228088 0.00321198
2 0.97168 0.916016 0.0546875 0.136719 0.00317955
2 0.0444336 0.339355 0.0494385 0.642578 0.00310707
2 0.435791 0.331055 0.0356445 0.17627 0.00296211
3 0.0288696 0.913086 0.0462646 0.164062 0.00291252
3 0.0427246 0.495239 0.0526123 0.618896 0.00264931
6 0.043457 0.515381 0.0869141 0.969238 0.00260925
6 0.0288696 0.913086 0.0462646 0.164062 0.0025959
2 0.0256348 0.487427 0.0214844 0.102295 0.00248718
1 0.154968 0.959961 0.28186 0.0800781 0.00241089
1 0.0712128 0.956299 0.123199 0.0737305 0.00231934
13 0.44873 0.402344 0.0634766 0.323242 0.00217056
2 0.459839 0.476562 0.0373535 0.176758 0.00205421
1 0.972656 0.933105 0.0390625 0.100586 0.00204277
2 0.0437012 0.617065 0.0588379 0.674072 0.00199318
6 0.0302734 0.138062 0.0308838 0.158203 0.00198174
6 0.144104 0.956787 0.241089 0.0864258 0.00195217
6 0.0297852 0.960449 0.0551758 0.0771484 0.00194359
6 0.972656 0.95752 0.0488281 0.0810547 0.00192451
6 0.945801 0.955078 0.100586 0.0800781 0.00190926
2 0.43042 0.282715 0.0322266 0.0932617 0.00190258
3 0.0498047 0.906982 0.0793457 0.186035 0.00188351
1 0.945801 0.955078 0.100586 0.0800781 0.00179768
3 0.961914 0.935303 0.0683594 0.129395 0.00178814
6 0.96875 0.078125 0.0449219 0.130371 0.00178337
3 0.043808 0.864258 0.0727844 0.232422 0.00169182
3 0.967285 0.114136 0.0498047 0.205322 0.00164795
3 0.952881 0.508545 0.0942383 0.947754 0.00160694
13 0.0437012 0.617065 0.0588379 0.674072 0.00159359
3 0.0343475 0.167755 0.0357971 0.24115 0.00151062
3 0.955322 0.620972 0.0561523 0.718994 0.00149918
1 0.958252 0.924805 0.0620117 0.121094 0.00147057
6 0.0465088 0.411133 0.0661621 0.818359 0.00143147
6 0.043808 0.864258 0.0727844 0.232422 0.00143051
1 0.0404053 0.929688 0.0661621 0.123047 0.00137043
1 0.970947 0.20166 0.0405273 0.380371 0.0013628
3 0.961426 0.723022 0.0556641 0.520752 0.00132465
4 0.973633 0.897217 0.0449219 0.195801 0.00131989
2 0.966553 0.944092 0.0610352 0.0961914 0.00130463
2 0.0465088 0.411133 0.0661621 0.818359 0.00130272
6 0.964111 0.893066 0.0717773 0.200195 0.00126743
3 0.0566254 0.952148 0.0832825 0.0957031 0.00125694
1 0.916016 0.947021 0.160156 0.0942383 0.00124073
13 0.910645 0.013092 0.0380859 0.0261841 0.00117683
3 0.0448608 0.821289 0.0511475 0.298828 0.00115681
13 0.972656 0.893555 0.0546875 0.193359 0.00115204
3 0.977295 0.114746 0.0317383 0.197266 0.00111198
6 0.0302887 0.932373 0.0431824 0.100098 0.00105858
6 0.972656 0.933105 0.0390625 0.100586 0.00101376
13 0.0308838 0.151062 0.0335693 0.22229 0.00100136
