2 0.631836 0.317017 0.267578 0.397217 0.849609
2 0.985352 0.601074 0.0214844 0.0976562 0.185303
6 0.0267487 0.908447 0.0492859 0.157715 0.056366
2 0.18811 0.730469 0.0910645 0.194336 0.0424194
13 0.985352 0.601562 0.0195312 0.09375 0.0349426
1 0.0320435 0.890381 0.0526123 0.199707 0.0343628
6 0.977539 0.943359 0.0449219 0.0722656 0.0308685
6 0.0310211 0.890381 0.0573425 0.219238 0.0265808
1 0.629883 0.317078 0.260742 0.408813 0.0219269
4 0.631836 0.317932 0.274414 0.411011 0.0208588
6 0.0825806 0.958984 0.162231 0.0722656 0.0204926
1 0.973633 0.948242 0.0507812 0.0664062 0.0177765
6 0.0385895 0.940186 0.0680847 0.0883789 0.0164185
2 0.168945 0.630371 0.103516 0.246094 0.0163727
1 0.0346222 0.836426 0.049408 0.327148 0.0142288
2 0.606934 0.288025 0.170898 0.321411 0.0124969
6 0.0523071 0.947998 0.0831299 0.0844727 0.0108337
6 0.0371094 0.120239 0.0527344 0.19751 0.0105743
3 0.0371246 0.122314 0.0456238 0.213867 0.00968933
3 0.0274658 0.907227 0.048584 0.185547 0.00917816
1 0.0371094 0.937012 0.0550537 0.0830078 0.00909424
2 0.974854 0.946289 0.050293 0.0683594 0.00852203
1 0.947266 0.945068 0.09375 0.0864258 0.00823212
6 0.631836 0.317932 0.274414 0.411011 0.00708389
2 0.985352 0.628906 0.0195312 0.166016 0.00697327
3 0.974609 0.701172 0.0410156 0.405273 0.00683212
1 0.0825806 0.958984 0.162231 0.0722656 0.00617599
6 0.960205 0.946045 0.0639648 0.0786133 0.0060463
13 0.629883 0.317078 0.260742 0.408813 0.0057106
19 0.631836 0.317932 0.274414 0.411011 0.00570679
2 0.0961609 0.959473 0.187561 0.0712891 0.00539017
2 0.979492 0.940186 0.0332031 0.0649414 0.00497055
9 0.631836 0.317932 0.274414 0.411011 0.00439835
14 0.631836 0.317993 0.270508 0.418701 0.00431824
18 0.629883 0.317078 0.260742 0.408813 0.00423813
11 0.631836 0.317993 0.270508 0.418701 0.00407791
16 0.631836 0.317993 0.270508 0.418701 0.00402832
1 0.0575867 0.944824 0.0806274 0.0771484 0.00402069
1 0.974609 0.701172 0.0410156 0.405273 0.0039978
6 0.0378876 0.843994 0.0523987 0.308105 0.00392914
1 0.914795 0.948486 0.146973 0.0932617 0.00390625
6 0.0304108 0.937988 0.04245 0.0986328 0.00389862
2 0.981445 0.591309 0.0214844 0.0927734 0.00375938
17 0.629883 0.317078 0.260742 0.408813 0.0037117
8 0.631836 0.317932 0.274414 0.411011 0.00369453
2 0.662109 0.347717 0.177734 0.311401 0.00361443
7 0.631836 0.317932 0.274414 0.411011 0.00361061
10 0.631836 0.317932 0.274414 0.411011 0.003582
2 0.0566254 0.944824 0.0862122 0.0791016 0.00354576
3 0.631836 0.317993 0.270508 0.418701 0.00345039
15 0.629883 0.317078 0.260742 0.408813 0.00333023
6 0.0341797 0.138367 0.0368652 0.198853 0.00322914
1 0.979492 0.940186 0.0332031 0.0649414 0.00321579
0 0.629883 0.317078 0.260742 0.408813 0.00317955
13 0.986328 0.626465 0.0195312 0.149414 0.00309753
6 0.977539 0.902344 0.0429688 0.158203 0.00307274
5 0.631836 0.317932 0.274414 0.411011 0.00305367
1 0.118195 0.959717 0.222107 0.0805664 0.00299263
12 0.631836 0.317993 0.270508 0.418701 0.00292969
2 0.759277 0.301819 0.473633 0.417847 0.00279236
1 0.0201416 0.896729 0.0396729 0.19873 0.00276566
2 0.0312653 0.938477 0.0409851 0.0820312 0.00273323
2 0.570312 0.297424 0.251953 0.378784 0.00264168
6 0.927734 0.952637 0.125 0.0908203 0.00242996
19 0.461914 0.725952 0.758789 0.548096 0.00222015
2 0.98584 0.617676 0.0283203 0.118164 0.00215721
3 0.0324249 0.847168 0.0584412 0.305664 0.00204086
2 0.0327148 0.90918 0.0550537 0.181641 0.00195122
6 0.0410156 0.899658 0.0635986 0.175293 0.00191689
4 0.0295563 0.870361 0.0505066 0.243652 0.00178432
1 0.077652 0.957275 0.117157 0.0581055 0.00175762
2 0.0339355 0.802246 0.0447998 0.37207 0.00171661
19 0.521973 0.615234 0.708984 0.724609 0.00158215
19 0.396118 0.692505 0.531982 0.601318 0.00149536
13 0.0346832 0.12326 0.0426941 0.216858 0.00148487
2 0.700195 0.353394 0.142578 0.301025 0.00144005
2 0.172241 0.696289 0.111084 0.179688 0.00143337
8 0.461914 0.725952 0.758789 0.548096 0.00141335
3 0.0389404 0.939697 0.0588379 0.0952148 0.00141144
19 0.795898 0.48645 0.408203 0.585693 0.00139904
6 0.0191956 0.887695 0.0371704 0.208984 0.00132275
1 0.968018 0.930176 0.0561523 0.0986328 0.00125313
2 0.96582 0.940674 0.0566406 0.0834961 0.00124454
3 0.975342 0.942627 0.0415039 0.0756836 0.00122356
8 0.396118 0.692505 0.531982 0.601318 0.00121117
6 0.0429688 0.0884399 0.0560303 0.145142 0.00121117
2 0.052124 0.639648 0.059082 0.645508 0.00120926
3 0.0528412 0.331177 0.0500793 0.607178 0.00114918
6 0.984863 0.938232 0.0302734 0.0708008 0.00113773
3 0.0319824 0.164429 0.0430908 0.292725 0.0011301
1 0.101807 0.949707 0.162109 0.100586 0.00112915
6 0.0319824 0.164429 0.0430908 0.292725 0.00112724
6 0.973389 0.727539 0.0415039 0.371094 0.00112152
1 0.891846 0.96167 0.194824 0.0708008 0.00111389
3 0.97876 0.756836 0.034668 0.269531 0.00111198
13 0.973633 0.948242 0.0507812 0.0664062 0.00110054
1 0.16748 0.958496 0.334961 0.0673828 0.0010767
3 0.0357666 0.894287 0.0715332 0.211426 0.00105858
1 0.570312 0.297424 0.251953 0.378784 0.00103092
3 0.0393677 0.925781 0.0690918 0.140625 0.00101757
2 0.980469 0.634277 0.0234375 0.151367 0.00101662
