2 0.524902 0.470215 0.0244141 0.145508 0.714844
2 0.408203 0.466553 0.0483398 0.306152 0.706055
6 0.0395508 0.930176 0.0515137 0.118164 0.484375
1 0.974854 0.945068 0.050293 0.0805664 0.222534
1 0.0395508 0.92749 0.0562744 0.104004 0.136353
2 0.524902 0.472168 0.0400391 0.147461 0.11145
6 0.0338745 0.145935 0.0426025 0.251099 0.0823364
3 0.0455322 0.619507 0.0634766 0.678955 0.061554
6 0.0605316 0.937744 0.106476 0.0952148 0.0543823
2 0.525391 0.464111 0.0224609 0.0913086 0.0455627
2 0.979492 0.93457 0.03125 0.0742188 0.0406189
6 0.100098 0.942383 0.194092 0.103516 0.037384
1 0.0327148 0.14563 0.0418701 0.253662 0.0364685
6 0.975586 0.942871 0.0488281 0.0791016 0.035553
2 0.0264282 0.722168 0.0249023 0.178711 0.0240936
6 0.0363617 0.893799 0.056427 0.190918 0.0239563
6 0.045517 0.925537 0.0791321 0.133301 0.0214386
2 0.0385895 0.919922 0.0558777 0.105469 0.0195923
3 0.0395508 0.930176 0.0515137 0.118164 0.0191498
1 0.979492 0.93457 0.03125 0.0742188 0.0189667
1 0.981445 0.126221 0.0332031 0.227539 0.0160522
2 0.974121 0.943115 0.0517578 0.0805664 0.0150452
6 0.979492 0.126129 0.03125 0.211609 0.0146255
2 0.533203 0.47168 0.0332031 0.15918 0.01371
3 0.0327148 0.14563 0.0418701 0.253662 0.0134354
2 0.413086 0.430054 0.0302734 0.22583 0.0131149
1 0.977295 0.181519 0.0336914 0.335205 0.0121536
6 0.977295 0.181519 0.0336914 0.335205 0.0102844
2 0.0438995 0.591919 0.0479431 0.650146 0.00981903
2 0.026123 0.670898 0.0273438 0.300781 0.00976562
2 0.520996 0.490845 0.0234375 0.106201 0.00894165
1 0.0395355 0.894043 0.058136 0.15918 0.0085907
13 0.0344238 0.144714 0.0435791 0.25354 0.00799561
1 0.100098 0.942383 0.194092 0.103516 0.00689697
6 0.0317383 0.905518 0.043335 0.145996 0.00680161
3 0.0483398 0.767578 0.0612793 0.429688 0.0054512
2 0.400879 0.496582 0.0332031 0.27832 0.00535583
6 0.974365 0.0635834 0.0415039 0.114044 0.00523758
3 0.0573425 0.562012 0.0947876 0.875977 0.00491714
2 0.0323334 0.158203 0.0410461 0.277344 0.00484467
2 0.0252686 0.769043 0.0195312 0.166992 0.00477982
13 0.0373535 0.92627 0.0565186 0.120117 0.00471115
2 0.0306091 0.766113 0.0285034 0.415039 0.00453949
3 0.0370636 0.241455 0.0452576 0.456543 0.00430298
1 0.158142 0.949463 0.313599 0.0834961 0.00413132
6 0.0375977 0.827637 0.0522461 0.303711 0.0039711
13 0.980713 0.11496 0.0288086 0.195862 0.0038147
1 0.0264282 0.722168 0.0249023 0.178711 0.00379372
4 0.407227 0.470703 0.0493164 0.304688 0.00349808
1 0.02771 0.143433 0.029541 0.19165 0.00340462
2 0.515137 0.467285 0.0380859 0.139648 0.00333214
4 0.045166 0.933594 0.0621338 0.121094 0.00330734
3 0.0395508 0.916748 0.0654297 0.166504 0.00322914
6 0.980225 0.0807037 0.0317383 0.123749 0.00317955
2 0.719238 0.00952148 0.0244141 0.019043 0.002985
1 0.967773 0.919678 0.0507812 0.119629 0.0028553
13 0.103241 0.939209 0.184631 0.0981445 0.00284958
1 0.0456543 0.625366 0.0556641 0.671143 0.0028286
1 0.982422 0.943848 0.0351562 0.0830078 0.00276184
6 0.0375977 0.0904541 0.0467529 0.180908 0.00274849
6 0.0280304 0.129242 0.032074 0.200012 0.00271225
2 0.521973 0.498535 0.03125 0.143555 0.00268745
3 0.0847473 0.94043 0.157654 0.103516 0.00263977
3 0.0424194 0.570801 0.0415039 0.648438 0.00260162
2 0.688965 0.819824 0.0214844 0.0585938 0.00255585
2 0.42041 0.346924 0.0229492 0.0654297 0.00253868
3 0.0349121 0.81958 0.0457764 0.321777 0.00253868
13 0.525391 0.470215 0.0234375 0.142578 0.00251579
3 0.0356445 0.884033 0.0524902 0.190918 0.002491
1 0.973633 0.930176 0.0371094 0.0966797 0.00248909
1 0.981445 0.0963135 0.0234375 0.14209 0.00235367
14 0.0380859 0.929688 0.0600586 0.107422 0.00234795
2 0.0402222 0.315918 0.0408936 0.613281 0.00226974
3 0.061615 0.938232 0.0930786 0.102051 0.00224113
1 0.038147 0.105164 0.052124 0.210327 0.00211143
3 0.975342 0.943359 0.0454102 0.0820312 0.00204277
6 0.0483398 0.767578 0.0612793 0.429688 0.00201035
3 0.977295 0.181519 0.0336914 0.335205 0.00196648
3 0.980713 0.11496 0.0288086 0.195862 0.00194073
2 0.410645 0.450439 0.0351562 0.140137 0.00191689
13 0.975586 0.942871 0.0488281 0.0791016 0.0018959
1 0.19696 0.761719 0.108032 0.0673828 0.00184441
2 0.397949 0.541382 0.0283203 0.192627 0.0018158
2 0.396973 0.567383 0.0249023 0.128906 0.00181103
2 0.415771 0.378418 0.0371094 0.115234 0.00180054
11 0.0380859 0.929688 0.0600586 0.107422 0.00178146
3 0.0402222 0.182373 0.0637207 0.364746 0.00174618
4 0.0836792 0.936523 0.153442 0.111328 0.00171375
6 0.105103 0.962402 0.210205 0.0751953 0.00166416
2 0.100098 0.942383 0.194092 0.103516 0.00165844
13 0.0548096 0.932373 0.0888672 0.10791 0.00162601
6 0.0549927 0.64978 0.0909424 0.700439 0.00162411
7 0.0410156 0.932373 0.0551758 0.11377 0.00155735
2 0.416992 0.402466 0.0273438 0.191162 0.00152302
3 0.03508 0.731934 0.0343323 0.31543 0.00149345
13 0.0252686 0.78125 0.019165 0.174805 0.00146198
2 0.971924 0.171021 0.0424805 0.302002 0.00145721
3 0.0343018 0.681519 0.0498047 0.5979 0.00145435
1 0.978516 0.906006 0.0429688 0.156738 0.00143147
6 0.0302734 0.858398 0.0495605 0.230469 0.00141621
4 0.0372314 0.235413 0.0407715 0.450073 0.00139427
6 0.0456543 0.625366 0.0556641 0.671143 0.0013752
16 0.0380859 0.929688 0.0600586 0.107422 0.00137329
2 0.0356445 0.884033 0.0524902 0.190918 0.00136185
6 0.982422 0.943848 0.0351562 0.0830078 0.00132465
6 0.0397186 0.218933 0.0392151 0.40686 0.00131798
1 0.0397186 0.218933 0.0392151 0.40686 0.00131512
1 0.972656 0.129089 0.0410156 0.215454 0.00128746
3 0.0401611 0.0882568 0.0501709 0.169922 0.00126076
1 0.0614166 0.938965 0.103729 0.100586 0.00123787
13 0.408203 0.466553 0.0483398 0.306152 0.00122261
14 0.974121 0.943115 0.0517578 0.0805664 0.0012064
6 0.979492 0.933838 0.03125 0.0756836 0.00120449
3 0.0320435 0.601685 0.0395508 0.456787 0.00117302
13 0.981445 0.0963135 0.0234375 0.14209 0.00116348
4 0.525391 0.470215 0.0234375 0.142578 0.00113678
4 0.0327148 0.14563 0.0418701 0.253662 0.00112629
1 0.954834 0.946045 0.0825195 0.0786133 0.00111008
9 0.0410156 0.932373 0.0551758 0.11377 0.00110245
13 0.524902 0.466553 0.0380859 0.140137 0.00108719
2 0.0499878 0.936768 0.078125 0.11084 0.00107574
4 0.972412 0.246826 0.0375977 0.461426 0.00107479
2 0.980713 0.11496 0.0288086 0.195862 0.00107288
1 0.96875 0.0566406 0.0527344 0.0974121 0.00106144
