2 0.632812 0.0747681 0.124023 0.0246582 0.578125
2 0.0903625 0.259277 0.038269 0.274902 0.076416
6 0.979492 0.949951 0.0390625 0.0668945 0.0747681
2 0.0977478 0.243896 0.03302 0.26416 0.0541992
2 0.0922852 0.340332 0.0270996 0.124023 0.0251465
3 0.0354004 0.888428 0.0507812 0.172363 0.0251007
3 0.960449 0.361816 0.0576172 0.723633 0.0228119
6 0.0292206 0.895264 0.0421448 0.180176 0.0170288
1 0.978271 0.953125 0.0395508 0.0644531 0.0167847
2 0.979492 0.949951 0.0390625 0.0668945 0.0162506
2 0.0957031 0.30957 0.0292969 0.139648 0.0139389
1 0.978516 0.130981 0.0410156 0.255127 0.0138092
2 0.544434 0.504883 0.0224609 0.0585938 0.0129623
2 0.634277 0.0733643 0.0722656 0.0250244 0.00894928
2 0.625488 0.0687256 0.139648 0.0283203 0.00880432
2 0.284668 0.0155945 0.0288086 0.0265503 0.0082016
2 0.978271 0.477539 0.0219727 0.172852 0.00764084
2 0.0296936 0.0732269 0.0297241 0.087677 0.00712967
6 0.92749 0.0269165 0.129395 0.053833 0.00711441
2 0.607422 0.0753174 0.110352 0.0214844 0.00657654
2 0.861816 0.0245972 0.0419922 0.0367432 0.00649261
6 0.0302582 0.0660248 0.0249329 0.101837 0.00618744
3 0.982178 0.944824 0.0356445 0.0751953 0.0057869
2 0.978516 0.394531 0.0195312 0.129883 0.0055542
3 0.043869 0.827148 0.0550842 0.300781 0.00523758
2 0.975342 0.539551 0.0141602 0.0634766 0.00516891
3 0.0281525 0.908936 0.0430603 0.150879 0.00489426
6 0.0322266 0.0609741 0.0402832 0.0943604 0.00412369
1 0.975586 0.9375 0.0390625 0.09375 0.00399399
2 0.980469 0.443115 0.0175781 0.161621 0.00357437
1 0.97168 0.170715 0.0429688 0.313843 0.00336266
3 0.977783 0.925293 0.0444336 0.108398 0.00330544
2 0.630859 0.0751343 0.126953 0.0679932 0.00326157
13 0.982178 0.944824 0.0356445 0.0751953 0.00319862
6 0.942139 0.0339355 0.0883789 0.0678711 0.00304222
2 0.979492 0.432739 0.0214844 0.243896 0.00296974
3 0.968994 0.299316 0.0541992 0.598633 0.00294495
6 0.043869 0.827148 0.0550842 0.300781 0.00276756
2 0.549805 0.506348 0.0214844 0.0478516 0.00258827
2 0.0358276 0.392578 0.0178223 0.0610352 0.00253105
13 0.979248 0.956055 0.0375977 0.0625 0.0025177
3 0.0336914 0.0654297 0.0303955 0.102539 0.00239182
2 0.0927429 0.295654 0.0276489 0.217773 0.00222969
3 0.983398 0.117035 0.0292969 0.20636 0.0022068
13 0.0292969 0.0806427 0.0239258 0.107758 0.00214195
2 0.97583 0.740234 0.0209961 0.0615234 0.00209618
6 0.0256958 0.93457 0.0375977 0.0957031 0.00198936
6 0.960693 0.954346 0.0688477 0.0737305 0.00195503
6 0.979248 0.0762939 0.0415039 0.134033 0.00188541
3 0.982422 0.904297 0.0351562 0.162109 0.00175476
3 0.977539 0.954346 0.0410156 0.065918 0.00175476
3 0.97168 0.216003 0.0429688 0.420532 0.00172043
2 0.779297 0.019455 0.0273438 0.037262 0.00169659
13 0.0283203 0.0715332 0.0352783 0.103516 0.00167561
2 0.610352 0.0742798 0.0703125 0.0185547 0.00166798
13 0.975342 0.539551 0.0141602 0.0634766 0.00159836
6 0.982666 0.939453 0.0327148 0.0996094 0.00152397
2 0.979492 0.35791 0.015625 0.0976562 0.00150108
3 0.958252 0.400146 0.0834961 0.800293 0.0014925
2 0.837891 0.0230255 0.102539 0.0396423 0.0014925
13 0.0922852 0.340332 0.0270996 0.124023 0.00135517
2 0.290039 0.016571 0.03125 0.0331421 0.00135136
2 0.0994873 0.285889 0.0288086 0.185059 0.00130558
6 0.972412 0.0427399 0.0473633 0.0758972 0.00129986
2 0.975586 0.9375 0.0390625 0.09375 0.00127602
1 0.963135 0.945068 0.0639648 0.0883789 0.00127029
2 0.0979004 0.261475 0.0500488 0.219727 0.00122833
6 0.915527 0.0163574 0.129883 0.0327148 0.00120258
2 0.975342 0.526855 0.0180664 0.0742188 0.00113487
13 0.632812 0.0737915 0.124023 0.0241699 0.00108242
2 0.280273 0.434326 0.0224609 0.0576172 0.00105572
6 0.0201111 0.911377 0.0374146 0.165527 0.00103664
2 0.978271 0.962891 0.0336914 0.0585938 0.00102139
2 0.785156 0.0213776 0.0449219 0.0387878 0.00100517
