2 0.598755 0.266052 0.273193 0.108032 0.854492
2 0.394531 0.164551 0.090332 0.149902 0.340576
1 0.03125 0.953613 0.036499 0.0654297 0.233521
6 0.0277405 0.921875 0.0420532 0.126953 0.179688
2 0.03125 0.953857 0.0357666 0.0649414 0.128784
2 0.805664 0.972412 0.0341797 0.0258789 0.125732
6 0.0319366 0.943848 0.0506287 0.0830078 0.0314026
3 0.964844 0.328125 0.0644531 0.65625 0.0270233
1 0.0301971 0.928223 0.0436096 0.125977 0.0252686
3 0.949219 0.472168 0.09375 0.944336 0.0249329
6 0.0307617 0.952393 0.0373535 0.0639648 0.0186768
6 0.032959 0.106232 0.0528564 0.185974 0.017334
3 0.0267487 0.922363 0.0392761 0.12793 0.0157166
2 0.602905 0.251465 0.294189 0.192383 0.0152588
2 0.975586 0.616699 0.0214844 0.188477 0.0111465
2 0.8125 0.970703 0.0302734 0.0273438 0.00914764
2 0.79248 0.9729 0.0566406 0.0268555 0.00818634
6 0.0415039 0.0524445 0.0578613 0.0926208 0.00772476
2 0.60498 0.265564 0.147461 0.108521 0.00687408
2 0.973877 0.93457 0.0268555 0.0742188 0.00685501
6 0.0352631 0.94043 0.0620422 0.115234 0.00612259
1 0.0371094 0.94458 0.0412598 0.0795898 0.00576401
3 0.0357666 0.103882 0.0501709 0.191895 0.00461197
13 0.387695 0.168213 0.102539 0.161621 0.00421906
1 0.101166 0.9646 0.173157 0.0708008 0.00418472
1 0.593262 0.269043 0.270508 0.102051 0.00417709
1 0.0463867 0.0522919 0.0670166 0.0934143 0.00416183
6 0.0364532 0.959717 0.0579529 0.0610352 0.00413513
2 0.0277405 0.921875 0.0420532 0.126953 0.00413513
13 0.59082 0.269043 0.275391 0.103516 0.00408554
6 0.0333252 0.904785 0.0469971 0.170898 0.00407791
6 0.0845947 0.968994 0.164307 0.0561523 0.00387573
19 0.471802 0.533691 0.656006 0.769531 0.00358391
13 0.0277405 0.921875 0.0420532 0.126953 0.00357246
1 0.0237427 0.909424 0.0325928 0.163574 0.00345993
2 0.527832 0.272217 0.375 0.120117 0.00329208
3 0.0325928 0.943359 0.0463867 0.0859375 0.00326347
6 0.0405273 0.0814514 0.0513916 0.15741 0.00310898
3 0.0330353 0.903076 0.0481873 0.168457 0.00308418
2 0.450439 0.504883 0.0551758 0.015625 0.00304031
2 0.41333 0.168457 0.193848 0.187012 0.0029583
1 0.0234222 0.956299 0.0310364 0.0639648 0.00292587
2 0.0287476 0.507812 0.0169678 0.0644531 0.00273514
2 0.54834 0.250244 0.191406 0.0791016 0.00263214
6 0.0707092 0.957764 0.127625 0.0629883 0.00256348
4 0.59436 0.266174 0.268311 0.111206 0.00245476
3 0.0400391 0.0611572 0.0505371 0.109131 0.00240898
1 0.0372772 0.085083 0.0514221 0.14917 0.00240326
2 0.69043 0.0566101 0.619141 0.0908813 0.00235748
2 0.0280762 0.496582 0.0145264 0.0458984 0.0023098
3 0.0604095 0.505493 0.0945129 0.987061 0.002285
2 0.0371094 0.94458 0.0412598 0.0795898 0.00218773
1 0.0707092 0.957764 0.127625 0.0629883 0.00217819
3 0.0426178 0.319702 0.0629578 0.616455 0.00212669
19 0.446533 0.494263 0.424316 0.669678 0.00209236
6 0.979492 0.947021 0.0390625 0.0727539 0.00208855
13 0.0323486 0.0981445 0.0447998 0.165771 0.0020752
13 0.03125 0.953613 0.036499 0.0654297 0.00197983
2 0.974854 0.650879 0.019043 0.131836 0.00196838
2 0.529297 0.24408 0.294922 0.0606689 0.00192738
4 0.38916 0.168152 0.0957031 0.150024 0.00191212
6 0.0327148 0.0646362 0.0411377 0.114624 0.00189686
4 0.934326 0.513794 0.131348 0.972412 0.00189018
2 0.64209 0.269592 0.256836 0.149292 0.00184631
3 0.0454712 0.627441 0.0541992 0.664062 0.00184536
2 0.0234222 0.956299 0.0310364 0.0639648 0.001791
9 0.59082 0.269043 0.275391 0.103516 0.00169086
3 0.966553 0.195923 0.0610352 0.391846 0.00168419
14 0.598633 0.266052 0.268555 0.113892 0.00163937
2 0.0302734 0.856934 0.0314941 0.254883 0.00158501
3 0.979736 0.88208 0.0405273 0.194824 0.00158024
6 0.0551758 0.953613 0.0842285 0.0751953 0.00153828
6 0.981689 0.955078 0.0288086 0.0585938 0.00153542
2 0.835205 0.0548401 0.321777 0.0778198 0.00153065
2 0.804688 0.977783 0.0380859 0.0229492 0.00152874
1 0.0488434 0.956299 0.065155 0.0620117 0.00150585
3 0.92749 0.510986 0.14502 0.974121 0.00150585
6 0.0207825 0.941406 0.0298462 0.0800781 0.00148582
8 0.576904 0.562622 0.846191 0.874756 0.00148487
1 0.0617371 0.949707 0.101624 0.0888672 0.00148296
2 0.408203 0.148987 0.137695 0.173706 0.00140285
3 0.03302 0.935547 0.0615234 0.125 0.00133038
6 0.59082 0.269043 0.275391 0.103516 0.00132751
1 0.798828 0.0440521 0.402344 0.0591125 0.00131416
9 0.387695 0.168213 0.102539 0.161621 0.00130749
3 0.981934 0.922852 0.0361328 0.123047 0.00126839
19 0.650513 0.560547 0.68335 0.84375 0.0012579
3 0.0307617 0.952393 0.0373535 0.0639648 0.00123405
2 0.395264 0.164551 0.0732422 0.0947266 0.00123119
2 0.569214 0.241028 0.299072 0.107788 0.00121498
4 0.471802 0.533691 0.656006 0.769531 0.00119305
14 0.387695 0.168213 0.102539 0.161621 0.00119114
19 0.574707 0.557495 0.542969 0.613525 0.00118828
1 0.973877 0.93457 0.0268555 0.0742188 0.00118256
19 0.59082 0.269043 0.275391 0.103516 0.00118065
6 0.387695 0.168213 0.102539 0.161621 0.00117683
3 0.0330963 0.267273 0.0558777 0.485962 0.00117397
13 0.981445 0.321533 0.0175781 0.0639648 0.00110435
3 0.974609 0.400024 0.0507812 0.787842 0.00109863
1 0.38916 0.168152 0.0957031 0.150024 0.00108814
3 0.97583 0.292969 0.0483398 0.585938 0.00108814
2 0.982422 0.32251 0.015625 0.0615234 0.00108147
8 0.387695 0.168213 0.102539 0.161621 0.00107574
5 0.59082 0.269043 0.275391 0.103516 0.00107098
7 0.59082 0.269043 0.275391 0.103516 0.00106239
1 0.949219 0.472168 0.09375 0.944336 0.00105953
14 0.03125 0.954102 0.0371094 0.0683594 0.00104046
2 0.960938 0.0631104 0.0605469 0.052002 0.00103664
8 0.59082 0.269043 0.275391 0.103516 0.00102615
2 0.866699 0.980225 0.197266 0.0258789 0.00102425
13 0.805664 0.972412 0.0341797 0.0258789 0.00101089
4 0.641968 0.526733 0.716064 0.897705 0.00100708
