2 0.491699 0.236389 0.311523 0.208862 0.839844
2 0.486816 0.162964 0.305664 0.0539551 0.273682
2 0.854492 0.385498 0.0283203 0.0541992 0.0905151
6 0.0277252 0.909668 0.0490417 0.15918 0.0503845
2 0.487793 0.194824 0.324219 0.125977 0.0415955
3 0.966064 0.334717 0.065918 0.619629 0.0395508
2 0.606445 0.256592 0.0634766 0.190918 0.0344849
6 0.0324707 0.110107 0.046875 0.204834 0.0340881
6 0.0351715 0.937744 0.0524597 0.0834961 0.0293427
14 0.85498 0.385498 0.0283203 0.0537109 0.0245056
1 0.0336914 0.94043 0.0449219 0.0878906 0.0233154
1 0.495117 0.246826 0.318359 0.22168 0.0227661
3 0.0327759 0.14624 0.0440674 0.254883 0.0185394
6 0.0352173 0.87207 0.0515137 0.253906 0.0181427
3 0.957031 0.385742 0.0703125 0.771484 0.0158539
6 0.0830383 0.957764 0.154724 0.0708008 0.0137787
3 0.976807 0.141266 0.0463867 0.212097 0.013176
4 0.492676 0.237061 0.3125 0.231934 0.0129013
6 0.0515594 0.94873 0.0853577 0.0830078 0.0123215
2 0.450317 0.782227 0.0632324 0.125 0.0121155
1 0.120117 0.952637 0.233398 0.0947266 0.0107346
3 0.0351715 0.912354 0.0592957 0.17334 0.0105743
13 0.0281982 0.111542 0.032959 0.203186 0.00995636
2 0.616699 0.171387 0.0507812 0.0380859 0.00901794
6 0.0370483 0.163147 0.050293 0.2948 0.00853729
1 0.0339813 0.896729 0.0575256 0.190918 0.00795746
2 0.458862 0.151855 0.273682 0.0397949 0.00747299
3 0.0374298 0.0844727 0.0445251 0.152588 0.00717545
3 0.956543 0.494629 0.0869141 0.935547 0.00640488
6 0.036438 0.0732574 0.0509033 0.124969 0.00585556
1 0.977539 0.141357 0.0449219 0.220703 0.00569534
1 0.0498047 0.942139 0.0725098 0.0825195 0.00497437
6 0.97998 0.138855 0.0400391 0.205688 0.00491714
6 0.490234 0.237061 0.319336 0.22168 0.00468445
3 0.0281982 0.111542 0.032959 0.203186 0.00454712
2 0.0351715 0.937744 0.0524597 0.0834961 0.00444412
13 0.489258 0.237793 0.317383 0.228516 0.00439072
3 0.974365 0.216919 0.0512695 0.373779 0.00402832
3 0.041748 0.277344 0.0598145 0.522461 0.00394821
6 0.0361328 0.897461 0.0722656 0.195312 0.00378418
1 0.0767212 0.941162 0.136597 0.0981445 0.0037117
19 0.490234 0.237061 0.319336 0.22168 0.00362778
1 0.096405 0.958008 0.187561 0.0722656 0.0035038
9 0.489258 0.237793 0.317383 0.228516 0.0034523
6 0.0377808 0.920166 0.0646973 0.114746 0.00343132
14 0.489258 0.237793 0.317383 0.228516 0.00341225
2 0.550659 0.251953 0.218994 0.18457 0.00325394
2 0.491699 0.231262 0.18457 0.217163 0.00318527
6 0.119385 0.950195 0.213867 0.0996094 0.00314331
11 0.489258 0.237793 0.317383 0.228516 0.00303841
7 0.489258 0.237793 0.317383 0.228516 0.00300407
6 0.0774841 0.941162 0.128723 0.100098 0.00299263
16 0.492676 0.237061 0.3125 0.231934 0.00298691
18 0.489258 0.237793 0.317383 0.228516 0.00297928
2 0.612793 0.26123 0.0556641 0.134277 0.0029583
2 0.45166 0.174805 0.24707 0.0847168 0.002882
1 0.854004 0.385254 0.0283203 0.0551758 0.00281334
8 0.490234 0.237061 0.319336 0.22168 0.00278854
1 0.163635 0.940674 0.272339 0.118652 0.00257301
0 0.489258 0.237793 0.317383 0.228516 0.00255203
1 0.888672 0.962891 0.191406 0.0703125 0.00252533
15 0.489258 0.237793 0.317383 0.228516 0.00250244
3 0.489258 0.237793 0.317383 0.228516 0.00246429
17 0.492676 0.237061 0.3125 0.231934 0.00244141
1 0.484863 0.162476 0.297852 0.0517578 0.00242615
10 0.490234 0.237061 0.319336 0.22168 0.002388
3 0.0386963 0.183411 0.0582275 0.330444 0.00233269
12 0.489258 0.237793 0.317383 0.228516 0.00228882
6 0.027298 0.127167 0.0306091 0.19342 0.00227165
1 0.907471 0.973633 0.179199 0.046875 0.00226784
6 0.0720825 0.910156 0.124634 0.179688 0.00219345
6 0.0370483 0.23468 0.0595703 0.437866 0.00217628
5 0.492676 0.237061 0.3125 0.231934 0.00217247
2 0.634766 0.687988 0.015625 0.0576172 0.00212097
3 0.0459137 0.731934 0.0646667 0.512695 0.00208473
6 0.958008 0.957031 0.0761719 0.0722656 0.00208282
2 0.611328 0.266846 0.0996094 0.275391 0.00206757
3 0.0310516 0.861328 0.0582581 0.277344 0.00206566
13 0.0328979 0.165161 0.0473633 0.299072 0.00200653
3 0.028595 0.928467 0.0413208 0.131348 0.00196648
2 0.56543 0.242676 0.144531 0.219727 0.00196648
3 0.038147 0.945557 0.0541992 0.0893555 0.00188065
6 0.976562 0.921631 0.046875 0.143066 0.00181866
2 0.096405 0.958008 0.187561 0.0722656 0.00174236
6 0.973633 0.943604 0.0488281 0.0913086 0.00173759
2 0.86084 0.385254 0.0273438 0.0498047 0.00171185
4 0.0339966 0.895996 0.0524902 0.194336 0.00167465
3 0.0203857 0.909424 0.0402832 0.169434 0.0015955
1 0.171875 0.956543 0.34375 0.0693359 0.00137997
3 0.0427094 0.841309 0.0661926 0.30957 0.00136566
6 0.0426025 0.95752 0.0631104 0.0732422 0.00130749
1 0.0317383 0.916748 0.0516357 0.119629 0.00128174
2 0.544922 0.277893 0.237305 0.300659 0.00125027
2 0.63623 0.678711 0.0146484 0.0400391 0.00124168
13 0.854004 0.385498 0.0292969 0.0517578 0.00120449
2 0.0332642 0.909668 0.0594482 0.141602 0.00116158
6 0.926025 0.967529 0.134277 0.0610352 0.00116062
2 0.427124 0.147583 0.204346 0.0307617 0.00115395
2 0.48877 0.167297 0.303711 0.109741 0.0011301
13 0.0361176 0.0871582 0.0522766 0.157227 0.00104046
3 0.0491943 0.935791 0.0784912 0.11084 0.0010252
1 0.052597 0.876953 0.0991516 0.216797 0.00102139
6 0.0418701 0.793701 0.0610352 0.412598 0.00101948
