2 0.560059 0.764648 0.209961 0.197266 0.819824
6 0.0366364 0.95166 0.04953 0.0693359 0.155518
1 0.035141 0.952393 0.0486145 0.065918 0.0764771
6 0.976562 0.886719 0.0390625 0.210938 0.0702515
6 0.0471649 0.958984 0.0760803 0.0800781 0.0652466
6 0.0702209 0.960693 0.125183 0.0649414 0.0370789
2 0.0366364 0.95166 0.04953 0.0693359 0.0235748
3 0.967529 0.781738 0.043457 0.393555 0.0228119
6 0.967529 0.810303 0.043457 0.350098 0.0171051
3 0.0526123 0.404297 0.072998 0.804688 0.0161896
6 0.096344 0.967285 0.188171 0.0654297 0.0142212
2 0.0271759 0.0917358 0.0258484 0.10144 0.0139847
6 0.030426 0.925049 0.0534058 0.126465 0.0134659
1 0.559082 0.765137 0.213867 0.21582 0.0131302
1 0.0271606 0.0981445 0.0284424 0.102539 0.0131226
3 0.0463867 0.328491 0.0546875 0.612549 0.0108948
1 0.119965 0.959473 0.227844 0.0810547 0.0107498
3 0.02948 0.146637 0.0335693 0.216492 0.0102158
6 0.0278931 0.961426 0.0557861 0.0712891 0.00997925
6 0.0329132 0.14856 0.0386658 0.200439 0.00989532
3 0.0377197 0.955322 0.0577393 0.0717773 0.00964355
6 0.0290527 0.100128 0.0330811 0.11615 0.009552
4 0.559082 0.763672 0.217773 0.216797 0.00937653
13 0.0269775 0.0955811 0.0240479 0.101318 0.0091095
2 0.351562 0.826172 0.015625 0.0341797 0.00839996
6 0.975342 0.115265 0.0473633 0.179138 0.0077858
3 0.0366364 0.934814 0.0639343 0.10498 0.00760651
2 0.97876 0.841553 0.0327148 0.297363 0.00720215
1 0.967773 0.957031 0.0488281 0.0703125 0.00680161
6 0.559082 0.765137 0.213867 0.21582 0.00602722
1 0.102203 0.967529 0.174011 0.0649414 0.00601959
2 0.976562 0.85498 0.0234375 0.150391 0.0056839
13 0.559082 0.765137 0.213867 0.21582 0.00566864
3 0.975586 0.116211 0.0429688 0.182373 0.00555801
1 0.0374146 0.937988 0.0631104 0.104492 0.00533295
3 0.97583 0.885742 0.0366211 0.214844 0.00532913
3 0.0381317 0.893799 0.0655823 0.181152 0.00532532
14 0.559082 0.765137 0.213867 0.21582 0.00495529
13 0.035141 0.952393 0.0486145 0.065918 0.00495529
1 0.967529 0.781738 0.043457 0.393555 0.00485611
6 0.0381622 0.912354 0.0618591 0.175293 0.00482941
3 0.036438 0.161072 0.0513916 0.226685 0.00470352
6 0.9729 0.94751 0.0444336 0.081543 0.0046196
3 0.0439606 0.844727 0.0597839 0.300781 0.00443649
9 0.559082 0.765137 0.213867 0.21582 0.00432587
19 0.559082 0.763672 0.217773 0.216797 0.00425339
6 0.0312653 0.938965 0.0456238 0.0830078 0.00424576
16 0.559082 0.765137 0.213867 0.21582 0.00414658
3 0.968262 0.805664 0.0341797 0.255859 0.00410461
11 0.559082 0.765137 0.213867 0.21582 0.00409698
2 0.36377 0.0111847 0.0244141 0.0223694 0.00390244
18 0.559082 0.765137 0.213867 0.21582 0.00385284
7 0.559082 0.765137 0.213867 0.21582 0.00376129
14 0.0856323 0.605957 0.0129395 0.0175781 0.0037384
2 0.59668 0.755371 0.140625 0.178711 0.00365448
1 0.036499 0.157867 0.0411377 0.22821 0.00352097
3 0.559082 0.765137 0.213867 0.21582 0.00345421
13 0.0275269 0.129028 0.0252686 0.190186 0.00344849
10 0.559082 0.765137 0.213867 0.21582 0.00344086
8 0.559082 0.763672 0.217773 0.216797 0.00341225
15 0.559082 0.765137 0.213867 0.21582 0.00324821
0 0.559082 0.765137 0.213867 0.21582 0.00323486
17 0.559082 0.765137 0.213867 0.21582 0.00314713
3 0.0410156 0.218506 0.0458984 0.354004 0.0031414
12 0.559082 0.765137 0.213867 0.21582 0.00312424
5 0.559082 0.765137 0.213867 0.21582 0.00298309
6 0.972412 0.0802002 0.0512695 0.151611 0.0029583
6 0.970703 0.918213 0.046875 0.118652 0.00292587
6 0.142334 0.959229 0.24707 0.081543 0.00276184
6 0.968262 0.805664 0.0341797 0.255859 0.00273323
2 0.048172 0.359375 0.0542908 0.670898 0.00265312
1 0.0826416 0.950195 0.142334 0.0859375 0.00260925
2 0.972656 0.952393 0.0371094 0.0717773 0.00257683
2 0.0275269 0.129028 0.0252686 0.190186 0.00240517
3 0.0284119 0.826172 0.0470581 0.333984 0.00239372
13 0.0302582 0.161377 0.0359192 0.249023 0.00236511
2 0.0312653 0.938965 0.0456238 0.0830078 0.00235558
2 0.566895 0.761719 0.123047 0.199219 0.00234604
13 0.0722656 0.962158 0.125732 0.0717773 0.00231361
1 0.160706 0.968262 0.275269 0.0634766 0.0021534
3 0.0539856 0.95874 0.0839233 0.0766602 0.00209618
6 0.964844 0.0407715 0.0488281 0.081543 0.00191975
1 0.97583 0.889893 0.0405273 0.200684 0.00188351
2 0.358887 0.0128784 0.0253906 0.0241699 0.00182247
1 0.0474701 0.958008 0.0801086 0.0703125 0.00175571
3 0.0312958 0.122192 0.0299377 0.142334 0.00173759
13 0.976562 0.886719 0.0390625 0.210938 0.00166607
3 0.95752 0.775391 0.0712891 0.449219 0.00160694
2 0.0975647 0.962158 0.1745 0.0756836 0.00160027
3 0.0673065 0.512329 0.0931702 0.975342 0.00156307
6 0.97876 0.819092 0.0405273 0.318848 0.00150871
1 0.947754 0.958496 0.0810547 0.0693359 0.00144291
3 0.0338135 0.269287 0.0430908 0.483887 0.00141239
1 0.0285034 0.136444 0.0313721 0.19342 0.00139523
4 0.0471649 0.958984 0.0760803 0.0800781 0.00139332
2 0.97583 0.884277 0.0424805 0.204102 0.00135231
6 0.973633 0.0491943 0.0429688 0.0983887 0.00134373
2 0.536133 0.0151367 0.0458984 0.0274658 0.00133705
14 0.575195 0.124268 0.0117188 0.0144043 0.00132751
2 0.0387421 0.960449 0.0711975 0.0634766 0.00131607
6 0.0748291 0.975342 0.138672 0.0493164 0.0013113
2 0.0302582 0.161377 0.0359192 0.249023 0.00128651
3 0.968506 0.942139 0.0375977 0.0883789 0.00127029
2 0.575562 0.749512 0.311768 0.250977 0.0012598
13 0.121643 0.961914 0.218628 0.0664062 0.0012455
2 0.351074 0.831055 0.0219727 0.0390625 0.00122643
13 0.978516 0.122375 0.0351562 0.195679 0.00121498
14 0.0366364 0.95166 0.04953 0.0693359 0.00119972
3 0.0261841 0.917969 0.0397949 0.15625 0.00117588
3 0.0776062 0.964355 0.144592 0.0693359 0.00113869
3 0.97876 0.819092 0.0405273 0.318848 0.00112438
3 0.971436 0.91748 0.0493164 0.133789 0.00112343
3 0.0356293 0.36084 0.0688782 0.72168 0.00110435
2 0.967529 0.810303 0.043457 0.350098 0.00109196
1 0.0298004 0.0880127 0.0402527 0.106689 0.0010767
3 0.965088 0.840088 0.0561523 0.284668 0.0010519
6 0.97876 0.933838 0.0366211 0.112793 0.00104046
1 0.174133 0.956787 0.338257 0.0864258 0.00102043
