2 0.557129 0.230408 0.160156 0.253052 0.797363
2 0.260254 0.227234 0.0722656 0.31897 0.760254
2 0.979736 0.775391 0.0229492 0.178711 0.323242
2 0.407227 0.272949 0.0839844 0.230957 0.273193
2 0.396973 0.225586 0.100098 0.134766 0.210815
2 0.39624 0.184814 0.106445 0.0595703 0.172729
2 0.97168 0.424805 0.0234375 0.233398 0.152344
2 0.638672 0.728027 0.15625 0.0302734 0.0935669
6 0.0339355 0.913574 0.0604248 0.124023 0.0898438
2 0.423584 0.286865 0.0454102 0.201172 0.0619812
1 0.39624 0.184814 0.106445 0.0595703 0.0583801
3 0.953125 0.51123 0.0683594 0.914062 0.0548096
2 0.655273 0.730957 0.119141 0.0185547 0.0535278
3 0.0386353 0.276367 0.0567627 0.552734 0.0487671
1 0.0358887 0.900391 0.0557861 0.177734 0.0431213
3 0.0370636 0.177551 0.0491638 0.322632 0.0377197
13 0.975586 0.783691 0.0214844 0.166992 0.0367432
3 0.963379 0.57019 0.0595703 0.658447 0.0354919
2 0.466797 0.26001 0.224609 0.242676 0.033905
2 0.521851 0.234863 0.260986 0.266113 0.0296631
1 0.558594 0.228516 0.163086 0.270508 0.028595
6 0.0311584 0.896484 0.0493774 0.179688 0.0258942
6 0.0354614 0.934814 0.0523682 0.097168 0.0256195
2 0.616211 0.730469 0.191406 0.0195312 0.0242004
2 0.972656 0.774902 0.0214844 0.203125 0.0227814
13 0.974365 0.816895 0.0219727 0.12207 0.0200958
2 0.976562 0.812988 0.0214844 0.12207 0.0189056
13 0.975586 0.816406 0.0253906 0.3125 0.0187988
6 0.0309906 0.151306 0.0439758 0.275513 0.016449
2 0.96875 0.463867 0.0234375 0.175781 0.0150681
3 0.0361938 0.91626 0.0595703 0.149902 0.0126038
2 0.43042 0.186646 0.17041 0.0490723 0.0125732
2 0.975586 0.816406 0.0253906 0.3125 0.0124359
2 0.574097 0.226013 0.281494 0.306763 0.0121002
13 0.972412 0.828125 0.0161133 0.0976562 0.0119781
6 0.0469971 0.944092 0.0787354 0.0883789 0.0116653
6 0.0388794 0.844727 0.0546875 0.28125 0.0102997
1 0.0256958 0.88916 0.0396729 0.200195 0.00991058
2 0.595703 0.727051 0.240234 0.0253906 0.00951385
6 0.969727 0.945801 0.046875 0.0830078 0.00920868
13 0.555176 0.23114 0.155273 0.25647 0.00758743
13 0.971924 0.845215 0.019043 0.157227 0.00688934
2 0.977539 0.78418 0.0351562 0.201172 0.00640488
3 0.0306091 0.134369 0.0363159 0.239563 0.00622559
2 0.408325 0.26123 0.131592 0.229492 0.00600433
3 0.0541992 0.383789 0.060791 0.767578 0.00592804
1 0.396973 0.225586 0.100098 0.134766 0.00569916
1 0.937256 0.955811 0.102051 0.0786133 0.0055542
2 0.637207 0.733398 0.130859 0.0175781 0.00550461
1 0.963379 0.57019 0.0595703 0.658447 0.00548935
13 0.0310669 0.168152 0.0461426 0.31311 0.00547791
3 0.0388794 0.844727 0.0546875 0.28125 0.00510025
2 0.976562 0.571777 0.0390625 0.635742 0.00505066
2 0.538086 0.213013 0.110352 0.226318 0.0050087
2 0.986328 0.770996 0.0214844 0.149414 0.00481796
1 0.395752 0.261719 0.108887 0.212402 0.00476456
4 0.552734 0.227478 0.164062 0.249146 0.00474167
2 0.963379 0.440918 0.0263672 0.263672 0.00473785
1 0.036972 0.932617 0.0578918 0.107422 0.00470734
2 0.660645 0.727051 0.0878906 0.0195312 0.00470352
2 0.408447 0.277161 0.0791016 0.140015 0.004673
4 0.395752 0.261719 0.108887 0.212402 0.00447464
2 0.426514 0.277893 0.0644531 0.247925 0.00392532
1 0.967529 0.95166 0.0454102 0.0712891 0.00390434
14 0.555664 0.229919 0.160156 0.252075 0.00387573
9 0.555664 0.229919 0.160156 0.252075 0.00386238
1 0.0370636 0.177551 0.0491638 0.322632 0.00382042
2 0.979492 0.773438 0.0175781 0.0927734 0.00380898
2 0.431641 0.287598 0.0332031 0.181641 0.00380707
2 0.972412 0.828125 0.0161133 0.0976562 0.00367737
6 0.0335083 0.222168 0.045166 0.404785 0.00366974
2 0.263428 0.196106 0.0507812 0.294312 0.00366402
6 0.0852661 0.959229 0.170532 0.0698242 0.00349617
2 0.628906 0.728027 0.1875 0.0449219 0.00341797
2 0.39502 0.19104 0.101074 0.0998535 0.00340652
2 0.466309 0.201416 0.217773 0.196289 0.00333786
1 0.120575 0.960449 0.229553 0.0791016 0.00330925
4 0.258545 0.224365 0.0625 0.320312 0.00321388
2 0.96875 0.775391 0.0214844 0.12793 0.00318527
2 0.440918 0.17627 0.1875 0.0893555 0.00317764
2 0.972412 0.833984 0.0219727 0.166992 0.00317764
13 0.980469 0.774902 0.0214844 0.177734 0.00306129
2 0.974609 0.374268 0.0234375 0.26123 0.0030365
3 0.96167 0.332031 0.0649414 0.649414 0.00300026
3 0.0480347 0.492065 0.0866699 0.980713 0.0028553
6 0.976318 0.935791 0.0395508 0.112793 0.00281715
2 0.97168 0.816895 0.03125 0.140625 0.00269318
6 0.555664 0.229919 0.160156 0.252075 0.00268936
6 0.0211182 0.911621 0.0422363 0.149414 0.00268173
4 0.975586 0.816406 0.0253906 0.3125 0.00266266
6 0.95166 0.950195 0.0751953 0.0878906 0.00263786
6 0.926025 0.952881 0.118652 0.0922852 0.00260353
13 0.0415039 0.17627 0.0446777 0.287109 0.00254822
2 0.472656 0.235596 0.160156 0.222168 0.00252914
2 0.502563 0.212616 0.162842 0.246155 0.0025177
7 0.555664 0.229919 0.160156 0.252075 0.00245857
2 0.434692 0.181152 0.111084 0.0771484 0.00245094
3 0.0679932 0.312622 0.067627 0.603271 0.00242233
6 0.0459595 0.917725 0.0738525 0.156738 0.00240517
1 0.910889 0.967529 0.150879 0.059082 0.00234222
1 0.957031 0.945312 0.0683594 0.09375 0.00230598
2 0.970947 0.855957 0.0268555 0.237305 0.00219345
16 0.555664 0.229919 0.160156 0.252075 0.0021801
2 0.0339355 0.913574 0.0604248 0.124023 0.00217438
5 0.555664 0.229919 0.160156 0.252075 0.00217056
2 0.0430908 0.348999 0.0545654 0.667236 0.00216675
2 0.97583 0.740723 0.0268555 0.285156 0.00213432
13 0.257812 0.221741 0.078125 0.322144 0.00211906
19 0.555664 0.229919 0.160156 0.252075 0.00211143
10 0.555664 0.229919 0.160156 0.252075 0.00209618
3 0.0460663 0.934326 0.0792542 0.105957 0.00208092
4 0.976318 0.78418 0.0219727 0.1875 0.00207329
15 0.555664 0.229919 0.160156 0.252075 0.00203133
1 0.257812 0.221741 0.078125 0.322144 0.00202179
12 0.555664 0.229919 0.160156 0.252075 0.00201607
3 0.0368042 0.116089 0.052002 0.193115 0.00201416
3 0.555664 0.229919 0.160156 0.252075 0.00200844
1 0.492188 1 0.984375 0 0.00200462
17 0.555664 0.229919 0.160156 0.252075 0.00199318
11 0.555664 0.229919 0.160156 0.252075 0.00198555
6 0.961182 0.505859 0.0600586 0.873047 0.00194263
2 0.97168 0.40686 0.0351562 0.21167 0.00193405
8 0.555664 0.229919 0.160156 0.252075 0.00192356
18 0.555664 0.229919 0.160156 0.252075 0.00192356
0 0.555664 0.229919 0.160156 0.252075 0.00190926
2 0.273193 0.172882 0.0341797 0.213806 0.001894
2 0.972412 0.476562 0.0336914 0.529297 0.00188351
13 0.968018 0.863281 0.0249023 0.203125 0.00186634
6 0.973877 0.890381 0.0385742 0.203613 0.00185394
2 0.289307 0.225769 0.194824 0.35022 0.00177097
2 0.484375 0.251892 0.354492 0.33313 0.00174046
2 0.976807 0.788086 0.0170898 0.0927734 0.0017252
2 0.638672 0.730957 0.0712891 0.0166016 0.00158119
13 0.976807 0.790039 0.0327148 0.216797 0.00155163
13 0.9729 0.854004 0.0385742 0.288086 0.00148106
1 0.953125 0.51123 0.0683594 0.914062 0.00139523
13 0.399414 0.270752 0.09375 0.221191 0.00138664
4 0.0358887 0.900391 0.0557861 0.177734 0.00137997
2 0.516113 0.179932 0.0732422 0.169922 0.0013485
13 0.978516 0.817871 0.0195312 0.106445 0.00133801
13 0.0426636 0.33728 0.0574951 0.643799 0.00130558
2 0.893799 0.964355 0.183105 0.0693359 0.00128555
6 0.979492 0.942627 0.0292969 0.0737305 0.00127888
1 0.0386353 0.276367 0.0567627 0.552734 0.00123215
2 0.979492 0.69873 0.015625 0.135742 0.00122547
13 0.0391846 0.219421 0.0559082 0.401001 0.00122261
1 0.437256 0.188965 0.171387 0.0527344 0.00121307
1 0.0388794 0.844727 0.0546875 0.28125 0.00120926
3 0.962891 0.507812 0.046875 0.49707 0.00120354
2 0.663574 0.737305 0.108398 0.0253906 0.00115585
2 0.943115 0.949707 0.0942383 0.0908203 0.00112438
2 0.979492 0.709473 0.0195312 0.268555 0.00111198
2 0.650391 0.725098 0.0859375 0.0283203 0.00109482
2 0.497559 0.140228 0.0449219 0.0969849 0.001091
3 0.971436 0.140961 0.043457 0.241028 0.0010891
2 0.960205 0.947021 0.0581055 0.0883789 0.00108433
2 0.252441 0.272705 0.0620117 0.229004 0.00108433
2 0.97168 0.445312 0.0195312 0.0859375 0.00107574
1 0.0658417 0.935791 0.112213 0.10498 0.00106525
6 0.0578461 0.926758 0.100616 0.115234 0.0010643
3 0.0264587 0.904297 0.0446167 0.179688 0.0010376
2 0.49707 0.166748 0.0849609 0.116211 0.0010376
2 0.623535 0.725098 0.106445 0.0283203 0.00102711
2 0.0370636 0.177551 0.0491638 0.322632 0.0010252
1 0.0993958 0.948242 0.162537 0.0898438 0.00101852
