2 0.526978 0.328613 0.137451 0.152344 0.849609
6 0.956299 0.0502319 0.0776367 0.100464 0.315186
2 0.0380249 0.129364 0.0517578 0.212463 0.161011
6 0.03862 0.120941 0.0504456 0.22345 0.108215
6 0.919922 0.0499725 0.152344 0.0924377 0.0407104
3 0.0439453 0.239929 0.0488281 0.436157 0.0309143
1 0.521484 0.327637 0.132812 0.151367 0.0302124
6 0.981934 0.889893 0.0361328 0.202637 0.0297241
3 0.0402679 0.125427 0.0583801 0.247192 0.0259705
2 0.515137 0.330566 0.19043 0.191895 0.0218048
6 0.968506 0.0620422 0.059082 0.11322 0.020462
6 0.971924 0.956055 0.0541992 0.0664062 0.0200348
3 0.962646 0.0596619 0.0727539 0.107727 0.0195312
6 0.972656 0.867432 0.046875 0.241699 0.0178375
1 0.03862 0.120941 0.0504456 0.22345 0.0178375
6 0.0262909 0.910889 0.0482483 0.13916 0.0170746
6 0.968506 0.111084 0.0629883 0.205322 0.0144577
6 0.0354156 0.948242 0.0534363 0.0683594 0.0127716
6 0.0439453 0.239929 0.0488281 0.436157 0.0127716
6 0.983154 0.95459 0.0336914 0.0673828 0.0124893
3 0.966553 0.129883 0.0668945 0.228516 0.0123749
6 0.918457 0.0310669 0.141602 0.0621338 0.011795
1 0.962646 0.0596619 0.0727539 0.107727 0.0111084
3 0.949463 0.050415 0.081543 0.10083 0.0104904
2 0.955078 0.0511169 0.078125 0.0964966 0.00976562
1 0.972412 0.943604 0.0512695 0.0952148 0.00968933
6 0.949463 0.945312 0.0932617 0.0917969 0.0094223
3 0.972656 0.878906 0.0546875 0.208984 0.00910187
6 0.92627 0.955566 0.125977 0.0888672 0.0089035
3 0.0488892 0.329712 0.0577393 0.619873 0.00888062
3 0.0401611 0.170288 0.0458984 0.283447 0.00834656
2 0.984375 0.82666 0.0292969 0.293945 0.00803375
13 0.0380249 0.129364 0.0517578 0.212463 0.00788116
1 0.94043 0.954346 0.103516 0.0776367 0.00723648
2 0.987305 0.835938 0.0175781 0.0830078 0.00684357
6 0.948486 0.0310364 0.0854492 0.057312 0.00629425
3 0.0245056 0.899658 0.0411987 0.190918 0.00628281
13 0.956299 0.0502319 0.0776367 0.100464 0.00613785
6 0.962891 0.95166 0.0605469 0.0869141 0.00577545
3 0.976562 0.110992 0.046875 0.200378 0.00542831
13 0.525391 0.328857 0.134766 0.14502 0.00535202
1 0.0439453 0.239929 0.0488281 0.436157 0.00534439
6 0.0841064 0.962402 0.157959 0.0498047 0.00515747
4 0.52063 0.327148 0.136475 0.144531 0.0050621
3 0.981934 0.889893 0.0361328 0.202637 0.00491714
6 0.902344 0.0373077 0.195312 0.0699158 0.00470734
6 0.979492 0.913574 0.0410156 0.131836 0.00460434
1 0.0306854 0.944092 0.0436096 0.074707 0.0045433
2 0.966553 0.951904 0.0532227 0.0844727 0.00443268
6 0.0280151 0.932861 0.0401611 0.103027 0.00431061
9 0.520874 0.328125 0.13208 0.145508 0.00424957
6 0.0240479 0.887207 0.0332031 0.182617 0.00423813
14 0.520874 0.328125 0.13208 0.145508 0.00405884
6 0.949463 0.0750122 0.0893555 0.150024 0.00399017
1 0.916016 0.962646 0.144531 0.0727539 0.00388718
4 0.952148 0.053894 0.0761719 0.107788 0.00382805
2 0.493652 0.352722 0.235352 0.361938 0.00362015
6 0.0325928 0.898682 0.0554199 0.200684 0.00355339
1 0.949463 0.050415 0.081543 0.10083 0.00354958
2 0.510742 0.128052 0.0566406 0.0192871 0.00353813
3 0.972412 0.943604 0.0512695 0.0952148 0.00351524
6 0.0512848 0.953125 0.0798035 0.0664062 0.00338936
6 0.935059 0.039917 0.110352 0.0792236 0.00333405
3 0.036026 0.94751 0.0519714 0.0737305 0.0032177
3 0.062561 0.493408 0.0921631 0.958496 0.00320435
2 0.731934 0.763184 0.03125 0.0615234 0.00315857
6 0.915283 0.961914 0.159668 0.0625 0.00307083
13 0.968506 0.126221 0.0551758 0.230957 0.00296974
2 0.562012 0.310791 0.294922 0.243652 0.00286484
2 0.983398 0.228271 0.0175781 0.0532227 0.0027504
6 0.520874 0.328125 0.13208 0.145508 0.00271988
3 0.973633 0.0783691 0.0507812 0.139648 0.0026989
13 0.981934 0.889893 0.0361328 0.202637 0.00266838
7 0.520874 0.328125 0.13208 0.145508 0.00256538
2 0.979248 0.824219 0.0239258 0.166992 0.00247765
19 0.520874 0.328125 0.13208 0.145508 0.00244713
19 0.693359 0.494751 0.423828 0.614014 0.00244141
2 0.199707 0.207275 0.0410156 0.106934 0.00239372
2 0.977539 0.952881 0.0429688 0.0688477 0.00235367
1 0.964111 0.130737 0.0678711 0.235596 0.00234985
3 0.919922 0.0499725 0.152344 0.0924377 0.00230598
16 0.520874 0.328125 0.13208 0.145508 0.00226402
6 0.0368042 0.167786 0.0412598 0.27478 0.00224304
5 0.520874 0.328125 0.13208 0.145508 0.00222778
8 0.520874 0.328125 0.13208 0.145508 0.00219536
10 0.520874 0.328125 0.13208 0.145508 0.00211143
1 0.902588 0.0551453 0.192871 0.105042 0.00208664
2 0.496582 0.341614 0.300781 0.255249 0.00206947
3 0.0610199 0.381348 0.07547 0.697266 0.00205421
12 0.520874 0.328125 0.13208 0.145508 0.00202942
15 0.520874 0.328125 0.13208 0.145508 0.00201416
3 0.979492 0.955566 0.0371094 0.0693359 0.00200462
18 0.520874 0.328125 0.13208 0.145508 0.00199127
17 0.520874 0.328125 0.13208 0.145508 0.00198364
13 0.0439453 0.239929 0.0488281 0.436157 0.00196075
0 0.520874 0.328125 0.13208 0.145508 0.00196075
6 0.9646 0.0339661 0.0610352 0.0679321 0.00196075
6 0.0350342 0.931641 0.0600586 0.125 0.00195694
11 0.520874 0.328125 0.13208 0.145508 0.00195312
2 0.0344238 0.200439 0.0368652 0.375977 0.00190639
2 0.325684 0.732422 0.0253906 0.0556641 0.00188446
3 0.979492 0.841309 0.0292969 0.230469 0.00187492
4 0.0367432 0.118988 0.0539551 0.215637 0.0018692
3 0.0319824 0.918945 0.050415 0.119141 0.00186062
6 0.977051 0.0853729 0.0458984 0.121735 0.00184441
2 0.983398 0.870117 0.0253906 0.194336 0.00180244
2 0.988281 0.82959 0.015625 0.0546875 0.00179863
1 0.97583 0.963135 0.0385742 0.0678711 0.00173855
2 0.0410156 0.164795 0.038208 0.272461 0.00173473
6 0.986328 0.868652 0.0234375 0.186523 0.00173283
14 0.955078 0.0511169 0.078125 0.0964966 0.00171375
13 0.0245056 0.899658 0.0411987 0.190918 0.00169468
2 0.498047 0.311768 0.116211 0.138184 0.00167561
3 0.949463 0.945312 0.0932617 0.0917969 0.00167179
6 0.911133 0.0548096 0.177734 0.109619 0.00163269
19 0.461792 0.532715 0.5979 0.645508 0.00159073
3 0.520874 0.328125 0.13208 0.145508 0.00154591
3 0.958008 0.076355 0.0742188 0.15271 0.00153542
2 0.475708 0.276855 0.0505371 0.0654297 0.00152969
6 0.940186 0.929688 0.100098 0.140625 0.00150394
6 0.94751 0.0180664 0.081543 0.0361328 0.00144958
2 0.972656 0.838867 0.0390625 0.285156 0.00143814
3 0.0338287 0.126862 0.039032 0.192078 0.00143433
6 0.974609 0.0613708 0.0507812 0.0838013 0.00139618
2 0.987305 0.39624 0.0175781 0.0644531 0.00134659
19 0.694336 0.375366 0.493164 0.53833 0.00134087
3 0.0311127 0.870605 0.0454407 0.237305 0.00132656
1 0.0344391 0.175842 0.0404968 0.287964 0.00131702
19 0.381958 0.49707 0.361084 0.602539 0.00130653
11 0.955078 0.0511169 0.078125 0.0964966 0.00127983
6 0.979492 0.841309 0.0292969 0.230469 0.00127506
2 0.0225525 0.214844 0.0142212 0.0595703 0.00126266
2 0.729004 0.776367 0.0292969 0.0878906 0.00125313
6 0.956055 0.961182 0.0859375 0.065918 0.00124073
2 0.0245056 0.899658 0.0411987 0.190918 0.00123978
2 0.987305 0.828613 0.0195312 0.144531 0.001194
2 0.0327148 0.408691 0.0507812 0.817383 0.00119209
2 0.0220337 0.822266 0.0262451 0.191406 0.00117779
19 0.464844 0.822754 0.617188 0.354492 0.00116825
1 0.515137 0.330566 0.19043 0.191895 0.00116062
13 0.0320282 0.919434 0.0550842 0.116211 0.00115395
6 0.977539 0.963135 0.0390625 0.0600586 0.00111485
3 0.0383453 0.875488 0.0710144 0.198242 0.00111198
2 0.976562 0.769043 0.0195312 0.0664062 0.00110531
6 0.889893 0.958496 0.19873 0.0830078 0.00110054
6 0.968018 0.932129 0.0600586 0.106445 0.00106716
2 0.51709 0.318604 0.0888672 0.11084 0.00105858
3 0.986328 0.868652 0.0234375 0.186523 0.00105858
4 0.972656 0.867432 0.046875 0.241699 0.00102425
6 0.987305 0.853027 0.0175781 0.119141 0.00100708
