2 0.661621 0.723633 0.517578 0.34082 0.875488
2 0.535645 0.0117645 0.0273438 0.0235291 0.124207
2 0.495117 0.661621 0.0419922 0.139648 0.0965576
1 0.665039 0.73291 0.532227 0.374023 0.0960083
2 0.644531 0.808594 0.510742 0.1875 0.0680542
1 0.699097 0.682129 0.461182 0.245117 0.0478821
2 0.696777 0.65918 0.421875 0.21875 0.0459595
2 0.794434 0.657227 0.231445 0.18457 0.03479
2 0.630859 0.0121002 0.0224609 0.0242004 0.0218353
1 0.981201 0.882324 0.0375977 0.188477 0.0214233
4 0.659668 0.730957 0.524414 0.364258 0.0204926
2 0.460571 0.0110931 0.0319824 0.0221863 0.015976
2 0.680298 0.647461 0.481201 0.335938 0.0148468
2 0.451904 0.0122833 0.0473633 0.0245667 0.0137177
2 0.537598 0.0145569 0.0380859 0.0291138 0.0135422
2 0.387207 0.0115051 0.0283203 0.0230103 0.0135269
2 0.543457 0.0122986 0.0361328 0.0245972 0.0122223
6 0.979248 0.890381 0.0415039 0.197754 0.0120773
2 0.0599365 0.637207 0.0241699 0.09375 0.0120239
2 0.557007 0.816406 0.298096 0.1875 0.0118561
6 0.0344391 0.180115 0.0446472 0.317505 0.0112991
2 0.659668 0.729004 0.317383 0.341797 0.0110016
2 0.76123 0.0193176 0.0361328 0.0386353 0.010994
3 0.973877 0.881592 0.0463867 0.199707 0.00804138
6 0.660278 0.727539 0.525146 0.357422 0.00746536
2 0.935547 0.0144196 0.0273438 0.0288391 0.00741196
1 0.974609 0.864746 0.0429688 0.235352 0.0073967
13 0.659668 0.730957 0.524414 0.364258 0.00707626
13 0.0604248 0.638184 0.0251465 0.0966797 0.00604248
2 0.609863 0.797363 0.418945 0.28418 0.00603867
1 0.0268555 0.900879 0.0357666 0.186523 0.00603867
2 0.634766 0.624634 0.517578 0.475342 0.00592041
13 0.0320435 0.145874 0.0401611 0.250244 0.00576401
19 0.663208 0.73291 0.540771 0.364258 0.00552368
14 0.659668 0.730957 0.524414 0.364258 0.00541687
14 0.533203 0.011795 0.0263672 0.0235901 0.00478363
9 0.660278 0.727539 0.525146 0.357422 0.00458145
16 0.659668 0.730957 0.524414 0.364258 0.00456238
11 0.659668 0.730957 0.524414 0.364258 0.00440979
18 0.659668 0.730957 0.524414 0.364258 0.00437546
2 0.511108 0.845215 0.224854 0.136719 0.00417328
2 0.0455933 0.760742 0.0524902 0.411133 0.00388145
3 0.659668 0.730957 0.524414 0.364258 0.00383186
1 0.0400238 0.876709 0.0505676 0.230957 0.00381088
17 0.659668 0.730957 0.524414 0.364258 0.00380325
8 0.660278 0.727539 0.525146 0.357422 0.00378799
7 0.660278 0.727539 0.525146 0.357422 0.00377274
1 0.974609 0.776855 0.0410156 0.413086 0.00377083
3 0.0380859 0.229004 0.0461426 0.418945 0.00376129
5 0.659668 0.730957 0.524414 0.364258 0.00367165
2 0.393555 0.0125122 0.0288086 0.0250244 0.00366592
15 0.659668 0.730957 0.524414 0.364258 0.00361443
3 0.0322113 0.911621 0.0483704 0.147461 0.00354767
10 0.659668 0.730957 0.524414 0.364258 0.00354576
0 0.659668 0.730957 0.524414 0.364258 0.00353241
13 0.0372467 0.187622 0.04953 0.327881 0.00323486
2 0.890869 0.966309 0.200684 0.0673828 0.00322342
12 0.659668 0.730957 0.524414 0.364258 0.00320435
1 0.890869 0.966309 0.200684 0.0673828 0.0030899
2 0.698242 0.0131836 0.0253906 0.024292 0.00305176
6 0.0279541 0.911621 0.0407715 0.143555 0.00296974
3 0.0415649 0.875488 0.057251 0.235352 0.00284576
2 0.434814 0.0122223 0.0708008 0.0244446 0.00283432
14 0.387207 0.0115051 0.0283203 0.0230103 0.00259972
4 0.594238 0.583862 0.49707 0.625244 0.00251198
2 0.255371 0.0127563 0.034668 0.0255127 0.00239182
3 0.974609 0.776855 0.0410156 0.413086 0.00238991
2 0.499512 0.64502 0.0712891 0.222656 0.00236893
19 0.379272 0.601685 0.585205 0.632568 0.00229645
2 0.860352 0.0128479 0.0449219 0.0256958 0.002285
2 0.48584 0.644043 0.0478516 0.12793 0.00224495
2 0.625 0.0123596 0.0546875 0.0238037 0.00200653
13 0.535645 0.012085 0.0263672 0.0241699 0.00196648
2 0.375244 0.0106506 0.034668 0.0213013 0.00189304
14 0.539551 0.0125885 0.0371094 0.025177 0.00187302
2 0.87793 0.0135498 0.0429688 0.0253296 0.00187206
2 0.529297 0.0124817 0.0302734 0.0249634 0.00181198
2 0.619141 0.845215 0.446289 0.147461 0.00174141
2 0.483887 0.672852 0.0664062 0.167969 0.00173378
2 0.752441 0.0201416 0.0332031 0.0384521 0.00167751
2 0.690918 0.546875 0.416016 0.519531 0.00165367
1 0.909912 0.94165 0.160645 0.116699 0.00155258
2 0.566895 0.0115662 0.0712891 0.0231323 0.00153255
3 0.0442047 0.410645 0.0492859 0.74707 0.00152779
1 0.0279388 0.854004 0.0296936 0.199219 0.00146198
2 0.637207 0.0133057 0.0341797 0.0245972 0.00141239
3 0.0320435 0.145874 0.0401611 0.250244 0.00140858
2 0.69043 0.0122986 0.0449219 0.0245972 0.00136852
6 0.0315552 0.133667 0.0388184 0.200439 0.00136185
19 0.526978 0.52832 0.656982 0.640625 0.00135612
2 0.980713 0.838867 0.0366211 0.304688 0.00134754
13 0.87793 0.0135498 0.0429688 0.0253296 0.0012989
2 0.498169 0.643066 0.30835 0.558594 0.00129604
13 0.0600586 0.655273 0.0306396 0.107422 0.0012722
19 0.699219 0.511108 0.385742 0.544189 0.00123787
2 0.409424 0.0126495 0.0546875 0.0252991 0.00121212
2 0.0629883 0.654297 0.0251465 0.118164 0.00118828
4 0.683105 0.649902 0.487305 0.322266 0.00118828
2 0.583496 0.0118408 0.0595703 0.0236816 0.00118256
2 0.465942 0.0116577 0.0544434 0.0233154 0.00117397
2 0.625488 0.0133057 0.0283203 0.0241699 0.00117111
14 0.451782 0.0112457 0.041748 0.0224915 0.00115681
3 0.0460815 0.757324 0.0568848 0.399414 0.00115204
1 0.536133 0.012146 0.0263672 0.024292 0.00114727
2 0.554199 0.688965 0.441406 0.342773 0.00114632
6 0.974609 0.815674 0.0371094 0.337402 0.00114536
2 0.890137 0.939697 0.209961 0.120605 0.00114441
8 0.375854 0.59668 0.670166 0.664062 0.00113773
4 0.472168 0.621948 0.158203 0.549072 0.00113201
3 0.973877 0.702271 0.0522461 0.55249 0.00110817
14 0.627441 0.0118103 0.0263672 0.0236206 0.00105762
1 0.976074 0.919189 0.0478516 0.140137 0.00105286
8 0.526978 0.52832 0.656982 0.640625 0.00103951
2 0.449219 0.603394 0.532227 0.60376 0.00103569
13 0.980713 0.107086 0.034668 0.16864 0.00103092
2 0.493286 0.688477 0.0583496 0.244141 0.00102806
