2 0.601074 0.821289 0.109375 0.212891 0.834961
2 0.717285 0.814941 0.118164 0.162109 0.677734
2 0.691895 0.813965 0.192383 0.173828 0.149414
3 0.949951 0.490723 0.0922852 0.947266 0.101685
3 0.0480499 0.428467 0.0669861 0.856934 0.0905762
2 0.458984 0.0276794 0.0292969 0.0482788 0.0879517
6 0.105438 0.958008 0.191956 0.0800781 0.0726929
6 0.0766602 0.951904 0.135498 0.0708008 0.0605469
6 0.0450897 0.94751 0.0687561 0.0756836 0.0478516
3 0.0669861 0.505981 0.0960083 0.984131 0.0449219
2 0.600586 0.822266 0.0996094 0.135742 0.0314026
6 0.978516 0.94165 0.0390625 0.0776367 0.027771
2 0.624512 0.818359 0.193359 0.233398 0.0234985
3 0.0450439 0.335815 0.0495605 0.642822 0.0220184
6 0.1474 0.953613 0.246216 0.0927734 0.0216217
2 0.738281 0.805664 0.0849609 0.15332 0.0188751
1 0.977539 0.947754 0.0410156 0.0732422 0.0175781
1 0.127838 0.956543 0.235046 0.0771484 0.0165863
6 0.0443726 0.901367 0.0620117 0.171875 0.0158234
1 0.71875 0.81543 0.116211 0.166016 0.0140305
4 0.599121 0.823242 0.107422 0.217773 0.0131683
3 0.0464172 0.504395 0.0928345 0.956055 0.0122528
3 0.968262 0.7146 0.0576172 0.516113 0.0120163
1 0.607422 0.818848 0.120117 0.199219 0.00947571
1 0.979004 0.132202 0.0419922 0.250732 0.00728226
6 0.0798035 0.93042 0.139709 0.115723 0.00716019
1 0.031723 0.939453 0.0376282 0.0517578 0.00711823
2 0.978516 0.94165 0.0390625 0.0776367 0.00679398
2 0.466431 0.031311 0.0437012 0.0594482 0.00619888
6 0.052536 0.938232 0.080719 0.104004 0.00589371
4 0.711426 0.808594 0.131836 0.171875 0.00579453
2 0.031723 0.939453 0.0376282 0.0517578 0.00568008
3 0.952148 0.355469 0.0683594 0.710938 0.00566864
3 0.0345612 0.217407 0.04953 0.406982 0.00566864
6 0.0322266 0.149963 0.0427246 0.267456 0.00557709
2 0.105438 0.958008 0.191956 0.0800781 0.00498962
1 0.0322266 0.149963 0.0427246 0.267456 0.00495148
6 0.980957 0.903564 0.0380859 0.161621 0.00484848
13 0.605957 0.819824 0.117188 0.202148 0.00481415
1 0.10379 0.966553 0.170837 0.0668945 0.0048027
1 0.0470581 0.950684 0.0722656 0.0673828 0.00437164
1 0.0347137 0.214417 0.0482483 0.411011 0.00431061
2 0.0517578 0.942871 0.0710449 0.0576172 0.00421524
2 0.729492 0.310059 0.0214844 0.074707 0.00415421
3 0.96875 0.845703 0.0527344 0.241211 0.00403976
13 0.711914 0.816406 0.125977 0.172852 0.00402451
6 0.0356445 0.939941 0.0500488 0.0517578 0.00362968
3 0.956055 0.64502 0.078125 0.709961 0.00345039
2 0.648438 0.825684 0.304688 0.260742 0.00342369
1 0.0766602 0.951904 0.135498 0.0708008 0.00336075
3 0.0446625 0.611938 0.0649719 0.725342 0.00323296
14 0.605957 0.819824 0.117188 0.202148 0.00322723
2 0.723633 0.80957 0.0888672 0.112305 0.00319099
3 0.0461426 0.94751 0.0684814 0.0776367 0.00306892
9 0.605957 0.819824 0.117188 0.202148 0.00289345
6 0.103149 0.973145 0.206299 0.0537109 0.00285339
2 0.545898 0.0497437 0.0546875 0.0804443 0.0028038
2 0.737305 0.818848 0.238281 0.209961 0.00274658
1 0.949951 0.490723 0.0922852 0.947266 0.0026722
13 0.105438 0.958008 0.191956 0.0800781 0.00252914
1 0.196045 0.96167 0.39209 0.0766602 0.002491
2 0.759277 0.761719 0.0351562 0.0615234 0.00243759
6 0.984375 0.945557 0.03125 0.0737305 0.00232887
3 0.979492 0.936035 0.0371094 0.0947266 0.00231361
2 0.633789 0.8125 0.115234 0.197266 0.00231171
2 0.895508 0.948975 0.208984 0.0864258 0.00230408
9 0.710449 0.816406 0.131836 0.155273 0.00227737
2 0.761719 0.775391 0.0439453 0.0976562 0.00226593
6 0.0564728 0.494141 0.0935974 0.978516 0.00225449
14 0.710449 0.816406 0.131836 0.155273 0.00223351
7 0.605957 0.819824 0.117188 0.202148 0.00211906
6 0.13324 0.943604 0.231567 0.112793 0.00210953
19 0.436035 0.737549 0.402344 0.489746 0.00206184
6 0.949951 0.490723 0.0922852 0.947266 0.00201035
1 0.693848 0.817871 0.21582 0.165039 0.00199699
13 0.458984 0.0276794 0.0292969 0.0482788 0.00194836
6 0.0317993 0.913818 0.0516357 0.162598 0.00194073
6 0.605957 0.819824 0.117188 0.202148 0.00191498
3 0.0874634 0.949463 0.165894 0.0854492 0.00189781
3 0.0413818 0.915527 0.0655518 0.157227 0.00183773
2 0.585938 0.791992 0.179688 0.280273 0.0018301
18 0.605957 0.819824 0.117188 0.202148 0.00175095
19 0.605957 0.819824 0.117188 0.202148 0.00174427
16 0.605957 0.819824 0.117188 0.202148 0.00173759
10 0.605957 0.819824 0.117188 0.202148 0.00173187
6 0.197144 0.958252 0.394287 0.081543 0.00172997
6 0.977783 0.131134 0.0385742 0.231384 0.00171852
6 0.0484009 0.883789 0.0839844 0.212891 0.00170898
6 0.710449 0.816406 0.131836 0.155273 0.00169373
6 0.0439453 0.831299 0.06604 0.306152 0.00168419
6 0.0948486 0.92041 0.185059 0.15918 0.00168037
5 0.605957 0.819824 0.117188 0.202148 0.00165844
2 0.954102 0.477539 0.0917969 0.936523 0.00162792
2 0.0444336 0.929688 0.0731201 0.0957031 0.00162125
0 0.605957 0.819824 0.117188 0.202148 0.00160694
11 0.605957 0.819824 0.117188 0.202148 0.00158215
17 0.605957 0.819824 0.117188 0.202148 0.0015583
3 0.966309 0.297241 0.0615234 0.589111 0.00153351
1 0.0450439 0.335815 0.0495605 0.642822 0.0015316
15 0.605957 0.819824 0.117188 0.202148 0.00152206
6 0.0450439 0.335815 0.0495605 0.642822 0.00151157
6 0.0441895 0.720215 0.0560303 0.526367 0.00151062
3 0.0322266 0.149963 0.0427246 0.267456 0.00150394
2 0.691406 0.54541 0.0244141 0.078125 0.00149441
12 0.605957 0.819824 0.117188 0.202148 0.00148773
13 0.949951 0.490723 0.0922852 0.947266 0.00148582
8 0.605957 0.819824 0.117188 0.202148 0.00147533
3 0.601562 0.821289 0.109375 0.209961 0.00145817
14 0.949951 0.490723 0.0922852 0.947266 0.00144768
3 0.0440063 0.858154 0.0753174 0.23291 0.00144482
4 0.043335 0.290161 0.0489502 0.548584 0.00143814
1 0.0405121 0.94043 0.0578918 0.0566406 0.00143433
3 0.980957 0.903564 0.0380859 0.161621 0.00140285
7 0.711914 0.816406 0.125977 0.172852 0.00139141
3 0.0331421 0.820801 0.0488281 0.30957 0.00137997
2 0.458496 0.0377197 0.0410156 0.0717773 0.00137615
19 0.710449 0.816406 0.131836 0.155273 0.00134563
6 0.0550995 0.964844 0.092926 0.0644531 0.0013237
3 0.929688 0.449829 0.0859375 0.887451 0.0013237
6 0.13623 0.977051 0.240234 0.0458984 0.00131416
6 0.0757751 0.989258 0.138 0.0214844 0.00130081
0 0.949951 0.490723 0.0922852 0.947266 0.00128365
8 0.711914 0.816406 0.125977 0.172852 0.00126266
3 0.708008 0.816406 0.134766 0.170898 0.00126266
1 0.967773 0.718018 0.0527344 0.51709 0.0012579
15 0.710449 0.816406 0.131836 0.155273 0.0012455
16 0.710449 0.816406 0.131836 0.155273 0.0012455
10 0.710449 0.816406 0.131836 0.155273 0.00121593
5 0.710449 0.816406 0.131836 0.155273 0.00121593
8 0.439026 0.735352 0.469604 0.525391 0.00120068
18 0.711914 0.816406 0.125977 0.172852 0.00119019
3 0.0460815 0.787109 0.0643311 0.388672 0.00118732
6 0.0413818 0.237122 0.0426025 0.441772 0.00118351
11 0.711914 0.816406 0.125977 0.172852 0.00118065
2 0.0511169 0.499634 0.0940552 0.975342 0.00117588
12 0.949951 0.490723 0.0922852 0.947266 0.00117016
12 0.708008 0.816406 0.134766 0.170898 0.00115871
11 0.949951 0.490723 0.0922852 0.947266 0.00113869
0 0.711914 0.816406 0.125977 0.172852 0.00113106
4 0.949951 0.490723 0.0922852 0.947266 0.0011301
10 0.949951 0.490723 0.0922852 0.947266 0.00112534
17 0.710449 0.816406 0.131836 0.155273 0.00112534
19 0.39563 0.677368 0.548584 0.614014 0.00111485
16 0.949951 0.490723 0.0922852 0.947266 0.00111294
13 0.0463409 0.951172 0.0708923 0.0664062 0.00110722
9 0.949951 0.490723 0.0922852 0.947266 0.00107479
1 0.0480499 0.428467 0.0669861 0.856934 0.0010643
7 0.949951 0.490723 0.0922852 0.947266 0.00105476
2 0.710938 0.378662 0.0341797 0.0839844 0.00105
1 0.0443115 0.901855 0.0697021 0.165039 0.00103188
15 0.949951 0.490723 0.0922852 0.947266 0.00102997
2 0.724121 0.313232 0.0253906 0.0649414 0.00102901
19 0.500977 0.646973 0.418945 0.551758 0.00101376
13 0.541992 0.0528412 0.0546875 0.0837708 0.00100517
5 0.949951 0.490723 0.0922852 0.947266 0.00100231
