2 0.600586 0.174713 0.0449219 0.202332 0.555176
14 0.660156 0.959229 0.0283203 0.0229492 0.54834
6 0.978516 0.943115 0.0429688 0.0883789 0.226685
6 0.0386353 0.882324 0.0604248 0.233398 0.21814
1 0.977539 0.946289 0.0429688 0.0859375 0.122681
1 0.0385742 0.934082 0.0618896 0.0947266 0.10907
6 0.0356445 0.931641 0.0592041 0.09375 0.0977173
3 0.0409546 0.871338 0.0678711 0.237793 0.0898438
14 0.655273 0.963135 0.0283203 0.0307617 0.0635376
2 0.639648 0.0186768 0.0244141 0.0373535 0.0540771
6 0.0857544 0.945312 0.158081 0.0878906 0.0402832
2 0.0756836 0.580078 0.0283203 0.0986328 0.0325928
6 0.0454102 0.94165 0.0820312 0.0874023 0.0321045
2 0.370361 0.470825 0.0258789 0.0446777 0.0303345
2 0.977539 0.942627 0.0449219 0.0834961 0.0257416
2 0.0371094 0.936523 0.0595703 0.09375 0.0240936
14 0.665039 0.96167 0.0283203 0.027832 0.0219421
6 0.977295 0.0601044 0.0415039 0.103912 0.0199585
6 0.978516 0.118774 0.0390625 0.20874 0.0179901
3 0.0471344 0.792236 0.0675964 0.390137 0.014061
6 0.0358276 0.916992 0.0716553 0.134766 0.0134048
3 0.0374603 0.926758 0.0632629 0.111328 0.0100555
3 0.974365 0.931641 0.0512695 0.0878906 0.00922394
3 0.0278931 0.885986 0.0540771 0.202637 0.00848389
3 0.978516 0.944092 0.0390625 0.090332 0.00822449
6 0.96582 0.94873 0.0644531 0.0927734 0.00779724
2 0.61084 0.174805 0.0419922 0.191406 0.00769043
13 0.979492 0.943848 0.0410156 0.0869141 0.00686264
4 0.0386353 0.882324 0.0604248 0.233398 0.00683975
2 0.100555 0.955078 0.198792 0.0859375 0.00645447
1 0.96875 0.936035 0.0585938 0.0927734 0.00624466
6 0.124512 0.955322 0.249023 0.0893555 0.00571442
4 0.95752 0.479248 0.0712891 0.958496 0.00553131
3 0.979736 0.110809 0.0327148 0.181702 0.00519943
1 0.978516 0.118774 0.0390625 0.20874 0.00496674
2 0.657227 0.961426 0.0292969 0.0283203 0.00468826
2 0.0688477 0.580078 0.0303955 0.0917969 0.00453949
1 0.0391846 0.88208 0.0657959 0.200684 0.0044899
13 0.0409546 0.871338 0.0678711 0.237793 0.00442123
14 0.657715 0.960449 0.0517578 0.0380859 0.00411606
6 0.0649567 0.934082 0.110809 0.0966797 0.0039978
6 0.97876 0.0405273 0.034668 0.0654297 0.00390053
3 0.973633 0.214172 0.0527344 0.398804 0.00385475
6 0.11264 0.967285 0.202454 0.0654297 0.00384903
4 0.601562 0.174713 0.0429688 0.204285 0.00382805
14 0.65332 0.955322 0.0302734 0.0288086 0.00373077
2 0.0431366 0.875732 0.0707092 0.20166 0.00372505
6 0.980469 0.0958252 0.0292969 0.144043 0.00371361
6 0.0367126 0.851074 0.0734253 0.282227 0.00363541
6 0.0183716 0.88501 0.0367432 0.208496 0.00355911
2 0.599609 0.22876 0.0400391 0.0996094 0.00352097
3 0.0339966 0.82666 0.0450439 0.30957 0.00345993
3 0.978516 0.0532837 0.0390625 0.0970459 0.00331688
6 0.977539 0.181519 0.0449219 0.35376 0.00317955
2 0.247559 0.317383 0.0283203 0.0649414 0.00287247
6 0.983398 0.0666504 0.0273438 0.109375 0.00279427
1 0.976318 0.183777 0.0454102 0.349243 0.00270653
14 0.659668 0.960693 0.0332031 0.0493164 0.0026722
3 0.975586 0.124359 0.0449219 0.240051 0.0026207
1 0.0726929 0.944824 0.133179 0.0986328 0.00255394
1 0.124512 0.955322 0.249023 0.0893555 0.00250816
2 0.630859 0.0198364 0.0322266 0.0394287 0.00237656
2 0.854492 0.0127258 0.03125 0.0254517 0.00237465
6 0.0941162 0.880615 0.188232 0.229004 0.00232887
2 0.604492 0.211487 0.0478516 0.126831 0.00231934
6 0.0339966 0.82666 0.0450439 0.30957 0.00230026
3 0.979004 0.896973 0.0419922 0.174805 0.00229263
1 0.980469 0.0958252 0.0292969 0.144043 0.00227547
13 0.0356445 0.931641 0.0592041 0.09375 0.00226593
2 0.0715942 0.598633 0.0379639 0.125977 0.00226402
6 0.980225 0.902344 0.0395508 0.183594 0.00218773
6 0.929443 0.0319824 0.123535 0.0639648 0.00217628
6 0.0273438 0.909912 0.0445557 0.121582 0.00214005
3 0.0857544 0.945312 0.158081 0.0878906 0.00200462
6 0.984375 0.928711 0.03125 0.105469 0.00191212
3 0.0162964 0.871094 0.029541 0.210938 0.00189209
6 0.0402832 0.95752 0.0631104 0.0673828 0.00181961
1 0.639648 0.0186768 0.0244141 0.0373535 0.00181866
13 0.601562 0.174927 0.0449219 0.201904 0.00181103
13 0.0994568 0.946289 0.195618 0.0917969 0.00176716
13 0.657227 0.961426 0.0292969 0.0283203 0.00175476
19 0.657715 0.960205 0.0292969 0.0268555 0.00171757
1 0.660156 0.959229 0.0283203 0.0229492 0.00168419
4 0.659668 0.958252 0.0283203 0.0229492 0.00166512
2 0.610352 0.167389 0.0634766 0.235046 0.00164986
2 0.0700684 0.63916 0.0424805 0.248047 0.00163174
3 0.0491791 0.944092 0.0764465 0.0922852 0.00159454
6 0.0540771 0.887207 0.108154 0.21582 0.0015831
2 0.560547 0.170349 0.151367 0.225708 0.00155544
14 0.666992 0.965576 0.0400391 0.0297852 0.00149822
3 0.95752 0.483154 0.0693359 0.966309 0.00148201
3 0.97876 0.0405273 0.034668 0.0654297 0.0014782
3 0.96582 0.94873 0.0644531 0.0927734 0.00145626
13 0.979736 0.110809 0.0327148 0.181702 0.00143909
1 0.984375 0.938477 0.03125 0.09375 0.00143719
14 0.977539 0.942627 0.0449219 0.0834961 0.00139999
6 0.986328 0.0836182 0.0195312 0.092041 0.00138378
6 0.914795 0.0230713 0.17041 0.0426025 0.00138378
2 0.364746 0.467651 0.0297852 0.0441895 0.00137997
2 0.722656 0.400635 0.0732422 0.0825195 0.00134277
3 0.0236511 0.854492 0.0332642 0.194336 0.00133991
6 0.0442505 0.794434 0.0661621 0.407227 0.00132656
4 0.0418701 0.925293 0.0664062 0.12793 0.0012846
1 0.973633 0.911865 0.0527344 0.131348 0.00126171
2 0.0795898 0.619629 0.0344238 0.169922 0.0012331
3 0.98291 0.92041 0.0341797 0.139648 0.00123024
3 0.0469971 0.918945 0.0804443 0.148438 0.00120068
3 0.03125 0.277588 0.0509033 0.523926 0.00117779
9 0.65918 0.960205 0.0273438 0.0249023 0.00117588
2 0.0393066 0.799316 0.0489502 0.356445 0.00116062
2 0.849609 0.441895 0.0576172 0.0151367 0.00115585
6 0.0855713 0.960205 0.135986 0.0717773 0.00114059
14 0.663574 0.953125 0.0341797 0.0302734 0.00113487
1 0.95874 0.948242 0.074707 0.0839844 0.00112534
2 0.977295 0.0601044 0.0415039 0.103912 0.00110245
14 0.660156 0.970947 0.0419922 0.0424805 0.00109005
2 0.604004 0.177368 0.0371094 0.0925293 0.00105476
14 0.0375977 0.931396 0.0605469 0.090332 0.00105286
6 0.975342 0.0912476 0.0493164 0.152954 0.00105286
10 0.657227 0.961426 0.0292969 0.0283203 0.00103378
2 0.969727 0.280396 0.046875 0.531006 0.00103092
2 0.639648 0.0257263 0.0332031 0.0514526 0.0010252
