2 0.822754 0.394043 0.0332031 0.101562 0.813965
2 0.0584717 0.233093 0.0336914 0.102173 0.337891
2 0.479858 0.52832 0.0432129 0.0546875 0.249023
2 0.0612183 0.255371 0.0239258 0.0683594 0.239136
6 0.0405426 0.900391 0.0673523 0.167969 0.168091
2 0.0447388 0.159607 0.0378418 0.240356 0.127563
2 0.0374146 0.158264 0.0351562 0.281128 0.101807
2 0.0527344 0.190308 0.0360107 0.181396 0.0630493
2 0.813965 0.392822 0.0361328 0.105957 0.0446472
1 0.980225 0.127441 0.0375977 0.230957 0.0430298
6 0.0402985 0.85376 0.052948 0.280762 0.0426025
3 0.971436 0.273804 0.0512695 0.520752 0.0268555
2 0.487305 0.521973 0.0361328 0.0625 0.0261536
6 0.0396881 0.938721 0.0607605 0.0893555 0.0253448
3 0.966064 0.378418 0.0541992 0.756836 0.0214081
13 0.0604858 0.235596 0.0289307 0.0991211 0.0209503
3 0.0397797 0.910645 0.0644836 0.168945 0.0209351
2 0.833008 0.394287 0.0400391 0.10791 0.020401
2 0.0300751 0.133759 0.0348206 0.234924 0.0192261
6 0.0333099 0.14209 0.0378723 0.253906 0.0192108
2 0.577148 0.0328369 0.0351562 0.0402832 0.0164185
2 0.48877 0.0108795 0.0234375 0.021759 0.0156403
6 0.0852966 0.95874 0.150208 0.0708008 0.0155106
2 0.0605469 0.247864 0.0430908 0.0755615 0.0129242
6 0.0478363 0.954346 0.0798645 0.0698242 0.0112381
13 0.0354614 0.144958 0.0413818 0.269653 0.00998688
1 0.0406952 0.884766 0.0577698 0.212891 0.00976562
2 0.02742 0.464722 0.0198669 0.104736 0.00849915
6 0.959717 0.958496 0.0805664 0.0673828 0.00818634
1 0.0328979 0.145264 0.0373535 0.269043 0.00809479
6 0.974365 0.953125 0.0512695 0.0703125 0.00657272
4 0.478394 0.526367 0.0432129 0.0576172 0.00642776
2 0.030365 0.47998 0.0181274 0.0966797 0.00524139
2 0.0559082 0.268799 0.0223389 0.0673828 0.00518799
2 0.0386963 0.909668 0.067627 0.135742 0.00481033
2 0.819336 0.374756 0.0332031 0.0839844 0.0045166
14 0.821289 0.393311 0.0371094 0.10498 0.00450516
3 0.0500488 0.88623 0.0759277 0.204102 0.00446701
6 0.0265961 0.0791321 0.0354309 0.134216 0.00436401
2 0.0529175 0.258057 0.0206299 0.0737305 0.0043335
6 0.114258 0.950928 0.185059 0.0864258 0.00414658
6 0.926758 0.964844 0.136719 0.0703125 0.00413132
2 0.0312195 0.513184 0.0171509 0.0927734 0.00407791
6 0.977539 0.121582 0.0390625 0.197754 0.00397873
13 0.0527344 0.190308 0.0360107 0.181396 0.00389671
13 0.480469 0.525879 0.0419922 0.0556641 0.0038681
2 0.0406952 0.884766 0.0577698 0.212891 0.00374985
13 0.0447388 0.159607 0.0378418 0.240356 0.00374985
2 0.0545654 0.166962 0.0447998 0.245178 0.00374413
6 0.0465698 0.93335 0.0557861 0.127441 0.00372887
2 0.0596924 0.237488 0.0239258 0.0836182 0.00363922
6 0.0324707 0.923828 0.0529785 0.136719 0.00355339
2 0.819336 0.364258 0.0273438 0.0488281 0.00348091
3 0.0333099 0.14209 0.0378723 0.253906 0.00341225
3 0.0447998 0.838867 0.0644531 0.314453 0.00324821
4 0.0412598 0.901367 0.0592041 0.179688 0.00314522
2 0.0280151 0.495117 0.0170898 0.132812 0.00300789
6 0.0319672 0.955811 0.0610657 0.0473633 0.00298882
13 0.0600586 0.254639 0.0244141 0.0712891 0.00296402
6 0.0427704 0.879883 0.0826721 0.240234 0.00292587
13 0.820312 0.39209 0.0380859 0.105469 0.00279808
1 0.820801 0.39209 0.0361328 0.107422 0.00270653
3 0.954834 0.551758 0.0610352 0.832031 0.00265312
1 0.0386963 0.909668 0.067627 0.135742 0.00263405
2 0.495605 0.0114136 0.0322266 0.0222168 0.00259018
2 0.970459 0.281982 0.043457 0.534668 0.0025692
6 0.0540924 0.919922 0.0927429 0.132812 0.00245857
3 0.956787 0.499268 0.0864258 0.962402 0.00240326
13 0.0384521 0.894531 0.0628662 0.181641 0.00232124
1 0.0415649 0.95166 0.0689697 0.0673828 0.00230408
2 0.0250244 0.0985107 0.0224609 0.15625 0.00223923
3 0.979248 0.117218 0.0375977 0.200623 0.00221252
3 0.0465698 0.93335 0.0557861 0.127441 0.00219727
2 0.0387573 0.938477 0.0701904 0.0820312 0.00214958
2 0.576172 0.034256 0.0566406 0.0433044 0.00213051
1 0.97168 0.27124 0.046875 0.516113 0.00212479
3 0.0350189 0.869629 0.0410461 0.24707 0.00208664
4 0.97168 0.27124 0.046875 0.516113 0.0020256
1 0.102142 0.959473 0.183899 0.0732422 0.00198174
19 0.462891 0.54541 0.475586 0.609375 0.00196075
2 0.488281 0.504883 0.0322266 0.0976562 0.00195312
13 0.0248413 0.111053 0.0224609 0.166565 0.0019207
2 0.0483398 0.212036 0.0516357 0.148193 0.00189781
6 0.0230408 0.911377 0.0460815 0.165527 0.00185871
2 0.029541 0.434937 0.0174561 0.113525 0.00180817
6 0.0282593 0.88916 0.0373535 0.198242 0.0017643
1 0.959717 0.958496 0.0805664 0.0673828 0.00173855
2 0.490723 0.0137329 0.0302734 0.0274658 0.00170231
2 0.0336914 0.846191 0.036377 0.282227 0.001688
2 0.0288086 0.540039 0.0181885 0.129883 0.00168705
6 0.961426 0.951904 0.0595703 0.0961914 0.00168133
4 0.490601 0.56543 0.643799 0.794922 0.00168037
2 0.483398 0.0112305 0.0244141 0.0224609 0.00153923
6 0.0915527 0.892578 0.183105 0.201172 0.00152779
1 0.88623 0.970703 0.22168 0.0566406 0.00152493
4 0.0505219 0.864014 0.0705872 0.260254 0.00152397
2 0.0488892 0.234131 0.024292 0.102539 0.00149441
2 0.0460205 0.377686 0.0454102 0.567871 0.00147533
3 0.0416107 0.947021 0.0635071 0.0825195 0.00146294
6 0.0447388 0.159607 0.0378418 0.240356 0.00145912
4 0.487305 0.521973 0.0361328 0.0625 0.00141621
2 0.494141 0.54248 0.0263672 0.0595703 0.00140476
6 0.0400391 0.965088 0.0710449 0.0424805 0.00139904
2 0.0405884 0.807617 0.0496826 0.376953 0.00138092
19 0.490601 0.56543 0.643799 0.794922 0.00137615
2 0.102142 0.959473 0.183899 0.0732422 0.00136566
3 0.976562 0.164978 0.0351562 0.288208 0.00135899
1 0.980469 0.212463 0.0390625 0.397339 0.00134659
3 0.976318 0.925781 0.0473633 0.119141 0.00134373
2 0.475464 0.0117798 0.0617676 0.0235596 0.00134182
1 0.0447388 0.159607 0.0378418 0.240356 0.0012846
14 0.479858 0.52832 0.0432129 0.0546875 0.00126648
6 0.985352 0.951416 0.0292969 0.0698242 0.00126076
2 0.0432739 0.164551 0.0327148 0.138184 0.00124931
8 0.461426 0.609985 0.645508 0.662842 0.00123024
2 0.88623 0.970703 0.22168 0.0566406 0.00119019
6 0.914062 0.951416 0.171875 0.0893555 0.00118923
2 0.974365 0.953125 0.0512695 0.0703125 0.00118637
1 0.97168 0.171143 0.0429688 0.305664 0.00117874
4 0.823242 0.394531 0.0332031 0.103516 0.00114727
2 0.498535 0.483887 0.0205078 0.0839844 0.00112629
2 0.0476685 0.211792 0.0321045 0.142822 0.00109673
9 0.820312 0.392578 0.0400391 0.107422 0.00107479
19 0.604492 0.472046 0.464844 0.628174 0.00106239
2 0.0742188 0.251465 0.0371094 0.0654297 0.00105572
2 0.031723 0.184753 0.0270081 0.231079 0.00104332
6 0.976562 0.897461 0.0429688 0.195312 0.0010376
2 0.0305176 0.903564 0.0491943 0.181152 0.00102425
2 0.0636597 0.269287 0.0257568 0.0664062 0.00102234
2 0.383545 0.223206 0.0166016 0.0213623 0.00102234
6 0.97168 0.27124 0.046875 0.516113 0.00101852
6 0.0330811 0.115356 0.0548096 0.191162 0.00101089
