2 0.362671 0.780762 0.280518 0.130859 0.904785
14 0.270752 0.304688 0.0263672 0.0385742 0.731934
6 0.0181885 0.919434 0.036377 0.145508 0.259033
14 0.266602 0.308838 0.0239258 0.0380859 0.130615
3 0.930664 0.474609 0.0703125 0.919922 0.102661
2 0.0180969 0.917236 0.0327759 0.147949 0.0901489
1 0.0204468 0.921387 0.0408936 0.147461 0.085144
2 0.96582 0.800293 0.03125 0.152344 0.0523682
3 0.941895 0.335327 0.0634766 0.649658 0.0492249
2 0.013916 0.873047 0.0194702 0.0537109 0.0372314
14 0.269043 0.297607 0.0253906 0.0327148 0.0233917
14 0.268555 0.304688 0.0458984 0.0488281 0.021698
2 0.0126648 0.905518 0.0253296 0.132324 0.0201416
6 0.96875 0.945557 0.0449219 0.0698242 0.0201111
2 0.964111 0.821777 0.0288086 0.0859375 0.0182648
14 0.274414 0.302246 0.0288086 0.0507812 0.0158234
3 0.955322 0.297607 0.0620117 0.574707 0.0145721
6 0.971436 0.927246 0.0395508 0.104492 0.0137634
1 0.0126648 0.905518 0.0253296 0.132324 0.0107422
3 0.0177307 0.919922 0.0353394 0.148438 0.00904083
3 0.0432739 0.291504 0.0535889 0.55957 0.00901794
1 0.0293884 0.94751 0.0457153 0.0893555 0.00888824
14 0.259277 0.304688 0.0258789 0.0405273 0.00875854
6 0.9021 0.950684 0.164551 0.0986328 0.0087204
6 0.0241699 0.942871 0.0390625 0.0986328 0.00855255
2 0.967773 0.85498 0.0371094 0.22168 0.00849915
13 0.013916 0.873047 0.0194702 0.0537109 0.00830841
1 0.962646 0.187073 0.0415039 0.335815 0.00813293
3 0.952881 0.429932 0.0942383 0.851074 0.00797272
2 0.365234 0.78125 0.148438 0.125977 0.00767517
13 0.0161591 0.923096 0.0316467 0.140137 0.00761795
2 0.269531 0.303711 0.0288086 0.0429688 0.00750732
2 0.353516 0.773438 0.322266 0.230469 0.00661469
2 0.924316 0.836426 0.0986328 0.106445 0.00629044
1 0.0160522 0.877441 0.0254517 0.0664062 0.00619888
1 0.965576 0.948242 0.0454102 0.0625 0.00604248
1 0.892822 0.955811 0.185059 0.0825195 0.00577545
2 0.38501 0.0114136 0.0307617 0.0228271 0.00576401
6 0.939453 0.953857 0.0898438 0.0805664 0.00573349
14 0.27002 0.30957 0.0322266 0.0649414 0.00567627
3 0.948486 0.685303 0.0737305 0.621582 0.00537491
2 0.590332 0.0139771 0.0195312 0.0223389 0.00476074
2 0.951416 0.789551 0.0541992 0.177734 0.00464249
1 0.362183 0.78125 0.273682 0.12793 0.00462341
2 0.901367 0.954102 0.167969 0.0761719 0.00457764
2 0.0237732 0.942383 0.036438 0.0976562 0.00445175
6 0.95752 0.958252 0.0654297 0.065918 0.0043869
2 0.965576 0.948242 0.0454102 0.0625 0.00386429
2 0.553223 0.0147095 0.0195312 0.0239258 0.00384712
13 0.359863 0.780762 0.273438 0.123047 0.00359154
14 0.268066 0.318604 0.0258789 0.0361328 0.00358009
2 0.018631 0.869141 0.0291443 0.0712891 0.00358009
6 0.921387 0.961182 0.137695 0.0698242 0.00357056
6 0.919189 0.940186 0.118652 0.100098 0.00345802
6 0.972656 0.891113 0.0390625 0.196289 0.0034256
2 0.495117 0.294189 0.0224609 0.0708008 0.00337982
4 0.361572 0.78418 0.275879 0.161133 0.00334549
2 0.933594 0.806641 0.0917969 0.152344 0.0032711
4 0.925293 0.479858 0.0732422 0.946533 0.0032196
3 0.909668 0.456421 0.102539 0.903564 0.0031929
2 0.0274963 0.928711 0.0481567 0.134766 0.00311661
2 0.955811 0.822754 0.0415039 0.0908203 0.00309372
1 0.919922 0.939209 0.128906 0.0981445 0.00305939
6 0.892334 0.92334 0.182129 0.15332 0.00305557
13 0.964355 0.80957 0.0283203 0.119141 0.00305176
1 0.939209 0.459961 0.090332 0.892578 0.00287628
4 0.27124 0.303467 0.0263672 0.0371094 0.00277138
1 0.0166016 0.885742 0.0250244 0.115234 0.00258064
19 0.269531 0.303711 0.0268555 0.0380859 0.00254631
14 0.359863 0.780762 0.273438 0.123047 0.0024929
2 0.943848 0.476074 0.0732422 0.945312 0.00247192
1 0.951172 0.950684 0.0722656 0.0673828 0.00242615
3 0.960449 0.213867 0.0458984 0.412598 0.0023613
2 0.564453 0.0172119 0.0253906 0.0263672 0.00232315
1 0.269775 0.304443 0.0244141 0.0395508 0.00223351
9 0.359863 0.780762 0.273438 0.123047 0.00220871
6 0.927979 0.835938 0.0952148 0.137695 0.00214577
2 0.374512 0.0107117 0.0317383 0.0214233 0.00211906
3 0.0493164 0.507324 0.0947266 0.985352 0.00209999
19 0.569214 0.625854 0.584229 0.584229 0.00209236
3 0.0288391 0.246643 0.050354 0.459839 0.00207329
6 0.949463 0.924561 0.0737305 0.115723 0.0019989
2 0.059082 0.0137939 0.03125 0.0272217 0.00187206
2 0.0155029 0.900879 0.0258789 0.0869141 0.0018692
13 0.270996 0.304443 0.0253906 0.0390625 0.00186443
2 0.970459 0.781738 0.0239258 0.145508 0.00177479
1 0.962646 0.118042 0.043457 0.196533 0.00171947
13 0.9646 0.820801 0.0258789 0.078125 0.00167751
9 0.270752 0.304688 0.0263672 0.0385742 0.00166988
6 0.359863 0.780762 0.273438 0.123047 0.00163078
6 0.933838 0.901123 0.0991211 0.197754 0.00159264
4 0.0203247 0.920898 0.0406494 0.144531 0.00151253
10 0.269531 0.304932 0.0263672 0.0400391 0.00147915
6 0.962646 0.187073 0.0415039 0.335815 0.00145435
2 0.951172 0.950684 0.0722656 0.0673828 0.00145245
1 0.800537 0.953369 0.387207 0.0932617 0.0014286
16 0.362793 0.777344 0.28125 0.168945 0.00141144
7 0.359863 0.780762 0.273438 0.123047 0.00137806
1 0.953613 0.216248 0.0537109 0.419067 0.00137711
19 0.362793 0.779297 0.263672 0.123047 0.00137138
2 0.394043 0.0125427 0.0249023 0.0233154 0.00136757
5 0.359863 0.780762 0.273438 0.123047 0.00135708
1 0.965576 0.882324 0.043457 0.196289 0.0013504
6 0.979492 0.942627 0.0332031 0.0522461 0.00134659
2 0.918457 0.791016 0.104492 0.192383 0.00134468
2 0.570312 0.01297 0.0322266 0.0228271 0.00133324
2 0.971436 0.927246 0.0395508 0.104492 0.00129795
6 0.942383 0.455566 0.09375 0.911133 0.00129509
2 0.657715 0.0151978 0.03125 0.0300293 0.00129318
2 0.966309 0.790527 0.0244141 0.0927734 0.00127983
17 0.359863 0.780762 0.273438 0.123047 0.00126553
5 0.269531 0.304688 0.0263672 0.0390625 0.0012598
17 0.270752 0.304688 0.0263672 0.0385742 0.00123215
2 0.0385742 0.360596 0.0621338 0.643066 0.00123119
12 0.359863 0.780762 0.273438 0.123047 0.00121593
3 0.0254211 0.822754 0.0465698 0.327148 0.00121117
1 0.96875 0.149048 0.0351562 0.265869 0.00120163
11 0.362793 0.777344 0.28125 0.168945 0.00119019
16 0.270752 0.304688 0.0263672 0.0385742 0.00118542
10 0.359863 0.780762 0.273438 0.123047 0.0011797
18 0.362793 0.777344 0.28125 0.168945 0.00117588
15 0.359863 0.780762 0.273438 0.123047 0.00117493
3 0.968506 0.934082 0.043457 0.0927734 0.00116253
2 0.269531 0.0661011 0.140625 0.0640869 0.0011425
6 0.0254211 0.922363 0.0508423 0.155273 0.00113964
15 0.269531 0.304932 0.0263672 0.0400391 0.00113964
13 0.942383 0.455566 0.09375 0.911133 0.0011301
13 0.966064 0.827148 0.034668 0.248047 0.00112724
8 0.359863 0.780762 0.273438 0.123047 0.00112534
14 0.267334 0.295654 0.0341797 0.0541992 0.00110817
1 0.869629 0.968262 0.231445 0.0634766 0.00110626
3 0.036438 0.871582 0.0635986 0.243164 0.00109386
0 0.359863 0.780762 0.273438 0.123047 0.00108242
4 0.642944 0.587402 0.641846 0.764648 0.00108147
3 0.359863 0.780762 0.273438 0.123047 0.00107861
19 0.449707 0.613403 0.560547 0.515381 0.00106812
11 0.270752 0.304688 0.0263672 0.0385742 0.00106239
1 0.946045 0.30957 0.0610352 0.597656 0.00106239
18 0.269531 0.303711 0.0268555 0.0380859 0.00104713
0 0.270752 0.304688 0.0263672 0.0385742 0.00102139
6 0.270752 0.304688 0.0263672 0.0385742 0.00101757
3 0.970703 0.943604 0.0351562 0.0581055 0.00101185
