2 0.386719 0.748047 0.115723 0.200195 0.879395
2 0.164795 0.952637 0.0187988 0.0361328 0.0526428
2 0.167725 0.949951 0.0349121 0.043457 0.0488892
2 0.401367 0.746094 0.18457 0.223633 0.0259094
1 0.393311 0.74707 0.130371 0.216797 0.0188141
2 0.101074 0.947266 0.166016 0.078125 0.0162048
6 0.0343018 0.941406 0.0559082 0.0703125 0.0158539
2 0.030899 0.930664 0.0361023 0.0595703 0.0137863
6 0.97876 0.92041 0.0424805 0.125977 0.0120926
2 0.161255 0.954834 0.0297852 0.0356445 0.00995636
2 0.156982 0.946777 0.064209 0.0498047 0.00880432
4 0.388672 0.744629 0.125488 0.201172 0.00850677
6 0.028595 0.925781 0.052063 0.0859375 0.00819397
2 0.134033 0.94873 0.118652 0.0576172 0.00801849
2 0.0361328 0.94458 0.0535889 0.0678711 0.00767899
6 0.976562 0.942139 0.0429688 0.0805664 0.00716782
1 0.0361328 0.94458 0.0535889 0.0678711 0.0070076
13 0.387695 0.743164 0.119141 0.195312 0.00639343
3 0.0312042 0.147797 0.0455017 0.249329 0.00621033
2 0.17041 0.949951 0.0583496 0.043457 0.00620651
6 0.0312042 0.147797 0.0455017 0.249329 0.00525665
6 0.0279083 0.936279 0.0352478 0.074707 0.00521088
2 0.388428 0.0134888 0.0229492 0.0263672 0.00519943
14 0.38916 0.746582 0.115723 0.196289 0.00502396
14 0.603516 0.885254 0.0136719 0.0166016 0.00450516
6 0.0528717 0.945801 0.0785828 0.0693359 0.00411606
2 0.396973 0.728027 0.330078 0.287109 0.00410843
6 0.0375977 0.919434 0.060791 0.141602 0.00404739
9 0.387695 0.743164 0.119141 0.195312 0.00400162
3 0.0357819 0.173706 0.0629578 0.300537 0.00377274
1 0.10022 0.954102 0.164062 0.0722656 0.0036869
6 0.388672 0.744629 0.125488 0.201172 0.00365257
3 0.9646 0.390869 0.0551758 0.76709 0.00341415
2 0.643066 0.316406 0.0185547 0.0263672 0.00293159
7 0.387695 0.743164 0.119141 0.195312 0.00284004
3 0.97876 0.901367 0.0424805 0.173828 0.0027504
19 0.388672 0.744629 0.125488 0.201172 0.00252533
18 0.388672 0.744629 0.125488 0.201172 0.00247765
3 0.0478973 0.489258 0.0738831 0.978516 0.00247574
16 0.388672 0.744629 0.125488 0.201172 0.00244713
10 0.388672 0.744629 0.125488 0.201172 0.00240135
5 0.387695 0.743164 0.119141 0.195312 0.00229263
19 0.550903 0.610352 0.519287 0.655273 0.00229073
3 0.0396881 0.333252 0.0531921 0.634277 0.00227737
11 0.388672 0.744629 0.125488 0.201172 0.00227547
2 0.0339966 0.927734 0.0505371 0.0800781 0.00226212
17 0.388672 0.744629 0.125488 0.201172 0.00224686
0 0.388672 0.744629 0.125488 0.201172 0.00222015
3 0.964844 0.914551 0.0566406 0.120117 0.00215912
3 0.0403442 0.111572 0.0725098 0.190674 0.00214577
4 0.607422 0.621582 0.448242 0.658203 0.00209808
2 0.068634 0.955078 0.108337 0.0625 0.00209427
15 0.387695 0.743164 0.119141 0.195312 0.00205612
12 0.388672 0.744629 0.125488 0.201172 0.00203896
19 0.503418 0.497925 0.651367 0.744385 0.00194454
1 0.030899 0.930664 0.0361023 0.0595703 0.00190926
8 0.387695 0.743164 0.119141 0.195312 0.00190353
19 0.658691 0.584351 0.526367 0.745361 0.00188732
1 0.167725 0.949951 0.0349121 0.043457 0.00181293
2 0.361572 0.741211 0.106445 0.206055 0.00178623
8 0.603027 0.568359 0.569336 0.72168 0.00173092
13 0.0298767 0.16864 0.0457153 0.307251 0.0017252
2 0.976562 0.942139 0.0429688 0.0805664 0.00167274
6 0.0294189 0.896973 0.0537109 0.151367 0.00160122
3 0.387695 0.743164 0.119141 0.195312 0.00157833
6 0.980957 0.952881 0.0380859 0.0610352 0.00156212
2 0.858887 0.019104 0.0439453 0.0334473 0.00150108
19 0.318848 0.568237 0.393555 0.613525 0.00150108
2 0.383301 0.735352 0.0874023 0.109375 0.00148487
2 0.869629 0.0175629 0.0371094 0.0317688 0.00145721
4 0.511719 0.568359 0.337891 0.594727 0.00140285
2 0.0244141 0.931152 0.0244141 0.0527344 0.00138378
4 0.50647 0.538086 0.674561 0.712891 0.00136662
6 0.978271 0.113678 0.0317383 0.156433 0.00136375
2 0.103149 0.924561 0.172607 0.111816 0.00135136
4 0.602539 0.543945 0.0595703 0.774414 0.00132656
1 0.917236 0.963379 0.13623 0.0654297 0.00131226
1 0.0793457 0.942139 0.142334 0.074707 0.00126553
1 0.967529 0.940674 0.0532227 0.10498 0.0012331
6 0.915527 0.0178223 0.12793 0.0336914 0.00121975
2 0.97876 0.92041 0.0424805 0.125977 0.00121975
6 0.975342 0.0501862 0.0395508 0.0927429 0.0012188
6 0.0325775 0.110809 0.059845 0.190002 0.00114441
8 0.305115 0.534058 0.46106 0.670166 0.00114059
19 0.633911 0.631836 0.423584 0.524414 0.00110817
19 0.438477 0.564453 0.398438 0.59082 0.00110626
4 0.307129 0.608765 0.362305 0.573486 0.00109863
2 0.0491333 0.950439 0.0749512 0.065918 0.00109196
12 0.550903 0.610352 0.519287 0.655273 0.00107861
2 0.746094 0.024353 0.0341797 0.0410156 0.00107574
6 0.0427399 0.0805664 0.0649109 0.154785 0.00106525
2 0.0340118 0.899902 0.0562439 0.129883 0.0010643
7 0.550903 0.610352 0.519287 0.655273 0.00106239
3 0.968994 0.390381 0.0366211 0.516113 0.00105953
6 0.931152 0.0265808 0.118164 0.0531616 0.00105667
1 0.945557 0.947998 0.0874023 0.0922852 0.00100803
2 0.322021 0.9646 0.16748 0.0336914 0.00100613
