14 0.228333 0.490234 0.0355225 0.0751953 0.87207
1 0.0307159 0.933594 0.0569763 0.0693359 0.151978
6 0.026001 0.926758 0.052002 0.0703125 0.0567627
14 0.237793 0.489136 0.0361328 0.083252 0.0436096
6 0.972412 0.927734 0.043457 0.0878906 0.022934
6 0.973633 0.863525 0.0410156 0.226074 0.0199585
2 0.976562 0.282715 0.0136719 0.0571289 0.0188141
13 0.975342 0.286621 0.0141602 0.0615234 0.0159302
2 0.228027 0.48877 0.0395508 0.0751953 0.0149994
1 0.0253296 0.912109 0.0506592 0.101562 0.0128021
1 0.0200806 0.925781 0.0358887 0.0634766 0.0127563
14 0.229309 0.482422 0.0467529 0.0957031 0.012001
6 0.0374146 0.92041 0.0681152 0.0908203 0.00939941
2 0.0264282 0.929199 0.0463867 0.0732422 0.00924683
1 0.972656 0.929443 0.0449219 0.0825195 0.00843048
2 0.725586 0.431152 0.0234375 0.0898438 0.00785828
1 0.0523224 0.930176 0.0938416 0.0830078 0.00763702
6 0.973633 0.140991 0.0351562 0.258545 0.0066185
6 0.961182 0.913086 0.0522461 0.117188 0.00599289
6 0.124268 0.95166 0.240723 0.0654297 0.00580597
1 0.229492 0.490845 0.0356445 0.0769043 0.0056076
13 0.228455 0.490723 0.0362549 0.0742188 0.00538254
9 0.228455 0.490723 0.0362549 0.0742188 0.00523758
1 0.0995178 0.943604 0.170105 0.0639648 0.00506592
1 0.0430908 0.940674 0.0695801 0.0717773 0.00475311
4 0.229492 0.490845 0.0356445 0.0769043 0.00449753
6 0.0394745 0.893066 0.0682678 0.145508 0.00421906
2 0.012207 0.577637 0.0159302 0.0605469 0.00408936
6 0.0187225 0.918945 0.0362854 0.0722656 0.00406647
3 0.0319824 0.910156 0.0639648 0.0908203 0.00403595
3 0.0383301 0.883301 0.0704346 0.147461 0.00380898
13 0.972656 0.127869 0.0371094 0.246216 0.00364876
2 0.977539 0.185913 0.0292969 0.310791 0.00348282
2 0.972656 0.929443 0.0449219 0.0825195 0.00343895
3 0.039566 0.478516 0.0744324 0.957031 0.00342751
1 0.969971 0.905762 0.0444336 0.111328 0.00337791
4 0.976562 0.161987 0.0390625 0.315674 0.00323677
2 0.770508 0.435547 0.0214844 0.0620117 0.00311089
6 0.961426 0.878418 0.0595703 0.178711 0.00304222
3 0.0271912 0.926758 0.0543823 0.0898438 0.00303078
13 0.0267792 0.929199 0.0475159 0.0722656 0.00302124
1 0.0638123 0.940674 0.125793 0.0737305 0.00296402
3 0.0193329 0.445557 0.0309143 0.335449 0.00290298
1 0.506348 0.957275 0.171875 0.0268555 0.00286293
1 0.955811 0.926025 0.0649414 0.101074 0.00274849
2 0.0193329 0.445557 0.0309143 0.335449 0.00269127
1 0.0394745 0.893066 0.0682678 0.145508 0.00247765
2 0.975342 0.295654 0.0141602 0.078125 0.00245667
19 0.229736 0.48938 0.0419922 0.0847168 0.00242233
3 0.973877 0.862793 0.0385742 0.235352 0.0024147
2 0.977783 0.230469 0.0209961 0.189941 0.00225639
3 0.972656 0.929688 0.0449219 0.0820312 0.00224113
3 0.975342 0.160828 0.0395508 0.305298 0.00221252
1 0.314453 0.820312 0.505859 0.341797 0.00220299
2 0.973389 0.91748 0.0297852 0.0712891 0.00211906
3 0.0280762 0.447266 0.0412598 0.347656 0.00204659
1 0.124268 0.95166 0.240723 0.0654297 0.00200844
6 0.0840759 0.938965 0.137512 0.0751953 0.00190353
6 0.975586 0.0480652 0.0371094 0.0913696 0.00182343
2 0.506348 0.957275 0.171875 0.0268555 0.00176239
6 0.0376129 0.853516 0.0619812 0.229492 0.00174618
2 0.0186005 0.918945 0.033844 0.0703125 0.00173664
6 0.975586 0.902832 0.0390625 0.151367 0.00170231
12 0.228455 0.490723 0.0362549 0.0742188 0.00168896
6 0.977295 0.0828247 0.0375977 0.159058 0.00168324
6 0.0471191 0.940918 0.0732422 0.0595703 0.00163937
6 0.228455 0.490723 0.0362549 0.0742188 0.00158119
10 0.228455 0.490723 0.0362549 0.0742188 0.00156975
1 0.961426 0.880371 0.0595703 0.182617 0.00156403
1 0.97583 0.924805 0.0288086 0.0703125 0.00156307
3 0.970947 0.885742 0.0483398 0.155273 0.00154591
18 0.228455 0.490723 0.0362549 0.0742188 0.00150871
6 0.0523224 0.930176 0.0938416 0.0830078 0.00146389
16 0.228455 0.490723 0.0362549 0.0742188 0.00145626
1 0.0838623 0.955566 0.167725 0.0498047 0.00145531
2 0.0374146 0.92041 0.0681152 0.0908203 0.00143433
7 0.228455 0.490723 0.0362549 0.0742188 0.0014286
1 0.972656 0.127869 0.0371094 0.246216 0.00142384
11 0.228455 0.490723 0.0362549 0.0742188 0.00136852
6 0.0267334 0.895996 0.0534668 0.126953 0.00131893
2 0.961182 0.913086 0.0522461 0.117188 0.00131416
19 0.314453 0.820312 0.505859 0.341797 0.00131416
15 0.228455 0.490723 0.0362549 0.0742188 0.00130653
3 0.971436 0.113312 0.0375977 0.196228 0.00129795
17 0.228027 0.489746 0.0390625 0.0771484 0.00124264
0 0.228455 0.490723 0.0362549 0.0742188 0.00123215
1 0.913086 0.937744 0.144531 0.097168 0.00122643
6 0.979492 0.913086 0.0371094 0.103516 0.00120068
6 0.0627441 0.910156 0.106689 0.150391 0.00117016
6 0.973389 0.91748 0.0297852 0.0712891 0.00116825
8 0.314453 0.820312 0.505859 0.341797 0.0011673
2 0.97583 0.128021 0.034668 0.241028 0.00113106
3 0.229736 0.48938 0.0419922 0.0847168 0.00106812
5 0.229797 0.488647 0.0423584 0.0852051 0.00104141
3 0.0119324 0.0872803 0.0238647 0.132568 0.00101089
3 0.0248413 0.26416 0.0496826 0.52832 0.00100899
2 0.0493011 0.936035 0.0879211 0.0634766 0.00100231
