2 0.647461 0.283447 0.28125 0.137207 0.915039
1 0.0300903 0.149567 0.0428467 0.245789 0.126831
6 0.0361176 0.890381 0.0613098 0.199707 0.100098
6 0.0341187 0.155273 0.0407715 0.267578 0.0280457
3 0.038147 0.892578 0.0637207 0.205078 0.0162506
3 0.0341187 0.155273 0.0407715 0.267578 0.0138626
1 0.038147 0.892578 0.0637207 0.205078 0.0129776
6 0.974609 0.959473 0.0507812 0.0634766 0.0109177
6 0.0881348 0.948486 0.170166 0.0874023 0.0108261
6 0.0370483 0.929932 0.0599365 0.116699 0.0106049
2 0.648438 0.283447 0.148438 0.148438 0.0103149
6 0.915039 0.962891 0.154297 0.0742188 0.00924683
3 0.0427856 0.28833 0.0499268 0.529785 0.0087738
2 0.640137 0.288513 0.319336 0.220825 0.00725174
3 0.0379639 0.212585 0.0424805 0.385376 0.00578308
6 0.0196533 0.885254 0.0333252 0.204102 0.00506973
6 0.0476532 0.945801 0.075592 0.0908203 0.00501633
2 0.0249634 0.582031 0.0196533 0.0537109 0.00495148
1 0.0379639 0.212585 0.0424805 0.385376 0.00467682
1 0.646973 0.286865 0.270508 0.134277 0.00439835
2 0.975342 0.82373 0.0297852 0.333008 0.00418091
3 0.972656 0.257812 0.0546875 0.460938 0.00399399
13 0.650391 0.283447 0.267578 0.138672 0.00385666
6 0.955078 0.962646 0.0839844 0.0688477 0.00363731
6 0.0401154 0.839844 0.0577087 0.304688 0.00360489
4 0.645508 0.287598 0.275391 0.16748 0.00346565
4 0.0365753 0.890869 0.0545349 0.208496 0.00312996
1 0.967773 0.953125 0.0546875 0.0820312 0.00304413
6 0.0379639 0.212585 0.0424805 0.385376 0.00296783
3 0.0383148 0.929443 0.0578918 0.119629 0.00284576
6 0.0471191 0.912109 0.074585 0.175781 0.00282478
14 0.650879 0.283936 0.268555 0.143555 0.00248146
2 0.969971 0.960938 0.0581055 0.0625 0.00242615
1 0.947021 0.95874 0.0883789 0.0727539 0.00237656
9 0.647949 0.283447 0.271484 0.131836 0.00224304
1 0.041626 0.141113 0.0478516 0.236816 0.00217056
4 0.0427856 0.28833 0.0499268 0.529785 0.00213623
13 0.0327148 0.150543 0.0411377 0.248718 0.00211716
1 0.912842 0.963135 0.154785 0.0698242 0.00203705
1 0.0273438 0.117798 0.0330811 0.190674 0.00199127
6 0.645508 0.287598 0.275391 0.16748 0.00189018
2 0.0350342 0.904053 0.0614014 0.158691 0.00184155
6 0.983643 0.951904 0.0327148 0.0610352 0.00175476
13 0.0255127 0.57959 0.0167236 0.0546875 0.00173187
6 0.963379 0.958008 0.0576172 0.0839844 0.00166512
3 0.0196533 0.885254 0.0333252 0.204102 0.00165939
6 0.0370483 0.927246 0.0439453 0.0830078 0.00165272
19 0.647949 0.283447 0.271484 0.131836 0.00160503
16 0.647461 0.280762 0.282227 0.168945 0.00156784
2 0.818359 0.0150757 0.0498047 0.0273438 0.00154877
6 0.0275574 0.125824 0.0374146 0.197083 0.00151348
7 0.647949 0.283447 0.271484 0.131836 0.00147247
13 0.927002 0.963623 0.134277 0.0668945 0.00145435
13 0.0328369 0.891357 0.0546875 0.203613 0.0014534
5 0.647949 0.283447 0.271484 0.131836 0.00145054
3 0.0299072 0.271973 0.0469971 0.514648 0.00141335
1 0.102875 0.947998 0.195618 0.0922852 0.00140858
8 0.645508 0.287598 0.275391 0.16748 0.00139713
18 0.645508 0.287598 0.275391 0.16748 0.00138664
11 0.647461 0.280762 0.282227 0.168945 0.00135803
2 0.981201 0.955078 0.0375977 0.0585938 0.00135517
1 0.0299835 0.142334 0.042572 0.135742 0.00135326
2 0.65918 0.309326 0.24707 0.10791 0.00135231
1 0.161804 0.955078 0.321899 0.078125 0.00132084
2 0.102875 0.947998 0.195618 0.0922852 0.00131702
6 0.977295 0.940186 0.043457 0.100098 0.00131512
17 0.647949 0.283447 0.271484 0.131836 0.00130081
10 0.647949 0.283447 0.271484 0.131836 0.00127983
2 0.0814819 0.253174 0.0209961 0.0595703 0.00126171
3 0.647461 0.280762 0.282227 0.168945 0.00121403
15 0.647461 0.280762 0.282227 0.168945 0.00120926
12 0.647949 0.283447 0.271484 0.131836 0.00120258
0 0.647949 0.283447 0.271484 0.131836 0.00118351
3 0.0348511 0.846191 0.065918 0.307617 0.00115204
6 0.0259399 0.85791 0.0288086 0.180664 0.00108242
2 0.0327148 0.150543 0.0411377 0.248718 0.00104809
2 0.619141 0.267334 0.22168 0.104004 0.00104141
6 0.0609436 0.924561 0.104187 0.129395 0.00103283
13 0.0273438 0.117798 0.0330811 0.190674 0.00102806
6 0.147339 0.950684 0.250732 0.0986328 0.00100708
4 0.030426 0.164001 0.0437622 0.284302 0.00100136
