2 0.590332 0.220459 0.292969 0.231934 0.910645
2 0.986328 0.867676 0.0195312 0.046875 0.256592
2 0.981445 0.495605 0.0214844 0.0888672 0.118774
2 0.982178 0.862793 0.027832 0.0556641 0.0760498
1 0.0345612 0.945312 0.0500183 0.0820312 0.0759888
6 0.0289917 0.940918 0.0478516 0.0810547 0.0638428
2 0.0307922 0.937988 0.0341187 0.0791016 0.048584
6 0.0364227 0.164551 0.0509338 0.303223 0.0439148
3 0.972656 0.203613 0.0527344 0.365723 0.0333862
3 0.0331421 0.146729 0.0469971 0.25 0.0231323
4 0.588257 0.21875 0.309814 0.241699 0.0180511
1 0.587524 0.216675 0.309326 0.236084 0.016037
1 0.0307922 0.937988 0.0341187 0.0791016 0.016037
6 0.0297546 0.109161 0.0460815 0.191833 0.0114899
2 0.980469 0.873047 0.0234375 0.0566406 0.0102692
2 0.556641 0.249756 0.234375 0.168457 0.0101471
6 0.0266418 0.917725 0.0387573 0.150879 0.00891113
1 0.789551 0.942871 0.411133 0.102539 0.00769806
2 0.988281 0.853027 0.0214844 0.0712891 0.00762558
6 0.587524 0.216675 0.309326 0.236084 0.00743103
1 0.0313721 0.919678 0.0510254 0.160645 0.00738144
13 0.588257 0.21875 0.309814 0.241699 0.00703812
6 0.0473785 0.946777 0.0734558 0.0810547 0.00682831
13 0.985352 0.867676 0.0195312 0.046875 0.00656509
2 0.986328 0.504761 0.0214844 0.0754395 0.0065155
1 0.971436 0.204468 0.0512695 0.368896 0.00615692
14 0.588257 0.21875 0.309814 0.241699 0.00540924
19 0.587524 0.216675 0.309326 0.236084 0.00534439
2 0.976318 0.842773 0.027832 0.0947266 0.00529861
1 0.0477905 0.937988 0.072876 0.0986328 0.00512314
9 0.587524 0.216675 0.309326 0.236084 0.00506592
2 0.979492 0.467773 0.0195312 0.140625 0.00482178
18 0.587524 0.216675 0.309326 0.236084 0.00470352
6 0.974609 0.180115 0.046875 0.324341 0.0046463
11 0.588257 0.21875 0.309814 0.241699 0.00452423
16 0.588257 0.21875 0.309814 0.241699 0.00452423
1 0.969727 0.956055 0.0585938 0.0703125 0.00450516
2 0.592773 0.227783 0.183594 0.230469 0.00434494
7 0.587524 0.216675 0.309326 0.236084 0.00426865
6 0.02948 0.0857239 0.034668 0.139587 0.00421143
3 0.0391235 0.21106 0.0515137 0.399658 0.0042038
8 0.587524 0.216675 0.309326 0.236084 0.00408936
17 0.588257 0.21875 0.309814 0.241699 0.00387383
3 0.588257 0.21875 0.309814 0.241699 0.00387383
6 0.977051 0.951904 0.0458984 0.0708008 0.00379181
1 0.0244141 0.930176 0.0253906 0.0664062 0.00374413
0 0.588257 0.21875 0.309814 0.241699 0.00372696
10 0.587524 0.216675 0.309326 0.236084 0.00357056
15 0.587524 0.216675 0.309326 0.236084 0.00354195
1 0.0696869 0.952637 0.117462 0.0908203 0.00353241
2 0.991699 0.867676 0.0166016 0.046875 0.00351334
3 0.0274658 0.933838 0.0422363 0.097168 0.00347137
5 0.588257 0.21875 0.309814 0.241699 0.00344658
12 0.588257 0.21875 0.309814 0.241699 0.00334167
3 0.978516 0.147125 0.0429688 0.236511 0.00310326
1 0.888916 0.961182 0.194824 0.0776367 0.00275612
13 0.982178 0.862793 0.027832 0.0556641 0.00264549
1 0.0331421 0.146729 0.0469971 0.25 0.00260353
13 0.0307922 0.937988 0.0341187 0.0791016 0.00258064
2 0.982422 0.870117 0.0351562 0.0742188 0.0023613
13 0.0293121 0.0979004 0.0351257 0.169189 0.00228882
13 0.0364227 0.164551 0.0509338 0.303223 0.00225639
13 0.982422 0.498047 0.0175781 0.0791016 0.00225067
2 0.0234222 0.928223 0.023468 0.0683594 0.00217819
2 0.033432 0.941895 0.0534973 0.0810547 0.00213242
1 0.0427856 0.167053 0.0574951 0.299683 0.00207138
2 0.0327759 0.163696 0.0482178 0.293701 0.00194073
2 0.985352 0.513184 0.015625 0.0664062 0.00191212
3 0.0283203 0.110474 0.0316162 0.18457 0.00188637
1 0.97876 0.177612 0.0424805 0.300049 0.00185299
2 0.975586 0.493652 0.0195312 0.0839844 0.00185204
1 0.932129 0.938721 0.12207 0.120605 0.00182247
13 0.0305939 0.143036 0.0323181 0.184143 0.00178051
1 0.972412 0.911377 0.0551758 0.165527 0.00171947
3 0.0332489 0.0845947 0.0533752 0.14624 0.00166702
13 0.034729 0.945557 0.048584 0.0795898 0.00161648
1 0.982422 0.865723 0.0273438 0.0556641 0.00159168
1 0.94873 0.960693 0.0888672 0.0649414 0.00152683
2 0.983398 0.835449 0.0253906 0.0996094 0.00150967
6 0.979004 0.143036 0.0419922 0.22467 0.00148773
2 0.0238037 0.907715 0.0324707 0.170898 0.00146961
6 0.0380859 0.931885 0.0634766 0.118652 0.00144196
3 0.0345612 0.945312 0.0500183 0.0820312 0.00143528
2 0.967529 0.855957 0.0375977 0.0771484 0.00135803
13 0.976318 0.842773 0.027832 0.0947266 0.00133419
13 0.946777 0.765137 0.0361328 0.133789 0.00132084
2 0.982422 0.887207 0.0234375 0.0839844 0.0012989
1 0.0272675 0.932129 0.0480042 0.0947266 0.00129318
6 0.0299683 0.932373 0.0343018 0.0805664 0.00127125
6 0.0346069 0.0713043 0.0506592 0.115692 0.0012598
4 0.0364227 0.164551 0.0509338 0.303223 0.00121784
6 0.987305 0.947998 0.0253906 0.0668945 0.00118732
1 0.0996094 0.945557 0.182617 0.0913086 0.0011816
2 0.949707 0.804688 0.0361328 0.138672 0.00114822
2 0.0455322 0.940918 0.0736084 0.0966797 0.00114727
2 0.676758 0.121094 0.116211 0.0439453 0.00112534
2 0.133301 0.808105 0.0222168 0.0634766 0.00107956
2 0.888916 0.961182 0.194824 0.0776367 0.00106525
4 0.971924 0.202759 0.050293 0.36499 0.00105572
2 0.0630798 0.94873 0.11261 0.0947266 0.00103951
1 0.0238037 0.907715 0.0324707 0.170898 0.00101376
2 0.0706787 0.845703 0.0246582 0.0605469 0.00100327
