2 0.431274 0.744141 0.0808105 0.258789 0.830566
6 0.0337524 0.154907 0.0471191 0.277588 0.114685
3 0.0309753 0.144104 0.0487671 0.256714 0.0646973
3 0.0444946 0.847412 0.0563965 0.299316 0.043396
6 0.0372314 0.882812 0.0587158 0.234375 0.0205841
1 0.0400391 0.864258 0.0560303 0.257812 0.0151291
1 0.0369873 0.927734 0.0581055 0.125 0.0143356
1 0.764648 0.176392 0.09375 0.0664062 0.0117645
3 0.0473022 0.725098 0.0551758 0.522461 0.0116272
2 0.820801 0.0171661 0.0214844 0.0301208 0.0108643
4 0.433716 0.743652 0.0778809 0.250977 0.0104675
1 0.0337524 0.154907 0.0471191 0.277588 0.00991058
3 0.972656 0.726562 0.0429688 0.484375 0.00954437
2 0.429565 0.732422 0.0793457 0.138672 0.00946045
6 0.0339355 0.921143 0.055542 0.122559 0.00901794
2 0.421875 0.714355 0.0634766 0.206055 0.00811005
13 0.0325928 0.144836 0.0515137 0.252319 0.00797272
6 0.0444946 0.847412 0.0563965 0.299316 0.00762939
3 0.0372314 0.882812 0.0587158 0.234375 0.00670624
3 0.0369263 0.209534 0.0460205 0.393433 0.00659943
6 0.0883484 0.963867 0.15387 0.0566406 0.00625992
2 0.410645 0.75 0.192383 0.289062 0.00624084
1 0.0883484 0.963867 0.15387 0.0566406 0.00615692
2 0.178223 0.790527 0.0187988 0.0498047 0.00605011
13 0.43103 0.743652 0.0891113 0.256836 0.00602341
1 0.430176 0.748047 0.0888672 0.257812 0.00544739
6 0.97876 0.95166 0.0424805 0.0751953 0.00539017
3 0.0376587 0.919678 0.0621338 0.123535 0.00527954
1 0.026062 0.116302 0.0386963 0.204407 0.00499725
2 0.185547 0.790039 0.0214844 0.0527344 0.00494385
6 0.0277863 0.116699 0.0457458 0.210449 0.00487137
1 0.980957 0.104828 0.0380859 0.156555 0.00476456
3 0.977783 0.921631 0.0444336 0.125488 0.00456238
3 0.977295 0.948242 0.0454102 0.0722656 0.00445938
2 0.413574 0.687012 0.0537109 0.145508 0.00415039
6 0.0319824 0.944336 0.0548096 0.0839844 0.00378036
2 0.186523 0.79248 0.0292969 0.0644531 0.00375557
4 0.0404053 0.268433 0.0529785 0.51001 0.00371933
2 0.448242 0.748535 0.0722656 0.295898 0.00367165
14 0.433716 0.743652 0.0778809 0.250977 0.00341415
2 0.663574 0.661621 0.0839844 0.21875 0.00299072
2 0.816895 0.0162964 0.0439453 0.0288696 0.002985
2 0.815918 0.0151062 0.0263672 0.0273438 0.00293922
1 0.982178 0.882568 0.0356445 0.211426 0.00289154
1 0.160339 0.963379 0.291626 0.0576172 0.00263596
1 0.0473175 0.800293 0.0552673 0.379883 0.00257111
9 0.430176 0.748047 0.0888672 0.257812 0.00247765
2 0.672363 0.0134277 0.0263672 0.0253906 0.00247574
6 0.0764008 0.954102 0.118439 0.0703125 0.00235748
4 0.0337524 0.154907 0.0471191 0.277588 0.00231361
1 0.679199 0.975342 0.249023 0.0493164 0.00225067
14 0.760742 0.174194 0.09375 0.0615234 0.0022316
2 0.0325928 0.144836 0.0515137 0.252319 0.00214958
6 0.43103 0.743652 0.0891113 0.256836 0.00200844
1 0.0288544 0.917236 0.0448303 0.165527 0.00197411
6 0.975586 0.797607 0.0410156 0.385254 0.00195026
1 0.0404053 0.955078 0.055542 0.0605469 0.0018158
7 0.433716 0.743652 0.0778809 0.250977 0.00173569
4 0.0344086 0.861816 0.0520325 0.260742 0.00171757
3 0.976807 0.855957 0.0405273 0.256836 0.00171661
1 0.976318 0.956787 0.0473633 0.0688477 0.00170994
1 0.0984192 0.949463 0.179138 0.0834961 0.00170517
4 0.306091 0.557251 0.293091 0.754639 0.001688
2 0.45752 0.732422 0.273438 0.314453 0.0016861
3 0.979736 0.899414 0.0405273 0.199219 0.00167179
18 0.43103 0.743652 0.0891113 0.256836 0.0016346
16 0.43103 0.743652 0.0891113 0.256836 0.00162792
3 0.0398407 0.268555 0.0589905 0.501953 0.00162601
10 0.43103 0.743652 0.0891113 0.256836 0.00156593
19 0.43103 0.743652 0.0891113 0.256836 0.00152969
5 0.430176 0.748047 0.0888672 0.257812 0.00151634
1 0.972656 0.726562 0.0429688 0.484375 0.00150967
11 0.43103 0.743652 0.0891113 0.256836 0.00148296
3 0.430176 0.748047 0.0888672 0.257812 0.00146484
15 0.433716 0.743652 0.0778809 0.250977 0.00144005
12 0.430176 0.748047 0.0888672 0.257812 0.00143623
17 0.43103 0.743652 0.0891113 0.256836 0.0014267
6 0.979736 0.899414 0.0405273 0.199219 0.00142479
0 0.43103 0.743652 0.0891113 0.256836 0.00142097
6 0.0421753 0.958984 0.0576172 0.0605469 0.00142002
8 0.430176 0.748047 0.0888672 0.257812 0.00135899
6 0.0499268 0.923096 0.0858154 0.140137 0.00135422
4 0.540527 0.576782 0.375 0.629639 0.00132465
1 0.976807 0.855957 0.0405273 0.256836 0.00129128
2 0.775391 0.0158386 0.0283203 0.0270386 0.00128746
1 0.635254 0.965332 0.224609 0.0693359 0.00128269
6 0.980957 0.107391 0.0380859 0.158752 0.00126171
1 0.97876 0.138733 0.0327148 0.220581 0.00114822
7 0.0309753 0.144104 0.0487671 0.256714 0.00114536
6 0.0506439 0.947754 0.077179 0.0771484 0.00112724
3 0.9646 0.555786 0.0571289 0.888428 0.00110912
3 0.949463 0.522949 0.0581055 0.954102 0.00110435
1 0.726074 0.965576 0.245117 0.0688477 0.00109959
2 0.409668 0.742676 0.0766602 0.25293 0.00109768
2 0.97876 0.95166 0.0424805 0.0751953 0.00109673
1 0.129303 0.966309 0.197449 0.0498047 0.0010891
3 0.982422 0.95459 0.0332031 0.0673828 0.00103855
3 0.0302277 0.731934 0.0538025 0.49707 0.00103474
19 0.463379 0.538086 0.402344 0.649414 0.00100613
