2 0.500977 0.116455 0.325195 0.0893555 0.897461
3 0.045166 0.34314 0.0679932 0.628174 0.168213
6 0.977783 0.894043 0.0444336 0.196289 0.100281
6 0.975342 0.939697 0.0473633 0.0893555 0.0176697
3 0.959961 0.726807 0.046875 0.51123 0.0164642
2 0.504028 0.121613 0.218506 0.0819702 0.0157928
1 0.5 0.122803 0.333008 0.0822754 0.0142975
3 0.0387573 0.90918 0.0670166 0.134766 0.0138168
6 0.0337524 0.915039 0.0583496 0.140625 0.0132446
6 0.0846252 0.964111 0.153503 0.0581055 0.012413
3 0.979492 0.112457 0.0351562 0.21698 0.0123825
6 0.039917 0.946045 0.0581055 0.0786133 0.0115509
6 0.0465851 0.905518 0.0625916 0.161621 0.0113449
6 0.0317383 0.139404 0.0463867 0.275879 0.0112381
3 0.0454102 0.875977 0.0704346 0.208984 0.011116
1 0.118683 0.962158 0.21283 0.0756836 0.011055
1 0.0371094 0.942139 0.0488281 0.0786133 0.0100479
3 0.0343018 0.269043 0.0550537 0.507812 0.00945282
3 0.976318 0.892578 0.0395508 0.201172 0.00896454
3 0.0453491 0.484375 0.0673828 0.96875 0.00798035
6 0.968506 0.912842 0.0454102 0.127441 0.00775528
6 0.0508881 0.958008 0.066925 0.0566406 0.00728989
2 0.499512 0.111847 0.348633 0.153259 0.00714874
6 0.967773 0.861328 0.0410156 0.246094 0.00672531
3 0.03125 0.114777 0.0389404 0.219666 0.00659943
1 0.917236 0.95752 0.14209 0.0751953 0.00657654
2 0.438477 0.648926 0.0200195 0.0234375 0.00653076
1 0.0507812 0.954102 0.0738525 0.0664062 0.00625992
1 0.03125 0.944336 0.0319824 0.0703125 0.00587463
3 0.0366211 0.135956 0.0600586 0.248596 0.00579071
13 0.979492 0.112457 0.0351562 0.21698 0.00569916
3 0.951172 0.46814 0.0917969 0.905518 0.00564957
6 0.982666 0.943115 0.034668 0.074707 0.00511169
3 0.0444183 0.796875 0.0593567 0.384766 0.0050354
6 0.970703 0.0756226 0.0566406 0.129028 0.00503159
3 0.976074 0.922607 0.0478516 0.123535 0.00492859
2 0.850098 0.707031 0.0166016 0.0439453 0.00404739
6 0.927246 0.953125 0.120117 0.09375 0.00404358
3 0.968262 0.883545 0.0439453 0.23291 0.00382996
1 0.935791 0.948242 0.101074 0.0976562 0.00382233
6 0.0326538 0.952881 0.0501709 0.059082 0.00372505
13 0.0336914 0.1427 0.0418701 0.259033 0.00370789
1 0.0732117 0.958496 0.1026 0.0791016 0.00356865
3 0.975586 0.0847168 0.046875 0.159668 0.00356293
6 0.979492 0.112457 0.0351562 0.21698 0.00355339
1 0.976318 0.872803 0.0415039 0.236816 0.00325394
1 0.97583 0.922363 0.0483398 0.125977 0.00320625
2 0.641113 0.708984 0.0214844 0.0576172 0.00320625
4 0.500488 0.117432 0.338867 0.0925293 0.00271797
1 0.966553 0.723145 0.0415039 0.50293 0.00267601
3 0.966309 0.813477 0.0419922 0.34375 0.00264931
2 0.975342 0.939697 0.0473633 0.0893555 0.00263214
1 0.0691528 0.93042 0.108765 0.123535 0.00259399
3 0.95166 0.375977 0.0654297 0.751953 0.00259209
3 0.034729 0.408203 0.0654297 0.810547 0.00252724
6 0.069519 0.953369 0.117554 0.065918 0.00245476
1 0.973877 0.94751 0.050293 0.081543 0.00244713
14 0.493652 0.119965 0.320312 0.0828247 0.00234795
4 0.039917 0.90332 0.0598145 0.173828 0.00225639
2 0.442627 0.650879 0.0205078 0.0214844 0.00222397
6 0.0361328 0.0830994 0.0484619 0.159973 0.00222206
6 0.966797 0.937744 0.0644531 0.118652 0.00221062
13 0.0458374 0.338501 0.0628662 0.647217 0.00218773
2 0.968506 0.912842 0.0454102 0.127441 0.00206375
13 0.498169 0.119873 0.320068 0.0874023 0.00203133
3 0.980469 0.934082 0.0371094 0.0947266 0.0020256
6 0.0499115 0.946777 0.0691223 0.0966797 0.0020237
1 0.0966797 0.963379 0.165771 0.0576172 0.00196266
2 0.0455322 0.352905 0.05896 0.671143 0.00193119
1 0.931641 0.96875 0.115234 0.0585938 0.00191975
6 0.0413208 0.248474 0.0593262 0.468872 0.0019083
6 0.968506 0.0526123 0.0473633 0.100342 0.00187492
4 0.959961 0.726807 0.046875 0.51123 0.00186348
13 0.976807 0.89209 0.0463867 0.19043 0.00181961
1 0.0458374 0.338501 0.0628662 0.647217 0.00180626
3 0.039917 0.946045 0.0581055 0.0786133 0.00180149
2 0.501953 0.11673 0.110352 0.0682983 0.0017662
3 0.967529 0.911865 0.043457 0.133301 0.00172234
2 0.03125 0.944336 0.0319824 0.0703125 0.00170326
2 0.438965 0.648438 0.0249023 0.0400391 0.00160599
14 0.442627 0.650879 0.0205078 0.0214844 0.00158882
2 0.673828 0.624512 0.0478516 0.015625 0.00156593
2 0.0371094 0.942139 0.0488281 0.0786133 0.00153828
6 0.93457 0.923096 0.0976562 0.153809 0.00152683
3 0.0481415 0.939453 0.0502014 0.103516 0.00151443
1 0.10083 0.947266 0.157959 0.101562 0.0015049
3 0.0364838 0.890625 0.0451965 0.207031 0.00146389
6 0.973877 0.106079 0.0522461 0.190674 0.001441
3 0.0506134 0.95752 0.0679626 0.0615234 0.00142288
2 0.494141 0.14502 0.330078 0.0952148 0.0013752
2 0.491211 0.13855 0.348633 0.256104 0.00134468
2 0.0465851 0.905518 0.0625916 0.161621 0.00133801
6 0.0693207 0.908447 0.112579 0.183105 0.00132561
4 0.0458374 0.338501 0.0628662 0.647217 0.00129509
2 0.098999 0.9646 0.185303 0.0610352 0.00128651
1 0.89624 0.971436 0.172363 0.0571289 0.0012846
6 0.966553 0.723145 0.0415039 0.50293 0.00126553
3 0.981689 0.912598 0.0366211 0.161133 0.00124168
1 0.951416 0.926514 0.0756836 0.129395 0.0012064
3 0.968506 0.940674 0.0356445 0.0834961 0.00119781
6 0.109253 0.959961 0.165039 0.0800781 0.00119495
2 0.982666 0.943115 0.034668 0.074707 0.00119019
6 0.0377197 0.866211 0.0512695 0.261719 0.00118828
1 0.0600586 0.9646 0.0849609 0.0493164 0.00116539
6 0.983887 0.921387 0.0322266 0.12207 0.00115108
2 0.977783 0.894043 0.0444336 0.196289 0.00114441
1 0.0463409 0.878662 0.0667419 0.219238 0.00114441
4 0.976318 0.892578 0.0395508 0.201172 0.0011282
9 0.493652 0.119965 0.320312 0.0828247 0.00112534
6 0.966797 0.953125 0.0585938 0.0703125 0.00112152
1 0.0390625 0.911377 0.0604248 0.14209 0.00109196
2 0.545288 0.130981 0.248291 0.0822754 0.00107479
1 0.523682 0.996094 0.952637 0.0078125 0.00107288
1 0.967773 0.887939 0.046875 0.185059 0.00101566
6 0.966309 0.810547 0.0498047 0.337891 0.00100231
