2 0.470093 0.515625 0.0324707 0.09375 0.549316
1 0.0341797 0.922363 0.0457764 0.0791016 0.373779
2 0.0337067 0.92334 0.0458679 0.0820312 0.279541
6 0.974609 0.938721 0.0488281 0.0893555 0.198853
6 0.0298309 0.924805 0.0567932 0.105469 0.129272
2 0.457886 0.521606 0.0646973 0.107178 0.119141
2 0.469604 0.515015 0.0490723 0.111572 0.0933228
1 0.974609 0.941162 0.046875 0.0883789 0.0863037
6 0.0339355 0.886719 0.0567627 0.220703 0.0847168
2 0.830566 0.179077 0.0283203 0.079834 0.0795898
2 0.202148 0.0149994 0.0290527 0.0299988 0.0325012
2 0.205933 0.0122375 0.0236816 0.0244751 0.0317688
6 0.0391083 0.841553 0.0597229 0.271973 0.0311584
1 0.470703 0.516968 0.0410156 0.108643 0.0251312
2 0.974854 0.938965 0.050293 0.0830078 0.020752
3 0.0376129 0.833252 0.0658875 0.278809 0.0188751
3 0.0499878 0.362549 0.0692139 0.63916 0.0185242
2 0.606934 0.0147705 0.0205078 0.0274048 0.016037
6 0.0375977 0.899658 0.0540771 0.138184 0.0151672
6 0.0395508 0.158813 0.0631104 0.271729 0.0140686
6 0.10199 0.944092 0.203979 0.100098 0.0139008
3 0.0443726 0.183289 0.0598145 0.306274 0.0128784
2 0.807617 0.127228 0.0791016 0.214294 0.0127487
2 0.0375977 0.899658 0.0540771 0.138184 0.0121613
2 0.0601807 0.276123 0.0252686 0.0620117 0.0120621
3 0.0339355 0.886719 0.0567627 0.220703 0.01194
14 0.470703 0.515015 0.0419922 0.114502 0.011116
1 0.0347137 0.896484 0.0567932 0.167969 0.00966644
1 0.031723 0.924316 0.0576477 0.106445 0.00953674
2 0.605957 0.0177155 0.0273438 0.0346375 0.00671005
6 0.0443878 0.931641 0.0689392 0.105469 0.00646973
3 0.0421448 0.504395 0.0842896 0.991211 0.00568008
3 0.975586 0.937988 0.0429688 0.0908203 0.00561523
14 0.469849 0.515625 0.0300293 0.0908203 0.00543213
2 0.47644 0.510254 0.0256348 0.0888672 0.00540161
2 0.0443726 0.927246 0.0643311 0.0966797 0.00465393
3 0.0319824 0.923584 0.0518799 0.109863 0.00452423
6 0.103638 0.962891 0.207275 0.0742188 0.00407791
6 0.951416 0.944092 0.0874023 0.104004 0.00400543
3 0.0357056 0.147949 0.0524902 0.242676 0.00392151
1 0.10199 0.944092 0.203979 0.100098 0.00390625
1 0.0395508 0.90332 0.0545654 0.114258 0.00383377
13 0.975586 0.94043 0.046875 0.0859375 0.00378418
3 0.0448608 0.740479 0.0645752 0.48584 0.00368881
6 0.0726776 0.942139 0.12442 0.0942383 0.00363541
1 0.0224609 0.921875 0.036499 0.0800781 0.00362587
1 0.0459137 0.930664 0.0629578 0.0800781 0.00351524
1 0.159668 0.954102 0.319336 0.0898438 0.00341988
2 0.629883 0.207764 0.046875 0.0791016 0.00336647
13 0.0341797 0.922363 0.0457764 0.0791016 0.00333023
2 0.753906 0.22583 0.0244141 0.0629883 0.00326729
4 0.29303 0.478882 0.4198 0.813721 0.00322533
13 0.467651 0.519165 0.0432129 0.102295 0.00315666
13 0.0443726 0.183289 0.0598145 0.306274 0.0031395
1 0.975342 0.932129 0.0336914 0.0849609 0.00304222
6 0.0336761 0.111908 0.0471497 0.197571 0.00295448
1 0.956299 0.93335 0.0717773 0.100098 0.00289154
6 0.0293427 0.85498 0.044342 0.213867 0.00288963
2 0.426025 0.55957 0.0488281 0.0410156 0.00279999
1 0.9729 0.908936 0.050293 0.131348 0.00277519
14 0.492676 0.553223 0.483398 0.669922 0.00276566
2 0.213745 0.013092 0.0354004 0.0239868 0.00268173
19 0.492676 0.553223 0.483398 0.669922 0.00266838
2 0.753906 0.249268 0.0205078 0.0537109 0.00266266
1 0.980469 0.110107 0.0273438 0.124023 0.00263023
6 0.981689 0.941162 0.0366211 0.090332 0.002388
19 0.587891 0.559326 0.75293 0.850098 0.00232887
2 0.207092 0.0167236 0.0447998 0.0334473 0.00229454
14 0.0356445 0.92334 0.0495605 0.0820312 0.00218582
3 0.0374146 0.899902 0.0537109 0.143555 0.00216675
13 0.0593262 0.28125 0.0275879 0.0717773 0.0020237
6 0.0195618 0.881592 0.0391235 0.180176 0.00201416
4 0.406738 0.558594 0.462891 0.767578 0.00196648
2 0.490234 0.0275116 0.0322266 0.0389709 0.00195885
6 0.977539 0.909912 0.0429688 0.14502 0.00195503
2 0.434814 0.549805 0.0649414 0.0576172 0.00191879
1 0.0391846 0.836426 0.0661621 0.290039 0.00187874
8 0.492676 0.553223 0.483398 0.669922 0.00175571
2 0.051712 0.344482 0.0542908 0.64502 0.00175381
6 0.0355835 0.78125 0.0682373 0.423828 0.0017519
8 0.587891 0.559326 0.75293 0.850098 0.00172901
6 0.159668 0.954102 0.319336 0.0898438 0.00161743
1 0.0302582 0.904785 0.0427551 0.0976562 0.00159359
13 0.051712 0.344482 0.0542908 0.64502 0.00157452
2 0.043869 0.939209 0.046051 0.0864258 0.0015707
3 0.0293427 0.85498 0.044342 0.213867 0.00156307
19 0.29303 0.478882 0.4198 0.813721 0.00152588
9 0.492676 0.553223 0.483398 0.669922 0.00149345
7 0.492676 0.553223 0.483398 0.669922 0.00149059
9 0.470703 0.516968 0.0410156 0.108643 0.00148582
4 0.216309 0.48291 0.220703 0.867188 0.0014801
19 0.453125 0.473022 0.311523 0.671143 0.00146866
2 0.104126 0.955078 0.208252 0.0898438 0.0014677
12 0.492676 0.553223 0.483398 0.669922 0.00145626
2 0.612793 0.0168762 0.0371094 0.0308228 0.00144196
2 0.207397 0.0179443 0.0300293 0.0358887 0.00143814
6 0.0327148 0.924316 0.0449219 0.0791016 0.00137043
2 0.488281 0.0297241 0.0507812 0.0377197 0.00136185
19 0.630737 0.637329 0.336182 0.590576 0.00134945
16 0.492676 0.553223 0.483398 0.669922 0.00134659
17 0.492676 0.553223 0.483398 0.669922 0.00133705
14 0.974854 0.938965 0.050293 0.0830078 0.00132751
19 0.399414 0.543457 0.310547 0.724609 0.00132656
2 0.0224609 0.921875 0.036499 0.0800781 0.00130463
4 0.49707 0.504028 0.414062 0.7771 0.00128078
3 0.97168 0.904053 0.0527344 0.133301 0.00124645
4 0.450684 0.536133 0.294922 0.623047 0.00123787
1 0.0455322 0.875244 0.0748291 0.188965 0.00123215
11 0.492676 0.553223 0.483398 0.669922 0.00122929
2 0.443115 0.0756683 0.0532227 0.107452 0.00122833
19 0.38147 0.589844 0.528076 0.669922 0.00122452
2 0.0391083 0.841553 0.0597229 0.271973 0.00122166
19 0.470703 0.516968 0.0410156 0.108643 0.00121307
15 0.492676 0.553223 0.483398 0.669922 0.00120831
0 0.492676 0.553223 0.483398 0.669922 0.00119972
5 0.492676 0.553223 0.483398 0.669922 0.00119305
9 0.0356445 0.92334 0.0495605 0.0820312 0.00119209
10 0.492676 0.553223 0.483398 0.669922 0.00119114
13 0.469116 0.515137 0.029541 0.0888672 0.00118637
13 0.031723 0.924316 0.0576477 0.106445 0.0011673
4 0.051712 0.344482 0.0542908 0.64502 0.00116634
3 0.0395508 0.106537 0.0649414 0.159485 0.00116253
3 0.976562 0.0674286 0.03125 0.091217 0.00113678
6 0.97583 0.0672302 0.0366211 0.0838013 0.00113297
1 0.915771 0.944092 0.13916 0.0942383 0.00112915
3 0.0417786 0.92627 0.0835571 0.116211 0.00112343
19 0.572388 0.383423 0.380615 0.473389 0.00111485
1 0.0605011 0.933594 0.091156 0.101562 0.00111485
4 0.0339355 0.886719 0.0567627 0.220703 0.00111008
18 0.492676 0.553223 0.483398 0.669922 0.00110722
19 0.527954 0.395752 0.703857 0.577637 0.00110626
2 0.0279541 0.884521 0.0488281 0.172363 0.00109577
6 0.921143 0.951904 0.145996 0.0961914 0.00108433
2 0.029892 0.921875 0.0498352 0.119141 0.00107861
6 0.0627594 0.894043 0.106903 0.211914 0.00107384
13 0.107269 0.938232 0.198059 0.0922852 0.00106335
7 0.587891 0.559326 0.75293 0.850098 0.00102043
16 0.0356445 0.92334 0.0495605 0.0820312 0.00101662
7 0.470703 0.516968 0.0410156 0.108643 0.00101376
1 0.0436401 0.165283 0.0588379 0.294922 0.00101185
3 0.0178833 0.869141 0.0357666 0.208984 0.00100327
