14 0.691895 0.606445 0.0976562 0.114258 0.881348
2 0.711426 0.604492 0.0654297 0.104492 0.568359
14 0.714844 0.604492 0.0693359 0.105469 0.276367
6 0.0435638 0.905273 0.0627747 0.1875 0.139404
6 0.0388947 0.919189 0.0708923 0.120605 0.135986
6 0.0400391 0.939209 0.0604248 0.0942383 0.0689087
6 0.0343781 0.10376 0.0486755 0.196533 0.0678711
2 0.696289 0.604492 0.12207 0.111328 0.0560303
6 0.975586 0.894775 0.0449219 0.194824 0.0491638
1 0.977783 0.144104 0.0405273 0.252808 0.0354614
2 0.658691 0.605469 0.0273438 0.100586 0.0267181
3 0.955566 0.503662 0.0888672 0.961426 0.0244751
6 0.0355225 0.172668 0.043335 0.315796 0.0244446
3 0.970703 0.303101 0.0507812 0.577393 0.0229492
1 0.0297852 0.0979004 0.0388184 0.174316 0.0223083
6 0.141541 0.955078 0.250122 0.0898438 0.0214233
6 0.0571289 0.945312 0.10498 0.0800781 0.0188751
13 0.707031 0.605957 0.0761719 0.103516 0.0177917
3 0.96167 0.357056 0.0571289 0.71167 0.016571
6 0.0308228 0.912109 0.0587158 0.167969 0.01548
6 0.0844421 0.946533 0.16217 0.0874023 0.0154495
2 0.686035 0.604004 0.0556641 0.102539 0.0151749
3 0.0344238 0.102448 0.0443115 0.200378 0.0114594
3 0.0406494 0.272949 0.0480957 0.514648 0.00912476
1 0.706055 0.605957 0.0830078 0.104492 0.00909424
3 0.0435638 0.905273 0.0627747 0.1875 0.00894928
1 0.041626 0.900391 0.0627441 0.183594 0.00875092
9 0.708008 0.606445 0.0849609 0.110352 0.00794983
6 0.043457 0.848145 0.0656738 0.280273 0.0071106
1 0.198975 0.959229 0.397949 0.081543 0.00650787
4 0.69043 0.608887 0.0986328 0.105469 0.0062561
13 0.0332642 0.169373 0.0437012 0.314575 0.00621414
2 0.54834 0.278809 0.0166016 0.0532227 0.00605392
1 0.041153 0.933838 0.0697937 0.112793 0.00597763
13 0.0341797 0.0970459 0.0483398 0.185547 0.00592422
3 0.97583 0.893555 0.0405273 0.201172 0.005867
2 0.0302734 0.934082 0.03125 0.0634766 0.0058403
3 0.0332642 0.169373 0.0437012 0.314575 0.00562668
2 0.665527 0.60498 0.0351562 0.0888672 0.00521851
6 0.975586 0.134491 0.0351562 0.233459 0.00506973
6 0.0386963 0.957031 0.0701904 0.0742188 0.00481796
6 0.0372314 0.230286 0.0527344 0.434937 0.00475311
1 0.131958 0.953369 0.252686 0.0776367 0.00442123
2 0.466675 0.210571 0.0217285 0.088623 0.00436401
3 0.0308228 0.912109 0.0587158 0.167969 0.00431442
2 0.0389862 0.939697 0.0704651 0.0834961 0.00431061
6 0.974609 0.0744934 0.0429688 0.123474 0.00421906
3 0.0423584 0.944824 0.0681152 0.0888672 0.00416183
6 0.115051 0.966797 0.226929 0.0664062 0.00414658
6 0.200195 0.965332 0.400391 0.0693359 0.00405121
6 0.0671692 0.897949 0.114685 0.204102 0.0039978
6 0.0341644 0.936768 0.0488586 0.0639648 0.0038166
7 0.69043 0.608887 0.0986328 0.105469 0.00352097
6 0.908691 0.953369 0.149414 0.0932617 0.00349045
6 0.0325317 0.13623 0.0374756 0.216309 0.00333977
2 0.669922 0.612793 0.0869141 0.116211 0.00301743
4 0.0435638 0.905273 0.0627747 0.1875 0.00292397
6 0.974854 0.935547 0.0463867 0.0976562 0.002882
1 0.0352783 0.129578 0.0474854 0.251587 0.00284767
2 0.0332642 0.169373 0.0437012 0.314575 0.00281906
1 0.899414 0.964355 0.177734 0.0693359 0.00279045
6 0.0306702 0.0784302 0.039856 0.142456 0.00276375
2 0.649414 0.617188 0.0439453 0.12207 0.0026989
1 0.0302734 0.934082 0.03125 0.0634766 0.00268745
8 0.689941 0.605469 0.0966797 0.103516 0.00266457
7 0.708984 0.605957 0.0625 0.101562 0.00263405
16 0.706055 0.605957 0.0830078 0.104492 0.00240517
6 0.0456543 0.872559 0.0913086 0.254883 0.00239182
3 0.974854 0.917969 0.050293 0.128906 0.00237656
13 0.0435638 0.905273 0.0627747 0.1875 0.00232887
6 0.116821 0.944336 0.183105 0.111328 0.00232697
19 0.69043 0.608887 0.0986328 0.105469 0.00229645
0 0.692383 0.608398 0.0957031 0.108398 0.0022068
2 0.0382843 0.914551 0.0674744 0.135742 0.00217056
17 0.689941 0.605469 0.0966797 0.103516 0.00216675
11 0.69043 0.608887 0.0986328 0.105469 0.00212288
2 0.0298767 0.66748 0.0205688 0.0820312 0.00209427
6 0.708008 0.606445 0.0849609 0.110352 0.00208664
4 0.709473 0.605957 0.0634766 0.101562 0.0020752
19 0.708984 0.605957 0.0625 0.101562 0.00206566
1 0.0619965 0.931885 0.101105 0.11084 0.00205994
2 0.0341797 0.0970459 0.0483398 0.185547 0.00204277
14 0.665527 0.605957 0.0400391 0.0927734 0.00202751
3 0.692383 0.608398 0.0957031 0.108398 0.0020256
2 0.0390625 0.318115 0.0460205 0.595215 0.0019989
12 0.706055 0.605957 0.0830078 0.104492 0.00196457
3 0.0341187 0.868408 0.0548096 0.263184 0.00195885
8 0.709473 0.605957 0.0634766 0.101562 0.00194263
5 0.706055 0.605957 0.0830078 0.104492 0.0019331
10 0.706055 0.605957 0.0830078 0.104492 0.00191116
18 0.706055 0.605957 0.0830078 0.104492 0.00190353
15 0.69043 0.608887 0.0986328 0.105469 0.0018959
11 0.708984 0.605957 0.0625 0.101562 0.00188923
3 0.0388947 0.919189 0.0708923 0.120605 0.00188828
1 0.979492 0.879883 0.0351562 0.210938 0.00186157
3 0.964844 0.907715 0.0527344 0.141602 0.00181103
13 0.0431061 0.840088 0.056366 0.296387 0.00175285
1 0.977295 0.100708 0.0356445 0.171875 0.0017395
6 0.908447 0.96875 0.149902 0.0566406 0.0017252
1 0.091095 0.951416 0.160583 0.0874023 0.00171471
13 0.0385132 0.22821 0.0457764 0.433228 0.00169659
1 0.972656 0.0750885 0.0449219 0.119843 0.00164318
14 0.686523 0.604492 0.0566406 0.100586 0.00163937
6 0.077179 0.962891 0.14447 0.0742188 0.00163364
2 0.393311 0.345947 0.0375977 0.0512695 0.0016222
1 0.956787 0.474976 0.0864258 0.921143 0.00162029
2 0.0512695 0.942383 0.067627 0.0664062 0.00160503
15 0.708984 0.605957 0.0625 0.101562 0.00158691
6 0.0912476 0.898926 0.182495 0.188477 0.00158024
6 0.965332 0.950439 0.0634766 0.0776367 0.00157833
1 0.156006 0.947021 0.29541 0.105957 0.00156689
17 0.709473 0.605957 0.0634766 0.101562 0.00151539
1 0.921387 0.943604 0.131836 0.101074 0.00151539
2 0.547363 0.283203 0.0234375 0.0629883 0.00150013
6 0.0201416 0.899414 0.0402832 0.195312 0.00149155
2 0.373047 0.377686 0.0307617 0.0776367 0.00148964
13 0.687988 0.60791 0.0976562 0.114258 0.00148582
0 0.708984 0.606934 0.0615234 0.100586 0.00145626
2 0.0323639 0.23291 0.0317078 0.446777 0.00144672
2 0.0341644 0.936768 0.0488586 0.0639648 0.00142288
2 0.0303345 0.648438 0.0187988 0.0566406 0.00139904
1 0.0385132 0.22821 0.0457764 0.433228 0.00138378
4 0.0506592 0.868164 0.0726318 0.248047 0.00135899
2 0.970703 0.292725 0.0429688 0.543457 0.00134945
13 0.0415497 0.944824 0.068512 0.0869141 0.00133419
1 0.0501556 0.880127 0.0913391 0.208496 0.00131035
13 0.027771 0.666992 0.0192871 0.0830078 0.00126457
3 0.971924 0.722168 0.0463867 0.50293 0.00123787
6 0.0343628 0.878662 0.0687256 0.193848 0.00123119
6 0.929688 0.960205 0.132812 0.0678711 0.00122452
2 0.0263062 0.540039 0.0219727 0.0839844 0.00120831
3 0.977783 0.144104 0.0405273 0.252808 0.00120163
1 0.0395508 0.9375 0.0550537 0.0683594 0.00116158
13 0.975586 0.894775 0.0449219 0.194824 0.00112152
3 0.969482 0.863037 0.0493164 0.213379 0.00111866
13 0.0325317 0.13623 0.0374756 0.216309 0.00102329
6 0.94873 0.94873 0.0771484 0.0927734 0.00101948
2 0.0256348 0.525391 0.0157471 0.0683594 0.00101089
2 0.0302582 0.911133 0.0412903 0.111328 0.00100803
2 0.466064 0.185547 0.0200195 0.0703125 0.00100517
3 0.708984 0.606934 0.0615234 0.100586 0.00100231
