2 0.440186 0.710449 0.35791 0.139648 0.849609
14 0.651367 0.681152 0.0253906 0.0419922 0.633301
14 0.656738 0.685059 0.0224609 0.0400391 0.193848
1 0.442627 0.712891 0.388184 0.142578 0.0506287
2 0.487793 0.753906 0.287109 0.0576172 0.0498657
14 0.653809 0.679199 0.0214844 0.0302734 0.0360107
14 0.649414 0.67334 0.0224609 0.0351562 0.0259857
2 0.00994873 0.296875 0.0157471 0.100098 0.0234222
2 0.435181 0.746582 0.377686 0.0820312 0.0207214
1 0.022583 0.159973 0.0362549 0.245483 0.0202179
2 0.445312 0.691406 0.380859 0.246094 0.0192566
2 0.487793 0.72998 0.291016 0.0947266 0.0188599
1 0.962158 0.935791 0.0639648 0.0756836 0.0146866
6 0.022583 0.159973 0.0362549 0.245483 0.0146561
14 0.644531 0.681152 0.0263672 0.0439453 0.0141907
1 0.0169678 0.146576 0.0339355 0.20343 0.0130539
2 0.654297 0.683105 0.0224609 0.0390625 0.00968933
6 0.0129089 0.941895 0.0246582 0.0732422 0.00907898
2 0.0184631 0.163147 0.0369263 0.266479 0.00848389
6 0.969971 0.917969 0.050293 0.109375 0.00811005
2 0.616211 0.768555 0.24707 0.0263672 0.00667953
2 0.975342 0.751465 0.0200195 0.0966797 0.0065155
3 0.0420685 0.453369 0.0745544 0.906738 0.00511169
14 0.65332 0.679688 0.046875 0.0458984 0.00490189
6 0.967773 0.941895 0.0566406 0.0732422 0.00486374
6 0.0172729 0.142914 0.0345459 0.181946 0.00466156
2 0.420898 0.708984 0.183594 0.150391 0.00437164
1 0.964844 0.907471 0.0585938 0.122559 0.00428009
6 0.961182 0.916016 0.0620117 0.144531 0.0041008
13 0.44043 0.712891 0.367188 0.130859 0.00377274
2 0.535278 0.723145 0.642334 0.119141 0.00367737
4 0.44043 0.712891 0.367188 0.130859 0.00366974
1 0.919189 0.943115 0.132324 0.0727539 0.00352859
1 0.654297 0.683105 0.0224609 0.0390625 0.0031147
3 0.022583 0.159973 0.0362549 0.245483 0.00303459
6 0.00982666 0.948486 0.0153198 0.0678711 0.00302315
13 0.0179443 0.149933 0.03479 0.218201 0.00292587
2 0.974609 0.774902 0.015625 0.0605469 0.00278282
2 0.505737 0.601685 0.519775 0.388428 0.00272751
6 0.0168152 0.118286 0.0263062 0.182617 0.00247002
13 0.654297 0.683105 0.0224609 0.0390625 0.00234032
2 0.478516 0.760742 0.427734 0.0693359 0.00230026
2 0.0117188 0.943848 0.0172119 0.0693359 0.002285
6 0.975586 0.899902 0.0390625 0.15332 0.00218964
14 0.441406 0.710938 0.347656 0.143555 0.00218201
2 0.0163574 0.132721 0.0272827 0.200378 0.00216293
19 0.651855 0.680176 0.0253906 0.0400391 0.00214386
1 0.014801 0.1315 0.024231 0.189636 0.00208855
2 0.654297 0.681152 0.0302734 0.0517578 0.00208855
2 0.963867 0.946289 0.0625 0.0683594 0.00208473
3 0.969727 0.901855 0.0546875 0.137695 0.00205803
1 0.535156 0.0577393 0.919922 0.107422 0.00204277
9 0.44043 0.712891 0.367188 0.130859 0.00201607
14 0.655762 0.680664 0.0292969 0.0625 0.00199699
2 0.97583 0.776855 0.0209961 0.0849609 0.00193691
13 0.0145874 0.11792 0.0224609 0.165771 0.0018816
19 0.305176 0.518677 0.574219 0.544678 0.00185013
2 0.0191345 0.29541 0.0256958 0.0883789 0.00171471
14 0.647461 0.6875 0.0224609 0.0410156 0.001688
14 0.648926 0.689941 0.0361328 0.0888672 0.00164318
6 0.0171356 0.950195 0.0290833 0.0664062 0.00161171
19 0.669922 0.542358 0.59082 0.708252 0.00157547
19 0.441406 0.713867 0.379883 0.132812 0.0015173
4 0.651367 0.680176 0.0253906 0.0400391 0.00150871
6 0.44043 0.712891 0.367188 0.130859 0.00149918
9 0.651367 0.681152 0.0253906 0.0419922 0.00148392
8 0.305176 0.518677 0.574219 0.544678 0.00147915
6 0.0277405 0.20874 0.0387573 0.35791 0.00147724
3 0.0277405 0.20874 0.0387573 0.35791 0.00146198
2 0.707031 0.768066 0.0351562 0.015625 0.00145721
3 0.020874 0.894043 0.041748 0.168945 0.00145149
2 0.0163269 0.21875 0.0234985 0.360352 0.00143433
2 0.541992 0.765137 0.289062 0.0400391 0.00134373
4 0.660156 0.506836 0.581055 0.691406 0.00133801
5 0.44043 0.712891 0.367188 0.130859 0.00132275
13 0.975586 0.779297 0.0136719 0.0546875 0.00132179
8 0.669922 0.542358 0.59082 0.708252 0.00131702
7 0.44043 0.712891 0.367188 0.130859 0.00129223
1 0.707031 0.0489044 0.541016 0.0694275 0.00129032
3 0.0336151 0.372559 0.0655823 0.728516 0.00128078
10 0.651367 0.681152 0.0253906 0.0419922 0.00126934
13 0.976562 0.743652 0.0214844 0.111328 0.00124645
6 0.953125 0.946289 0.0839844 0.0820312 0.00123978
17 0.44043 0.712891 0.367188 0.130859 0.0012331
3 0.0505371 0.508057 0.101074 0.964355 0.00118923
10 0.44043 0.712891 0.367188 0.130859 0.00118637
11 0.44043 0.712891 0.367188 0.130859 0.00118637
1 0.0277405 0.20874 0.0387573 0.35791 0.00117016
16 0.442749 0.709961 0.389893 0.168945 0.00116825
12 0.44043 0.712891 0.367188 0.130859 0.0011673
6 0.016449 0.931641 0.0324097 0.0957031 0.00115681
15 0.44043 0.712891 0.367188 0.130859 0.00115013
18 0.44043 0.712891 0.367188 0.130859 0.00115013
8 0.44043 0.712891 0.367188 0.130859 0.00113201
3 0.016449 0.931641 0.0324097 0.0957031 0.00112343
15 0.651367 0.681152 0.0253906 0.0419922 0.00112057
19 0.449829 0.549805 0.487061 0.473633 0.00109482
3 0.0370331 0.633301 0.0482483 0.669922 0.00108814
5 0.654785 0.683594 0.0234375 0.0371094 0.00108147
0 0.44043 0.712891 0.367188 0.130859 0.00107193
2 0.0128784 0.282227 0.0183105 0.102539 0.00106621
16 0.651367 0.681152 0.0253906 0.0419922 0.00105667
1 0.97168 0.921875 0.0429688 0.09375 0.00103855
17 0.651367 0.681152 0.0253906 0.0419922 0.00102901
3 0.0172729 0.142914 0.0345459 0.181946 0.00102329
3 0.977539 0.888672 0.0332031 0.181641 0.0010128
