2 0.567871 0.712891 0.348633 0.129883 0.878418
14 0.345215 0.683594 0.027832 0.0439453 0.697266
14 0.349121 0.678711 0.0200195 0.0351562 0.116699
14 0.349609 0.678223 0.0288086 0.0410156 0.0809326
14 0.352295 0.683105 0.0200195 0.0380859 0.0634766
1 0.0358887 0.946289 0.0561523 0.0664062 0.0509644
1 0.982422 0.145172 0.03125 0.226257 0.0485535
6 0.980713 0.145203 0.0307617 0.226196 0.0466614
2 0.570312 0.744629 0.396484 0.0976562 0.0370178
6 0.98291 0.94043 0.0341797 0.0722656 0.0309143
14 0.35498 0.683105 0.027832 0.046875 0.0279999
14 0.348145 0.683105 0.0483398 0.0488281 0.0192871
2 0.518066 0.760254 0.269531 0.0507812 0.0167236
3 0.0417328 0.870117 0.0727844 0.188477 0.0127792
14 0.344238 0.674316 0.0239258 0.0380859 0.0124435
2 0.562988 0.690918 0.37793 0.241211 0.0114975
2 0.34668 0.686035 0.0258789 0.0429688 0.01091
6 0.0327148 0.944336 0.0581055 0.0664062 0.0101776
2 0.463257 0.738281 0.532471 0.110352 0.00995636
1 0.986328 0.943115 0.0273438 0.0708008 0.00943756
2 0.0332642 0.945557 0.0529785 0.0698242 0.00912476
1 0.583008 0.710938 0.314453 0.133789 0.00827789
3 0.974365 0.867676 0.0512695 0.204102 0.00817871
14 0.345215 0.694824 0.0292969 0.0371094 0.00638962
2 0.98291 0.94043 0.0341797 0.0722656 0.00637436
3 0.981689 0.938965 0.0366211 0.0751953 0.00619125
2 0.746582 0.655762 0.0761719 0.0166016 0.00608826
2 0.57373 0.710449 0.183594 0.137695 0.00560379
1 0.978516 0.945557 0.0390625 0.0717773 0.00483322
1 0.0479889 0.950928 0.0866394 0.0668945 0.00468445
3 0.980713 0.145203 0.0307617 0.226196 0.00465393
1 0.566406 0.713867 0.417969 0.169922 0.00459671
4 0.574707 0.712402 0.318359 0.132812 0.00437546
2 0.472656 0.762695 0.223633 0.0390625 0.00430298
1 0.0870667 0.960449 0.15741 0.0576172 0.00427246
4 0.566406 0.713867 0.417969 0.169922 0.0041008
13 0.577148 0.711914 0.324219 0.129883 0.00389862
3 0.974854 0.201294 0.0327148 0.357178 0.00350952
2 0.460571 0.731934 0.479248 0.175781 0.00339699
6 0.038147 0.924072 0.0599365 0.138184 0.00293732
6 0.974854 0.201294 0.0327148 0.357178 0.00283051
3 0.980957 0.898926 0.0380859 0.15332 0.00282478
1 0.972656 0.163147 0.0351562 0.261597 0.00280571
2 0.498535 0.748047 0.25 0.0703125 0.00278664
1 0.348145 0.682129 0.0195312 0.0390625 0.00254059
19 0.345215 0.682129 0.027832 0.0419922 0.00250053
6 0.980469 0.885498 0.0390625 0.174316 0.00238228
14 0.577148 0.711914 0.324219 0.129883 0.00235939
1 0.344238 0.681641 0.0302734 0.0439453 0.00224876
2 0.894531 0.0135498 0.0458984 0.0270996 0.00224304
9 0.577148 0.711914 0.324219 0.129883 0.00223541
14 0.34375 0.69043 0.0366211 0.0839844 0.00214195
13 0.348389 0.682129 0.0219727 0.0361328 0.00204849
13 0.567017 0.710449 0.420654 0.167969 0.0020256
2 0.538452 0.592773 0.512939 0.408203 0.00199509
3 0.955566 0.518555 0.0888672 0.957031 0.00193691
6 0.566406 0.713867 0.417969 0.169922 0.0018425
3 0.0471039 0.802246 0.0693665 0.360352 0.00180435
19 0.398438 0.529785 0.646484 0.550781 0.00175858
4 0.345215 0.682129 0.027832 0.0419922 0.00174809
3 0.0388184 0.948242 0.0581055 0.0742188 0.00171185
1 0.0341797 0.918457 0.0611572 0.133789 0.00170231
6 0.0437012 0.85498 0.0693359 0.241211 0.00169563
19 0.689575 0.545532 0.49585 0.516357 0.00167942
6 0.973633 0.870605 0.0488281 0.211914 0.00165367
2 0.023941 0.779785 0.0171814 0.0527344 0.001647
19 0.566406 0.713867 0.417969 0.169922 0.00164032
6 0.577148 0.711914 0.324219 0.129883 0.00160503
13 0.0280457 0.149994 0.0331421 0.242981 0.00159454
6 0.147461 0.957764 0.254883 0.0844727 0.00157833
2 0.162231 0.124268 0.0583496 0.0170898 0.0015564
9 0.344727 0.683105 0.0273438 0.0439453 0.00155067
9 0.566406 0.713867 0.417969 0.169922 0.00154877
14 0.567017 0.710449 0.420654 0.167969 0.00154018
19 0.577148 0.711914 0.324219 0.129883 0.0015316
2 0.349121 0.678223 0.0268555 0.0410156 0.00150967
13 0.344238 0.681641 0.0302734 0.0439453 0.00148582
16 0.567017 0.710449 0.420654 0.167969 0.00147629
8 0.566406 0.713867 0.417969 0.169922 0.00146675
10 0.344727 0.683105 0.0273438 0.0439453 0.00146198
1 0.147461 0.957764 0.254883 0.0844727 0.00145721
7 0.577148 0.711914 0.324219 0.129883 0.00143337
5 0.577148 0.711914 0.324219 0.129883 0.00142765
2 0.871094 0.0119781 0.0683594 0.0239563 0.00140858
6 0.0618744 0.94873 0.111847 0.0673828 0.00140476
1 0.030838 0.929443 0.0562439 0.0883789 0.0013876
17 0.577148 0.711914 0.324219 0.129883 0.00137901
8 0.398438 0.529785 0.646484 0.550781 0.00137615
6 0.0870667 0.960449 0.15741 0.0576172 0.00135612
18 0.566406 0.713867 0.417969 0.169922 0.00133038
13 0.982422 0.145172 0.03125 0.226257 0.00132751
13 0.984131 0.940918 0.0317383 0.0751953 0.00132275
11 0.566406 0.713867 0.417969 0.169922 0.00129032
7 0.566406 0.713867 0.417969 0.169922 0.0012846
8 0.577148 0.711914 0.324219 0.129883 0.00127983
11 0.577148 0.711914 0.324219 0.129883 0.00127506
10 0.577148 0.711914 0.324219 0.129883 0.00127029
12 0.577148 0.711914 0.324219 0.129883 0.00125599
18 0.577148 0.711914 0.324219 0.129883 0.00125599
1 0.048645 0.873047 0.0803223 0.195312 0.00123596
5 0.344727 0.683105 0.0273438 0.0429688 0.00123596
16 0.577148 0.711914 0.324219 0.129883 0.00123596
15 0.577148 0.711914 0.324219 0.129883 0.00121212
3 0.0280457 0.149994 0.0331421 0.242981 0.00121117
2 0.980713 0.145203 0.0307617 0.226196 0.001194
17 0.566406 0.713867 0.417969 0.169922 0.00118923
17 0.344727 0.683105 0.0273438 0.0439453 0.00118923
15 0.344727 0.683105 0.0273438 0.0439453 0.0011797
15 0.566406 0.713867 0.417969 0.169922 0.00117493
0 0.577148 0.711914 0.324219 0.129883 0.00113392
2 0.348633 0.768066 0.178223 0.0292969 0.00112724
3 0.038147 0.924072 0.0599365 0.138184 0.00112629
10 0.566406 0.713867 0.417969 0.169922 0.00112152
2 0.453613 0.76416 0.358398 0.0371094 0.00110912
11 0.344727 0.683105 0.0273438 0.0439453 0.00108337
18 0.345215 0.682129 0.027832 0.0419922 0.00107765
0 0.566406 0.713867 0.417969 0.169922 0.00106716
3 0.566406 0.713867 0.417969 0.169922 0.00106716
3 0.968506 0.716431 0.0610352 0.510498 0.00106621
16 0.348633 0.683105 0.0219727 0.0380859 0.00106144
5 0.566406 0.713867 0.417969 0.169922 0.00102615
2 0.736816 0.657715 0.0898438 0.0244141 0.00102043
1 0.0562592 0.931641 0.0935364 0.0917969 0.00101852
3 0.987793 0.939209 0.0244141 0.0688477 0.00101852
8 0.69165 0.540894 0.562012 0.527588 0.00100136
