2 0.535767 0.671387 0.504639 0.260742 0.913086
3 0.964111 0.435059 0.0678711 0.870117 0.0599365
6 0.0350342 0.168213 0.0432129 0.305664 0.0584412
3 0.95874 0.506714 0.0825195 0.970947 0.0548706
1 0.0337067 0.824707 0.0487976 0.344727 0.0467224
1 0.533081 0.674316 0.51001 0.280273 0.0423279
6 0.973633 0.0676422 0.0429688 0.122528 0.0365295
3 0.968506 0.68396 0.059082 0.626221 0.0304108
3 0.0500183 0.506104 0.093811 0.987793 0.0302429
3 0.031601 0.150635 0.0437317 0.262695 0.0296021
4 0.525391 0.675781 0.49707 0.292969 0.0235596
3 0.0423431 0.637207 0.070343 0.723633 0.0222168
3 0.0337067 0.824707 0.0487976 0.344727 0.0220184
3 0.968994 0.307495 0.0581055 0.599854 0.021759
1 0.0350342 0.168213 0.0432129 0.305664 0.0170288
2 0.631836 0.641113 0.291016 0.200195 0.0125275
3 0.0385742 0.215271 0.043335 0.403442 0.0124741
6 0.966797 0.0505219 0.0605469 0.0871887 0.0110779
3 0.0335083 0.882568 0.0500488 0.197754 0.00971222
3 0.0336761 0.753174 0.066925 0.493652 0.0092926
6 0.533081 0.674316 0.51001 0.280273 0.00699997
13 0.533203 0.67334 0.50293 0.282227 0.00694275
6 0.0284119 0.883789 0.0452271 0.193359 0.00662231
1 0.0279846 0.883545 0.0374146 0.213379 0.00596619
3 0.0425873 0.858398 0.0596008 0.265625 0.00592041
6 0.0293121 0.950439 0.039032 0.0620117 0.00559616
19 0.533203 0.67334 0.50293 0.282227 0.00556564
14 0.533203 0.67334 0.50293 0.282227 0.00554657
3 0.975586 0.0779419 0.046875 0.144653 0.00501251
9 0.529785 0.675781 0.510742 0.302734 0.00483704
6 0.976807 0.0452881 0.0424805 0.0737305 0.00468063
18 0.529785 0.675781 0.510742 0.302734 0.00452805
6 0.981201 0.952148 0.0375977 0.0664062 0.00452423
16 0.525391 0.675781 0.49707 0.292969 0.00450897
6 0.027832 0.916016 0.0386963 0.136719 0.0044899
3 0.969971 0.799805 0.0561523 0.347656 0.0044136
6 0.980469 0.0806885 0.0371094 0.1521 0.0043602
1 0.0322266 0.950439 0.0432129 0.065918 0.00429153
11 0.529785 0.675781 0.510742 0.302734 0.00427246
7 0.529785 0.675781 0.510742 0.302734 0.0041275
2 0.53125 0.675293 0.261719 0.273438 0.00388336
17 0.533203 0.67334 0.50293 0.282227 0.00385094
5 0.533203 0.67334 0.50293 0.282227 0.00382042
8 0.529785 0.675781 0.510742 0.302734 0.00377464
3 0.533203 0.67334 0.50293 0.282227 0.00376129
1 0.0419312 0.859863 0.0540771 0.262695 0.00374794
3 0.0415497 0.313477 0.0480042 0.626953 0.00365257
2 0.521484 0.751953 0.481445 0.146484 0.00364876
0 0.529785 0.675781 0.510742 0.302734 0.00361443
15 0.533203 0.67334 0.50293 0.282227 0.00360489
13 0.0310822 0.169189 0.0437927 0.304688 0.00357056
10 0.525391 0.675781 0.49707 0.292969 0.00329208
12 0.529785 0.675781 0.510742 0.302734 0.00323105
19 0.369507 0.521484 0.696533 0.584961 0.0031662
2 0.0344849 0.642212 0.0541992 0.68042 0.00315094
19 0.330444 0.507324 0.434814 0.525391 0.00310326
3 0.979248 0.111938 0.0336914 0.182617 0.00298309
6 0.89624 0.0384521 0.199707 0.0654297 0.0026226
2 0.519043 0.544922 0.553711 0.501953 0.00258827
1 0.0263062 0.130096 0.0314941 0.201233 0.00253677
3 0.974365 0.368652 0.0512695 0.737305 0.00248528
1 0.0424805 0.720337 0.0539551 0.541748 0.00247002
1 0.959229 0.48645 0.081543 0.950928 0.00232697
8 0.330444 0.507324 0.434814 0.525391 0.00230217
1 0.909912 0.94043 0.150879 0.119141 0.00225067
1 0.971924 0.0701752 0.0522461 0.115509 0.00219345
8 0.369507 0.521484 0.696533 0.584961 0.00218201
6 0.0331573 0.855957 0.0455017 0.276367 0.0021801
6 0.0413208 0.824951 0.0523682 0.340332 0.00216675
2 0.0322266 0.950439 0.0432129 0.065918 0.00213242
6 0.0327148 0.120544 0.0509033 0.198364 0.0021286
3 0.974854 0.619873 0.050293 0.760254 0.00196075
3 0.0269012 0.90918 0.0389709 0.177734 0.00183105
6 0.950684 0.0400848 0.0888672 0.0646057 0.00182533
2 0.0310822 0.169189 0.0437927 0.304688 0.00178528
1 0.88623 0.958984 0.209961 0.0800781 0.00169086
3 0.045517 0.381226 0.0679016 0.682861 0.0016861
2 0.0427094 0.343994 0.0491028 0.626465 0.00163841
2 0.55127 0.591797 0.427734 0.335938 0.00160789
6 0.975342 0.138824 0.043457 0.241882 0.00160217
2 0.671387 0.597168 0.198242 0.18457 0.00157261
1 0.652588 0.940186 0.694824 0.119629 0.00155354
7 0.330444 0.507324 0.434814 0.525391 0.00154495
12 0.330444 0.507324 0.434814 0.525391 0.00150681
4 0.0310822 0.169189 0.0437927 0.304688 0.00150585
3 0.978027 0.247131 0.0439453 0.47937 0.00147152
4 0.9021 0.50647 0.195801 0.920654 0.00147057
1 0.0418091 0.219299 0.0471191 0.407104 0.00146294
2 0.35498 0.240967 0.0214844 0.0449219 0.00144672
4 0.330444 0.507324 0.434814 0.525391 0.00135708
2 0.450928 0.700195 0.345215 0.241211 0.00135326
6 0.981445 0.932373 0.0371094 0.104004 0.00129604
17 0.330444 0.507324 0.434814 0.525391 0.00128841
1 0.878662 0.91748 0.236816 0.163086 0.00126743
3 0.976807 0.0452881 0.0424805 0.0737305 0.00126457
2 0.958984 0.500977 0.0820312 0.957031 0.00124264
15 0.330444 0.507324 0.434814 0.525391 0.00123978
1 0.0322876 0.913574 0.0515137 0.131836 0.00123692
1 0.0359497 0.811768 0.0718994 0.376465 0.00122452
16 0.330444 0.507324 0.434814 0.525391 0.00122261
1 0.374634 0.523071 0.588623 0.559326 0.00121403
9 0.330444 0.507324 0.434814 0.525391 0.00120354
2 0.9729 0.0695343 0.050293 0.110687 0.00120068
7 0.369507 0.521484 0.696533 0.584961 0.00119686
6 0.95874 0.506714 0.0825195 0.970947 0.0011797
1 0.618652 0.916016 0.762695 0.167969 0.00117397
18 0.330444 0.507324 0.434814 0.525391 0.00117016
1 0.0576782 0.514648 0.0970459 0.970703 0.00116158
12 0.369507 0.521484 0.696533 0.584961 0.00115013
3 0.0384521 0.24353 0.0631104 0.485596 0.00114727
1 0.973389 0.952148 0.0493164 0.0683594 0.00114536
6 0.955811 0.0639038 0.074707 0.118042 0.00114536
19 0.261719 0.598267 0.523438 0.662842 0.00114441
19 0.510132 0.495483 0.399658 0.532471 0.001091
2 0.979492 0.946289 0.0410156 0.0722656 0.00107765
1 0.942383 0.890381 0.103516 0.20752 0.00106239
5 0.330444 0.507324 0.434814 0.525391 0.00105858
4 0.813965 0.554199 0.37207 0.640625 0.00105762
13 0.0385742 0.215271 0.043335 0.403442 0.00104713
11 0.330444 0.507324 0.434814 0.525391 0.00103378
2 0.514648 0.769043 0.566406 0.430664 0.00103283
4 0.394165 0.492065 0.598389 0.804932 0.00102615
1 0.965088 0.83252 0.0620117 0.329102 0.00102234
17 0.369507 0.521484 0.696533 0.584961 0.00101089
0 0.330444 0.507324 0.434814 0.525391 0.00100994
