2 0.503418 0.834473 0.371094 0.0429688 0.796387
6 0.0341797 0.914062 0.0599365 0.138672 0.081543
6 0.0361176 0.888672 0.0561829 0.222656 0.0570068
6 0.975586 0.893311 0.0488281 0.164551 0.0474548
6 0.975586 0.085968 0.0429688 0.157654 0.0410461
1 0.499512 0.833496 0.369141 0.0390625 0.0285492
3 0.0438232 0.671875 0.0594482 0.605469 0.0232697
6 0.103516 0.942383 0.205566 0.101562 0.0230865
1 0.978516 0.135986 0.03125 0.236328 0.0200348
6 0.967285 0.867676 0.0537109 0.22168 0.0184631
6 0.97876 0.14447 0.0366211 0.275513 0.0180359
2 0.802246 0.799316 0.0332031 0.138672 0.0179901
6 0.981201 0.111115 0.0297852 0.193787 0.0169373
3 0.0355682 0.894287 0.0555725 0.199707 0.0168304
3 0.968018 0.882324 0.0581055 0.167969 0.0167084
6 0.0460815 0.928711 0.0753174 0.126953 0.0162659
3 0.972656 0.273315 0.0351562 0.529541 0.0149231
2 0.979492 0.124817 0.0332031 0.232788 0.0125809
2 0.973633 0.262207 0.0371094 0.492188 0.0118561
13 0.0267334 0.10144 0.0303955 0.173096 0.0115356
2 0.806152 0.820801 0.03125 0.104492 0.0107193
1 0.975342 0.177185 0.0336914 0.338989 0.00972748
6 0.9729 0.939453 0.050293 0.0839844 0.00926208
6 0.0348969 0.174438 0.0386047 0.315674 0.0087204
2 0.981445 0.198853 0.0371094 0.371338 0.00813293
2 0.854004 0.289551 0.0634766 0.0878906 0.00801849
2 0.496094 0.837891 0.220703 0.0380859 0.00765228
2 0.498047 0.82959 0.367188 0.0761719 0.00757217
3 0.976318 0.873535 0.0415039 0.231445 0.00718689
1 0.0368195 0.871826 0.0550232 0.248535 0.00587463
6 0.967773 0.906006 0.0449219 0.133301 0.00577545
3 0.0415039 0.519653 0.0830078 0.95874 0.00577164
6 0.0294495 0.101807 0.0376587 0.188477 0.00502014
2 0.559937 0.839355 0.247314 0.0429688 0.0049057
6 0.114655 0.959473 0.195007 0.0654297 0.0049057
3 0.973633 0.92041 0.0507812 0.116211 0.004776
3 0.966309 0.831543 0.0517578 0.297852 0.0045929
3 0.0460205 0.928223 0.0755615 0.131836 0.00457382
6 0.0457764 0.718628 0.0596924 0.515869 0.00452423
2 0.466797 0.830566 0.293945 0.0302734 0.00434875
3 0.967041 0.483398 0.0561523 0.895508 0.00432587
1 0.0258179 0.11203 0.0291748 0.175354 0.00426102
1 0.958496 0.933105 0.0654297 0.108398 0.00411987
13 0.0321655 0.146362 0.0372314 0.258057 0.00400162
6 0.973633 0.2146 0.0371094 0.410645 0.00397873
3 0.981201 0.111115 0.0297852 0.193787 0.00397491
3 0.975342 0.177185 0.0336914 0.338989 0.00382805
3 0.969482 0.313477 0.0493164 0.626953 0.00380707
6 0.027832 0.888916 0.052124 0.165527 0.00373268
3 0.043335 0.817871 0.0646973 0.293945 0.00356865
6 0.043457 0.822754 0.060791 0.301758 0.00349426
6 0.95874 0.940674 0.0610352 0.0932617 0.00338173
2 0.79541 0.741211 0.0390625 0.267578 0.00334549
1 0.974609 0.0818787 0.0449219 0.14679 0.00321579
3 0.978516 0.0855408 0.0410156 0.167786 0.00318336
1 0.155273 0.950195 0.296387 0.078125 0.0031414
1 0.969727 0.94751 0.0507812 0.0717773 0.00307083
1 0.967285 0.867676 0.0537109 0.22168 0.002985
6 0.0308838 0.934814 0.046875 0.116699 0.00285912
2 0.972656 0.173218 0.0332031 0.328857 0.00283432
1 0.0438232 0.671875 0.0594482 0.605469 0.00277138
2 0.973389 0.946777 0.0473633 0.0712891 0.00271606
2 0.0341797 0.914062 0.0599365 0.138672 0.00248909
2 0.972656 0.915039 0.0507812 0.119141 0.00237465
3 0.0321655 0.146362 0.0372314 0.258057 0.00214005
1 0.0395508 0.918945 0.0561523 0.0947266 0.00213051
2 0.0401459 0.753906 0.0439758 0.414062 0.00199509
2 0.804688 0.828613 0.0224609 0.0849609 0.00192451
1 0.0308838 0.0892029 0.0388184 0.150208 0.00178719
4 0.973633 0.262207 0.0371094 0.492188 0.00169754
6 0.0793457 0.939941 0.121826 0.100586 0.0016737
2 0.975586 0.085968 0.0429688 0.157654 0.0015974
4 0.0355682 0.894287 0.0555725 0.199707 0.00158596
2 0.0336914 0.16803 0.0402832 0.321167 0.00157738
1 0.103516 0.942383 0.205566 0.101562 0.00149441
6 0.0336151 0.135895 0.0502014 0.225769 0.0014677
2 0.777832 0.645996 0.0332031 0.126953 0.00146294
3 0.959717 0.495117 0.0805664 0.966797 0.0014286
1 0.0273743 0.871582 0.0490112 0.204102 0.0014143
3 0.0279999 0.102905 0.0340881 0.183838 0.00140285
13 0.977295 0.874023 0.0454102 0.220703 0.0013876
4 0.497192 0.836914 0.36499 0.0361328 0.00135994
4 0.461426 0.313721 0.0410156 0.304199 0.0013485
6 0.971924 0.931641 0.034668 0.0742188 0.00134563
2 0.0390015 0.321655 0.0405273 0.626221 0.00132942
2 0.45459 0.288574 0.019043 0.0654297 0.00131321
6 0.970459 0.141357 0.0395508 0.234863 0.0013113
2 0.030426 0.100342 0.0407104 0.186523 0.0013113
1 0.973633 0.920654 0.0527344 0.119629 0.00127602
3 0.020752 0.880615 0.0415039 0.191895 0.0012455
2 0.967041 0.884766 0.0561523 0.177734 0.00121498
2 0.744629 0.407715 0.0253906 0.0771484 0.00120831
1 0.034668 0.915771 0.0587158 0.146973 0.00120449
2 0.961426 0.922607 0.0595703 0.119629 0.00119972
13 0.972412 0.14621 0.0336914 0.248596 0.00119686
13 0.10022 0.934082 0.196533 0.120117 0.00118828
6 0.973633 0.956787 0.0449219 0.0668945 0.00111961
6 0.98584 0.10202 0.0283203 0.168518 0.00100327
