2 0.474121 0.19397 0.269531 0.0534668 0.861328
3 0.0307922 0.166992 0.0426636 0.299316 0.0508423
3 0.0417328 0.339111 0.0534973 0.641113 0.0227661
2 0.469238 0.19696 0.181641 0.0455322 0.0225067
6 0.0304718 0.151184 0.042572 0.256226 0.021759
2 0.0391998 0.365845 0.0468445 0.672607 0.0175476
3 0.0393677 0.227966 0.0491943 0.415161 0.0164337
2 0.473633 0.188293 0.270508 0.0946045 0.0123672
6 0.977539 0.916748 0.0410156 0.14502 0.0120697
2 0.604004 0.708984 0.0214844 0.0537109 0.00836945
6 0.980469 0.149506 0.0371094 0.24884 0.00779724
6 0.039566 0.947021 0.0585632 0.0766602 0.00596237
1 0.474121 0.19397 0.269531 0.0534668 0.00554657
1 0.0376587 0.166687 0.0471191 0.294556 0.00497055
2 0.894043 0.0126953 0.0341797 0.0253906 0.00483704
6 0.987305 0.0881348 0.0195312 0.0915527 0.00452423
2 0.348633 0.808594 0.0463867 0.140625 0.00395966
2 0.474121 0.194702 0.108398 0.0388184 0.00382996
6 0.0393677 0.227966 0.0491943 0.415161 0.00366402
1 0.0375977 0.938965 0.0562744 0.0869141 0.00358391
6 0.974609 0.943115 0.0449219 0.0883789 0.00354576
2 0.0328369 0.773926 0.0344238 0.302734 0.0033989
1 0.977539 0.899414 0.0351562 0.177734 0.0031395
13 0.0307922 0.166992 0.0426636 0.299316 0.00304985
2 0.460327 0.736328 0.020752 0.0566406 0.00304985
1 0.965088 0.962402 0.0639648 0.0615234 0.00303459
6 0.983398 0.0847168 0.03125 0.0881348 0.00299263
1 0.12146 0.96582 0.224854 0.0664062 0.00286865
2 0.65918 0.768555 0.0214844 0.0449219 0.00284195
1 0.0483398 0.951172 0.076416 0.0703125 0.00270844
2 0.036499 0.618652 0.0349121 0.631836 0.00255966
3 0.0435181 0.477051 0.0870361 0.954102 0.00245476
2 0.973633 0.283569 0.0351562 0.50708 0.00242043
6 0.0302734 0.931885 0.0500488 0.101074 0.00231743
6 0.0385742 0.905518 0.0524902 0.159668 0.00230789
2 0.473145 0.210144 0.277344 0.181274 0.00212288
2 0.904785 0.0124207 0.0556641 0.0245972 0.00208282
13 0.710449 0.176147 0.0634766 0.282959 0.00204849
6 0.982422 0.114716 0.0292969 0.176819 0.00188637
2 0.0376587 0.166687 0.0471191 0.294556 0.00187206
3 0.980469 0.149506 0.0371094 0.24884 0.00183105
1 0.100922 0.955811 0.16925 0.0786133 0.00182056
6 0.973877 0.960938 0.0444336 0.0605469 0.00176525
3 0.0302582 0.112213 0.0337219 0.206726 0.00168419
13 0.474609 0.196411 0.267578 0.0539551 0.00167942
4 0.473511 0.192627 0.273682 0.0493164 0.0016613
14 0.474976 0.196106 0.268799 0.0545654 0.00160885
6 0.0293884 0.100708 0.0365601 0.169434 0.0015974
1 0.247803 0.572754 0.132324 0.105469 0.00152779
2 0.316895 0.565918 0.0400391 0.139648 0.00152016
3 0.982422 0.114716 0.0292969 0.176819 0.00148869
2 0.039978 0.791504 0.0401611 0.397461 0.00148582
13 0.0267944 0.142609 0.0318604 0.200623 0.00145912
2 0.658691 0.765137 0.0146484 0.0302734 0.00143242
3 0.0282593 0.918213 0.0426025 0.157715 0.00141716
1 0.485352 0.932129 0.970703 0.135742 0.00131989
6 0.975342 0.21167 0.0395508 0.391113 0.00131607
2 0.877441 0.0125732 0.0615234 0.0250244 0.00131416
6 0.0327759 0.118896 0.0576172 0.186768 0.00123024
2 0.470703 0.162476 0.274414 0.107422 0.00121975
3 0.0522461 0.599487 0.0488281 0.638916 0.00121307
3 0.975342 0.907227 0.043457 0.146484 0.0012064
3 0.975342 0.21167 0.0395508 0.391113 0.00116158
2 0.0375977 0.938965 0.0562744 0.0869141 0.00115299
6 0.0536957 0.942871 0.0820618 0.0908203 0.0011301
9 0.474609 0.196411 0.267578 0.0539551 0.00112343
2 0.979492 0.909668 0.0371094 0.165039 0.00110722
19 0.693848 0.304443 0.37793 0.437988 0.00110722
6 0.0282593 0.918213 0.0426025 0.157715 0.00104904
3 0.0327759 0.118896 0.0576172 0.186768 0.00103951
13 0.987305 0.0881348 0.0195312 0.0915527 0.0010376
2 0.985352 0.864258 0.015625 0.0771484 0.00101948
1 0.977539 0.0730286 0.0410156 0.106384 0.00101089
1 0.978516 0.170776 0.0371094 0.303955 0.00100422
