2 0.0341949 0.370605 0.0353699 0.126953 0.772949
3 0.041626 0.623779 0.067749 0.697754 0.139526
2 0.0349121 0.253174 0.0407715 0.456543 0.102234
1 0.9646 0.949707 0.0571289 0.0576172 0.0968018
3 0.968018 0.821777 0.0444336 0.301758 0.09552
3 0.948975 0.47998 0.0688477 0.959961 0.0884399
3 0.961426 0.368164 0.0634766 0.736328 0.0776978
3 0.0312653 0.229492 0.0536804 0.416504 0.0700073
2 0.0261536 0.372559 0.0316772 0.114746 0.0385132
1 0.968018 0.821777 0.0444336 0.301758 0.0305176
2 0.0321655 0.454834 0.0388184 0.336426 0.0252075
2 0.0330963 0.354248 0.0463562 0.197754 0.020462
3 0.977539 0.0834808 0.0449219 0.119904 0.0183411
2 0.0345459 0.633545 0.0539551 0.686035 0.0138626
6 0.966797 0.836426 0.0449219 0.264648 0.0136719
1 0.945557 0.953613 0.0893555 0.0537109 0.0134048
3 0.974609 0.117676 0.0507812 0.184814 0.0110626
3 0.97998 0.145386 0.0400391 0.266846 0.00973511
2 0.0350952 0.459229 0.0496826 0.445801 0.00931549
1 0.97876 0.825195 0.034668 0.256836 0.00788879
3 0.97876 0.825195 0.034668 0.256836 0.00730896
6 0.979736 0.0841064 0.0405273 0.127441 0.007164
6 0.0850525 0.959717 0.152649 0.0610352 0.00709534
2 0.0439453 0.371094 0.0397949 0.124023 0.00678635
2 0.0296021 0.418823 0.0394287 0.215088 0.00647736
6 0.0354614 0.245605 0.045166 0.443359 0.00596619
4 0.962891 0.428589 0.0585938 0.85376 0.00580597
6 0.954346 0.950439 0.0756836 0.0561523 0.00536346
13 0.965576 0.841797 0.043457 0.243164 0.00533676
3 0.0385742 0.133423 0.0571289 0.252686 0.00527191
3 0.03125 0.779785 0.0554199 0.416992 0.00514221
3 0.0452271 0.86499 0.0738525 0.213379 0.00513458
1 0.918945 0.9646 0.144531 0.0356445 0.00498199
6 0.976318 0.177002 0.043457 0.320801 0.00493622
3 0.0273743 0.172485 0.0393677 0.303467 0.00484848
3 0.985352 0.113739 0.0253906 0.21051 0.00460434
3 0.96875 0.73291 0.0507812 0.475586 0.00446701
3 0.0302124 0.570068 0.0604248 0.859863 0.00434494
3 0.971436 0.27417 0.0571289 0.523926 0.00392151
13 0.027359 0.228943 0.0505066 0.434692 0.00365448
2 0.974365 0.822754 0.0239258 0.198242 0.00357437
6 0.982178 0.113434 0.0356445 0.212585 0.00351715
3 0.0279541 0.899414 0.0452881 0.189453 0.0035038
6 0.0279541 0.899414 0.0452881 0.189453 0.00347328
13 0.981445 0.131317 0.0371094 0.233948 0.00344086
6 0.124756 0.962402 0.222656 0.0751953 0.00329781
1 0.0354614 0.245605 0.045166 0.443359 0.00325394
2 0.0318604 0.394775 0.0478516 0.141113 0.00324059
13 0.0437012 0.627563 0.0601807 0.694092 0.00321388
3 0.0393524 0.545532 0.0509338 0.614014 0.00312042
6 0.0399628 0.944336 0.0567932 0.078125 0.00307846
1 0.157776 0.050415 0.273315 0.0446777 0.00284958
2 0.944336 0.651367 0.0234375 0.105469 0.00280952
1 0.976318 0.177002 0.043457 0.320801 0.00273132
6 0.0525513 0.953613 0.0831299 0.0615234 0.00271988
3 0.0493774 0.775391 0.0710449 0.412109 0.00259972
13 0.985352 0.113739 0.0253906 0.21051 0.00252533
3 0.95166 0.36084 0.0615234 0.550781 0.00249672
1 0.124756 0.962402 0.222656 0.0751953 0.002491
13 0.0298615 0.374512 0.0384216 0.128906 0.00248718
3 0.0238342 0.111328 0.0391235 0.184814 0.00222015
13 0.978271 0.0966797 0.043457 0.155518 0.00182629
3 0.960205 0.428955 0.0795898 0.85791 0.00171375
3 0.931885 0.512329 0.0834961 0.914795 0.0016346
3 0.0339355 0.914062 0.0594482 0.123047 0.00163364
2 0.0371246 0.342041 0.030365 0.13623 0.00160408
6 0.0458527 0.838867 0.0664978 0.296875 0.00158787
6 0.0273743 0.172485 0.0393677 0.303467 0.00154495
13 0.943359 0.657227 0.0224609 0.0976562 0.00154114
6 0.977539 0.821777 0.0390625 0.266602 0.00149822
6 0.974609 0.117676 0.0507812 0.184814 0.00145817
3 0.0499268 0.642822 0.0998535 0.710449 0.00145817
6 0.0385742 0.133423 0.0571289 0.252686 0.00140762
4 0.0298157 0.374268 0.0390015 0.128418 0.00139427
2 0.961426 0.368164 0.0634766 0.736328 0.00138474
6 0.0339355 0.916992 0.0537109 0.130859 0.00137329
6 0.0310669 0.950195 0.0396729 0.0664062 0.00136948
1 0.952881 0.48877 0.090332 0.959961 0.00132751
1 0.0321655 0.37207 0.036499 0.119629 0.00130653
1 0.167603 0.961914 0.320557 0.0585938 0.00129986
2 0.0419922 0.504272 0.0579834 0.930908 0.00128269
3 0.969971 0.148254 0.0561523 0.28064 0.00122261
2 0.0326385 0.259033 0.0309143 0.328613 0.00120068
6 0.0351562 0.865723 0.0549316 0.256836 0.00119591
2 0.038208 0.599976 0.076416 0.800049 0.00116634
2 0.0292969 0.515747 0.0476074 0.689209 0.00116444
4 0.027359 0.228943 0.0505066 0.434692 0.00115108
2 0.0285034 0.413574 0.0336914 0.125977 0.00109768
3 0.965332 0.948975 0.0556641 0.059082 0.00109768
2 0.974609 0.834961 0.03125 0.269531 0.00107193
1 0.924072 0.952393 0.134277 0.0639648 0.00107002
14 0.0314941 0.371094 0.0352783 0.118652 0.00102043
4 0.969971 0.307251 0.0600586 0.612061 0.00101662
3 0.977539 0.774902 0.0273438 0.264648 0.00100708
