2 0.0487061 0.569824 0.0302734 0.186523 0.577148
2 0.0829926 0.617676 0.105255 0.285156 0.287354
2 0.973389 0.852051 0.0161133 0.0527344 0.265381
2 0.932129 0.882812 0.0537109 0.0166016 0.228516
2 0.0462799 0.594727 0.0400085 0.223633 0.147705
2 0.974609 0.837891 0.0175781 0.078125 0.11853
2 0.094696 0.666016 0.127502 0.182617 0.106384
2 0.96875 0.856445 0.0292969 0.0556641 0.0950317
2 0.0283203 0.718262 0.0498047 0.540039 0.0622864
3 0.0317383 0.347656 0.0584717 0.695312 0.0443726
13 0.0920715 0.639648 0.124451 0.25293 0.0376587
2 0.933105 0.881836 0.0615234 0.0244141 0.033905
2 0.0446777 0.555176 0.026001 0.138672 0.0322266
2 0.0539551 0.622559 0.0579834 0.272461 0.0259094
6 0.0339203 0.0756226 0.0554504 0.140503 0.0241241
2 0.976562 0.817871 0.0195312 0.109375 0.0217743
2 0.543945 0.468018 0.0146484 0.0385742 0.0202026
2 0.0466309 0.532715 0.0247803 0.0927734 0.0193939
3 0.0335541 0.141785 0.0486145 0.242798 0.0177307
2 0.0418091 0.664917 0.0450439 0.500244 0.0154343
2 0.938965 0.875 0.0654297 0.0332031 0.0126953
3 0.0351715 0.245361 0.0656433 0.463379 0.0126877
2 0.0668945 0.711914 0.0817871 0.393555 0.0125122
2 0.035965 0.345337 0.0479431 0.651123 0.0122681
2 0.10672 0.64209 0.15033 0.260742 0.0103683
6 0.0335541 0.141785 0.0486145 0.242798 0.0100479
2 0.977539 0.851562 0.0136719 0.0546875 0.00991821
6 0.0255737 0.932617 0.0412598 0.107422 0.00911713
13 0.0462799 0.594727 0.0400085 0.223633 0.00858307
2 0.0491943 0.570312 0.0239258 0.09375 0.0080719
6 0.0300903 0.0845947 0.0350342 0.148438 0.00785065
3 0.0283203 0.716309 0.0560303 0.522461 0.00697327
6 0.019043 0.912598 0.0328369 0.151367 0.00666809
2 0.0967102 0.703613 0.108337 0.120117 0.00613022
13 0.973389 0.850586 0.0141602 0.0556641 0.00606537
2 0.065155 0.651367 0.0601196 0.216797 0.00595093
2 0.0412598 0.729492 0.0822754 0.5 0.00580978
13 0.0363159 0.728027 0.050293 0.532227 0.00556564
1 0.978271 0.0857849 0.0336914 0.123352 0.00553131
3 0.0439606 0.398071 0.0744324 0.764404 0.00542831
2 0.0351562 0.445068 0.0583496 0.890137 0.00523376
2 0.0244904 0.82373 0.0238953 0.205078 0.00504303
2 0.568848 0.746582 0.0214844 0.0595703 0.00487137
1 0.0243988 0.929199 0.0395813 0.0947266 0.0047493
6 0.0388184 0.0527954 0.0567627 0.101196 0.00437927
6 0.976318 0.0921631 0.0415039 0.145996 0.0041275
3 0.0379028 0.0723877 0.0540771 0.143555 0.00411606
2 0.973633 0.820312 0.015625 0.0888672 0.00396347
3 0.0243988 0.929199 0.0395813 0.0947266 0.00391388
13 0.974609 0.837891 0.0175781 0.078125 0.00374222
2 0.0507202 0.568359 0.0628662 0.183594 0.00370216
2 0.0426025 0.518555 0.0230713 0.0732422 0.00359154
3 0.0249634 0.912354 0.0358887 0.159668 0.00346756
13 0.980469 0.25293 0.0175781 0.0566406 0.00309563
13 0.976562 0.817871 0.0195312 0.109375 0.00299072
13 0.0567017 0.626953 0.0513916 0.279297 0.00294495
2 0.0346222 0.595215 0.0352478 0.209961 0.00286674
3 0.0300293 0.917725 0.0552979 0.11377 0.00281143
6 0.977539 0.946533 0.0410156 0.0717773 0.00270271
2 0.615234 0.618652 0.109375 0.0253906 0.0026474
1 0.0378418 0.0732422 0.0603027 0.138672 0.00263023
6 0.0326538 0.946777 0.0507812 0.0751953 0.00261116
1 0.973877 0.108765 0.0424805 0.19043 0.0025959
2 0.0283203 0.818115 0.0344238 0.336426 0.0025959
6 0.0247803 0.899414 0.03479 0.189453 0.0025425
2 0.0380859 0.636841 0.038208 0.343506 0.00246811
6 0.978271 0.891846 0.027832 0.161621 0.00243568
2 0.0594482 0.64502 0.0375977 0.194336 0.00242233
2 0.0338135 0.554688 0.0325928 0.138672 0.00235939
2 0.0243988 0.929199 0.0395813 0.0947266 0.00225449
2 0.978271 0.891846 0.027832 0.161621 0.00224686
2 0.981445 0.250977 0.0175781 0.0551758 0.00218391
1 0.0338745 0.129272 0.0510254 0.214111 0.00212479
3 0.945801 0.474854 0.0732422 0.949707 0.00205612
13 0.0281982 0.0947266 0.0333252 0.164551 0.00205421
2 0.968994 0.89209 0.0366211 0.140625 0.00201416
2 0.976318 0.798828 0.0161133 0.0800781 0.00196266
2 0.0679016 0.707031 0.0897827 0.210938 0.00189209
4 0.0322418 0.245361 0.0632019 0.477051 0.00179958
6 0.0861816 0.968262 0.172363 0.0537109 0.00179005
2 0.975586 0.837891 0.0332031 0.0830078 0.00176144
2 0.0505981 0.608398 0.0373535 0.138672 0.00175953
13 0.0344849 0.0831909 0.0501709 0.148315 0.00175381
3 0.97998 0.916504 0.0400391 0.137695 0.00168991
4 0.0283203 0.718262 0.0498047 0.540039 0.00162315
2 0.0247803 0.899414 0.03479 0.189453 0.00159931
2 0.94751 0.85791 0.0581055 0.0556641 0.00158787
13 0.0335541 0.141785 0.0486145 0.242798 0.00153637
6 0.0192719 0.939209 0.0293274 0.0883789 0.00148201
3 0.034668 0.818359 0.0507812 0.320312 0.00147247
3 0.978271 0.891846 0.027832 0.161621 0.00146008
4 0.0834961 0.618164 0.101074 0.287109 0.00144863
6 0.97998 0.916504 0.0400391 0.137695 0.00143337
3 0.973877 0.108765 0.0424805 0.19043 0.00142193
13 0.065155 0.651367 0.0601196 0.216797 0.00142002
3 0.0329132 0.946777 0.0503845 0.0810547 0.00132561
6 0.0406342 0.0928955 0.0583801 0.185791 0.00131035
13 0.0479736 0.564941 0.0275879 0.160156 0.00124645
2 0.961914 0.876465 0.03125 0.0478516 0.00121307
6 0.0523071 0.956543 0.0820312 0.0654297 0.00118828
3 0.0482788 0.730469 0.0965576 0.496094 0.00118637
3 0.0448456 0.0528107 0.0719299 0.0992126 0.0011797
2 0.0439606 0.533081 0.0414734 0.207275 0.00115108
4 0.937256 0.430176 0.074707 0.786133 0.00113201
3 0.0263672 0.888428 0.0476074 0.168457 0.0011282
3 0.0244293 0.850098 0.040741 0.256836 0.00111198
2 0.0562744 0.562012 0.0345459 0.167969 0.00106335
6 0.984375 0.954346 0.03125 0.0541992 0.00106239
1 0.0326996 0.0540161 0.045929 0.102905 0.00105762
1 0.0972595 0.641602 0.135071 0.251953 0.00105381
1 0.974609 0.95459 0.046875 0.0634766 0.0010519
2 0.0404053 0.53125 0.0270996 0.126953 0.00104237
1 0.385742 0.84668 0.769531 0.306641 0.00103283
3 0.0300903 0.0845947 0.0350342 0.148438 0.00103092
2 0.104248 0.618652 0.208496 0.332031 0.00101376
2 0.978516 0.84082 0.0175781 0.0673828 0.00100613
13 0.96875 0.856445 0.0292969 0.0556641 0.00100327
