2 0.722656 0.200195 0.123047 0.176758 0.529785
2 0.786621 0.301697 0.255859 0.372192 0.19165
1 0.966064 0.933105 0.0424805 0.0869141 0.139893
6 0.966797 0.92627 0.0410156 0.0966797 0.0664673
6 0.021698 0.926514 0.043396 0.0883789 0.0461426
2 0.86377 0.384155 0.0986328 0.206299 0.0411072
6 0.963867 0.10965 0.0527344 0.197693 0.0313416
1 0.962402 0.947998 0.0458984 0.0668945 0.0205536
6 0.96875 0.900635 0.0390625 0.153809 0.0155182
6 0.0187988 0.94043 0.0352783 0.0625 0.0146179
2 0.964355 0.940918 0.0439453 0.0771484 0.0137634
2 0.957275 0.0389862 0.0698242 0.0577698 0.0136566
6 0.954346 0.0370026 0.065918 0.0627136 0.013298
6 0.02005 0.854492 0.0401001 0.257812 0.0121613
2 0.467285 0.986328 0.0351562 0.0273438 0.0119781
2 0.707031 0.183594 0.0859375 0.153809 0.0112152
3 0.0214233 0.851318 0.0428467 0.262207 0.00988007
2 0.760254 0.207642 0.197266 0.212646 0.00928497
2 0.466187 0.989746 0.0246582 0.0205078 0.00824738
3 0.963867 0.10965 0.0527344 0.197693 0.00718307
2 0.950439 0.0300751 0.0717773 0.0335999 0.00717163
6 0.954102 0.0567932 0.0664062 0.110535 0.0069046
2 0.807129 0.359497 0.21875 0.241943 0.00614929
1 0.957031 0.929199 0.0410156 0.0732422 0.00576782
2 0.021698 0.926514 0.043396 0.0883789 0.00557709
6 0.0177155 0.915283 0.0343933 0.130371 0.00547409
2 0.939453 0.03479 0.0800781 0.0491943 0.00537872
1 0.944824 0.0578461 0.0830078 0.10965 0.00532913
1 0.71875 0.198242 0.111328 0.17041 0.00465012
3 0.0217896 0.908203 0.0428467 0.130859 0.00447464
3 0.0229034 0.9375 0.0362244 0.0722656 0.00409698
3 0.966064 0.933105 0.0424805 0.0869141 0.00405884
6 0.962158 0.939453 0.0424805 0.0683594 0.00404739
2 0.477417 0.986816 0.060791 0.0263672 0.00398636
1 0.966797 0.905273 0.0429688 0.144531 0.00390053
2 0.716309 0.195496 0.206055 0.210571 0.00380135
1 0.533569 0.903076 0.932861 0.193848 0.00372124
2 0.018692 0.939453 0.032196 0.0625 0.00370216
13 0.963867 0.10965 0.0527344 0.197693 0.00343513
6 0.963379 0.0725403 0.0673828 0.121033 0.00337982
1 0.024231 0.942139 0.0484619 0.0649414 0.00330734
3 0.0341949 0.372559 0.0629578 0.745117 0.00328445
13 0.722168 0.200684 0.112305 0.177734 0.00328064
6 0.9729 0.0942078 0.0366211 0.153381 0.00323677
6 0.961426 0.0245361 0.0634766 0.0446777 0.00318909
1 0.486328 0.972412 0.972656 0.0551758 0.00307655
3 0.0327148 0.724731 0.0524902 0.513428 0.00304985
2 0.690918 0.17395 0.0625 0.148682 0.00292397
3 0.0311279 0.829346 0.0622559 0.286621 0.00286865
1 0.786621 0.301697 0.255859 0.372192 0.00264931
2 0.380127 0.492676 0.015625 0.0507812 0.00255203
2 0.800781 0.691406 0.0361328 0.116211 0.00239754
6 0.969482 0.0513306 0.0375977 0.0744629 0.00238419
2 0.97168 0.827637 0.03125 0.311523 0.00214577
1 0.96875 0.933594 0.0292969 0.0664062 0.00213432
6 0.959473 0.94043 0.0576172 0.0878906 0.00207138
2 0.0977783 0.959229 0.195557 0.050293 0.0020256
6 0.950684 0.0297241 0.0712891 0.0344238 0.00195312
3 0.966309 0.524292 0.0654297 0.951416 0.00187778
6 0.96875 0.0391846 0.0507812 0.0648193 0.00187397
6 0.969727 0.0233154 0.0546875 0.0322266 0.00184441
6 0.967773 0.949707 0.0410156 0.0693359 0.00180817
2 0.966553 0.122559 0.0512695 0.245117 0.00179291
2 0.0982971 0.961182 0.187683 0.0776367 0.00174046
2 0.967773 0.919678 0.0371094 0.125488 0.00171089
9 0.724609 0.201294 0.120117 0.169189 0.00163746
3 0.966797 0.905273 0.0429688 0.144531 0.00161743
4 0.725586 0.198486 0.121094 0.168457 0.00159264
13 0.966064 0.933105 0.0424805 0.0869141 0.0015583
1 0.960938 0.128021 0.0664062 0.239563 0.00144958
8 0.724609 0.201294 0.120117 0.169189 0.00139046
14 0.724609 0.201294 0.120117 0.169189 0.00137424
2 0.963379 0.930176 0.0322266 0.0771484 0.00136089
13 0.785645 0.295837 0.25 0.374146 0.00133801
2 0.71875 0.200012 0.0869141 0.111206 0.00129986
1 0.0977783 0.959229 0.195557 0.050293 0.00129223
2 0.0281372 0.943604 0.0562744 0.0639648 0.00126839
6 0.724609 0.201294 0.120117 0.169189 0.0012579
13 0.018692 0.939453 0.032196 0.0625 0.00124359
13 0.0202637 0.0979309 0.0231934 0.121033 0.00124073
1 0.485352 0.925293 0.970703 0.120117 0.00120163
2 0.735352 0.155823 0.139648 0.250854 0.0011797
6 0.931885 0.0473633 0.10498 0.0947266 0.00114346
14 0.465576 0.989258 0.0219727 0.0214844 0.00113773
7 0.724609 0.201294 0.120117 0.169189 0.00113583
6 0.9729 0.0651093 0.0249023 0.07901 0.00112915
3 0.0231323 0.926514 0.0462646 0.0864258 0.00112438
19 0.724609 0.201294 0.120117 0.169189 0.00111485
6 0.964844 0.167236 0.0546875 0.334473 0.00110912
6 0.0328674 0.94043 0.0657349 0.0820312 0.00109768
1 0.335449 0.944336 0.670898 0.0800781 0.00109005
1 0.911621 0.941895 0.133789 0.0908203 0.0010767
13 0.971924 0.082489 0.0307617 0.127502 0.00107193
6 0.950684 0.0445557 0.0830078 0.0891113 0.00105858
16 0.724609 0.201294 0.120117 0.169189 0.00104713
1 0.677246 0.853516 0.551758 0.292969 0.00103569
6 0.96875 0.933594 0.0292969 0.0664062 0.00102329
6 0.785645 0.295837 0.25 0.374146 0.00101948
2 0.369385 0.612793 0.0175781 0.0527344 0.00101566
6 0.0214539 0.945068 0.0429077 0.0786133 0.00100708
