2 0.713867 0.844238 0.318359 0.24707 0.858398
6 0.0360718 0.169373 0.048584 0.30481 0.0455322
6 0.0377197 0.950439 0.0615234 0.0698242 0.0306549
2 0.72168 0.779297 0.298828 0.137695 0.0292664
3 0.0325928 0.150757 0.0446777 0.258057 0.0233765
1 0.714844 0.844727 0.31543 0.267578 0.0217438
2 0.581543 0.660156 0.0556641 0.178711 0.0206604
4 0.709473 0.84668 0.319336 0.277344 0.0181274
1 0.0376587 0.953369 0.0643311 0.065918 0.0152054
1 0.101196 0.962158 0.171875 0.0756836 0.0124283
3 0.0424194 0.335815 0.0556641 0.611572 0.0114365
6 0.085144 0.967529 0.170288 0.0571289 0.0111465
6 0.0301514 0.921875 0.0552979 0.121094 0.0111084
6 0.0684814 0.958496 0.125488 0.0615234 0.00946808
2 0.70166 0.841309 0.183594 0.256836 0.00901794
2 0.736328 0.778809 0.234375 0.0996094 0.00764847
2 0.0276642 0.680176 0.0240173 0.131836 0.0072403
6 0.714844 0.844727 0.31543 0.267578 0.00688171
2 0.681152 0.877197 0.264648 0.188965 0.0067215
13 0.709473 0.84668 0.319336 0.277344 0.00616455
14 0.714844 0.844727 0.31543 0.267578 0.00508881
19 0.713867 0.843506 0.313477 0.27002 0.00508118
1 0.0702209 0.959229 0.116882 0.0795898 0.00490952
9 0.714844 0.844727 0.31543 0.267578 0.00456619
6 0.0316162 0.130096 0.0402832 0.21637 0.0043335
16 0.714844 0.844727 0.31543 0.267578 0.0042572
18 0.714844 0.844727 0.31543 0.267578 0.0042572
11 0.714844 0.844727 0.31543 0.267578 0.0042572
7 0.709473 0.84668 0.319336 0.277344 0.00403976
2 0.0435181 0.352173 0.0509033 0.641357 0.00397491
13 0.0330811 0.169617 0.0477295 0.305298 0.0038414
2 0.72168 0.784668 0.316406 0.219727 0.00381851
6 0.106354 0.958252 0.176453 0.0795898 0.00369263
8 0.714844 0.844727 0.31543 0.267578 0.00362968
0 0.709473 0.84668 0.319336 0.277344 0.00357056
6 0.0287476 0.958984 0.0574951 0.0605469 0.00353432
17 0.714844 0.844727 0.31543 0.267578 0.00353241
6 0.036377 0.110107 0.0578613 0.198975 0.00352669
1 0.0366669 0.93335 0.0672913 0.102051 0.00349998
3 0.714844 0.844727 0.31543 0.267578 0.00345039
10 0.714844 0.844727 0.31543 0.267578 0.00341225
15 0.709473 0.84668 0.319336 0.277344 0.00331688
6 0.976562 0.0598755 0.0429688 0.0936279 0.00328636
3 0.0380859 0.213745 0.0478516 0.390381 0.00323868
12 0.709473 0.84668 0.319336 0.277344 0.00322723
5 0.714844 0.844727 0.31543 0.267578 0.00317955
1 0.0360718 0.169373 0.048584 0.30481 0.00309753
1 0.153809 0.961426 0.294434 0.0732422 0.00304222
2 0.57373 0.668945 0.0478516 0.138672 0.00284576
6 0.0356598 0.901123 0.0627136 0.174316 0.00273323
1 0.0302734 0.947266 0.0400391 0.0742188 0.0026989
2 0.513672 0.0117798 0.0253906 0.0235596 0.00263786
2 0.0327759 0.797119 0.0386963 0.399902 0.00261688
2 0.0328369 0.952393 0.0534668 0.0639648 0.0024147
2 0.571777 0.706055 0.0429688 0.0615234 0.00232124
2 0.513184 0.0148773 0.0332031 0.0297546 0.00214386
6 0.0254669 0.914795 0.0415955 0.164551 0.00203705
6 0.981445 0.049881 0.0292969 0.0857849 0.00192356
3 0.0254669 0.914795 0.0415955 0.164551 0.0019207
3 0.0510254 0.413574 0.0679932 0.827148 0.00185966
1 0.0324097 0.100708 0.0445557 0.181641 0.00183296
2 0.641602 0.859863 0.148438 0.243164 0.00182629
19 0.437744 0.74292 0.435059 0.490723 0.00180435
3 0.967773 0.601074 0.0625 0.797852 0.00179768
2 0.125854 0.0120697 0.0351562 0.0241394 0.0017643
6 0.0302582 0.935303 0.0444641 0.0844727 0.00170135
3 0.97168 0.718994 0.0566406 0.503418 0.00159359
2 0.822754 0.111084 0.0244141 0.0585938 0.00158405
2 0.0425415 0.949951 0.0535889 0.0844727 0.00154591
3 0.0377808 0.952637 0.0622559 0.0771484 0.0015316
2 0.841309 0.0128479 0.0341797 0.0256958 0.00152302
6 0.969727 0.0471191 0.0566406 0.083252 0.00142288
13 0.988281 0.336914 0.015625 0.0561523 0.00141335
2 0.679688 0.911621 0.235352 0.149414 0.00140858
3 0.0360565 0.927979 0.0672913 0.101074 0.00139618
4 0.574219 0.568359 0.404297 0.761719 0.00134659
1 0.121857 0.961426 0.224548 0.0576172 0.00134468
6 0.141785 0.963379 0.259399 0.0732422 0.00128651
6 0.0474701 0.939209 0.0879211 0.10791 0.00127506
6 0.0324097 0.0855103 0.043457 0.153442 0.00126553
2 0.600586 0.860107 0.0820312 0.246582 0.00123692
19 0.450684 0.63916 0.307617 0.651367 0.00120354
2 0.0344238 0.155273 0.0509033 0.26416 0.00115013
2 0.566406 0.672363 0.125 0.400391 0.00114155
2 0.0313263 0.427734 0.0154724 0.074707 0.00113487
3 0.0384521 0.0853271 0.0516357 0.15625 0.00112629
2 0.129883 0.0154724 0.0771484 0.0282593 0.00111294
19 0.457031 0.483887 0.5 0.561523 0.00109005
19 0.502075 0.555176 0.349365 0.704102 0.00106049
2 0.0302734 0.70459 0.0258789 0.167969 0.00101376
13 0.173584 0.545898 0.0734863 0.0996094 0.00100422
