6 0.0426025 0.0725708 0.0562744 0.145142 0.283447
2 0.3125 0.57373 0.0258789 0.0419922 0.180176
2 0.289062 0.49707 0.0488281 0.0185547 0.177368
6 0.0372467 0.923828 0.054657 0.111328 0.161865
2 0.0341949 0.0890503 0.0270691 0.0718994 0.0669556
2 0.106934 0.335449 0.036377 0.0615234 0.0610352
2 0.292969 0.499023 0.0625 0.0244141 0.0426025
6 0.0385132 0.911621 0.0567627 0.176758 0.025589
6 0.0474396 0.944336 0.0618591 0.0859375 0.022171
6 0.0336914 0.903564 0.0393066 0.14209 0.0217133
2 0.0351715 0.130768 0.033905 0.19696 0.0214233
3 0.0449219 0.0883179 0.0614014 0.176636 0.020813
2 0.310059 0.572754 0.0429688 0.0429688 0.0192108
6 0.0419159 0.133179 0.0606995 0.266357 0.0189819
6 0.0352173 0.124329 0.0408936 0.199585 0.0186768
3 0.038147 0.926025 0.0478516 0.120605 0.0160217
3 0.962158 0.331421 0.0639648 0.645752 0.0158386
2 0.0326996 0.929199 0.0346985 0.0908203 0.014534
2 0.0351562 0.100586 0.0318604 0.110596 0.0118027
6 0.978271 0.926025 0.043457 0.11084 0.0116119
1 0.0337067 0.0871582 0.0297546 0.0739746 0.0105133
1 0.0415192 0.0731812 0.056366 0.141968 0.00984955
6 0.0339966 0.936768 0.0391846 0.0952148 0.00936127
1 0.03125 0.924072 0.038208 0.0991211 0.00907898
2 0.307861 0.580566 0.0292969 0.0517578 0.00897217
6 0.0524902 0.0996094 0.0736084 0.199219 0.00894165
3 0.0496216 0.726318 0.0614014 0.516113 0.0089035
6 0.0847168 0.95752 0.146729 0.0673828 0.00862122
6 0.0385742 0.085022 0.0427246 0.0780029 0.00835419
2 0.041687 0.0724792 0.0665283 0.136292 0.00801086
2 0.0372467 0.923828 0.054657 0.111328 0.00751495
2 0.305908 0.496582 0.0898438 0.0253906 0.00740433
3 0.0385132 0.911621 0.0567627 0.176758 0.00736237
6 0.125671 0.955811 0.21936 0.0883789 0.00654984
13 0.0343628 0.119751 0.0343018 0.177246 0.00651169
6 0.977783 0.895996 0.0405273 0.186523 0.00643921
6 0.0588837 0.0565643 0.0829163 0.111969 0.00636673
3 0.0401459 0.819336 0.0447083 0.318359 0.00617218
6 0.978271 0.94873 0.0415039 0.0712891 0.00614929
6 0.0684509 0.947754 0.104309 0.0830078 0.00572205
3 0.975342 0.922852 0.0493164 0.111328 0.00569534
3 0.950439 0.434814 0.065918 0.869629 0.00558853
2 0.0385742 0.085022 0.0427246 0.0780029 0.00524139
3 0.0458984 0.154785 0.0664062 0.30957 0.00521469
1 0.0419159 0.133179 0.0606995 0.266357 0.00483704
1 0.038147 0.926025 0.0478516 0.120605 0.00471115
3 0.0428314 0.230957 0.0478821 0.433594 0.0046463
1 0.973633 0.129578 0.0429688 0.241821 0.00463104
13 0.0341949 0.0890503 0.0270691 0.0718994 0.00442123
2 0.0356903 0.158142 0.0411682 0.27356 0.00405502
6 0.0317383 0.0827026 0.0272217 0.0697021 0.00396347
2 0.799316 0.673828 0.0380859 0.0986328 0.0038929
2 0.0986328 0.959229 0.183105 0.0698242 0.00379562
1 0.0341644 0.858643 0.0393372 0.241699 0.00374603
1 0.936279 0.937744 0.109863 0.10498 0.00329399
2 0.302979 0.572754 0.0244141 0.0458984 0.00322342
2 0.306396 0.566406 0.034668 0.0742188 0.00318718
2 0.0478516 0.130249 0.0460205 0.228271 0.00306892
2 0.301758 0.501953 0.0625 0.0332031 0.00302696
3 0.977783 0.895996 0.0405273 0.186523 0.00291061
13 0.0390015 0.154175 0.043335 0.250732 0.00290298
1 0.141541 0.95874 0.225708 0.0825195 0.00273323
1 0.0352173 0.124329 0.0408936 0.199585 0.00269318
13 0.0406494 0.0730591 0.0620117 0.139282 0.00265312
1 0.910156 0.954102 0.154297 0.0820312 0.00264931
2 0.0341644 0.858643 0.0393372 0.241699 0.00260735
3 0.0390015 0.154175 0.043335 0.250732 0.00260162
3 0.0477905 0.943604 0.060791 0.0893555 0.00250053
6 0.0401459 0.819336 0.0447083 0.318359 0.00241089
1 0.963135 0.925537 0.0581055 0.115723 0.00239754
1 0.0302429 0.902344 0.0418091 0.1875 0.00238419
2 0.289062 0.491211 0.0458984 0.0166016 0.00237083
2 0.976562 0.941162 0.0429688 0.0786133 0.00232315
1 0.0323639 0.0971375 0.0324402 0.126526 0.00230598
4 0.045166 0.0791016 0.0605469 0.158203 0.00227165
6 0.0341644 0.858643 0.0393372 0.241699 0.00222778
13 0.0344696 0.924072 0.0509338 0.120605 0.00208664
6 0.0442505 0.933105 0.0367432 0.100586 0.00201988
3 0.949951 0.498047 0.0961914 0.974609 0.00197792
3 0.0523834 0.585449 0.0712585 0.829102 0.00195312
6 0.0323639 0.0971375 0.0324402 0.126526 0.00190449
2 0.0336914 0.903564 0.0393066 0.14209 0.00188637
1 0.0371094 0.893311 0.0373535 0.154785 0.00182724
3 0.0335693 0.862061 0.0505371 0.256348 0.00174904
3 0.0486603 0.0600433 0.0716248 0.117706 0.00167561
1 0.973633 0.937988 0.0351562 0.0927734 0.00158405
2 0.0354462 0.098999 0.0409241 0.144043 0.00157642
2 0.0496063 0.633301 0.0558167 0.678711 0.00154781
3 0.0461426 0.308594 0.0605469 0.617188 0.00148201
2 0.043335 0.304688 0.0500488 0.609375 0.00147343
3 0.980469 0.936768 0.0351562 0.0932617 0.00147247
14 0.289307 0.49707 0.0483398 0.0175781 0.0014267
3 0.969727 0.219666 0.0546875 0.428833 0.00141621
14 0.310059 0.57373 0.0273438 0.0439453 0.00141048
6 0.984863 0.934082 0.0302734 0.0927734 0.00136757
6 0.0402222 0.956787 0.0567627 0.074707 0.00135994
1 0.0428314 0.230957 0.0478821 0.433594 0.00134182
2 0.611328 0.52002 0.0185547 0.0517578 0.00133038
6 0.918213 0.948486 0.140137 0.101074 0.00131893
6 0.0536194 0.927734 0.085144 0.103516 0.0012989
6 0.0516968 0.026001 0.05896 0.0430908 0.00127506
2 0.284668 0.495117 0.0600586 0.0253906 0.0012722
6 0.0837097 0.0744019 0.155823 0.136108 0.0012598
1 0.0366364 0.0915527 0.0417175 0.088623 0.00121403
14 0.041687 0.0724792 0.0665283 0.136292 0.00120258
2 0.0976562 0.337891 0.0444336 0.059082 0.00119972
2 0.0336914 0.720581 0.0390625 0.506104 0.00119591
3 0.0480194 0.883789 0.0592346 0.197266 0.00119495
2 0.113312 0.344727 0.0446167 0.0683594 0.00119209
11 0.041687 0.0724792 0.0665283 0.136292 0.00112057
6 0.0453644 0.0352783 0.0596619 0.0643311 0.00111389
2 0.0296783 0.661133 0.0209656 0.119141 0.00110817
1 0.0524597 0.100067 0.0835571 0.195862 0.00109959
2 0.0330811 0.651367 0.0183105 0.0957031 0.00104237
2 0.311035 0.57959 0.0410156 0.0732422 0.00100803
6 0.97168 0.166138 0.0429688 0.302002 0.00100708
3 0.0343628 0.119751 0.0343018 0.177246 0.00100613
