2 0.783691 0.571167 0.0927734 0.269775 0.866699
1 0.902344 0.808105 0.124023 0.0859375 0.705566
2 0.902832 0.79834 0.120117 0.0791016 0.612305
2 0.904297 0.787109 0.130859 0.125977 0.0961914
3 0.964844 0.884766 0.0566406 0.189453 0.0717773
1 0.963379 0.896484 0.0576172 0.207031 0.0708618
2 0.898926 0.384277 0.0371094 0.102051 0.0491943
6 0.967285 0.888428 0.0537109 0.182129 0.0491028
2 0.0605469 0.837891 0.0256348 0.105469 0.0390015
6 0.0237579 0.0788269 0.042572 0.152893 0.0331116
1 0.905762 0.784668 0.133789 0.12793 0.0325317
3 0.97583 0.881348 0.0424805 0.223633 0.0299225
2 0.914062 0.168457 0.0292969 0.0957031 0.0270386
3 0.0237579 0.0788269 0.042572 0.152893 0.0249634
2 0.92041 0.201965 0.0361328 0.175171 0.0217133
1 0.974609 0.887207 0.046875 0.213867 0.0152206
2 0.0620728 0.864746 0.0249023 0.132812 0.0149841
6 0.870361 0.032959 0.239746 0.065918 0.01371
2 0.803223 0.569336 0.186523 0.298828 0.0136185
6 0.0228271 0.936035 0.0456543 0.0732422 0.0125809
6 0.974609 0.912109 0.0390625 0.15625 0.012413
2 0.782227 0.567383 0.0849609 0.139648 0.00994873
4 0.785156 0.56543 0.0927734 0.257812 0.00974274
1 0.906738 0.822754 0.135742 0.144531 0.00953674
1 0.0353546 0.942871 0.0643005 0.0654297 0.00946808
2 0.13208 0.106445 0.074707 0.0175781 0.00946808
3 0.973389 0.914062 0.0415039 0.148438 0.00869751
2 0.913574 0.153198 0.0195312 0.0671387 0.00754547
2 0.849609 0.74707 0.0253906 0.0673828 0.00717926
6 0.914795 0.0249023 0.156738 0.0498047 0.0067215
13 0.782227 0.572632 0.100586 0.272705 0.00671387
2 0.898926 0.756348 0.130859 0.0996094 0.00592422
2 0.0620728 0.86377 0.024292 0.0722656 0.00578308
1 0.0219727 0.103821 0.0374756 0.207642 0.00532532
6 0.0173035 0.0845947 0.0267944 0.147461 0.00518417
1 0.936523 0.851562 0.105469 0.175781 0.00507736
6 0.0227203 0.125244 0.0334167 0.250488 0.00497818
2 0.921875 0.151978 0.03125 0.0793457 0.00473404
6 0.0314941 0.92334 0.0629883 0.0966797 0.00376892
3 0.0227203 0.125244 0.0334167 0.250488 0.00362778
2 0.881836 0.775391 0.113281 0.113281 0.00344658
2 0.971436 0.912598 0.0375977 0.149414 0.00343704
3 0.0173035 0.0845947 0.0267944 0.147461 0.00337982
3 0.0290527 0.0529785 0.0552979 0.101562 0.00330162
1 0.0345459 0.917236 0.057251 0.108887 0.00326347
1 0.963379 0.891602 0.0517578 0.136719 0.00323486
14 0.785156 0.56543 0.0927734 0.257812 0.00318718
6 0.955811 0.036499 0.074707 0.0688477 0.00315666
1 0.782227 0.572632 0.100586 0.272705 0.00313759
6 0.966064 0.916016 0.0424805 0.126953 0.00309944
9 0.783203 0.57373 0.100586 0.271484 0.00303078
1 0.467773 0.833008 0.769531 0.333984 0.00286293
1 0.0214844 0.939941 0.0407715 0.0732422 0.00285339
1 0.0466156 0.928955 0.0781555 0.0932617 0.00266266
2 0.0498047 0.873535 0.0472412 0.138672 0.00263977
13 0.973633 0.888184 0.0449219 0.211914 0.00258827
6 0.905273 0.799805 0.134766 0.0878906 0.00252914
6 0.0307617 0.0552979 0.0529785 0.102051 0.00246048
6 0.970459 0.945312 0.043457 0.0839844 0.00242996
19 0.467773 0.833008 0.769531 0.333984 0.00241661
6 0.826904 0.0413513 0.307129 0.0827026 0.0024147
1 0.890137 0.80127 0.19043 0.165039 0.0024128
1 0.0173035 0.0845947 0.0267944 0.147461 0.0023613
2 0.964355 0.895752 0.0615234 0.20459 0.00229454
6 0.914551 0.0426025 0.129883 0.0852051 0.00229263
2 0.769043 0.54187 0.0654297 0.217041 0.00216293
2 0.0584106 0.818848 0.0245361 0.09375 0.00215149
2 0.848633 0.745605 0.0185547 0.0537109 0.00214767
1 0.903809 0.805664 0.0742188 0.0820312 0.00213242
14 0.90332 0.801758 0.128906 0.0771484 0.00203514
6 0.782227 0.572632 0.100586 0.272705 0.00198936
7 0.783203 0.57373 0.100586 0.271484 0.00197601
6 0.0172729 0.930664 0.029541 0.0732422 0.0019722
5 0.783203 0.57373 0.100586 0.271484 0.00190067
1 0.0518188 0.953125 0.0812988 0.0507812 0.00189209
16 0.783203 0.57373 0.100586 0.271484 0.00188541
1 0.971436 0.912598 0.0375977 0.149414 0.00186825
19 0.643555 0.437622 0.351562 0.757568 0.00185204
19 0.783203 0.57373 0.100586 0.271484 0.00184155
6 0.0430908 0.9375 0.0689697 0.0703125 0.00183964
6 0.0185394 0.0572815 0.0329895 0.101746 0.00183487
10 0.783203 0.57373 0.100586 0.271484 0.00177765
15 0.783203 0.57373 0.100586 0.271484 0.00174332
13 0.904785 0.801758 0.129883 0.0830078 0.00174236
13 0.0609741 0.848633 0.0245361 0.125977 0.00168991
17 0.783203 0.57373 0.100586 0.271484 0.00168991
12 0.783203 0.57373 0.100586 0.271484 0.00168991
11 0.783203 0.57373 0.100586 0.271484 0.00168991
18 0.783203 0.57373 0.100586 0.271484 0.00168324
3 0.95459 0.905029 0.0595703 0.189941 0.00167942
3 0.782227 0.572632 0.100586 0.272705 0.00162506
14 0.255859 0.993164 0.0214844 0.0136719 0.00161171
3 0.966797 0.939941 0.0527344 0.0908203 0.00161076
0 0.783203 0.57373 0.100586 0.271484 0.00157547
2 0.0228271 0.936035 0.0456543 0.0732422 0.00156593
8 0.783203 0.57373 0.100586 0.271484 0.00155067
9 0.904785 0.803711 0.126953 0.0947266 0.00154877
19 0.558472 0.695923 0.398682 0.571045 0.00154114
19 0.559082 0.740234 0.575195 0.519531 0.00149155
6 0.971924 0.108643 0.034668 0.194824 0.00146961
8 0.467773 0.833008 0.769531 0.333984 0.00144958
2 0.04216 0.936523 0.0692444 0.0742188 0.00141811
2 0.918945 0.186096 0.0283203 0.108276 0.00140285
13 0.0186768 0.0997925 0.0318604 0.199585 0.00137711
2 0.180237 0.108887 0.134644 0.0246582 0.00135422
4 0.901367 0.791504 0.12207 0.0849609 0.00132179
13 0.971924 0.108643 0.034668 0.194824 0.00130463
3 0.0394745 0.900879 0.0709534 0.131836 0.0012846
6 0.972412 0.931885 0.0317383 0.0834961 0.00125694
8 0.499878 0.74707 0.592041 0.505859 0.00122833
13 0.898926 0.384277 0.0371094 0.102051 0.00117016
2 0.855469 0.748047 0.0458984 0.078125 0.00116634
3 0.0256348 0.938721 0.0512695 0.0698242 0.0011158
2 0.970703 0.943848 0.0410156 0.0869141 0.00111198
19 0.479004 0.695312 0.572266 0.609375 0.00110626
1 0.0254517 0.0718079 0.0441895 0.139587 0.00110149
3 0.908691 0.795898 0.117188 0.0820312 0.00109577
6 0.897461 0.0212097 0.205078 0.0424194 0.00108433
6 0.0454102 0.916992 0.0666504 0.115234 0.00107956
7 0.904785 0.803711 0.126953 0.0947266 0.00107765
2 0.97583 0.881348 0.0424805 0.223633 0.00107765
2 0.0651093 0.960205 0.105133 0.0327148 0.0010767
7 0.467773 0.833008 0.769531 0.333984 0.00107384
13 0.971436 0.912598 0.0375977 0.149414 0.00107002
1 0.967285 0.856445 0.0361328 0.253906 0.00106812
12 0.467773 0.833008 0.769531 0.333984 0.00106716
6 0.973877 0.0461884 0.0385742 0.0856018 0.00104332
3 0.971924 0.108643 0.034668 0.194824 0.00103951
2 0.509766 0.444824 0.0224609 0.0625 0.0010376
3 0.972412 0.931885 0.0317383 0.0834961 0.00103283
6 0.968994 0.0703583 0.0463867 0.120514 0.00102997
2 0.906738 0.822754 0.135742 0.144531 0.00102806
4 0.643555 0.437622 0.351562 0.757568 0.00100803
17 0.467773 0.833008 0.769531 0.333984 0.00100517
