2 0.47168 0.254333 0.350586 0.282349 0.688965
2 0.972656 0.480347 0.0234375 0.118408 0.403809
2 0.419922 0.270813 0.226562 0.245483 0.142334
6 0.0258484 0.915771 0.0432739 0.13916 0.0819092
3 0.0528564 0.499512 0.0961914 0.981445 0.0622864
6 0.0349121 0.945801 0.057373 0.0810547 0.023941
1 0.0292969 0.946533 0.0318604 0.0678711 0.0205688
3 0.0463715 0.385742 0.0742493 0.771484 0.0186462
6 0.978516 0.885986 0.0429688 0.212402 0.0174408
1 0.912598 0.961182 0.15332 0.0717773 0.0139389
1 0.472168 0.253662 0.348633 0.30127 0.0133667
4 0.472168 0.253662 0.348633 0.30127 0.0123825
2 0.674316 0.729004 0.103516 0.193359 0.0115356
1 0.0292816 0.929932 0.0354309 0.0952148 0.0110397
3 0.962158 0.33667 0.0639648 0.592285 0.0108719
6 0.0528412 0.956299 0.084259 0.065918 0.0096817
3 0.975586 0.886475 0.046875 0.199707 0.00917053
6 0.0307922 0.950439 0.0380249 0.065918 0.00750732
6 0.472168 0.253662 0.348633 0.30127 0.00748062
2 0.976318 0.505249 0.0180664 0.0861816 0.00715256
3 0.95459 0.450073 0.0908203 0.859619 0.00681686
3 0.0247803 0.916992 0.036499 0.166016 0.00665283
6 0.974609 0.951904 0.0449219 0.0668945 0.0065918
3 0.0343628 0.479492 0.0687256 0.958984 0.00654221
6 0.0731506 0.961426 0.130554 0.0634766 0.00634003
13 0.472778 0.254395 0.349365 0.303223 0.00600815
19 0.472168 0.253662 0.348633 0.30127 0.00581741
9 0.472168 0.253662 0.348633 0.30127 0.00471878
14 0.472778 0.254395 0.349365 0.303223 0.00442505
18 0.472168 0.253662 0.348633 0.30127 0.00429916
11 0.472778 0.254395 0.349365 0.303223 0.00429153
16 0.472168 0.253662 0.348633 0.30127 0.00418472
13 0.973633 0.479126 0.0234375 0.112061 0.00416565
8 0.472168 0.253662 0.348633 0.30127 0.00407028
2 0.0302582 0.94873 0.0322571 0.0595703 0.00394058
7 0.472168 0.253662 0.348633 0.30127 0.00393295
10 0.472168 0.253662 0.348633 0.30127 0.00370979
17 0.472168 0.253662 0.348633 0.30127 0.00365257
15 0.472168 0.253662 0.348633 0.30127 0.00341988
3 0.472778 0.254395 0.349365 0.303223 0.0033741
0 0.472168 0.253662 0.348633 0.30127 0.00315094
5 0.472168 0.253662 0.348633 0.30127 0.00305367
12 0.472778 0.254395 0.349365 0.303223 0.00292206
3 0.952148 0.375488 0.0644531 0.750977 0.00289917
6 0.0292969 0.932373 0.036499 0.0883789 0.00286865
2 0.969727 0.46875 0.0195312 0.0888672 0.00281525
6 0.0342407 0.914551 0.0616455 0.170898 0.0028019
1 0.0289612 0.917236 0.0459595 0.134277 0.00255966
1 0.92334 0.940674 0.12793 0.108887 0.00251961
1 0.10144 0.961426 0.171387 0.0771484 0.00238991
2 0.0258484 0.915771 0.0432739 0.13916 0.00233841
2 0.978271 0.489258 0.0219727 0.113281 0.00222397
2 0.467407 0.266357 0.181396 0.293457 0.00217438
3 0.0386963 0.876709 0.067749 0.211426 0.00214386
3 0.0311584 0.929443 0.0449829 0.125488 0.00206566
2 0.0508118 0.50354 0.0961304 0.975342 0.00203705
6 0.0305786 0.107147 0.048584 0.184143 0.00198364
1 0.957031 0.930908 0.0722656 0.122559 0.00197792
2 0.0292969 0.932373 0.036499 0.0883789 0.00193596
3 0.979248 0.912598 0.0415039 0.143555 0.00190449
2 0.661133 0.6875 0.0976562 0.163086 0.00186443
3 0.0421295 0.245483 0.0671082 0.456299 0.0018301
2 0.970703 0.448486 0.0175781 0.059082 0.00180054
1 0.946777 0.956055 0.0849609 0.0800781 0.00176525
19 0.442383 0.51355 0.570312 0.851807 0.00169468
3 0.0356445 0.944824 0.0510254 0.0849609 0.00169086
6 0.916504 0.0265808 0.15332 0.0502319 0.00167656
13 0.977295 0.875244 0.0375977 0.241699 0.00165176
1 0.896973 0.972412 0.176758 0.0512695 0.00156307
2 0.974609 0.951904 0.0449219 0.0668945 0.00149822
1 0.469727 0.916016 0.918945 0.167969 0.00147057
19 0.268555 0.460205 0.537109 0.756348 0.00146675
3 0.958496 0.580078 0.0576172 0.686523 0.00146103
2 0.0959473 0.962646 0.171143 0.0610352 0.00136375
2 0.0349121 0.945801 0.057373 0.0810547 0.00136089
3 0.0344849 0.326172 0.065918 0.587891 0.00134945
1 0.0345612 0.94751 0.0466003 0.0795898 0.00132561
1 0.97168 0.957275 0.0527344 0.0620117 0.00132179
2 0.449829 0.334534 0.328857 0.420776 0.00130844
13 0.0289612 0.917236 0.0459595 0.134277 0.00130653
1 0.410645 0.274658 0.213867 0.246094 0.00125599
6 0.02771 0.959717 0.0495605 0.0668945 0.00123215
3 0.97168 0.141266 0.0546875 0.232117 0.00111961
6 0.0508118 0.50354 0.0961304 0.975342 0.00111294
3 0.0458832 0.614746 0.0759583 0.739258 0.00110722
3 0.96875 0.257141 0.0527344 0.486694 0.00107861
3 0.036499 0.0891418 0.0599365 0.151794 0.0010376
3 0.970703 0.956543 0.0527344 0.0634766 0.00103569
3 0.0342407 0.914551 0.0616455 0.170898 0.00101852
1 0.0835571 0.967041 0.16687 0.0561523 0.00100899
1 0.03479 0.10022 0.0541992 0.176758 0.00100899
