2 0.846191 0.751953 0.121094 0.298828 0.859863
6 0.981201 0.125824 0.0336914 0.188293 0.0588379
6 0.0354614 0.163574 0.0455322 0.29541 0.027359
2 0.833008 0.751953 0.179688 0.338867 0.0270081
1 0.982178 0.126129 0.0356445 0.208191 0.0229034
2 0.591309 0.0113831 0.0263672 0.0227661 0.0144119
13 0.0336304 0.151367 0.0447998 0.261719 0.0122986
2 0.95874 0.879883 0.0297852 0.103516 0.0121689
3 0.0336304 0.151367 0.0447998 0.261719 0.010704
13 0.961182 0.881348 0.0268555 0.138672 0.00811005
1 0.106323 0.972656 0.0974121 0.0527344 0.00759125
2 0.122559 0.972656 0.0725098 0.046875 0.00743484
3 0.981445 0.139374 0.0371094 0.244202 0.00736618
4 0.0428314 0.27832 0.0508118 0.523438 0.00726318
1 0.837891 0.746094 0.128906 0.317383 0.00718689
2 0.426025 0.42334 0.0263672 0.0673828 0.00695801
2 0.335449 0.46106 0.0161133 0.0466309 0.00668716
2 0.856445 0.744141 0.287109 0.347656 0.00658035
13 0.844727 0.751465 0.129883 0.303711 0.00657654
3 0.0428314 0.27832 0.0508118 0.523438 0.00640488
4 0.845703 0.750488 0.124023 0.310547 0.00616074
13 0.981445 0.12381 0.0371094 0.170837 0.00580215
2 0.594727 0.0152283 0.0302734 0.0292358 0.00513458
2 0.0970764 0.966064 0.129578 0.0581055 0.00495148
6 0.977539 0.0838623 0.0410156 0.142334 0.00488663
2 0.518555 0.0116425 0.0263672 0.0232849 0.00471878
3 0.0345459 0.885742 0.057251 0.193359 0.00444794
1 0.0705872 0.962891 0.109802 0.0625 0.00444031
1 0.962158 0.879883 0.0288086 0.113281 0.00440979
13 0.0298767 0.0986328 0.039978 0.186523 0.00395966
3 0.981445 0.113037 0.0253906 0.172119 0.00390244
2 0.831055 0.685059 0.103516 0.291992 0.00374413
6 0.0374298 0.223083 0.0542908 0.414185 0.00371552
6 0.0283051 0.953613 0.0461731 0.0654297 0.00320816
6 0.0545502 0.958496 0.0888977 0.0615234 0.00318718
2 0.365723 0.0145264 0.0283203 0.0275269 0.00305557
9 0.844727 0.751465 0.129883 0.303711 0.00294876
14 0.844727 0.751465 0.129883 0.303711 0.00294876
6 0.0267334 0.911865 0.0476074 0.148926 0.00268364
6 0.844727 0.751465 0.129883 0.303711 0.00240898
6 0.0432281 0.948242 0.0653992 0.078125 0.00238037
2 0.962891 0.893555 0.0292969 0.160156 0.00233459
6 0.036499 0.0871582 0.0501709 0.156982 0.0021553
6 0.0345459 0.885742 0.057251 0.193359 0.0021286
7 0.844727 0.751465 0.129883 0.303711 0.00210953
2 0.580078 0.0124969 0.0458984 0.0249939 0.00209999
2 0.962402 0.855957 0.0263672 0.164062 0.00203133
3 0.973389 0.303955 0.0493164 0.600098 0.0019455
3 0.036499 0.0871582 0.0501709 0.156982 0.00190544
16 0.844727 0.751465 0.129883 0.303711 0.00189972
2 0.585938 0.013855 0.0283203 0.0250244 0.00189686
10 0.844727 0.751465 0.129883 0.303711 0.00186253
18 0.844727 0.751465 0.129883 0.303711 0.00181961
19 0.844727 0.751465 0.129883 0.303711 0.00180626
5 0.844727 0.751465 0.129883 0.303711 0.00175762
3 0.026062 0.913086 0.0426025 0.171875 0.00175285
17 0.844727 0.751465 0.129883 0.303711 0.00170994
3 0.844238 0.751465 0.125977 0.295898 0.00168037
11 0.844727 0.751465 0.129883 0.303711 0.00167084
0 0.844727 0.751465 0.129883 0.303711 0.00166416
2 0.432861 0.111938 0.0234375 0.0361328 0.00165176
12 0.844727 0.751465 0.129883 0.303711 0.00161934
1 0.03479 0.169678 0.0490723 0.310547 0.00161076
15 0.844727 0.751465 0.129883 0.303711 0.00160599
4 0.508301 0.648438 0.0400391 0.538086 0.00157833
14 0.591309 0.0113831 0.0263672 0.0227661 0.00150394
3 0.979492 0.0888672 0.0351562 0.155029 0.00149345
8 0.844727 0.751465 0.129883 0.303711 0.00144005
2 0.81543 0.668945 0.0703125 0.180664 0.00143623
1 0.634277 0.97876 0.233398 0.0405273 0.00141239
2 0.599121 0.0117493 0.0263672 0.0234985 0.00139427
13 0.958496 0.877441 0.0302734 0.0927734 0.00136948
3 0.0441589 0.508423 0.0883179 0.975342 0.00125885
2 0.981201 0.125824 0.0336914 0.188293 0.00124645
1 0.969971 0.897705 0.0307617 0.181152 0.0012331
2 0.907715 0.252441 0.0878906 0.0239258 0.00122929
2 0.0366821 0.171753 0.0506592 0.317139 0.00122452
3 0.0430298 0.729736 0.0535889 0.493652 0.00119019
2 0.634277 0.97876 0.233398 0.0405273 0.00117111
2 0.96875 0.864258 0.0273438 0.205078 0.00111389
2 0.0705872 0.962891 0.109802 0.0625 0.0011034
2 0.803711 0.651367 0.0634766 0.135742 0.0010376
3 0.0498047 0.42627 0.0640869 0.852539 0.00101185
