2 0.348389 0.79834 0.229004 0.0429688 0.813477
2 0.527344 0.851562 0.0537109 0.09375 0.715332
2 0.536133 0.862793 0.0664062 0.124023 0.177002
13 0.0323486 0.123535 0.0350342 0.183594 0.0634766
2 0.51709 0.482422 0.0136719 0.0302734 0.0579224
6 0.0352783 0.109619 0.0535889 0.205811 0.0500793
6 0.031601 0.121948 0.0359192 0.175049 0.0465393
2 0.571289 0.0118408 0.0322266 0.0236816 0.0341492
1 0.02948 0.954834 0.0407715 0.0551758 0.0300293
13 0.529785 0.853516 0.0478516 0.0986328 0.0195465
2 0.348145 0.79834 0.146484 0.0371094 0.0191956
2 0.515625 0.481812 0.0185547 0.0393066 0.0184631
2 0.486328 0.0146484 0.03125 0.02771 0.0133591
2 0.0323486 0.123535 0.0350342 0.183594 0.0125427
2 0.342773 0.792969 0.243652 0.0751953 0.012291
6 0.0284119 0.953613 0.0452271 0.0576172 0.0115356
13 0.03479 0.181702 0.0373535 0.307495 0.0111847
2 0.0270691 0.951416 0.0365601 0.0639648 0.0111389
6 0.978516 0.949707 0.0371094 0.0751953 0.0108566
2 0.544922 0.883301 0.0771484 0.15918 0.00940704
13 0.0253601 0.856934 0.0210571 0.0957031 0.00933838
3 0.036911 0.106445 0.0489807 0.206055 0.00791931
2 0.968506 0.822266 0.0336914 0.258789 0.00783539
6 0.0391846 0.958496 0.0556641 0.0556641 0.00761795
13 0.538574 0.876953 0.0664062 0.152344 0.00704956
6 0.0266876 0.925049 0.0391541 0.112793 0.00694275
6 0.968994 0.921387 0.0424805 0.133789 0.00614548
1 0.0486908 0.960449 0.0788879 0.0576172 0.0060463
2 0.0421143 0.359375 0.0450439 0.678711 0.00587463
2 0.515625 0.843262 0.0390625 0.0791016 0.00566864
6 0.031723 0.896729 0.0420227 0.177246 0.00555801
2 0.973633 0.827637 0.0390625 0.338867 0.00514221
1 0.0717163 0.964844 0.132446 0.0585938 0.00444031
3 0.0421143 0.359375 0.0450439 0.678711 0.00423813
1 0.0327759 0.930664 0.0482178 0.101562 0.00413895
2 0.0249176 0.900879 0.0278015 0.19043 0.00413895
2 0.432617 0.798828 0.243164 0.0498047 0.00411224
2 0.0250854 0.87793 0.0231934 0.134766 0.0040741
2 0.0336914 0.955078 0.0360107 0.0527344 0.00395966
13 0.0342407 0.147888 0.0472412 0.198364 0.00366592
13 0.0279694 0.865723 0.030365 0.139648 0.00310516
1 0.349365 0.79834 0.23291 0.0410156 0.00308228
6 0.0550537 0.95874 0.0861816 0.0629883 0.00302887
2 0.341797 0.797852 0.0878906 0.0302734 0.00291634
6 0.0782471 0.961914 0.141113 0.0585938 0.00290298
13 0.0249176 0.900879 0.0278015 0.19043 0.00275993
6 0.974854 0.888428 0.0385742 0.209473 0.00270653
4 0.351074 0.797363 0.248047 0.0449219 0.00259781
1 0.031601 0.121948 0.0359192 0.175049 0.00255966
2 0.0258179 0.931641 0.0358887 0.113281 0.0025425
1 0.526855 0.849609 0.0498047 0.09375 0.00246239
2 0.306641 0.791504 0.225098 0.0410156 0.00241661
2 0.96875 0.757812 0.0332031 0.451172 0.0023632
6 0.976807 0.933105 0.0366211 0.118164 0.00232697
2 0.25708 0.786133 0.0991211 0.0185547 0.00215721
2 0.521973 0.833008 0.0400391 0.0693359 0.0021534
6 0.0372772 0.068512 0.0509338 0.1203 0.00214005
2 0.968994 0.921387 0.0424805 0.133789 0.00204277
6 0.0248566 0.915771 0.033783 0.168457 0.00198746
1 0.0248566 0.915771 0.033783 0.168457 0.00193501
2 0.344788 0.786621 0.26062 0.0439453 0.00191784
13 0.0248566 0.140686 0.0292664 0.225464 0.00186157
2 0.0254517 0.844727 0.0201416 0.0869141 0.00179672
14 0.526855 0.852051 0.0507812 0.0927734 0.00169086
14 0.571289 0.0118408 0.0322266 0.0236816 0.00166798
2 0.03479 0.181702 0.0373535 0.307495 0.00162506
13 0.0367279 0.107819 0.0554504 0.203796 0.00160503
4 0.0352173 0.108917 0.050293 0.207947 0.00155067
2 0.519043 0.482422 0.0341797 0.0341797 0.00153732
2 0.513672 0.852051 0.0556641 0.0957031 0.00150204
3 0.0316772 0.132965 0.0343018 0.201355 0.0014658
2 0.536621 0.377441 0.015625 0.0517578 0.00143909
14 0.486328 0.0146484 0.03125 0.02771 0.00139332
1 0.020874 0.954834 0.0303955 0.0493164 0.00139332
1 0.146759 0.963135 0.245056 0.0541992 0.00138283
6 0.0460815 0.0861816 0.0625 0.160156 0.00135803
4 0.967773 0.780762 0.0351562 0.424805 0.00134659
13 0.348633 0.798828 0.22998 0.0498047 0.00134277
9 0.526855 0.852051 0.0507812 0.0927734 0.00131893
2 0.358398 0.807617 0.262695 0.0429688 0.0012989
2 0.0262146 0.188843 0.0169067 0.0532227 0.00128841
2 0.580566 0.0122986 0.0380859 0.0245972 0.00126553
3 0.968994 0.921387 0.0424805 0.133789 0.00126457
3 0.031723 0.896729 0.0420227 0.177246 0.00125027
13 0.0258179 0.189209 0.0174561 0.0524902 0.00124073
13 0.0373535 0.209412 0.0490723 0.3927 0.00123787
2 0.975586 0.945312 0.0390625 0.0839844 0.00121975
19 0.531738 0.615234 0.522461 0.608398 0.00113678
4 0.526855 0.852051 0.0517578 0.0947266 0.00110912
19 0.6875 0.6875 0.443359 0.59375 0.00110149
3 0.979248 0.947998 0.0317383 0.0766602 0.00105572
2 0.0717163 0.964844 0.132446 0.0585938 0.00101662
2 0.562012 0.0127869 0.0292969 0.0244141 0.00100803
2 0.592773 0.0119324 0.0644531 0.0234375 0.00100517
6 0.984375 0.933105 0.03125 0.0947266 0.00100327
