2 0.579102 0.362061 0.28418 0.231934 0.848633
6 0.0341644 0.942139 0.0549622 0.0961914 0.120544
2 0.989258 0.651367 0.0214844 0.0791016 0.0578918
6 0.0318604 0.0763855 0.0551758 0.129944 0.057312
3 0.97168 0.128845 0.0566406 0.227661 0.0507812
1 0.583984 0.364502 0.279297 0.245605 0.0470276
6 0.97583 0.893066 0.0483398 0.178711 0.0409851
2 0.0270691 0.583496 0.0194702 0.0644531 0.0313721
3 0.0327911 0.142975 0.0535583 0.248718 0.0300446
6 0.0279236 0.912842 0.0463257 0.156738 0.0269012
6 0.980469 0.947998 0.0390625 0.0727539 0.0260162
6 0.0834961 0.958496 0.154785 0.0712891 0.0254517
3 0.967529 0.217407 0.0629883 0.423096 0.0234528
6 0.0327911 0.142975 0.0535583 0.248718 0.0212555
2 0.0244293 0.455811 0.0208435 0.0454102 0.0205688
6 0.0484009 0.947754 0.0819092 0.0888672 0.0190277
6 0.972656 0.114014 0.0546875 0.213867 0.0180969
4 0.582031 0.362183 0.276367 0.243408 0.0169983
6 0.98291 0.930908 0.0341797 0.108887 0.0166321
6 0.0358276 0.896973 0.0559082 0.196289 0.0163269
3 0.971436 0.871094 0.0493164 0.228516 0.0158691
6 0.973633 0.0754089 0.0507812 0.134338 0.0155334
3 0.983643 0.856445 0.0327148 0.279297 0.0140228
3 0.0361786 0.946289 0.0565491 0.0917969 0.0127945
1 0.0321655 0.943115 0.0501709 0.090332 0.0112686
3 0.978271 0.899658 0.043457 0.177246 0.0104675
3 0.034668 0.914307 0.0598145 0.163574 0.0104218
2 0.987305 0.760742 0.0195312 0.0742188 0.009552
6 0.983643 0.856445 0.0327148 0.279297 0.00926208
13 0.975342 0.1297 0.0493164 0.24939 0.00901794
2 0.0263977 0.552734 0.020813 0.117188 0.00847626
6 0.585083 0.360352 0.288818 0.241211 0.00842285
13 0.585083 0.360352 0.288818 0.241211 0.0082016
3 0.0350342 0.0758362 0.0518799 0.136414 0.00806427
3 0.0522003 0.717529 0.0733337 0.529785 0.00743484
2 0.989258 0.624512 0.0195312 0.120117 0.00726318
14 0.585083 0.360352 0.288818 0.241211 0.0071106
2 0.984375 0.83667 0.03125 0.316895 0.00709534
6 0.96875 0.0482788 0.0566406 0.0843506 0.00667572
19 0.585083 0.360352 0.288818 0.241211 0.0062561
1 0.0358276 0.0683289 0.0534668 0.11676 0.00587845
16 0.585083 0.360352 0.288818 0.241211 0.00563812
6 0.983398 0.084137 0.03125 0.153503 0.00563431
2 0.586426 0.364624 0.182617 0.215088 0.00562286
9 0.583374 0.363525 0.28833 0.243652 0.00559998
3 0.968506 0.812012 0.0473633 0.34668 0.00542831
11 0.585083 0.360352 0.288818 0.241211 0.00530243
2 0.0292206 0.241455 0.0196838 0.0776367 0.00521088
2 0.0330658 0.941895 0.0637512 0.0869141 0.00505066
3 0.585083 0.360352 0.288818 0.241211 0.00499725
18 0.583374 0.363525 0.28833 0.243652 0.00498581
7 0.585083 0.360352 0.288818 0.241211 0.0049057
3 0.0498047 0.822754 0.0570068 0.295898 0.00487137
3 0.967285 0.846924 0.0341797 0.259277 0.00473404
17 0.585083 0.360352 0.288818 0.241211 0.00471497
2 0.977295 0.151123 0.0395508 0.283203 0.00468826
2 0.980469 0.947998 0.0390625 0.0727539 0.00464249
15 0.585083 0.360352 0.288818 0.241211 0.00455475
5 0.585083 0.360352 0.288818 0.241211 0.00452042
8 0.585083 0.360352 0.288818 0.241211 0.00452042
10 0.585083 0.360352 0.288818 0.241211 0.00441742
12 0.585083 0.360352 0.288818 0.241211 0.00441742
0 0.585083 0.360352 0.288818 0.241211 0.00426483
2 0.0317383 0.253906 0.0192871 0.0668945 0.00418854
13 0.0305176 0.157104 0.0480957 0.28833 0.00417328
2 0.0245972 0.518066 0.0222168 0.174805 0.00408936
6 0.0375824 0.0985107 0.0571594 0.197021 0.00375557
3 0.0366821 0.870117 0.0561523 0.259766 0.00362587
2 0.978516 0.174133 0.0292969 0.187866 0.00362206
2 0.987305 0.77832 0.0234375 0.333984 0.00356674
13 0.983643 0.856445 0.0327148 0.279297 0.00352287
1 0.9729 0.140503 0.0463867 0.276611 0.00341988
6 0.0498047 0.822754 0.0570068 0.295898 0.00334167
3 0.977295 0.0931091 0.0454102 0.157532 0.00326347
2 0.0334473 0.157532 0.0396729 0.301147 0.00321579
13 0.0306396 0.0975037 0.0438232 0.183411 0.00311089
2 0.0328979 0.4021 0.0245361 0.164551 0.00305557
2 0.977295 0.908203 0.0454102 0.142578 0.00298691
6 0.971924 0.174133 0.0541992 0.342163 0.00295067
1 0.0350952 0.106171 0.0557861 0.190491 0.00293922
2 0.989258 0.696289 0.0214844 0.161133 0.00291443
19 0.442383 0.548828 0.490234 0.697266 0.00291443
19 0.75708 0.497559 0.466309 0.645508 0.00291061
6 0.969971 0.955322 0.0600586 0.0620117 0.0029068
2 0.0255432 0.900391 0.043396 0.181641 0.00284386
6 0.0273438 0.93042 0.041626 0.0786133 0.00278282
6 0.0288544 0.866699 0.0531311 0.266602 0.00272942
6 0.98584 0.913818 0.0283203 0.164551 0.00255394
6 0.97168 0.94165 0.0449219 0.0893555 0.00250626
1 0.981689 0.954102 0.0366211 0.0683594 0.002491
2 0.0249023 0.468262 0.0219727 0.0644531 0.00247383
6 0.0301819 0.058548 0.0426636 0.0950623 0.0024662
6 0.0649414 0.937012 0.117188 0.104492 0.00244904
3 0.0205383 0.910645 0.0410767 0.155273 0.00242805
3 0.981689 0.954102 0.0366211 0.0683594 0.00219345
6 0.981201 0.884766 0.027832 0.207031 0.00213432
6 0.0361938 0.829346 0.0594482 0.341309 0.00210762
6 0.0206604 0.928467 0.0413208 0.10791 0.00209427
3 0.981201 0.884766 0.027832 0.207031 0.00208664
19 0.462036 0.608643 0.70874 0.743652 0.00206757
6 0.969727 0.862061 0.0390625 0.242676 0.00206184
2 0.0292816 0.937012 0.0393372 0.0869141 0.00205994
2 0.59668 0.414062 0.249023 0.134766 0.00205231
3 0.0292816 0.937012 0.0393372 0.0869141 0.00201416
2 0.0300293 0.271973 0.020752 0.104004 0.00196075
13 0.971436 0.871094 0.0493164 0.228516 0.00193691
6 0.982422 0.884766 0.0351562 0.216797 0.00193501
3 0.0834961 0.958496 0.154785 0.0712891 0.00189781
13 0.967529 0.217407 0.0629883 0.423096 0.00182915
2 0.0216675 0.584473 0.0170288 0.0634766 0.00181198
3 0.0485992 0.936279 0.0834656 0.111816 0.00175762
13 0.0349121 0.93335 0.0648193 0.111816 0.00174618
2 0.0306244 0.577637 0.0195618 0.0693359 0.00173759
2 0.982422 0.646484 0.0234375 0.0742188 0.00172997
2 0.0282593 0.431274 0.0223389 0.0837402 0.00171185
13 0.96167 0.730957 0.0395508 0.50293 0.00167942
3 0.983398 0.084137 0.03125 0.153503 0.00163651
3 0.97583 0.0506439 0.0463867 0.091095 0.00162029
2 0.586792 0.397705 0.32251 0.347168 0.00160122
3 0.0486298 0.875977 0.0785217 0.205078 0.00159931
3 0.969482 0.0736389 0.0610352 0.125183 0.0015974
3 0.962891 0.331543 0.0742188 0.663086 0.00153255
19 0.437988 0.253967 0.40918 0.498901 0.00152683
19 0.32373 0.465576 0.463867 0.681152 0.00151825
3 0.972656 0.918701 0.046875 0.135254 0.00150394
6 0.982178 0.0532379 0.027832 0.0895691 0.00150204
3 0.98584 0.913818 0.0283203 0.164551 0.00149441
13 0.987305 0.760742 0.0195312 0.0742188 0.00149345
6 0.95874 0.955078 0.074707 0.078125 0.00148296
19 0.759766 0.323486 0.462891 0.410645 0.0014801
13 0.968506 0.812012 0.0473633 0.34668 0.00146294
13 0.982422 0.162292 0.0253906 0.190063 0.00145531
2 0.983398 0.145813 0.0234375 0.172241 0.00144672
13 0.988281 0.656738 0.0195312 0.0810547 0.00143909
19 0.463379 0.828613 0.867188 0.342773 0.00143337
3 0.982422 0.884766 0.0351562 0.216797 0.00140285
2 0.989258 0.669434 0.0195312 0.0839844 0.00139809
19 0.62561 0.755615 0.52417 0.461426 0.00139236
2 0.986328 0.672363 0.0214844 0.108398 0.00137234
4 0.0334473 0.157532 0.0396729 0.301147 0.00135803
19 0.628418 0.631714 0.577148 0.609619 0.00134659
19 0.575195 0.224121 0.419922 0.448242 0.00133896
2 0.987305 0.778809 0.015625 0.0664062 0.00132656
13 0.0955505 0.959229 0.181946 0.0717773 0.00130463
2 0.98291 0.930908 0.0341797 0.108887 0.00129986
2 0.031601 0.203247 0.0262756 0.264404 0.00129414
4 0.442383 0.548828 0.490234 0.697266 0.00128746
3 0.0254059 0.111603 0.0375671 0.201111 0.00127029
6 0.0187378 0.89917 0.0374756 0.193848 0.00126171
2 0.982422 0.236389 0.0351562 0.439331 0.00125599
13 0.0255432 0.900391 0.043396 0.181641 0.00123978
2 0.989258 0.59375 0.0214844 0.141602 0.00123215
4 0.580078 0.246338 0.360352 0.443848 0.00123119
3 0.982178 0.930664 0.0356445 0.113281 0.00122452
4 0.0352783 0.93335 0.0582275 0.115723 0.00121498
13 0.0264893 0.585938 0.0189209 0.0644531 0.00120449
4 0.75708 0.497559 0.466309 0.645508 0.0011692
3 0.0336914 0.100708 0.0657959 0.169922 0.00116348
2 0.0343018 0.267822 0.0174561 0.0927734 0.0011301
2 0.0306396 0.0975037 0.0438232 0.183411 0.00112724
1 0.971924 0.948242 0.0522461 0.0878906 0.00110626
1 0.31427 0.960938 0.470093 0.0742188 0.00109673
2 0.533691 0.329102 0.222656 0.22998 0.00109386
2 0.0280151 0.609375 0.0197754 0.111328 0.00107574
13 0.0318604 0.0763855 0.0551758 0.129944 0.00106335
2 0.0274963 0.28833 0.0217896 0.112305 0.00106335
6 0.0254059 0.111603 0.0375671 0.201111 0.00106335
8 0.759766 0.323486 0.462891 0.410645 0.00106144
19 0.508789 0.690063 0.507812 0.537842 0.00105476
19 0.512207 0.214844 0.453125 0.429688 0.00104427
3 0.978271 0.174805 0.043457 0.317871 0.00103378
2 0.986328 0.659668 0.0273438 0.0800781 0.00102997
3 0.0300293 0.823975 0.0545654 0.338379 0.00102329
6 0.0264587 0.956543 0.0521851 0.0869141 0.00101566
