2 0.60498 0.839844 0.121094 0.0810547 0.564453
2 0.0547028 0.0811157 0.0761414 0.127319 0.364502
4 0.239258 0.641113 0.152832 0.547852 0.280273
4 0.503418 0.658203 0.177734 0.504883 0.16394
3 0.054718 0.49353 0.0990601 0.960205 0.128784
3 0.0375824 0.371826 0.0637512 0.743652 0.119263
2 0.0664368 0.0339355 0.0604858 0.0374756 0.10083
3 0.955566 0.460083 0.0849609 0.904053 0.0668945
4 0.249023 0.473633 0.175781 0.947266 0.0528259
2 0.0624695 0.0429688 0.0664673 0.0570068 0.0465393
6 0.981689 0.952148 0.034668 0.0585938 0.0360413
2 0.0634766 0.119263 0.0311279 0.0561523 0.0319214
3 0.0424957 0.399231 0.0549011 0.389038 0.029068
2 0.0341644 0.459473 0.0549622 0.918945 0.0279999
2 0.0424805 0.402466 0.0540771 0.355225 0.0251923
6 0.0256348 0.928223 0.0385742 0.108398 0.0206909
2 0.0452881 0.293091 0.0771484 0.577881 0.0173798
6 0.0258484 0.949707 0.0360718 0.0712891 0.0155716
2 0.981689 0.952148 0.034668 0.0585938 0.0149307
1 0.979492 0.95459 0.0371094 0.0576172 0.0141296
1 0.0246582 0.948975 0.0322266 0.0708008 0.0140152
1 0.60498 0.839844 0.124023 0.0771484 0.0133286
3 0.959961 0.366455 0.0605469 0.695801 0.0130692
4 0.308533 0.457031 0.29895 0.914062 0.0110016
3 0.0290222 0.92041 0.0466919 0.106445 0.00942993
3 0.0419922 0.437256 0.0465088 0.655762 0.00897217
1 0.908691 0.967285 0.145508 0.0419922 0.0087204
3 0.983887 0.942871 0.0322266 0.0751953 0.00844574
6 0.976318 0.11264 0.0395508 0.200989 0.00782013
6 0.974609 0.0424194 0.0429688 0.0744629 0.00699997
4 0.489258 0.554565 0.172852 0.750244 0.00675964
1 0.0543976 0.0797729 0.0782166 0.126343 0.00621414
6 0.895508 0.02771 0.208984 0.0554199 0.00605011
2 0.602051 0.839355 0.0742188 0.0732422 0.00590897
3 0.0283203 0.295898 0.0549316 0.591797 0.00580597
3 0.0474243 0.294678 0.0772705 0.570801 0.00547409
2 0.0634613 0.0620117 0.0644836 0.0803223 0.00534821
2 0.0254364 0.949219 0.0379944 0.0683594 0.00531006
2 0.0512085 0.125854 0.0684814 0.231689 0.00524521
1 0.978271 0.938721 0.043457 0.097168 0.00520706
3 0.0493927 0.653076 0.0769958 0.693848 0.00497055
3 0.975586 0.857178 0.046875 0.250488 0.00491333
2 0.0419922 0.437256 0.0465088 0.655762 0.00490189
2 0.908691 0.967285 0.145508 0.0419922 0.00453568
3 0.0348511 0.509277 0.0697021 0.981445 0.00440216
3 0.976318 0.11264 0.0395508 0.200989 0.0043602
4 0.475464 0.601562 0.174072 0.514648 0.00431061
2 0.0521088 0.502441 0.0971985 0.96582 0.00402069
2 0.0411377 0.220947 0.0606689 0.441895 0.00397491
2 0.0509033 0.115723 0.0372314 0.108887 0.00396347
6 0.862305 0.0332031 0.244141 0.0664062 0.00394821
2 0.0644531 0.102173 0.0498047 0.0837402 0.00392151
2 0.606445 0.835938 0.132812 0.125 0.00382042
14 0.603027 0.838867 0.125977 0.0751953 0.00378036
4 0.951416 0.489014 0.0913086 0.971191 0.00349617
6 0.920166 0.0355225 0.14209 0.0710449 0.00349045
6 0.0258026 0.898438 0.0426331 0.15625 0.00323486
6 0.970703 0.059967 0.0527344 0.110046 0.00321579
3 0.0314941 0.892334 0.0455322 0.164551 0.0028038
13 0.981689 0.956787 0.034668 0.0551758 0.00275993
6 0.983887 0.942871 0.0322266 0.0751953 0.00270081
4 0.274658 0.5448 0.179199 0.705322 0.00263023
2 0.852539 0.964111 0.0605469 0.0385742 0.00252914
1 0.983887 0.942871 0.0322266 0.0751953 0.00240326
2 0.0524445 0.160889 0.0799255 0.321777 0.00231361
4 0.444702 0.463867 0.243408 0.927734 0.002285
3 0.0470428 0.566406 0.0484924 0.802734 0.00227547
6 0.0521088 0.502441 0.0971985 0.96582 0.00224495
2 0.983887 0.942871 0.0322266 0.0751953 0.00222778
4 0.377502 0.474243 0.405151 0.781982 0.00219727
2 0.0277405 0.264404 0.0166626 0.0639648 0.00216484
4 0.054718 0.49353 0.0990601 0.960205 0.00215149
2 0.976318 0.94873 0.0375977 0.0810547 0.00209236
2 0.0453491 0.0960999 0.0506592 0.128113 0.00206184
4 0.470703 0.659668 0.385742 0.544922 0.00203133
3 0.974854 0.0470581 0.0424805 0.0888672 0.0020256
13 0.0541992 0.0815277 0.0731201 0.121857 0.00189686
1 0.977539 0.96582 0.0292969 0.0566406 0.00186348
2 0.0395508 0.110474 0.0469971 0.195801 0.00185204
13 0.603027 0.839844 0.123047 0.078125 0.00184155
6 0.975586 0.857178 0.046875 0.250488 0.00182056
2 0.078125 0.0453644 0.0830078 0.0638123 0.00175571
6 0.957275 0.0373535 0.0717773 0.0679932 0.00171471
4 0.608398 0.841797 0.120117 0.0712891 0.0017004
2 0.613281 0.854492 0.117188 0.0683594 0.00169468
2 0.0285339 0.321289 0.0435181 0.642578 0.00168228
2 0.734863 0.849121 0.404297 0.0957031 0.00166988
3 0.982422 0.954834 0.0292969 0.0571289 0.00162792
3 0.966064 0.149231 0.0561523 0.27771 0.00158024
3 0.0561981 0.38855 0.0792542 0.529541 0.00157547
4 0.207977 0.409424 0.233459 0.818848 0.00150108
2 0.0246887 0.924561 0.0410767 0.105957 0.00149345
2 0.0301819 0.127045 0.0341187 0.212219 0.00149345
2 0.0447845 0.131683 0.0364075 0.141907 0.00145626
2 0.0302734 0.718994 0.0432129 0.51123 0.00144291
2 0.0378418 0.544434 0.0223389 0.0712891 0.00143337
6 0.966309 0.0335846 0.0517578 0.051239 0.00142002
1 0.955811 0.504883 0.0883789 0.978516 0.00138474
2 0.977539 0.96582 0.0292969 0.0566406 0.00136566
1 0.0634766 0.120148 0.0300293 0.0565796 0.00136471
2 0.644531 0.846191 0.228516 0.0820312 0.00135136
6 0.976318 0.94873 0.0375977 0.0810547 0.00134563
3 0.972656 0.715088 0.0449219 0.534668 0.0013361
3 0.0283203 0.457764 0.050415 0.915527 0.00130653
3 0.978271 0.938721 0.043457 0.097168 0.00126743
1 0.054718 0.49353 0.0990601 0.960205 0.00126743
1 0.0375824 0.371826 0.0637512 0.743652 0.00123882
2 0.76709 0.856445 0.432617 0.158203 0.00123501
3 0.0238342 0.490234 0.0476685 0.980469 0.00118732
4 0.974365 0.214355 0.0512695 0.426758 0.00117207
2 0.0678406 0.102783 0.0942993 0.173096 0.00113583
4 0.0553894 0.0851135 0.0806274 0.126648 0.0011301
1 0.0297699 0.924561 0.0464172 0.111816 0.00111198
6 0.0375824 0.371826 0.0637512 0.743652 0.00110817
3 0.981445 0.917725 0.0371094 0.158691 0.00109959
6 0.966064 0.149231 0.0561523 0.27771 0.00108337
2 0.0275269 0.26416 0.0299072 0.325684 0.00108337
4 0.696777 0.478516 0.478516 0.884766 0.00107193
3 0.0796051 0.389648 0.110565 0.779297 0.00107002
2 0.0343018 0.442627 0.0357666 0.368652 0.00104237
2 0.0421295 0.540527 0.0249939 0.0976562 0.00103188
13 0.955811 0.504883 0.0883789 0.978516 0.00102997
13 0.0240173 0.144135 0.0259399 0.198059 0.00102234
2 0.0691986 0.29895 0.0845032 0.597412 0.00101852
3 0.962646 0.683472 0.0610352 0.633057 0.00100327
