2 0.641602 0.660156 0.105469 0.171875 0.733887
2 0.33667 0.871094 0.152344 0.0244141 0.0695801
2 0.026413 0.539551 0.0221252 0.186523 0.0481262
3 0.958008 0.499268 0.0839844 0.98584 0.0361328
2 0.0222015 0.600586 0.02005 0.0878906 0.0300598
3 0.964355 0.632568 0.0693359 0.734863 0.0295715
2 0.210449 0.103271 0.0585938 0.116943 0.0282898
1 0.980469 0.130127 0.0371094 0.230957 0.0245056
6 0.979736 0.941895 0.0405273 0.0810547 0.0192108
3 0.968994 0.847168 0.0620117 0.245117 0.0163727
6 0.0395508 0.114136 0.0583496 0.226807 0.0163422
2 0.393677 0.859863 0.261475 0.0537109 0.0159607
3 0.0417328 0.334717 0.0466614 0.638184 0.0153198
3 0.96875 0.712524 0.0625 0.528076 0.0148087
3 0.978271 0.895264 0.043457 0.168457 0.0137863
2 0.0248108 0.580566 0.0198364 0.132812 0.0114594
3 0.978516 0.926758 0.0429688 0.105469 0.0100479
3 0.038147 0.143127 0.0501709 0.249878 0.00984955
6 0.97876 0.130524 0.034668 0.224304 0.00936127
2 0.0244141 0.629395 0.0241699 0.163086 0.0087738
2 0.643555 0.65625 0.0859375 0.113281 0.00845337
2 0.674316 0.654297 0.197266 0.168945 0.00753403
3 0.955078 0.415283 0.0664062 0.830566 0.00716019
1 0.975098 0.94873 0.0498047 0.0791016 0.00660706
6 0.979736 0.898438 0.0405273 0.185547 0.00647736
2 0.0393066 0.324707 0.0266113 0.212402 0.00638962
1 0.0941162 0.958496 0.156738 0.0673828 0.00637817
6 0.033432 0.0785828 0.0593567 0.152405 0.00626755
13 0.641602 0.661133 0.110352 0.172852 0.00618744
3 0.0449829 0.440918 0.0621338 0.881836 0.00585938
3 0.969727 0.914551 0.0566406 0.118164 0.00561523
1 0.0296326 0.116364 0.0414429 0.201355 0.00537109
2 0.311279 0.871582 0.0961914 0.0205078 0.00527191
4 0.641602 0.660156 0.108398 0.166992 0.00517273
2 0.413086 0.850586 0.280273 0.0878906 0.0051651
2 0.369751 0.867188 0.199951 0.0361328 0.0047226
6 0.0392456 0.0515594 0.0643311 0.101471 0.00437927
13 0.0225525 0.612305 0.0214233 0.121094 0.00428772
3 0.966309 0.347168 0.0615234 0.694336 0.00415802
2 0.615723 0.648926 0.250977 0.227539 0.00401688
2 0.979736 0.941895 0.0405273 0.0810547 0.00400543
1 0.0388184 0.12677 0.0603027 0.253296 0.00389481
4 0.0417328 0.334717 0.0466614 0.638184 0.00349045
14 0.641602 0.661133 0.110352 0.172852 0.00332069
1 0.0263672 0.938477 0.0263672 0.0507812 0.00318718
2 0.668945 0.657227 0.115234 0.181641 0.00318336
9 0.641602 0.661133 0.110352 0.172852 0.00307274
2 0.0263672 0.938477 0.0263672 0.0507812 0.00303841
2 0.152832 0.187927 0.0473633 0.14563 0.00295258
1 0.984131 0.946045 0.0317383 0.074707 0.00293922
1 0.0688477 0.950928 0.11084 0.0649414 0.00293541
13 0.038147 0.143127 0.0501709 0.249878 0.00287819
2 0.0291443 0.512207 0.0199585 0.19043 0.00270462
1 0.641602 0.660156 0.108398 0.166992 0.00265312
2 0.38562 0.875488 0.244385 0.0292969 0.00261497
2 0.393311 0.0124817 0.0249023 0.0249634 0.00254059
6 0.0366364 0.153503 0.0422058 0.272095 0.00253105
3 0.969727 0.290649 0.0429688 0.543701 0.00251579
3 0.0397949 0.0827637 0.0585938 0.165527 0.00231171
2 0.0348511 0.129547 0.0493164 0.204285 0.00218582
3 0.970947 0.937744 0.0463867 0.0991211 0.00212479
7 0.641602 0.661133 0.110352 0.172852 0.00209999
6 0.0296326 0.116364 0.0414429 0.201355 0.00204086
2 0.650391 0.632812 0.0927734 0.130859 0.00202751
13 0.0226593 0.599121 0.0196228 0.078125 0.00196266
3 0.986328 0.937744 0.0273438 0.0854492 0.00195694
8 0.641602 0.661133 0.110352 0.172852 0.00192738
6 0.641602 0.661133 0.110352 0.172852 0.00191212
16 0.641602 0.661133 0.110352 0.172852 0.00189877
6 0.0253601 0.923828 0.0377808 0.0996094 0.00185013
19 0.641602 0.661133 0.110352 0.172852 0.00183296
5 0.641602 0.661133 0.110352 0.172852 0.001791
10 0.641602 0.661133 0.110352 0.172852 0.00176239
18 0.641602 0.661133 0.110352 0.172852 0.00174236
1 0.976807 0.925049 0.0463867 0.118652 0.00171471
2 0.0292664 0.944824 0.0361938 0.0556641 0.00170803
1 0.0299072 0.945068 0.0371094 0.0551758 0.00162888
17 0.641602 0.661133 0.110352 0.172852 0.00161839
12 0.641602 0.661133 0.110352 0.172852 0.00161839
11 0.641602 0.661133 0.110352 0.172852 0.00157452
2 0.0214844 0.556152 0.0198975 0.163086 0.00156975
0 0.641602 0.661133 0.110352 0.172852 0.00156307
6 0.95459 0.948242 0.0810547 0.0996094 0.0015583
4 0.513184 0.505249 0.385742 0.682861 0.0015564
4 0.376465 0.468872 0.134277 0.769287 0.00155354
15 0.641602 0.661133 0.110352 0.172852 0.00152683
3 0.976562 0.163452 0.0332031 0.28833 0.0015173
3 0.980957 0.94873 0.0380859 0.0771484 0.00148392
2 0.0292206 0.661621 0.0213928 0.168945 0.00147247
6 0.0488434 0.0668182 0.08078 0.124664 0.00146484
3 0.976807 0.819824 0.0463867 0.294922 0.00145817
2 0.0262146 0.544434 0.0302124 0.28125 0.00141144
19 0.513184 0.505249 0.385742 0.682861 0.00140762
6 0.977539 0.0818176 0.0410156 0.143494 0.00138664
2 0.0410309 0.943359 0.0475769 0.0644531 0.00136948
1 0.037796 0.0663757 0.0608826 0.124573 0.00133991
3 0.984863 0.917236 0.0302734 0.14209 0.00132942
6 0.984863 0.917236 0.0302734 0.14209 0.00129986
3 0.641602 0.661133 0.110352 0.172852 0.00129128
2 0.0366821 0.586426 0.0352783 0.666016 0.00127983
6 0.976318 0.856934 0.0473633 0.239258 0.00124454
6 0.914307 0.94751 0.171387 0.0932617 0.00121784
2 0.0228577 0.603516 0.0331421 0.0859375 0.00121117
2 0.0268707 0.524414 0.0180359 0.0898438 0.00120831
6 0.969971 0.939453 0.0561523 0.121094 0.00120544
3 0.043335 0.148804 0.0695801 0.297607 0.001194
2 0.0256348 0.555664 0.0185547 0.0908203 0.00117111
1 0.914307 0.94751 0.171387 0.0932617 0.00114059
6 0.0259857 0.936279 0.0325012 0.0688477 0.0011282
6 0.0516052 0.0432739 0.0906372 0.079834 0.00112534
1 0.0410309 0.943359 0.0475769 0.0644531 0.00108051
1 0.958008 0.499268 0.0839844 0.98584 0.00106525
1 0.97168 0.169495 0.0390625 0.29187 0.00103092
6 0.968018 0.895996 0.0639648 0.208008 0.00103092
1 0.117157 0.972412 0.217834 0.0551758 0.00102901
2 0.435669 0.868164 0.335693 0.0527344 0.00102615
