14 0.591797 0.0490723 0.131836 0.0404053 0.655762
2 0.592773 0.0465546 0.146484 0.035553 0.316162
2 0.451538 0.647461 0.0402832 0.12793 0.15564
1 0.592773 0.0440674 0.149414 0.0395508 0.128906
2 0.620117 0.0453644 0.188477 0.0508728 0.106445
2 0.455078 0.693359 0.0478516 0.213867 0.0960693
3 0.957275 0.483887 0.0854492 0.948242 0.0589294
3 0.0302734 0.496094 0.0552979 0.992188 0.0361938
3 0.0466003 0.501465 0.0932007 0.981445 0.0259094
3 0.0377808 0.720215 0.0574951 0.500977 0.0234222
3 0.968262 0.710327 0.0458984 0.550049 0.022995
3 0.976318 0.262451 0.0454102 0.45459 0.0144119
2 0.752686 0.0419312 0.432129 0.0563965 0.0129471
14 0.589844 0.0501709 0.0732422 0.0378418 0.0107803
3 0.960449 0.413086 0.0654297 0.826172 0.00926971
2 0.977539 0.256653 0.0429688 0.450562 0.00665665
6 0.0263062 0.918945 0.0457764 0.119141 0.00648499
2 0.592285 0.0366821 0.157227 0.0445557 0.00485229
1 0.836426 0.604004 0.0644531 0.0693359 0.00457382
2 0.676758 0.0484619 0.267578 0.057373 0.00435638
1 0.1185 0.243713 0.0852661 0.0565186 0.00416183
3 0.0298615 0.918457 0.0498962 0.12207 0.0041008
3 0.982422 0.117737 0.0351562 0.202026 0.00395966
1 0.589355 0.0519409 0.137695 0.0319824 0.00381851
3 0.0253906 0.713135 0.0427246 0.530762 0.00380516
3 0.981201 0.9104 0.0375977 0.144043 0.00370407
2 0.984375 0.778809 0.0273438 0.43457 0.00368118
6 0.983398 0.893066 0.03125 0.194336 0.00361061
2 0.968262 0.710327 0.0458984 0.550049 0.00354385
2 0.558105 0.0493164 0.151367 0.0321045 0.00342941
6 0.982666 0.136627 0.034668 0.233093 0.0033989
3 0.0442505 0.43335 0.0634766 0.866699 0.00307274
1 0.620117 0.0453644 0.188477 0.0508728 0.00297356
3 0.025589 0.929199 0.0342712 0.124023 0.0029583
14 0.599121 0.0523224 0.139648 0.0643005 0.00280571
4 0.727051 0.599731 0.0810547 0.58374 0.00265694
3 0.964111 0.600342 0.065918 0.799316 0.00264549
2 0.443115 0.634277 0.0351562 0.117188 0.00248337
13 0.972412 0.170654 0.0356445 0.313965 0.00246048
6 0.782227 0.0430908 0.419922 0.0541992 0.00234413
6 0.0276489 0.899414 0.0377197 0.191406 0.00231743
2 0.588379 0.0522461 0.108398 0.029541 0.0023098
3 0.0395508 0.332642 0.0473633 0.623779 0.00229073
4 0.806152 0.808594 0.0654297 0.361328 0.00221443
2 0.0372314 0.482788 0.0533447 0.889893 0.00216866
2 0.444824 0.620605 0.0288086 0.0849609 0.00214577
9 0.591309 0.048645 0.131836 0.0426025 0.00214005
3 0.972412 0.183655 0.0551758 0.32019 0.00209045
13 0.587402 0.0460205 0.117188 0.0484619 0.00192165
4 0.587891 0.0499268 0.125977 0.0367432 0.00190735
1 0.957275 0.483887 0.0854492 0.948242 0.00190544
14 0.105316 0.242676 0.0505981 0.0615234 0.00182152
4 0.703125 0.775391 0.0722656 0.400391 0.00176716
3 0.969727 0.378052 0.0605469 0.67749 0.00175762
6 0.745117 0.0327759 0.503906 0.0447998 0.00173855
6 0.0264587 0.936279 0.0372925 0.0942383 0.00173569
2 0.96167 0.5 0.0688477 1 0.00173283
14 0.572266 0.0467529 0.106445 0.0303955 0.00169182
3 0.972656 0.148132 0.0410156 0.25354 0.00168324
4 0.456055 0.671875 0.0439453 0.176758 0.00166893
4 0.978516 0.251587 0.0429688 0.469482 0.00161362
3 0.978516 0.0942688 0.0429688 0.14447 0.00160789
2 0.0319214 0.723633 0.0439453 0.454102 0.0015955
3 0.0276489 0.899414 0.0377197 0.191406 0.00154114
14 0.1185 0.243713 0.0852661 0.0565186 0.00150776
2 0.445435 0.671387 0.048584 0.158203 0.00150776
13 0.980713 0.24646 0.0385742 0.454346 0.00145531
6 0.819824 0.03479 0.333008 0.0544434 0.00140762
13 0.982422 0.130615 0.03125 0.20752 0.00139713
4 0.0545349 0.539551 0.0813599 0.901367 0.00128937
6 0.976807 0.184387 0.0444336 0.325562 0.00126743
6 0.026062 0.953125 0.0339355 0.0664062 0.00123405
3 0.034729 0.49939 0.069458 0.630127 0.00120735
14 0.577148 0.0561523 0.111328 0.0319824 0.00119686
1 0.940918 0.94165 0.104492 0.108887 0.00117779
1 0.745117 0.0327759 0.503906 0.0447998 0.00117588
8 0.592285 0.0494385 0.129883 0.0400391 0.00116539
1 0.531372 0.0454102 0.294678 0.0421143 0.00116348
3 0.0193787 0.915771 0.0338745 0.146973 0.00115681
4 0.0302734 0.505249 0.0556641 0.987549 0.00106144
6 0.983154 0.957031 0.0336914 0.0566406 0.00102997
6 0.592285 0.0494385 0.129883 0.0400391 0.00102901
2 0.463013 0.658203 0.0544434 0.142578 0.0010252
19 0.591797 0.048111 0.130859 0.0419617 0.00101852
1 0.969482 0.921631 0.0551758 0.14502 0.00100517
