2 0.518066 0.283691 0.0488281 0.168945 0.83252
1 0.03302 0.0864868 0.0373535 0.157349 0.128296
6 0.0374756 0.933594 0.0571289 0.0898438 0.0735474
6 0.0326538 0.0830383 0.0421143 0.154724 0.0665894
2 0.0331421 0.0913391 0.038208 0.171326 0.0531921
6 0.0862122 0.956543 0.161072 0.0693359 0.0484314
6 0.053833 0.941406 0.0837402 0.09375 0.023468
2 0.982422 0.155487 0.0234375 0.146545 0.0212097
6 0.0743103 0.947266 0.120422 0.0722656 0.0207367
6 0.038208 0.919922 0.0617676 0.152344 0.0179291
3 0.0392456 0.162231 0.039917 0.293701 0.0147324
3 0.968262 0.911377 0.0576172 0.130371 0.0146179
3 0.0344238 0.0820312 0.0452881 0.158203 0.0144043
6 0.97168 0.0385742 0.0488281 0.0749512 0.013176
2 0.518555 0.277832 0.0332031 0.0917969 0.01194
6 0.123322 0.952637 0.226013 0.0947266 0.0116806
6 0.978271 0.893555 0.0415039 0.195312 0.0105286
6 0.0348969 0.138245 0.0386047 0.239136 0.0102997
6 0.0322723 0.895508 0.0482483 0.169922 0.00875854
3 0.964111 0.257324 0.050293 0.476562 0.00830841
3 0.0395355 0.868896 0.0561829 0.23291 0.00818634
2 0.513672 0.273682 0.0351562 0.138672 0.00794983
3 0.0374756 0.933594 0.0571289 0.0898438 0.00790405
1 0.033371 0.144043 0.0375061 0.243652 0.00753403
3 0.0438232 0.226807 0.0406494 0.423828 0.00686646
3 0.960205 0.505005 0.0698242 0.98999 0.00684738
3 0.978271 0.893555 0.0415039 0.195312 0.00601959
2 0.982422 0.119995 0.0195312 0.0944824 0.0057373
13 0.0350952 0.0855713 0.043335 0.162109 0.00528336
6 0.0388184 0.869385 0.0507812 0.243652 0.00521088
3 0.0370941 0.915771 0.0586243 0.148926 0.00518417
6 0.0460205 0.919922 0.076416 0.103516 0.00485229
2 0.983398 0.201416 0.0234375 0.260742 0.00477219
2 0.82373 0.0126038 0.0244141 0.0252075 0.00476074
1 0.0377197 0.93335 0.0627441 0.0864258 0.00466919
6 0.977783 0.0570221 0.0385742 0.0995789 0.00457764
2 0.503418 0.285156 0.0410156 0.160645 0.00447464
6 0.0459442 0.885498 0.0738831 0.182129 0.00439453
2 0.0984802 0.958984 0.182434 0.0722656 0.00427246
6 0.974365 0.938721 0.0415039 0.0952148 0.00370979
2 0.521973 0.265564 0.046875 0.113403 0.00353432
6 0.956787 0.0372314 0.0786133 0.0678711 0.0031662
6 0.0415039 0.956299 0.0623779 0.0639648 0.0030365
6 0.983398 0.0451202 0.03125 0.0762634 0.00300217
4 0.312927 0.463745 0.45813 0.824463 0.0029335
1 0.0984802 0.958984 0.182434 0.0722656 0.00291824
3 0.972412 0.177917 0.0415039 0.31604 0.00279617
2 0.037735 0.941162 0.0656433 0.0708008 0.00270271
19 0.312927 0.463745 0.45813 0.824463 0.0026226
2 0.0440063 0.325928 0.0438232 0.619629 0.00251007
2 0.0312653 0.933105 0.033905 0.0693359 0.00244713
1 0.967529 0.0375977 0.059082 0.0749512 0.00243568
6 0.112305 0.967041 0.181885 0.0600586 0.00229263
1 0.0747375 0.948975 0.135193 0.0708008 0.00226784
2 0.0355835 0.161743 0.0373535 0.295654 0.00221062
13 0.516602 0.284424 0.0419922 0.158691 0.00219917
3 0.0319366 0.122711 0.0345154 0.20282 0.0021286
3 0.053833 0.941406 0.0837402 0.09375 0.00212669
1 0.123322 0.952637 0.226013 0.0947266 0.00212479
3 0.0842896 0.950684 0.15979 0.0732422 0.00208664
3 0.975586 0.130798 0.0390625 0.210083 0.00201988
2 0.821777 0.0140686 0.0371094 0.0281372 0.00200272
3 0.980469 0.127411 0.0253906 0.192932 0.0019989
3 0.967041 0.863037 0.0522461 0.240723 0.00188541
1 0.032547 0.0855103 0.0386658 0.0921631 0.00183296
1 0.0275879 0.104614 0.0291748 0.158691 0.00181007
6 0.0308533 0.950195 0.0529175 0.0605469 0.00179195
6 0.0733337 0.923828 0.112122 0.152344 0.00177193
6 0.0435333 0.0903931 0.0572205 0.180786 0.00172806
2 0.516113 0.0118713 0.0302734 0.0237427 0.00168705
6 0.976562 0.108856 0.0449219 0.176819 0.00164223
4 0.515625 0.286865 0.0419922 0.171387 0.00156307
13 0.978271 0.893555 0.0415039 0.195312 0.00153351
2 0.512207 0.310547 0.0380859 0.140137 0.00145435
2 0.981689 0.140259 0.034668 0.123779 0.00143623
2 0.031723 0.921875 0.0559387 0.103516 0.00142097
1 0.938721 0.0354309 0.114746 0.0708618 0.00140667
2 0.967529 0.912598 0.0551758 0.137695 0.00140381
3 0.977783 0.0425415 0.0385742 0.0755615 0.0014019
13 0.972656 0.0394287 0.0488281 0.0682373 0.00135612
3 0.0273438 0.226807 0.0328369 0.443848 0.00134277
13 0.033371 0.144043 0.0375061 0.243652 0.00134087
2 0.986328 0.138184 0.0195312 0.103271 0.00133705
1 0.0487061 0.946289 0.0820312 0.078125 0.00129318
2 0.0317993 0.231201 0.0324707 0.45166 0.00126553
13 0.981445 0.135254 0.0214844 0.127197 0.00126171
3 0.960938 0.339111 0.0605469 0.678223 0.00123596
19 0.464722 0.527466 0.552979 0.767334 0.00122166
1 0.515625 0.286865 0.0419922 0.171387 0.00118923
6 0.96875 0.958984 0.0507812 0.0585938 0.00118828
3 0.0274963 0.888184 0.0344849 0.198242 0.00115871
13 0.0374756 0.933594 0.0571289 0.0898438 0.00114727
6 0.979492 0.111969 0.0253906 0.15155 0.00114155
6 0.979736 0.956055 0.034668 0.0683594 0.00111389
1 0.9021 0.0315552 0.195801 0.0631104 0.00111198
2 0.53418 0.280762 0.0673828 0.182617 0.00110531
3 0.965332 0.717163 0.0517578 0.536377 0.00109482
13 0.0984802 0.958984 0.182434 0.0722656 0.00109196
6 0.091217 0.942139 0.135925 0.10791 0.00108433
3 0.977539 0.947266 0.0371094 0.0859375 0.0010767
