2 0.501465 0.269531 0.34082 0.0961914 0.880859
14 0.424561 0.48584 0.0268555 0.0449219 0.634766
14 0.418457 0.484375 0.0249023 0.0458984 0.0987549
3 0.952393 0.496582 0.0913086 0.924805 0.0927734
3 0.0471191 0.409668 0.0698242 0.819336 0.0788574
2 0.97583 0.829102 0.0307617 0.324219 0.0706177
2 0.0279083 0.72168 0.016571 0.0625 0.0549316
2 0.493164 0.273926 0.216797 0.0874023 0.0256348
3 0.041687 0.276611 0.0635986 0.527832 0.0249939
6 0.976562 0.957031 0.0410156 0.0566406 0.0247955
2 0.969727 0.885742 0.0292969 0.175781 0.0179596
6 0.0289917 0.911377 0.0385742 0.165527 0.0172577
2 0.0338745 0.798828 0.0307617 0.349609 0.016571
3 0.9646 0.678345 0.0571289 0.578857 0.0155411
6 0.0353851 0.854492 0.0388489 0.267578 0.0153732
2 0.494751 0.283691 0.354248 0.155762 0.0148926
2 0.0351715 0.352173 0.0671082 0.631592 0.0148468
2 0.0275726 0.627441 0.0169983 0.132812 0.0143738
14 0.421387 0.48584 0.0463867 0.0458984 0.0130234
2 0.969971 0.934326 0.0288086 0.0981445 0.0120544
3 0.952148 0.652832 0.0722656 0.672852 0.0117035
2 0.979492 0.955322 0.0332031 0.0561523 0.0114212
2 0.692383 0.664062 0.0195312 0.0683594 0.0106888
3 0.964355 0.337524 0.0673828 0.656982 0.0102081
6 0.975586 0.888916 0.0351562 0.190918 0.0102005
2 0.0320282 0.562134 0.025177 0.428467 0.00950623
13 0.0279083 0.72168 0.016571 0.0625 0.00811005
2 0.422363 0.483887 0.0244141 0.046875 0.00808716
2 0.971436 0.958984 0.0473633 0.0585938 0.00751114
2 0.029129 0.758301 0.0190125 0.129883 0.00730133
2 0.0279999 0.648438 0.0204163 0.195312 0.00728989
2 0.0357208 0.510376 0.0362244 0.629639 0.00714874
3 0.0634308 0.505737 0.094574 0.982666 0.00683975
2 0.969482 0.761963 0.0336914 0.427246 0.0065918
2 0.0297089 0.764648 0.0223694 0.307617 0.00617599
2 0.0302734 0.821289 0.0245361 0.176758 0.00597
6 0.0293579 0.103119 0.0446777 0.198059 0.00579834
3 0.0341187 0.912109 0.0491943 0.164062 0.00574112
6 0.976807 0.936279 0.0366211 0.0922852 0.00542831
14 0.421631 0.495117 0.0307617 0.0439453 0.00491333
2 0.0371704 0.383911 0.043335 0.644287 0.00487137
14 0.43042 0.488281 0.0288086 0.0488281 0.00484467
6 0.977539 0.132446 0.0351562 0.193115 0.0047226
14 0.421875 0.474976 0.0292969 0.0490723 0.00456238
2 0.470215 0.25415 0.288086 0.0644531 0.00450897
3 0.970459 0.264587 0.0512695 0.48938 0.00432968
1 0.975586 0.957275 0.0410156 0.0581055 0.00428772
3 0.979492 0.131531 0.0351562 0.209595 0.00414658
1 0.496582 0.275391 0.351562 0.0869141 0.00401688
2 0.9646 0.684082 0.0493164 0.549805 0.00370979
1 0.422363 0.486328 0.0263672 0.0449219 0.00369644
6 0.971924 0.848145 0.0307617 0.268555 0.00351334
3 0.0554199 0.321777 0.0643311 0.643555 0.00340843
1 0.977539 0.132446 0.0351562 0.193115 0.00338936
3 0.0315552 0.821777 0.0358887 0.333008 0.00335121
2 0.446289 0.243896 0.243164 0.0410156 0.00323486
2 0.0294189 0.736328 0.0157471 0.0732422 0.00315094
2 0.696777 0.664062 0.0195312 0.0742188 0.0030632
3 0.0293579 0.103119 0.0446777 0.198059 0.00305939
14 0.421875 0.490723 0.0356445 0.0742188 0.00266647
2 0.0336914 0.486328 0.0227051 0.341797 0.00266457
2 0.0471191 0.409668 0.0698242 0.819336 0.00266266
3 0.0327148 0.472656 0.0523682 0.931641 0.00263596
3 0.0279236 0.882324 0.0308228 0.198242 0.00249672
2 0.0276184 0.618652 0.0159302 0.0791016 0.00247574
2 0.978516 0.673096 0.0390625 0.614746 0.00247383
2 0.503906 0.283997 0.354492 0.255249 0.0023365
13 0.422363 0.486328 0.0263672 0.0449219 0.00231743
13 0.500488 0.27124 0.34668 0.100098 0.00224113
6 0.952393 0.496582 0.0913086 0.924805 0.00219536
6 0.0334473 0.927979 0.0467529 0.10498 0.00210571
4 0.500977 0.272949 0.347656 0.0996094 0.00208855
2 0.95459 0.47522 0.0751953 0.903076 0.00206184
19 0.424316 0.484863 0.0273438 0.0439453 0.00205994
1 0.952393 0.496582 0.0913086 0.924805 0.00204659
1 0.513306 1 0.973389 0 0.00201797
2 0.0332031 0.494629 0.0187988 0.194336 0.00198555
6 0.020813 0.896729 0.0307617 0.187012 0.00198364
2 0.361084 0.878418 0.0649414 0.0214844 0.00190163
6 0.0278625 0.870117 0.0265503 0.197266 0.00186539
4 0.421875 0.483276 0.0268555 0.0432129 0.00182915
2 0.975586 0.841797 0.0195312 0.21582 0.00182724
3 0.032959 0.148132 0.0474854 0.258423 0.00178719
6 0.0381317 0.874512 0.052887 0.196289 0.00175953
6 0.984863 0.953369 0.0302734 0.0561523 0.00173473
2 0.0371246 0.664307 0.037323 0.612793 0.00172615
2 0.959473 0.958496 0.0498047 0.0634766 0.00172424
2 0.0302734 0.684082 0.0319824 0.532227 0.00172043
3 0.0457153 0.619507 0.0622559 0.72583 0.00170803
3 0.0444336 0.443848 0.0506592 0.618164 0.00168228
14 0.500488 0.27124 0.34668 0.100098 0.00168037
2 0.0366211 0.845703 0.0251465 0.227539 0.00166035
2 0.961182 0.940186 0.0424805 0.0922852 0.00165367
9 0.424561 0.486328 0.0283203 0.0429688 0.00159836
1 0.975342 0.842773 0.0297852 0.257812 0.00156212
2 0.0222168 0.724609 0.0151978 0.0673828 0.00154018
2 0.0283356 0.927246 0.0275574 0.0615234 0.00152302
2 0.0325928 0.792969 0.0195312 0.154297 0.00151825
13 0.952393 0.496582 0.0913086 0.924805 0.00151062
2 0.968994 0.950195 0.034668 0.0703125 0.00149441
3 0.0381317 0.874512 0.052887 0.196289 0.00148487
3 0.0322266 0.360596 0.0577393 0.561035 0.00146008
2 0.0320892 0.540039 0.0198059 0.170898 0.00145149
2 0.0294189 0.608887 0.0219727 0.294922 0.00143909
19 0.75293 0.449829 0.427734 0.729248 0.00139618
13 0.979492 0.956299 0.0371094 0.0561523 0.00135136
2 0.0278625 0.870117 0.0265503 0.197266 0.00133991
13 0.0317383 0.125244 0.0357666 0.216797 0.00131607
2 0.97168 0.857422 0.0214844 0.193359 0.00131035
2 0.0353851 0.854492 0.0388489 0.267578 0.00129509
6 0.0337372 0.88623 0.0331116 0.186523 0.00125885
1 0.969482 0.761963 0.0336914 0.427246 0.00122738
16 0.424561 0.486328 0.0283203 0.0429688 0.00120735
10 0.424561 0.48584 0.0268555 0.0449219 0.00120258
2 0.0289459 0.754883 0.0169373 0.0839844 0.00119686
6 0.961914 0.96167 0.0644531 0.0629883 0.00116539
0 0.952393 0.496582 0.0913086 0.924805 0.00115871
2 0.0314331 0.725098 0.0303955 0.270508 0.00115013
15 0.424561 0.48584 0.0268555 0.0449219 0.00112915
2 0.974609 0.92041 0.0351562 0.12207 0.00112629
2 0.0283508 0.724609 0.0315552 0.145508 0.00111866
1 0.0302734 0.821289 0.0245361 0.176758 0.00109768
13 0.982666 0.116821 0.0288086 0.195312 0.00107098
2 0.425415 0.240234 0.193115 0.0292969 0.0010643
12 0.952393 0.496582 0.0913086 0.924805 0.0010519
14 0.952393 0.496582 0.0913086 0.924805 0.0010519
2 0.0341187 0.912109 0.0491943 0.164062 0.00104809
1 0.969727 0.936279 0.0332031 0.109863 0.00102901
13 0.029129 0.758301 0.0190125 0.129883 0.00102806
9 0.492188 0.272949 0.335938 0.0932617 0.00102425
13 0.97583 0.856689 0.0327148 0.26123 0.00102234
6 0.944092 0.962158 0.0844727 0.0678711 0.00102139
11 0.952393 0.496582 0.0913086 0.924805 0.00101662
2 0.0366364 0.424683 0.0275574 0.426025 0.00100708
