2 0.385742 0.432617 0.185547 0.223633 0.849121
6 0.0274963 0.112854 0.0464478 0.212769 0.0341187
3 0.03125 0.312378 0.0565186 0.601807 0.0333557
3 0.0521393 0.499756 0.0942078 0.984863 0.0310669
3 0.971924 0.268311 0.050293 0.509277 0.0287628
6 0.0239563 0.904297 0.0392456 0.160156 0.0220642
3 0.0433197 0.382202 0.0647278 0.759033 0.0166779
6 0.978516 0.111816 0.0351562 0.185791 0.0152283
2 0.392822 0.426514 0.274902 0.26709 0.0106735
3 0.97583 0.108978 0.0424805 0.190247 0.00968933
6 0.968262 0.0808105 0.0595703 0.138672 0.00727081
4 0.389893 0.431885 0.194824 0.230957 0.00704575
1 0.0230408 0.901367 0.0355835 0.181641 0.00658035
3 0.962891 0.369141 0.0566406 0.738281 0.00644684
3 0.0230408 0.901367 0.0355835 0.181641 0.00549698
13 0.386841 0.433472 0.178467 0.198486 0.004776
1 0.38623 0.430786 0.203125 0.228271 0.00439453
2 0.0410156 0.366943 0.0550537 0.672363 0.00433731
3 0.0271606 0.137207 0.041748 0.274414 0.0042572
6 0.386597 0.432861 0.19751 0.233887 0.00392532
2 0.0283356 0.945801 0.0299988 0.0634766 0.00392532
13 0.0252991 0.127289 0.0355835 0.2005 0.0036068
6 0.0244293 0.940918 0.0395203 0.0791016 0.00357628
2 0.0292969 0.329834 0.0517578 0.659668 0.00347137
14 0.38623 0.430786 0.203125 0.228271 0.00340843
6 0.975586 0.177307 0.0390625 0.331909 0.00317383
9 0.386597 0.432861 0.19751 0.233887 0.00304413
2 0.0516052 0.50415 0.09552 0.97998 0.0030365
19 0.386597 0.432861 0.19751 0.233887 0.00273323
1 0.0999756 0.958984 0.171143 0.0722656 0.00271416
11 0.386597 0.432861 0.19751 0.233887 0.00271034
16 0.386597 0.432861 0.19751 0.233887 0.00271034
3 0.0358887 0.172913 0.0585938 0.328003 0.00260925
18 0.386597 0.432861 0.19751 0.233887 0.00258827
2 0.867188 0.512207 0.0244141 0.0703125 0.00255203
3 0.38623 0.430786 0.203125 0.228271 0.00252342
13 0.028595 0.161682 0.0453491 0.319214 0.0025177
7 0.386597 0.432861 0.19751 0.233887 0.00251007
6 0.0321198 0.157959 0.0468445 0.315918 0.00240898
8 0.386597 0.432861 0.19751 0.233887 0.00237656
2 0.0230408 0.901367 0.0355835 0.181641 0.00237656
4 0.970703 0.264282 0.0449219 0.506592 0.00234985
15 0.386597 0.432861 0.19751 0.233887 0.00230598
17 0.38623 0.430786 0.203125 0.228271 0.00230598
6 0.960693 0.0445709 0.0610352 0.0815125 0.00229263
5 0.38623 0.430786 0.203125 0.228271 0.00225449
3 0.966553 0.0780945 0.0649414 0.13092 0.00225449
10 0.386597 0.432861 0.19751 0.233887 0.00225258
0 0.386597 0.432861 0.19751 0.233887 0.00219154
13 0.0230408 0.901367 0.0355835 0.181641 0.00216866
6 0.970703 0.264282 0.0449219 0.506592 0.00213242
1 0.969727 0.260254 0.046875 0.520508 0.00201607
12 0.38623 0.430786 0.203125 0.228271 0.00200081
2 0.0283508 0.158478 0.0375366 0.204529 0.00182915
1 0.0756683 0.94873 0.122833 0.0849609 0.00178528
2 0.031311 0.929199 0.0358887 0.102539 0.0017767
1 0.0288696 0.943848 0.0301514 0.0712891 0.00174046
1 0.978516 0.111816 0.0351562 0.185791 0.0017128
1 0.0350952 0.884033 0.0444336 0.200684 0.00167656
2 0.0363159 0.946045 0.0412598 0.0708008 0.00163078
1 0.911621 0.961914 0.15332 0.0683594 0.00158978
6 0.0269623 0.142883 0.0368958 0.184937 0.00152206
6 0.0273743 0.0627441 0.052063 0.10791 0.00151634
6 0.952148 0.036972 0.0722656 0.0586243 0.00148773
3 0.0331573 0.470703 0.065033 0.941406 0.00147057
1 0.031311 0.929199 0.0358887 0.102539 0.0014677
1 0.974609 0.913818 0.0390625 0.121582 0.00145626
3 0.0306396 0.085968 0.0479736 0.167908 0.00144958
1 0.96582 0.951172 0.0605469 0.0683594 0.00143242
3 0.0438232 0.609863 0.0650635 0.780273 0.00138664
3 0.975586 0.177307 0.0390625 0.331909 0.00135899
2 0.428711 0.422119 0.129883 0.203613 0.00135803
1 0.944336 0.958008 0.0917969 0.0605469 0.00135803
2 0.716797 0.168091 0.0507812 0.050293 0.00129986
6 0.0200195 0.114014 0.026123 0.194824 0.00121498
2 0.0406494 0.627563 0.0482178 0.684326 0.00120926
3 0.9646 0.048645 0.0571289 0.0906982 0.00117397
2 0.92749 0.961426 0.133301 0.0576172 0.00117302
1 0.0386353 0.246338 0.0559082 0.461426 0.0011673
2 0.0313721 0.199951 0.0454102 0.38623 0.00113964
1 0.0321198 0.157959 0.0468445 0.315918 0.00111389
14 0.793945 0.447998 0.0595703 0.0825195 0.00105572
1 0.933105 0.947266 0.118164 0.09375 0.00103474
1 0.138062 0.955566 0.249268 0.0849609 0.00103188
1 0.101318 0.923096 0.159424 0.149902 0.00101566
4 0.974854 0.173523 0.050293 0.34436 0.00100613
