2 0.696289 0.838867 0.0654297 0.201172 0.864258
1 0.975342 0.949463 0.043457 0.081543 0.114746
2 0.0723877 0.209473 0.0218506 0.0546875 0.111328
6 0.975342 0.104645 0.0493164 0.183777 0.10498
6 0.976318 0.945801 0.0415039 0.0810547 0.0801392
2 0.977539 0.95166 0.0390625 0.0771484 0.061615
6 0.0380859 0.923096 0.055542 0.11084 0.0593567
6 0.0899963 0.958008 0.162781 0.0625 0.0419617
6 0.0387573 0.945312 0.057251 0.0683594 0.0392761
6 0.0396271 0.899414 0.0611267 0.167969 0.0386353
6 0.0315552 0.141602 0.0412598 0.247559 0.0367126
2 0.374512 0.28125 0.0288086 0.110352 0.0294952
6 0.979492 0.898438 0.0390625 0.183594 0.0272369
3 0.971924 0.86084 0.0463867 0.250977 0.0217896
2 0.692383 0.84375 0.0625 0.112305 0.0211182
13 0.0315552 0.141602 0.0412598 0.247559 0.0185242
6 0.121277 0.955566 0.224243 0.0888672 0.0167236
3 0.0315552 0.141602 0.0412598 0.247559 0.015976
6 0.0697937 0.947998 0.11676 0.0727539 0.0145798
1 0.121277 0.955566 0.224243 0.0888672 0.012619
2 0.681641 0.845215 0.0605469 0.209961 0.0121613
3 0.97168 0.106567 0.0488281 0.190918 0.011261
1 0.102448 0.959717 0.188171 0.0610352 0.0101166
13 0.978516 0.118988 0.0332031 0.22345 0.0100861
2 0.980469 0.28833 0.015625 0.065918 0.00951385
2 0.979492 0.169312 0.03125 0.300049 0.00926971
2 0.70459 0.708008 0.0195312 0.0703125 0.00782013
3 0.0360107 0.894043 0.0513916 0.176758 0.00759888
3 0.0394897 0.945557 0.0559082 0.0737305 0.00724411
6 0.974365 0.0466919 0.0454102 0.083252 0.00710297
1 0.976562 0.105957 0.0410156 0.183594 0.00687027
6 0.976318 0.170959 0.0336914 0.321167 0.00681305
2 0.981445 0.132202 0.0253906 0.159424 0.00660324
3 0.0380859 0.923096 0.055542 0.11084 0.00624847
2 0.980469 0.292969 0.0214844 0.0893555 0.00588226
3 0.971924 0.765137 0.0444336 0.428711 0.00507736
6 0.0305176 0.915527 0.0490723 0.147461 0.00494385
4 0.697754 0.838379 0.0585938 0.205078 0.00489807
3 0.9729 0.908447 0.0444336 0.140137 0.00485992
3 0.979492 0.881348 0.0390625 0.219727 0.00485611
1 0.0394897 0.945557 0.0559082 0.0737305 0.00475693
2 0.072876 0.208435 0.0339355 0.0587158 0.00474548
13 0.980469 0.554199 0.015625 0.0634766 0.00448608
6 0.11264 0.966309 0.186829 0.0517578 0.00445557
3 0.0420532 0.667114 0.0545654 0.626709 0.00424194
2 0.980469 0.553711 0.0136719 0.0683594 0.00415802
6 0.957275 0.950195 0.0756836 0.0917969 0.00395966
4 0.974609 0.197876 0.0351562 0.374756 0.00378799
2 0.0610352 0.220642 0.0231934 0.0938721 0.00375175
1 0.967285 0.0457611 0.0556641 0.0805969 0.00368881
1 0.0397491 0.898926 0.0545349 0.172852 0.00364113
2 0.977295 0.250977 0.027832 0.408203 0.003582
2 0.220215 0.319824 0.0249023 0.149902 0.00353622
1 0.07724 0.931396 0.133118 0.11377 0.00352859
1 0.155273 0.956055 0.289062 0.0644531 0.00345039
6 0.07724 0.931396 0.133118 0.11377 0.00344467
6 0.971924 0.86084 0.0463867 0.250977 0.0034256
13 0.977295 0.95166 0.0395508 0.0771484 0.00339317
2 0.976562 0.930176 0.0449219 0.118164 0.00338364
6 0.0494232 0.937988 0.0779114 0.0888672 0.00334167
2 0.043457 0.534668 0.0180664 0.0595703 0.00332642
13 0.973389 0.104218 0.0493164 0.187073 0.00332069
6 0.9729 0.908447 0.0444336 0.140137 0.00329971
2 0.218994 0.29248 0.0258789 0.103516 0.00315857
6 0.0534973 0.91748 0.0927124 0.135742 0.0030117
1 0.0383301 0.92334 0.0610352 0.106445 0.00296783
13 0.980469 0.28833 0.015625 0.065918 0.00286102
1 0.971436 0.882812 0.0473633 0.199219 0.00282097
2 0.980469 0.529297 0.0175781 0.111328 0.00279427
2 0.102448 0.959717 0.188171 0.0610352 0.00274086
1 0.949219 0.950684 0.0917969 0.0830078 0.00270271
2 0.980469 0.215027 0.0234375 0.272095 0.00258827
2 0.981445 0.157043 0.0195312 0.157593 0.00257874
13 0.980469 0.15683 0.0195312 0.191223 0.00257301
2 0.0705566 0.209045 0.0301514 0.0921631 0.00253105
6 0.984375 0.946777 0.03125 0.0810547 0.00245094
2 0.706543 0.801758 0.0595703 0.222656 0.002388
6 0.969482 0.0755005 0.0551758 0.122925 0.00236702
6 0.0808411 0.907227 0.129822 0.185547 0.00234985
6 0.0438843 0.851807 0.0617676 0.272949 0.00234032
2 0.0371704 0.919922 0.0615234 0.103516 0.00232697
1 0.0501709 0.878906 0.0838623 0.214844 0.00227547
1 0.961914 0.916016 0.0625 0.148438 0.00227547
1 0.0315552 0.141602 0.0412598 0.247559 0.00224686
3 0.0452881 0.795898 0.060791 0.386719 0.00223732
4 0.035141 0.305908 0.0513 0.567871 0.00210762
2 0.371094 0.295654 0.0302734 0.0756836 0.00208855
2 0.0315552 0.141602 0.0412598 0.247559 0.00205231
1 0.0247192 0.115692 0.0294189 0.206116 0.0020256
2 0.0800171 0.208191 0.0269775 0.0523682 0.00201607
2 0.979492 0.898438 0.0390625 0.183594 0.00196075
13 0.696289 0.838867 0.0654297 0.201172 0.00195885
4 0.0397491 0.898926 0.0545349 0.172852 0.00193501
3 0.977295 0.942383 0.0375977 0.0898438 0.00193119
6 0.0294952 0.10498 0.0313416 0.157715 0.00182724
3 0.0493622 0.883789 0.0704651 0.203125 0.00173473
2 0.0341797 0.942871 0.050293 0.0732422 0.00173473
19 0.487183 0.578613 0.482666 0.709961 0.00169563
19 0.559937 0.682129 0.423096 0.541016 0.00168037
2 0.0480499 0.31665 0.0552673 0.597168 0.00165653
6 0.980469 0.138794 0.0234375 0.233643 0.00162983
2 0.970459 0.206116 0.0395508 0.380737 0.00162601
1 0.979492 0.898438 0.0390625 0.183594 0.00161362
2 0.0405273 0.524902 0.024292 0.0791016 0.00161266
19 0.620605 0.546997 0.504883 0.693115 0.00156784
1 0.917725 0.942383 0.13916 0.111328 0.00156212
3 0.976318 0.170959 0.0336914 0.321167 0.00152493
4 0.0480499 0.31665 0.0552673 0.597168 0.00151062
2 0.69873 0.82666 0.0576172 0.0927734 0.00146389
6 0.980469 0.922119 0.0351562 0.120605 0.00142193
2 0.840332 0.0941162 0.046875 0.100098 0.00137043
4 0.559937 0.682129 0.423096 0.541016 0.00136566
8 0.490845 0.577881 0.516357 0.789551 0.00134563
4 0.695801 0.631836 0.261719 0.633789 0.00128841
3 0.0385742 0.318604 0.0541992 0.559082 0.00127125
1 0.695801 0.840332 0.0625 0.195312 0.00125122
1 0.969971 0.0708008 0.0561523 0.131348 0.00122833
8 0.609375 0.620117 0.536133 0.609375 0.00122547
6 0.111938 0.941895 0.174561 0.116211 0.00122356
2 0.97168 0.106567 0.0488281 0.190918 0.00120831
2 0.972656 0.725098 0.0449219 0.499023 0.00120831
3 0.0490265 0.937256 0.0757751 0.0922852 0.00118637
2 0.980469 0.782959 0.0371094 0.42627 0.00116158
2 0.984375 0.937744 0.03125 0.0874023 0.00116158
13 0.981445 0.141571 0.0214844 0.120667 0.00115967
3 0.0899963 0.958008 0.162781 0.0625 0.00114632
9 0.696289 0.839844 0.0654297 0.202148 0.00114441
2 0.038147 0.517944 0.0219727 0.128174 0.0011301
14 0.695801 0.840332 0.0625 0.195312 0.00112152
2 0.0423431 0.902588 0.0639954 0.151855 0.00106049
6 0.917725 0.956299 0.150879 0.0874023 0.00101948
13 0.0361328 0.894043 0.0571289 0.174805 0.00100803
