2 0.640625 0.807129 0.21582 0.0400391 0.861328
2 0.667969 0.803711 0.234375 0.0566406 0.0458374
6 0.038147 0.94458 0.0588379 0.0756836 0.0394287
2 0.970947 0.71875 0.0288086 0.164062 0.0320435
2 0.978271 0.654297 0.0258789 0.168945 0.030838
2 0.757812 0.476929 0.0205078 0.13208 0.0289307
1 0.0991516 0.954346 0.161072 0.0756836 0.0263824
2 0.974854 0.681152 0.0288086 0.204102 0.0247345
2 0.935059 0.946289 0.0458984 0.0566406 0.0236511
6 0.0298004 0.923828 0.0531921 0.111328 0.0232391
6 0.0326538 0.0774841 0.0533447 0.142395 0.02005
2 0.659668 0.804199 0.146484 0.0498047 0.0171967
2 0.974854 0.782227 0.0327148 0.429688 0.0170441
1 0.14212 0.958252 0.240173 0.0834961 0.0158997
2 0.976318 0.665527 0.0200195 0.130859 0.0153427
1 0.0373535 0.94751 0.0588379 0.0756836 0.0144043
6 0.0646515 0.950195 0.117767 0.0722656 0.0128479
2 0.635742 0.808594 0.123047 0.0380859 0.0119247
6 0.0388184 0.917236 0.0644531 0.159668 0.0103302
3 0.0310669 0.14856 0.0394287 0.263916 0.0101776
2 0.655273 0.795898 0.241211 0.0927734 0.00959778
2 0.03125 0.936035 0.0316162 0.0527344 0.00952148
6 0.0310669 0.14856 0.0394287 0.263916 0.00947571
1 0.0697632 0.945801 0.105591 0.0771484 0.00871277
2 0.974854 0.696777 0.0229492 0.15332 0.00821686
3 0.0401001 0.234863 0.0491943 0.443359 0.00724792
2 0.759277 0.508301 0.0195312 0.0761719 0.00566483
1 0.0302734 0.933105 0.0321045 0.0615234 0.00485611
2 0.028595 0.580078 0.0202026 0.0986328 0.00441742
2 0.0357666 0.936279 0.055542 0.100098 0.00437927
6 0.0300293 0.89502 0.0479736 0.178711 0.00434494
6 0.0410767 0.956055 0.0758057 0.0664062 0.00416565
2 0.0406494 0.325439 0.0445557 0.612793 0.00413513
3 0.0357056 0.0812988 0.0510254 0.146484 0.0040741
2 0.0245361 0.902344 0.0352783 0.183594 0.00406647
2 0.758789 0.501465 0.0322266 0.102539 0.00395584
2 0.0261993 0.60498 0.0198669 0.0654297 0.00363159
13 0.02771 0.0939026 0.0332031 0.158875 0.00358391
13 0.974365 0.696777 0.0219727 0.172852 0.00347519
1 0.0953064 0.93042 0.149719 0.131348 0.00345993
2 0.640137 0.79541 0.226562 0.0546875 0.00313568
2 0.0368652 0.934814 0.0406494 0.0698242 0.00297737
1 0.0292053 0.932861 0.0440063 0.10498 0.00297165
2 0.657227 0.802246 0.0878906 0.0410156 0.00290298
2 0.757324 0.440063 0.0429688 0.221436 0.00286674
6 0.110687 0.954346 0.16925 0.081543 0.00276756
6 0.0953064 0.93042 0.149719 0.131348 0.0025959
6 0.0475464 0.933594 0.0657959 0.0898438 0.00255013
2 0.968262 0.76123 0.0341797 0.362305 0.00247574
1 0.65332 0.805176 0.237305 0.0488281 0.00241661
2 0.63916 0.807617 0.0732422 0.0292969 0.00235748
2 0.35791 0.460571 0.0141602 0.0583496 0.00233459
2 0.0252686 0.609863 0.0158691 0.0488281 0.00223923
2 0.975342 0.677246 0.0180664 0.0859375 0.00222015
6 0.0401001 0.234863 0.0491943 0.443359 0.00220108
13 0.0311584 0.169495 0.0418091 0.310425 0.00215721
6 0.0395508 0.058197 0.057251 0.0891724 0.00204277
3 0.0372314 0.93335 0.0577393 0.0942383 0.00199318
3 0.955566 0.362305 0.0673828 0.724609 0.00198936
3 0.0270691 0.916016 0.0446167 0.160156 0.00198174
2 0.971924 0.712402 0.0249023 0.110352 0.00196648
1 0.967041 0.095459 0.0483398 0.0837402 0.00195885
1 0.0377808 0.897461 0.0598145 0.171875 0.00186253
19 0.449829 0.610352 0.621826 0.588867 0.00186157
2 0.981445 0.631836 0.0234375 0.12793 0.00186062
2 0.0478668 0.949463 0.0849304 0.0776367 0.0017767
1 0.0381012 0.935059 0.0444031 0.0693359 0.00174332
2 0.0974121 0.959473 0.185059 0.0673828 0.00173759
2 0.754395 0.449341 0.0185547 0.116943 0.00173664
13 0.0357666 0.937012 0.0551758 0.0986328 0.00170803
2 0.970703 0.721191 0.0390625 0.213867 0.00166607
13 0.641602 0.807129 0.203125 0.0517578 0.00157642
13 0.0358734 0.86792 0.0493469 0.234863 0.00157261
4 0.654297 0.803711 0.236328 0.0449219 0.00156403
13 0.962646 0.110809 0.0454102 0.0776978 0.00153351
1 0.974365 0.0947571 0.0297852 0.093689 0.00152588
1 0.0459137 0.933105 0.0666199 0.0888672 0.00152397
2 0.0460358 0.94043 0.0578308 0.0761719 0.00150681
13 0.976318 0.665527 0.0200195 0.130859 0.00148869
6 0.969727 0.0731506 0.0566406 0.125671 0.00148106
3 0.0446014 0.884766 0.0743713 0.169922 0.00146389
6 0.0841675 0.966797 0.160522 0.0605469 0.00146008
6 0.0203552 0.912842 0.0358276 0.162598 0.00145149
4 0.0424194 0.276367 0.0493164 0.514648 0.00139332
2 0.0309296 0.949219 0.0482483 0.0625 0.00137043
2 0.0339966 0.829346 0.0437012 0.306152 0.00135136
1 0.0357056 0.0812988 0.0510254 0.146484 0.00128651
1 0.0684052 0.885986 0.118317 0.188965 0.00127792
13 0.978271 0.654297 0.0258789 0.168945 0.00126266
2 0.0275574 0.758789 0.0244751 0.0664062 0.00126266
8 0.394653 0.608398 0.587646 0.59082 0.00122356
13 0.0273438 0.139557 0.0262451 0.222839 0.00115108
13 0.0245361 0.902344 0.0352783 0.183594 0.00113869
2 0.971924 0.756836 0.0229492 0.168945 0.00112057
2 0.401245 0.670532 0.62915 0.598389 0.00108719
2 0.759277 0.472778 0.0185547 0.0905762 0.00106049
3 0.0442505 0.329956 0.057251 0.613525 0.00105667
2 0.0311584 0.169495 0.0418091 0.310425 0.00103378
