2 0.623047 0.242676 0.0585938 0.0849609 0.72168
2 0.547363 0.252502 0.0849609 0.0765381 0.649902
2 0.564453 0.249023 0.137695 0.0712891 0.480713
2 0.605469 0.246582 0.0878906 0.0776367 0.241821
1 0.0327148 0.937988 0.0483398 0.0849609 0.112549
1 0.54834 0.249756 0.0908203 0.0737305 0.107056
2 0.0308838 0.827637 0.0327148 0.152344 0.0916748
6 0.0294189 0.933105 0.046875 0.0869141 0.0895386
1 0.572754 0.247131 0.143555 0.0726318 0.0787964
1 0.624023 0.239258 0.0595703 0.0795898 0.0451965
3 0.944824 0.383789 0.0693359 0.767578 0.0377197
2 0.0258789 0.811035 0.027832 0.137695 0.0357666
14 0.494629 0.777344 0.0146484 0.0185547 0.0243225
6 0.955566 0.956055 0.0791016 0.0722656 0.0226898
2 0.0309753 0.853027 0.0300903 0.0908203 0.019455
2 0.0333252 0.858398 0.0396729 0.205078 0.0194092
13 0.027771 0.819824 0.029541 0.134766 0.018158
1 0.976807 0.147064 0.0444336 0.247375 0.0181274
2 0.535156 0.244446 0.0703125 0.0638428 0.0167847
3 0.0421143 0.30957 0.0422363 0.591797 0.0152359
6 0.969727 0.950928 0.0546875 0.0786133 0.0149078
6 0.0388184 0.233093 0.0429688 0.448853 0.0143509
6 0.030899 0.144409 0.0400085 0.261475 0.0138245
2 0.0327148 0.937988 0.0483398 0.0849609 0.0136337
1 0.0956726 0.946045 0.152893 0.090332 0.012558
6 0.921631 0.959717 0.13916 0.0805664 0.0124054
1 0.030899 0.144409 0.0400085 0.261475 0.0121613
6 0.030014 0.0766602 0.0491028 0.138428 0.0113983
2 0.625 0.256409 0.129883 0.139526 0.00997162
3 0.958496 0.328247 0.0693359 0.636475 0.00986481
2 0.602539 0.248779 0.100586 0.115234 0.00854492
1 0.0295258 0.894287 0.0410461 0.17627 0.00772476
13 0.0245361 0.797852 0.0258789 0.146484 0.00771713
6 0.0334473 0.928467 0.0574951 0.135254 0.00769043
2 0.0307922 0.898682 0.0397339 0.187012 0.0076828
2 0.0284271 0.773926 0.030304 0.203125 0.00646591
13 0.0301666 0.853516 0.0287781 0.0908203 0.0062294
14 0.578613 0.244446 0.145508 0.0809326 0.00616455
2 0.778809 0.544922 0.0224609 0.0810547 0.00562286
6 0.0444336 0.942627 0.0645752 0.0874023 0.00521088
1 0.13855 0.937744 0.241943 0.122559 0.00509644
6 0.12085 0.954346 0.224609 0.0913086 0.00471115
6 0.0542755 0.930664 0.0884705 0.0976562 0.00454712
2 0.929199 0.0190735 0.0341797 0.038147 0.00443268
2 0.0288086 0.823242 0.027832 0.0947266 0.00435257
6 0.0880432 0.945557 0.149109 0.0913086 0.00429153
3 0.0334473 0.928467 0.0574951 0.135254 0.00415802
13 0.543945 0.250671 0.0927734 0.0699463 0.00406647
14 0.547363 0.251526 0.0898438 0.071167 0.00403595
3 0.957031 0.437622 0.0859375 0.847412 0.00396347
4 0.0413208 0.26709 0.0441895 0.501953 0.00384331
6 0.0295258 0.894287 0.0410461 0.17627 0.0037899
13 0.03302 0.937988 0.0463867 0.0830078 0.00376511
3 0.030899 0.144409 0.0400085 0.261475 0.00364685
3 0.969482 0.26355 0.059082 0.476807 0.0036087
14 0.623535 0.242188 0.0566406 0.0839844 0.00358582
3 0.029007 0.933594 0.0428162 0.0878906 0.00349045
3 0.036377 0.0837097 0.0494385 0.16217 0.00337029
6 0.975342 0.932861 0.0493164 0.118652 0.00310516
2 0.545898 0.260742 0.0986328 0.130371 0.00302887
1 0.0413208 0.26709 0.0441895 0.501953 0.00302315
13 0.624023 0.241699 0.0566406 0.0825195 0.00291443
4 0.543945 0.250671 0.0927734 0.0699463 0.00280571
13 0.565918 0.245605 0.107422 0.0800781 0.00255394
1 0.972656 0.215149 0.046875 0.379272 0.00243759
2 0.563477 0.243225 0.123047 0.12439 0.00237083
1 0.605469 0.243225 0.09375 0.0838623 0.00226784
1 0.0565643 0.943115 0.0990295 0.0825195 0.00215149
1 0.0334625 0.226318 0.0402527 0.42627 0.00203133
3 0.0343628 0.266052 0.0413818 0.484497 0.00201797
2 0.525879 0.237305 0.0566406 0.0498047 0.00200081
9 0.547363 0.250732 0.09375 0.0727539 0.00192451
2 0.969727 0.950928 0.0546875 0.0786133 0.0018568
13 0.605469 0.246582 0.0878906 0.0776367 0.00184917
1 0.955566 0.956055 0.0791016 0.0722656 0.00184536
19 0.692383 0.381775 0.466797 0.444458 0.00183678
13 0.0303955 0.853516 0.034668 0.160156 0.001791
6 0.0306244 0.0562897 0.0405579 0.1091 0.00177765
9 0.578613 0.244446 0.145508 0.0809326 0.00170803
6 0.974609 0.155914 0.0371094 0.233582 0.0016613
2 0.0212555 0.791504 0.0214539 0.15332 0.00164127
1 0.908936 0.962646 0.166504 0.0727539 0.00162601
3 0.0425568 0.872314 0.0743103 0.194824 0.00157356
2 0.624023 0.266541 0.144531 0.326294 0.00156689
9 0.623535 0.242188 0.0566406 0.0839844 0.00156021
1 0.0354004 0.0664215 0.0457764 0.123749 0.00154114
6 0.0411835 0.838867 0.0611877 0.287109 0.00153065
6 0.578613 0.244446 0.145508 0.0809326 0.00143337
14 0.605469 0.246582 0.0878906 0.0776367 0.0014267
2 0.775391 0.557617 0.0214844 0.0595703 0.00136566
2 0.0413208 0.26709 0.0441895 0.501953 0.00135708
6 0.547363 0.250732 0.09375 0.0727539 0.00134563
2 0.565918 0.249084 0.0722656 0.0687256 0.00133801
1 0.119415 0.963379 0.232361 0.0732422 0.00132465
14 0.490723 0.777344 0.015625 0.0175781 0.00129604
2 0.955566 0.956055 0.0791016 0.0722656 0.00128555
7 0.547363 0.250732 0.09375 0.0727539 0.00128365
2 0.637695 0.241211 0.0517578 0.0913086 0.00127697
4 0.577148 0.246582 0.150391 0.0761719 0.00126839
1 0.531738 0.247131 0.0654297 0.0653076 0.00122452
3 0.0295258 0.894287 0.0410461 0.17627 0.00120544
2 0.887451 0.972656 0.20752 0.0527344 0.00119781
19 0.547363 0.250732 0.09375 0.0727539 0.00118732
6 0.980713 0.955078 0.0385742 0.0703125 0.0011797
2 0.263672 0.480957 0.0253906 0.0576172 0.00117683
2 0.635254 0.252441 0.0976562 0.210449 0.00116062
3 0.0444336 0.942627 0.0645752 0.0874023 0.00113297
1 0.0334473 0.928467 0.0574951 0.135254 0.0011282
3 0.929199 0.416016 0.0703125 0.832031 0.00112247
13 0.0272217 0.901855 0.0357666 0.186523 0.00112057
8 0.695923 0.37793 0.528076 0.44043 0.0011158
3 0.941406 0.361328 0.0625 0.533203 0.00111389
2 0.024353 0.794922 0.0238037 0.0908203 0.00110626
6 0.973389 0.964844 0.0493164 0.0664062 0.0011034
19 0.578613 0.244446 0.145508 0.0809326 0.00109577
1 0.962891 0.945801 0.0585938 0.104492 0.00108624
19 0.623535 0.242188 0.0566406 0.0839844 0.00106049
11 0.547363 0.250732 0.09375 0.0727539 0.00105667
4 0.616699 0.244629 0.0703125 0.0830078 0.00105095
13 0.0255737 0.810059 0.0256348 0.0927734 0.00103855
3 0.623535 0.244141 0.0576172 0.0834961 0.00102901
