2 0.682617 0.0448151 0.220703 0.047821 0.714844
4 0.766602 0.511353 0.138672 0.817139 0.438477
3 0.965332 0.5 0.0693359 1 0.380127
3 0.94873 0.487305 0.0771484 0.974609 0.165283
2 0.0237885 0.208313 0.030426 0.413452 0.125244
2 0.618652 0.0452881 0.348633 0.0541992 0.0900269
3 0.965088 0.373047 0.0581055 0.746094 0.0771484
2 0.55957 0.0377808 0.451172 0.0581055 0.0564575
2 0.916992 0.839844 0.0888672 0.0224609 0.0519714
2 0.0220947 0.13855 0.0274658 0.265869 0.0384216
3 0.0431976 0.5 0.0769348 1 0.0309906
2 0.69043 0.0476685 0.145508 0.0473633 0.0297852
3 0.974365 0.303223 0.0493164 0.547852 0.0240631
6 0.97168 0.918213 0.0429688 0.116699 0.0238342
2 0.666016 0.0563354 0.211914 0.0577393 0.0181122
2 0.0245972 0.191223 0.0217285 0.140015 0.0159454
2 0.0269318 0.322266 0.0437927 0.644531 0.0135422
1 0.536133 0.0389404 0.473633 0.0581055 0.0129852
6 0.022583 0.127777 0.0289307 0.237122 0.0120697
2 0.689941 0.059494 0.210938 0.0941467 0.0118332
3 0.0258484 0.32666 0.0466919 0.65332 0.0105133
2 0.956055 0.504028 0.0742188 0.991943 0.0104904
13 0.0248718 0.16394 0.0394897 0.303467 0.0101776
2 0.884277 0.949463 0.0371094 0.0444336 0.010025
3 0.791504 0.51123 0.124023 0.910156 0.0100174
2 0.970703 0.509766 0.0585938 0.868164 0.00981903
3 0.969727 0.921875 0.046875 0.101562 0.00981903
3 0.0339966 0.466309 0.0679932 0.932617 0.00924683
3 0.0244141 0.133362 0.0366211 0.26355 0.00911713
4 0.955566 0.496582 0.0888672 0.948242 0.00850677
2 0.902832 0.835938 0.109375 0.0283203 0.00799561
3 0.971436 0.114532 0.0375977 0.190857 0.0072937
2 0.679688 0.0452271 0.0878906 0.0462646 0.00705719
4 0.561523 0.594238 0.100586 0.587891 0.00651169
4 0.741211 0.515747 0.234375 0.794678 0.00616455
6 0.971436 0.114532 0.0375977 0.190857 0.00595093
6 0.0192413 0.919434 0.0350037 0.0800781 0.00557709
3 0.974854 0.670532 0.050293 0.658936 0.00540543
3 0.960693 0.603149 0.0629883 0.793701 0.00497818
1 0.680664 0.0458374 0.220703 0.0567627 0.00496292
6 0.961914 0.933105 0.0585938 0.0908203 0.00490952
3 0.045105 0.612427 0.0699463 0.67749 0.00451279
3 0.0240784 0.895508 0.0481567 0.120117 0.00449371
2 0.673828 0.0441284 0.222656 0.0882568 0.00442505
14 0.283447 0.688477 0.0136719 0.0224609 0.00432205
6 0.0219421 0.0675964 0.0238647 0.116272 0.00414658
2 0.915527 0.825195 0.0908203 0.0488281 0.00358963
2 0.641602 0.0478058 0.173828 0.0577087 0.00339317
6 0.0190735 0.933105 0.0288696 0.0527344 0.00337791
6 0.979736 0.913818 0.0366211 0.137207 0.00336266
6 0.0149536 0.929688 0.019104 0.0537109 0.00323677
2 0.0264282 0.147339 0.0262451 0.210693 0.00315094
3 0.0309753 0.167786 0.0452271 0.282593 0.00304222
6 0.951172 0.943359 0.0722656 0.0742188 0.00302696
3 0.929443 0.373535 0.0961914 0.74707 0.00302315
3 0.0257568 0.121826 0.0515137 0.20166 0.00294304
2 0.65625 0.0361328 0.250977 0.0548096 0.00281143
6 0.0768433 0.947998 0.136353 0.0532227 0.00273132
4 0.772461 0.343872 0.132812 0.562256 0.00251961
6 0.0243988 0.137268 0.0429993 0.266479 0.00244331
13 0.965332 0.5 0.0693359 1 0.00243378
3 0.0359497 0.278564 0.0556641 0.52002 0.00229263
4 0.0237885 0.208313 0.030426 0.413452 0.00229263
6 0.953857 0.921875 0.074707 0.148438 0.00221443
3 0.0219116 0.247925 0.0438232 0.494385 0.00220871
14 0.279785 0.687988 0.0166016 0.0234375 0.00212479
3 0.969727 0.535522 0.0605469 0.655518 0.00210762
3 0.0264893 0.920898 0.0522461 0.0771484 0.00201225
3 0.0276642 0.786621 0.0391541 0.34375 0.00200462
1 0.965332 0.5 0.0693359 1 0.00196838
1 0.453369 0.0437012 0.679199 0.0662842 0.00194836
6 0.970703 0.940186 0.0390625 0.0708008 0.00194454
4 0.852051 0.528564 0.125 0.895996 0.00186825
3 0.0319214 0.45813 0.0484619 0.874756 0.00184631
2 0.453369 0.0437012 0.679199 0.0662842 0.00183868
1 0.968262 0.930908 0.0478516 0.0952148 0.00181198
2 0.913574 0.806641 0.0976562 0.0849609 0.00179386
2 0.897949 0.950195 0.0595703 0.0449219 0.00177574
2 0.97168 0.918213 0.0429688 0.116699 0.00172234
2 0.0192413 0.919434 0.0350037 0.0800781 0.00170994
4 0.73584 0.455444 0.158203 0.821533 0.00165844
3 0.959229 0.287537 0.0698242 0.493286 0.00164604
3 0.960938 0.932617 0.0585938 0.0859375 0.00161266
2 0.611328 0.0559692 0.348633 0.0936279 0.00154877
6 0.965332 0.5 0.0693359 1 0.00150967
2 0.0145264 0.935059 0.0184937 0.0537109 0.00148296
3 0.0219421 0.0675964 0.0238647 0.116272 0.00144005
2 0.971436 0.713135 0.0551758 0.57373 0.00138283
1 0.0239105 0.16803 0.0294495 0.32605 0.00133896
3 0.979736 0.913818 0.0366211 0.137207 0.00132847
3 0.0237885 0.208313 0.030426 0.413452 0.00132561
4 0.574219 0.529785 0.132812 0.770508 0.00130367
4 0.668945 0.0455322 0.224609 0.0548096 0.00128174
13 0.668945 0.0455322 0.224609 0.0548096 0.00128174
3 0.968506 0.174683 0.0415039 0.316162 0.00126839
3 0.0344849 0.71582 0.0487061 0.511719 0.00125504
2 0.970459 0.939209 0.0356445 0.0727539 0.00124741
6 0.975342 0.860352 0.0415039 0.242188 0.00122356
2 0.730469 0.0494995 0.152344 0.0384521 0.00118828
2 0.973877 0.832031 0.0385742 0.302734 0.00117016
6 0.974365 0.303223 0.0493164 0.547852 0.00116444
3 0.973877 0.855957 0.0444336 0.235352 0.0011301
6 0.0357056 0.938232 0.0650635 0.0629883 0.00110817
2 0.0844421 0.120117 0.0967407 0.0195312 0.001091
3 0.0580139 0.509277 0.0958862 0.950195 0.00108528
6 0.962646 0.336426 0.0629883 0.637695 0.0010643
13 0.0236511 0.139832 0.0271606 0.266235 0.00106335
6 0.976562 0.0962219 0.0371094 0.145935 0.00105667
1 0.0768433 0.947998 0.136353 0.0532227 0.00104332
3 0.0184326 0.932129 0.0236206 0.0566406 0.0010376
6 0.55957 0.0377808 0.451172 0.0581055 0.00103283
