2 0.226318 0.566406 0.112305 0.216797 0.463379
2 0.249512 0.970703 0.0292969 0.03125 0.129028
6 0.0316772 0.105225 0.0500488 0.192871 0.0873413
3 0.0470428 0.5 0.0768127 1 0.0428162
1 0.227051 0.567017 0.119629 0.217529 0.0412292
14 0.22113 0.558228 0.115845 0.193115 0.0257416
2 0.24707 0.969727 0.0400391 0.0390625 0.0204773
6 0.974365 0.113739 0.0415039 0.178772 0.01548
13 0.22113 0.558228 0.115845 0.193115 0.014183
3 0.977295 0.109985 0.0317383 0.171143 0.0119171
3 0.0442657 0.143188 0.0662537 0.260986 0.0115814
3 0.032959 0.104126 0.052124 0.192627 0.0114365
3 0.97168 0.126953 0.0429688 0.235352 0.0111923
6 0.0442657 0.143188 0.0662537 0.260986 0.0103989
2 0.213379 0.566406 0.200195 0.244141 0.00824738
1 0.0332642 0.104248 0.0512695 0.196533 0.00813293
2 0.0352325 0.111786 0.0506287 0.19342 0.00800323
4 0.225586 0.568848 0.115234 0.213867 0.0069313
2 0.239014 0.97168 0.0400391 0.03125 0.00644684
9 0.224609 0.562378 0.120605 0.200439 0.00617981
3 0.0429688 0.741455 0.0609131 0.464355 0.00597
6 0.224854 0.560669 0.112793 0.205811 0.00594711
13 0.0315399 0.102783 0.0428772 0.182129 0.00575256
2 0.219299 0.519531 0.122925 0.151367 0.00511551
3 0.0440521 0.653687 0.0664368 0.692627 0.00468063
3 0.949707 0.499146 0.0966797 0.980225 0.00466156
6 0.978516 0.0935669 0.0273438 0.133911 0.00411224
2 0.247803 0.972412 0.0595703 0.0415039 0.00383377
6 0.980469 0.954834 0.0371094 0.0668945 0.00374413
2 0.0783691 0.163269 0.140869 0.289673 0.00353432
2 0.043808 0.162415 0.0639954 0.305054 0.00351524
7 0.22467 0.569946 0.114136 0.213623 0.0031662
2 0.261719 0.971436 0.046875 0.0297852 0.00308037
3 0.0337524 0.529663 0.0675049 0.940674 0.00294495
2 0.0274658 0.123657 0.032959 0.182373 0.0028801
3 0.0322266 0.14032 0.038208 0.257446 0.00287628
16 0.22467 0.569946 0.114136 0.213623 0.00274467
8 0.22467 0.569946 0.114136 0.213623 0.00271225
18 0.220154 0.563965 0.121216 0.206055 0.0026989
12 0.220154 0.563965 0.121216 0.206055 0.00267601
5 0.22467 0.569946 0.114136 0.213623 0.00258827
19 0.22467 0.569946 0.114136 0.213623 0.00258827
11 0.220154 0.563965 0.121216 0.206055 0.00253677
10 0.22467 0.569946 0.114136 0.213623 0.00252724
6 0.980957 0.89209 0.0380859 0.198242 0.00252533
15 0.220154 0.563965 0.121216 0.206055 0.0025177
13 0.976318 0.125427 0.0356445 0.223755 0.00251389
17 0.220154 0.563965 0.121216 0.206055 0.00246811
0 0.22467 0.569946 0.114136 0.213623 0.00237656
1 0.22168 0.529175 0.112793 0.135986 0.00230598
19 0.454956 0.533203 0.527588 0.678711 0.00219536
3 0.95874 0.390991 0.0766602 0.718018 0.00219536
4 0.404236 0.529663 0.476685 0.692627 0.00215149
3 0.22467 0.569946 0.114136 0.213623 0.00180244
2 0.13916 0.0110321 0.0273438 0.0220642 0.00179863
3 0.980957 0.89209 0.0380859 0.198242 0.00179672
3 0.0526123 0.487793 0.105225 0.975586 0.00168991
2 0.918945 0.804688 0.0410156 0.167969 0.00158215
19 0.410156 0.684204 0.578125 0.598389 0.00157928
3 0.975586 0.915283 0.0332031 0.120605 0.00155258
2 0.0380859 0.498047 0.0761719 0.996094 0.00143623
8 0.452148 0.527832 0.578125 0.720703 0.00139332
6 0.973877 0.0745544 0.034668 0.0974731 0.00134945
2 0.280518 0.969727 0.100586 0.03125 0.00130367
3 0.0358887 0.918457 0.0595703 0.116211 0.00128937
2 0.226257 0.969727 0.0836182 0.0449219 0.00126839
6 0.0366364 0.0822449 0.0636902 0.135315 0.00122547
2 0.0879059 0.226013 0.115936 0.164185 0.00120735
6 0.979004 0.918945 0.0419922 0.125 0.00118446
2 0.306396 0.967285 0.154785 0.0400391 0.0011816
1 0.241455 0.566284 0.19043 0.242432 0.00116444
8 0.410156 0.684204 0.578125 0.598389 0.00115871
2 0.256348 0.966064 0.0732422 0.0522461 0.00115204
2 0.253906 0.965332 0.0341797 0.0322266 0.00114822
6 0.0848083 0.965332 0.139465 0.0380859 0.00113487
6 0.0322266 0.14032 0.038208 0.257446 0.00110817
3 0.0386963 0.358398 0.072998 0.716797 0.00106716
2 0.246338 0.977783 0.0322266 0.0268555 0.00103569
19 0.376038 0.450073 0.415894 0.607666 0.00103092
