2 0.590332 0.144287 0.12207 0.0683594 0.833008
6 0.0397339 0.944824 0.0571289 0.0888672 0.37793
6 0.0322266 0.079834 0.0499268 0.129883 0.11554
1 0.04039 0.948486 0.058136 0.0854492 0.0744019
6 0.0562592 0.948486 0.100616 0.081543 0.0646973
1 0.058197 0.953125 0.0930786 0.0898438 0.047699
6 0.03125 0.105225 0.0306396 0.158203 0.0382996
6 0.0824585 0.958008 0.150513 0.0820312 0.034729
6 0.979736 0.952393 0.0405273 0.0581055 0.03302
2 0.0341797 0.942383 0.0401611 0.0683594 0.0288086
2 0.0322266 0.698242 0.0224609 0.0722656 0.0284729
2 0.591309 0.145142 0.0742188 0.0671387 0.0277405
6 0.919922 0.962646 0.146484 0.074707 0.0213776
1 0.0985107 0.957031 0.164062 0.0859375 0.0194855
2 0.038681 0.944336 0.0654602 0.0820312 0.0182495
6 0.0310669 0.125488 0.0412598 0.187988 0.0159454
2 0.9729 0.895996 0.0307617 0.15332 0.0152893
2 0.289795 0.511719 0.0239258 0.0830078 0.0142365
2 0.0358276 0.686523 0.0202637 0.0917969 0.0141983
2 0.0275726 0.310303 0.0166321 0.0512695 0.0127335
3 0.963623 0.32666 0.0688477 0.621094 0.0122223
3 0.0397339 0.944824 0.0571289 0.0888672 0.0115891
3 0.95166 0.396484 0.0673828 0.792969 0.011322
6 0.0405273 0.925293 0.0599365 0.149414 0.010498
6 0.976807 0.908691 0.0385742 0.135742 0.0101242
13 0.0325928 0.697266 0.0218506 0.0712891 0.0101089
3 0.0341187 0.0782471 0.0437012 0.137207 0.00999451
2 0.0375977 0.818359 0.0174561 0.0546875 0.00924683
2 0.592773 0.151367 0.125 0.121826 0.00808716
3 0.0308075 0.139618 0.0343323 0.225159 0.00747299
13 0.0358276 0.686523 0.0202637 0.0917969 0.00678253
13 0.0302734 0.117676 0.0273438 0.156738 0.00650024
6 0.044754 0.0724945 0.0691833 0.119904 0.00635147
13 0.0375977 0.818359 0.0174561 0.0546875 0.00611877
2 0.0359497 0.0809326 0.0462646 0.140869 0.00608063
13 0.0285187 0.155884 0.0193787 0.0551758 0.00596237
13 0.0374756 0.945312 0.0600586 0.0859375 0.0057869
6 0.949219 0.961914 0.0976562 0.0644531 0.0056572
2 0.058197 0.953125 0.0930786 0.0898438 0.00559616
6 0.115723 0.950439 0.199951 0.0991211 0.00553131
6 0.96875 0.957764 0.0625 0.0610352 0.00512695
1 0.0407104 0.901367 0.0621338 0.175781 0.00511932
1 0.594727 0.144043 0.119141 0.0664062 0.00495148
2 0.979736 0.952393 0.0405273 0.0581055 0.00492477
1 0.136047 0.954102 0.253296 0.0917969 0.00466919
2 0.0278778 0.708496 0.021637 0.0634766 0.00452805
2 0.454712 0.161865 0.064209 0.0168457 0.00449753
6 0.0291138 0.915283 0.0477295 0.161621 0.00440979
14 0.59668 0.143311 0.12207 0.0683594 0.00362968
1 0.972412 0.955811 0.0551758 0.0610352 0.00360489
1 0.0380859 0.0971375 0.0460205 0.144104 0.00354385
6 0.0709991 0.937256 0.109467 0.125488 0.00332642
4 0.0429688 0.947754 0.0635986 0.100586 0.00329399
2 0.035141 0.831055 0.0263977 0.0732422 0.00322914
6 0.0366211 0.941895 0.041626 0.0673828 0.00312805
13 0.0344238 0.0812378 0.0482178 0.139771 0.00289536
2 0.0966797 0.951172 0.188721 0.0878906 0.00274658
2 0.0281372 0.159302 0.0189209 0.0578613 0.00272369
4 0.588379 0.144775 0.124023 0.067627 0.00270081
1 0.03125 0.936279 0.0389404 0.0688477 0.00267982
14 0.038681 0.944336 0.0654602 0.0820312 0.00259972
3 0.952637 0.474243 0.0927734 0.914795 0.00248528
2 0.287109 0.492188 0.0200195 0.0585938 0.00247002
2 0.614258 0.137939 0.105469 0.0703125 0.00243378
1 0.983154 0.953369 0.0336914 0.0581055 0.00241089
3 0.043396 0.874023 0.0606689 0.236328 0.00238609
2 0.0341797 0.909668 0.0395508 0.125977 0.00233078
13 0.59668 0.143311 0.12207 0.0683594 0.00224113
3 0.0405273 0.925293 0.0599365 0.149414 0.0022049
13 0.0278778 0.708496 0.021637 0.0634766 0.00220299
13 0.0308075 0.139618 0.0343323 0.225159 0.00216866
3 0.0395508 0.22699 0.0483398 0.418091 0.00210381
1 0.9729 0.895996 0.0307617 0.15332 0.00205612
1 0.0709991 0.937256 0.109467 0.125488 0.00202942
2 0.292236 0.523926 0.0214844 0.0673828 0.00200272
2 0.281982 0.483887 0.015625 0.0439453 0.00196457
11 0.038681 0.944336 0.0654602 0.0820312 0.00195122
2 0.03125 0.105225 0.0306396 0.158203 0.00189781
3 0.980225 0.130981 0.0395508 0.24585 0.00185871
6 0.960449 0.036499 0.0751953 0.0704346 0.00183392
3 0.0394287 0.0915833 0.0570068 0.183044 0.0018177
2 0.973877 0.942139 0.0366211 0.0864258 0.00180721
1 0.0317383 0.935303 0.0489502 0.105957 0.00180149
3 0.0571136 0.949219 0.0896301 0.0859375 0.00179768
6 0.0394287 0.0915833 0.0570068 0.183044 0.00175953
13 0.924316 0.959961 0.143555 0.0664062 0.0017128
2 0.03125 0.818359 0.0255127 0.0625 0.00168133
6 0.93457 0.0331421 0.125 0.0662842 0.0016737
13 0.972412 0.955811 0.0551758 0.0610352 0.00164413
2 0.119415 0.963623 0.233826 0.0727539 0.00163651
2 0.35083 0.0192871 0.0258789 0.032959 0.00162411
1 0.0325317 0.0735779 0.0424805 0.124329 0.00161457
7 0.039917 0.948975 0.0577393 0.0883789 0.00159931
2 0.037796 0.657715 0.0186462 0.0878906 0.00158215
9 0.039917 0.948975 0.0577393 0.0883789 0.00153923
3 0.0444336 0.0724335 0.0686035 0.123688 0.00153351
2 0.84668 0.953857 0.0234375 0.0415039 0.00152588
3 0.0339966 0.159546 0.0529785 0.252197 0.0015192
6 0.0421143 0.875244 0.0560303 0.249512 0.00151825
6 0.972656 0.945312 0.0429688 0.0664062 0.00149822
2 0.981445 0.861084 0.0332031 0.254395 0.00147629
6 0.0284729 0.137085 0.0281372 0.109619 0.00144577
6 0.0313873 0.957764 0.0592957 0.0844727 0.00143814
3 0.0291138 0.915283 0.0477295 0.161621 0.00143623
16 0.038681 0.944336 0.0654602 0.0820312 0.00142384
6 0.0341187 0.155945 0.0496826 0.266235 0.0014143
3 0.983154 0.953369 0.0336914 0.0581055 0.00137138
13 0.0386963 0.669922 0.0181885 0.0976562 0.00136185
2 0.246582 0.637207 0.0229492 0.112305 0.00135231
3 0.03125 0.0941162 0.0288086 0.147705 0.00132942
9 0.59082 0.144775 0.124023 0.0678711 0.00131607
2 0.0463867 0.942139 0.0465088 0.0668945 0.00131512
2 0.0371094 0.883545 0.036499 0.203613 0.00130463
6 0.0492554 0.962402 0.0635986 0.0751953 0.00129223
2 0.970703 0.775879 0.0332031 0.366211 0.00128174
13 0.0286407 0.157104 0.0253601 0.0732422 0.00125122
13 0.982178 0.953857 0.0356445 0.0571289 0.00121784
2 0.758789 0.0119934 0.0390625 0.0239868 0.00119591
1 0.973877 0.942139 0.0366211 0.0864258 0.00115585
2 0.971436 0.92749 0.043457 0.121582 0.00111961
4 0.0654297 0.943359 0.106201 0.0996094 0.00111675
3 0.972412 0.955811 0.0551758 0.0610352 0.0011034
2 0.0427856 0.927734 0.0534668 0.119141 0.00108051
6 0.0460815 0.927246 0.0921631 0.145508 0.00107574
19 0.585449 0.572754 0.618164 0.728516 0.00107384
2 0.0477905 0.962402 0.0578613 0.0751953 0.00106525
1 0.0477905 0.962402 0.0578613 0.0751953 0.00102329
6 0.980469 0.115997 0.0390625 0.200623 0.00101566
6 0.974854 0.0400391 0.0463867 0.0695801 0.00100327
