2 0.435547 0.947266 0.15918 0.0341797 0.728027
2 0.43103 0.955078 0.188721 0.0351562 0.260742
2 0.261292 0.407227 0.0936279 0.192383 0.18396
2 0.281494 0.270508 0.0410156 0.0742188 0.130371
3 0.0523682 0.5 0.0761719 1 0.1073
13 0.26001 0.409058 0.081543 0.167236 0.0839233
2 0.0287323 0.508301 0.0173645 0.121094 0.074707
3 0.0713196 0.510376 0.0966187 0.977295 0.0645752
3 0.975098 0.136108 0.0498047 0.220459 0.056488
3 0.962646 0.5 0.0727539 1 0.0423584
2 0.443481 0.943359 0.109131 0.0361328 0.0266266
2 0.894531 0.8125 0.106445 0.0410156 0.0156021
2 0.978516 0.914551 0.0175781 0.0986328 0.0147018
3 0.0279236 0.914062 0.0518188 0.128906 0.0142288
1 0.978516 0.914551 0.0175781 0.0986328 0.0140533
2 0.981445 0.889893 0.0234375 0.161621 0.0135803
2 0.432983 0.955078 0.185791 0.0625 0.0121918
1 0.981445 0.889893 0.0234375 0.161621 0.0119858
2 0.0292053 0.538086 0.0204468 0.164062 0.0112991
2 0.431274 0.95166 0.121826 0.0283203 0.0110245
2 0.437378 0.9375 0.152588 0.0332031 0.0105972
6 0.979736 0.13623 0.0405273 0.227051 0.0099411
3 0.964844 0.338013 0.0644531 0.669678 0.00993347
3 0.038208 0.117981 0.0476074 0.205444 0.00983429
3 0.0376587 0.887939 0.0593262 0.175293 0.00946045
3 0.970459 0.21521 0.0493164 0.400635 0.00883484
3 0.0288391 0.860596 0.050354 0.253418 0.00834656
3 0.0330811 0.5 0.0661621 1 0.00534439
2 0.430908 0.956787 0.194824 0.0864258 0.00532532
3 0.97583 0.160095 0.034668 0.265747 0.00488281
2 0.43457 0.940186 0.167969 0.074707 0.00430679
3 0.978027 0.293945 0.0439453 0.571289 0.00421143
3 0.0290985 0.783203 0.0472717 0.400391 0.00387383
2 0.435425 0.949707 0.0725098 0.0263672 0.0035038
3 0.983398 0.145172 0.0292969 0.221863 0.00344086
2 0.424927 0.950195 0.088623 0.0390625 0.00334549
2 0.460449 0.943359 0.164062 0.0283203 0.00330925
2 0.251465 0.372803 0.0898438 0.184082 0.00330162
13 0.897461 0.813477 0.100586 0.0322266 0.00318909
1 0.979736 0.13623 0.0405273 0.227051 0.00312805
2 0.0276031 0.487915 0.0175476 0.0827637 0.00309372
2 0.03125 0.677246 0.0167236 0.0908203 0.00306129
2 0.0325317 0.578125 0.026123 0.331055 0.00297165
6 0.0341797 0.114502 0.0535889 0.19873 0.00285339
3 0.981445 0.889893 0.0234375 0.161621 0.00282097
2 0.405029 0.952637 0.199707 0.0458984 0.0026722
6 0.973389 0.162476 0.0454102 0.283936 0.00254822
2 0.0597229 0.510498 0.0978394 0.975098 0.00249481
2 0.263184 0.340881 0.0874023 0.32312 0.00242233
6 0.0597229 0.510498 0.0978394 0.975098 0.00230026
3 0.974854 0.849609 0.0405273 0.263672 0.00229836
2 0.0284271 0.510742 0.0315247 0.116211 0.00226593
2 0.244141 0.372803 0.0664062 0.146484 0.00208473
2 0.436035 0.959229 0.142578 0.0483398 0.00204086
3 0.980469 0.109009 0.0390625 0.17041 0.00202942
3 0.9729 0.5 0.0541992 1 0.00200462
1 0.433472 0.952393 0.185791 0.034668 0.00183868
4 0.95874 0.5 0.074707 1 0.00182629
2 0.0343018 0.763672 0.041626 0.433594 0.00173473
1 0.0273285 0.928711 0.0334778 0.105469 0.00171661
6 0.0254974 0.936035 0.039093 0.0908203 0.00171566
6 0.981445 0.889893 0.0234375 0.161621 0.00169754
3 0.973633 0.706543 0.0507812 0.586914 0.00167656
3 0.981689 0.205078 0.0366211 0.352539 0.00167561
1 0.973389 0.162476 0.0454102 0.283936 0.0016346
2 0.0341797 0.577148 0.0354004 0.549805 0.00161171
3 0.975098 0.0897827 0.0498047 0.125122 0.00153065
6 0.0270538 0.893555 0.0472107 0.189453 0.00148296
2 0.408081 0.967773 0.205322 0.0410156 0.00147152
3 0.973877 0.766357 0.0385742 0.432129 0.00143433
3 0.040329 0.0992737 0.066803 0.159363 0.00141525
2 0.974609 0.927246 0.0214844 0.0947266 0.00139713
3 0.0258331 0.930908 0.0386658 0.11084 0.00138855
13 0.974365 0.136749 0.0493164 0.234314 0.00133801
4 0.433472 0.952393 0.185791 0.034668 0.00132465
3 0.0263672 0.88501 0.0384521 0.196777 0.00131702
2 0.278809 0.252441 0.0415039 0.100586 0.00126457
2 0.983398 0.847656 0.0292969 0.234375 0.00126171
2 0.978271 0.908691 0.0219727 0.133789 0.00122452
6 0.978516 0.0433807 0.0332031 0.0523987 0.00121307
2 0.974365 0.136749 0.0493164 0.234314 0.00120258
2 0.279297 0.288574 0.0693359 0.191895 0.00120258
2 0.27124 0.262207 0.046875 0.0776367 0.00117493
19 0.636719 0.85376 0.494141 0.29248 0.00115871
3 0.0490112 0.128723 0.0367432 0.207397 0.00114822
3 0.0505371 0.585083 0.0684814 0.67749 0.00114727
13 0.0432129 0.128754 0.0361328 0.210266 0.00114536
2 0.258789 0.394287 0.0839844 0.111816 0.0011158
1 0.678711 0.890625 0.576172 0.21875 0.00111008
13 0.28125 0.27002 0.0410156 0.0751953 0.00107861
13 0.982422 0.875244 0.0253906 0.190918 0.00107193
