2 0.635742 0.456543 0.0322266 0.121094 0.766113
6 0.041687 0.935547 0.0577393 0.123047 0.424805
1 0.0405273 0.93457 0.0599365 0.0996094 0.209839
6 0.0446777 0.906982 0.0600586 0.186035 0.169067
6 0.975586 0.930908 0.0410156 0.118652 0.129883
2 0.635254 0.453369 0.0498047 0.133301 0.104614
6 0.977539 0.899902 0.0410156 0.18457 0.0681152
1 0.974609 0.946533 0.0488281 0.0874023 0.0667725
6 0.0520782 0.943359 0.0884705 0.0917969 0.0544739
3 0.0574951 0.489258 0.09375 0.978516 0.0412903
6 0.974365 0.951172 0.0493164 0.0839844 0.0407715
1 0.969971 0.915527 0.0327148 0.149414 0.0314331
1 0.0422363 0.899658 0.0588379 0.200684 0.0293579
2 0.0415039 0.93335 0.0594482 0.0961914 0.0236969
6 0.102173 0.946533 0.186279 0.0991211 0.0225525
2 0.978516 0.081665 0.0195312 0.0620117 0.0178986
3 0.041626 0.893311 0.0653076 0.20752 0.0171204
2 0.802246 0.0137024 0.0302734 0.0274048 0.0154724
3 0.041687 0.938965 0.057251 0.108398 0.0152588
1 0.979492 0.141846 0.03125 0.229492 0.0150299
2 0.973633 0.940674 0.0507812 0.0874023 0.0142288
2 0.646484 0.454102 0.0410156 0.129883 0.0140915
6 0.0326538 0.894287 0.0534668 0.20752 0.00914764
6 0.0465088 0.847656 0.0614014 0.304688 0.00891113
3 0.0442505 0.339111 0.046875 0.652832 0.00888824
2 0.631836 0.463989 0.0292969 0.0915527 0.00834656
3 0.0457764 0.615723 0.0635986 0.706055 0.00821686
3 0.969727 0.916504 0.0351562 0.135742 0.00794983
1 0.978516 0.081665 0.0195312 0.0620117 0.00762558
2 0.969727 0.916504 0.0351562 0.135742 0.00756454
6 0.0317383 0.931152 0.0515137 0.0986328 0.00649643
13 0.0440826 0.938477 0.0624695 0.123047 0.0054245
3 0.974854 0.947998 0.0483398 0.0864258 0.00510025
3 0.976807 0.893066 0.0444336 0.19043 0.0050087
6 0.976318 0.0798645 0.0239258 0.0668335 0.0047226
1 0.972656 0.884277 0.0253906 0.206055 0.00466156
4 0.0444336 0.934814 0.0606689 0.130371 0.00439072
2 0.97583 0.0889893 0.0249023 0.0825195 0.00426483
3 0.036377 0.847168 0.0518799 0.295898 0.00403976
3 0.0501709 0.378174 0.0667725 0.756348 0.00392914
3 0.0477295 0.77124 0.059082 0.430176 0.00373268
13 0.635254 0.453369 0.0400391 0.130371 0.00362778
2 0.0442505 0.339111 0.046875 0.652832 0.00355148
3 0.0281372 0.223389 0.0313721 0.407715 0.0033226
2 0.0453491 0.575684 0.0515137 0.648438 0.00319672
1 0.979248 0.0888367 0.0239258 0.114319 0.00314522
6 0.0367432 0.825439 0.0437012 0.312012 0.00290489
2 0.0504761 0.47168 0.0718994 0.943359 0.00281334
14 0.0402374 0.939453 0.0672302 0.0957031 0.00265884
3 0.964355 0.722168 0.0458984 0.504883 0.00251961
1 0.975586 0.0852661 0.0273438 0.0770264 0.00250626
3 0.0376587 0.226318 0.0375977 0.41748 0.00250626
4 0.67334 0.502563 0.438477 0.834717 0.00244904
13 0.978516 0.081665 0.0195312 0.0620117 0.0022831
1 0.0524902 0.943848 0.0859375 0.0947266 0.00186825
1 0.125702 0.956055 0.230042 0.0878906 0.00183296
2 0.976562 0.0778198 0.0332031 0.0738525 0.00182915
13 0.974365 0.951172 0.0493164 0.0839844 0.00180054
11 0.0402374 0.939453 0.0672302 0.0957031 0.00170135
2 0.642578 0.433716 0.0302734 0.111084 0.00167656
1 0.961426 0.923584 0.0400391 0.121582 0.00161934
2 0.0433197 0.886719 0.0683899 0.210938 0.00161457
6 0.052124 0.493652 0.0939941 0.979492 0.00158215
2 0.638184 0.426514 0.0234375 0.166504 0.00154591
6 0.090332 0.9021 0.180664 0.195801 0.001544
2 0.634277 0.482056 0.0302734 0.0837402 0.00153923
4 0.0427246 0.899414 0.0656738 0.195312 0.00153732
3 0.0854492 0.944824 0.152344 0.0947266 0.00153446
2 0.550781 0.287109 0.0380859 0.176758 0.00152683
2 0.809082 0.0177307 0.0429688 0.0325317 0.00151348
3 0.053299 0.928467 0.0923767 0.11377 0.00151253
6 0.962646 0.905762 0.0551758 0.157227 0.00147057
13 0.977539 0.874756 0.0390625 0.236816 0.00146294
1 0.977539 0.899902 0.0410156 0.18457 0.00145531
1 0.971436 0.135559 0.0375977 0.220093 0.00144768
19 0.67334 0.502563 0.438477 0.834717 0.00143051
6 0.977783 0.109741 0.0307617 0.168457 0.00142956
2 0.432617 0.969971 0.0366211 0.0327148 0.00140667
2 0.977539 0.899902 0.0410156 0.18457 0.00139523
7 0.0413818 0.939453 0.0654297 0.105469 0.00137234
1 0.969727 0.909668 0.0273438 0.105469 0.00136852
3 0.960938 0.349609 0.0488281 0.699219 0.00136662
2 0.958008 0.726562 0.0507812 0.505859 0.00135899
6 0.0400238 0.865723 0.0576477 0.21582 0.00135422
1 0.636719 0.458252 0.0322266 0.117676 0.00135231
2 0.552734 0.269104 0.0263672 0.131714 0.00133228
2 0.67334 0.502563 0.438477 0.834717 0.001297
6 0.103027 0.964844 0.195312 0.0703125 0.00127316
9 0.0402374 0.939453 0.0672302 0.0957031 0.00125122
2 0.970703 0.885498 0.0234375 0.209473 0.00124073
16 0.0402374 0.939453 0.0672302 0.0957031 0.00118828
2 0.102173 0.946533 0.186279 0.0991211 0.00117588
19 0.441406 0.533691 0.427734 0.666016 0.00117111
13 0.0436859 0.910156 0.0791321 0.179688 0.00114918
2 0.0520782 0.943359 0.0884705 0.0917969 0.00114727
6 0.982422 0.923584 0.0351562 0.125488 0.00114727
6 0.139191 0.956055 0.234314 0.0878906 0.00111771
6 0.957275 0.949463 0.0756836 0.097168 0.00110626
1 0.972656 0.07164 0.0332031 0.0874329 0.00110149
2 0.792969 0.0146484 0.0439453 0.0290527 0.00110054
4 0.636719 0.455933 0.0322266 0.121338 0.00109577
6 0.0311432 0.149811 0.0319519 0.228699 0.00107193
6 0.0366211 0.909912 0.0479736 0.129395 0.00106716
