2 0.686523 0.784668 0.273438 0.354492 0.824707
2 0.698242 0.718262 0.227539 0.205078 0.229004
3 0.0385742 0.786865 0.0579834 0.387207 0.0778198
4 0.680664 0.781738 0.263672 0.362305 0.0390625
6 0.980469 0.926514 0.0390625 0.119629 0.02948
1 0.6875 0.786621 0.275391 0.37207 0.0234833
6 0.978516 0.947266 0.0429688 0.0761719 0.0200653
1 0.976807 0.955078 0.0463867 0.0742188 0.0199585
6 0.0312042 0.149414 0.0384216 0.240723 0.0159149
6 0.980225 0.134918 0.0356445 0.229675 0.0140228
6 0.0372314 0.239075 0.039917 0.441772 0.0112
1 0.0390015 0.788818 0.0570068 0.400879 0.0110703
6 0.0373535 0.79248 0.0600586 0.415039 0.0106659
3 0.973633 0.815186 0.0527344 0.330566 0.0104675
1 0.0357666 0.949707 0.0533447 0.0771484 0.0102615
6 0.038269 0.904053 0.0612793 0.160645 0.00795746
1 0.981201 0.126007 0.0336914 0.228455 0.00735092
2 0.981689 0.954102 0.034668 0.0625 0.00699615
6 0.0344238 0.94751 0.0512695 0.0776367 0.0067482
3 0.0400848 0.870117 0.0690002 0.226562 0.00640106
3 0.0312042 0.149414 0.0384216 0.240723 0.00635147
6 0.0280762 0.91626 0.0438232 0.157715 0.00621796
3 0.041748 0.263184 0.0439453 0.498047 0.00617599
13 0.0307159 0.166382 0.0381775 0.293213 0.00611115
6 0.6875 0.786621 0.275391 0.37207 0.00603104
13 0.6875 0.786621 0.275391 0.37207 0.00539398
1 0.9729 0.775146 0.050293 0.414551 0.00529099
19 0.680664 0.781738 0.263672 0.362305 0.00476837
2 0.714355 0.328857 0.0224609 0.0742188 0.00465012
14 0.6875 0.786621 0.275391 0.37207 0.00427246
2 0.977295 0.946289 0.0454102 0.0742188 0.00418854
1 0.978027 0.921387 0.0439453 0.133789 0.0041275
3 0.979492 0.926758 0.0390625 0.125 0.00410843
9 0.6875 0.786621 0.275391 0.37207 0.0039711
18 0.680664 0.781738 0.263672 0.362305 0.00388336
11 0.680664 0.781738 0.263672 0.362305 0.00383759
16 0.6875 0.786621 0.275391 0.37207 0.00361824
17 0.680664 0.781738 0.263672 0.362305 0.00350761
3 0.680664 0.781738 0.263672 0.362305 0.0033493
7 0.6875 0.786621 0.275391 0.37207 0.00333405
8 0.680664 0.781738 0.263672 0.362305 0.00325966
5 0.680664 0.781738 0.263672 0.362305 0.00318336
10 0.6875 0.786621 0.275391 0.37207 0.00313377
0 0.6875 0.786621 0.275391 0.37207 0.00313377
15 0.680664 0.781738 0.263672 0.362305 0.00312233
2 0.0410156 0.306641 0.0413818 0.575195 0.00306892
1 0.100464 0.958984 0.176025 0.0820312 0.00301743
6 0.0435181 0.94165 0.0598145 0.097168 0.00290298
3 0.971191 0.682129 0.0576172 0.635742 0.0028553
12 0.6875 0.786621 0.275391 0.37207 0.00281143
2 0.790039 0.401611 0.0351562 0.0717773 0.00273323
2 0.690918 0.768066 0.181641 0.307617 0.00270844
3 0.980225 0.134918 0.0356445 0.229675 0.00234604
6 0.973633 0.844727 0.0488281 0.277344 0.0023098
2 0.889404 0.964844 0.20752 0.0683594 0.00226212
4 0.692871 0.723633 0.246094 0.214844 0.00206184
2 0.300049 0.181519 0.0898438 0.165771 0.00205612
2 0.0357666 0.949707 0.0533447 0.0771484 0.00205231
4 0.301758 0.182617 0.0874023 0.15625 0.00204277
13 0.980713 0.111938 0.034668 0.192383 0.00203133
3 0.0280762 0.91626 0.0438232 0.157715 0.00194454
19 0.475098 0.5802 0.71582 0.736084 0.00191021
2 0.980469 0.926514 0.0390625 0.119629 0.00187588
6 0.983887 0.913574 0.0322266 0.170898 0.00183773
14 0.925781 0.320557 0.0146484 0.0175781 0.00179386
1 0.889404 0.964844 0.20752 0.0683594 0.00175667
1 0.0330963 0.165649 0.0365906 0.276123 0.00174713
6 0.0857239 0.959229 0.157654 0.0698242 0.00167465
3 0.0396729 0.903564 0.0563965 0.16748 0.00166893
2 0.678223 0.706543 0.260742 0.328125 0.0016346
1 0.0483398 0.955322 0.0712891 0.0698242 0.0016222
3 0.0344849 0.925293 0.0578613 0.108398 0.00161934
8 0.475098 0.5802 0.71582 0.736084 0.00159645
2 0.647461 0.877441 0.177734 0.172852 0.00157166
1 0.698242 0.718262 0.227539 0.205078 0.00154972
2 0.038269 0.904053 0.0612793 0.160645 0.00154495
1 0.0407715 0.873047 0.0650635 0.234375 0.00151443
2 0.0307159 0.166382 0.0381775 0.293213 0.00150776
1 0.978271 0.822021 0.043457 0.30127 0.00149918
3 0.952881 0.520142 0.0942383 0.959717 0.00148869
4 0.0328522 0.788086 0.0527039 0.398438 0.00141335
1 0.0349731 0.915527 0.0578613 0.168945 0.00137329
3 0.983887 0.913574 0.0322266 0.170898 0.00132179
13 0.0372314 0.239075 0.039917 0.441772 0.00130463
3 0.0268402 0.748535 0.0466614 0.358398 0.00129509
3 0.0478516 0.735352 0.0629883 0.517578 0.00127888
3 0.0441895 0.94043 0.0546875 0.105469 0.00126839
6 0.0546875 0.953857 0.0834961 0.0727539 0.00126076
2 0.887207 0.945312 0.22168 0.109375 0.00125599
3 0.972656 0.874756 0.0488281 0.225098 0.00124073
2 0.385498 0.310303 0.0185547 0.0493164 0.00119209
2 0.452148 0.249268 0.0209961 0.0517578 0.00117874
1 0.0372314 0.239075 0.039917 0.441772 0.00117779
1 0.97168 0.133484 0.046875 0.234985 0.00111771
2 0.523926 0.147095 0.0263672 0.0852051 0.00106716
2 0.654297 0.848633 0.222656 0.185547 0.00100613
