2 0.95166 0.898926 0.0595703 0.03125 0.71582
2 0.943115 0.902832 0.0571289 0.0263672 0.201538
2 0.985352 0.381836 0.0214844 0.15918 0.179565
3 0.0496368 0.474365 0.0733337 0.94873 0.0840454
13 0.983398 0.0839844 0.0214844 0.0996094 0.05896
6 0.981201 0.957031 0.0375977 0.0644531 0.0497742
3 0.0683289 0.507935 0.0967407 0.9646 0.0320129
2 0.805176 0.466064 0.0332031 0.0571289 0.0307465
6 0.0265045 0.0693207 0.0331726 0.0940247 0.0220032
2 0.960205 0.899414 0.0581055 0.0419922 0.021759
2 0.986328 0.470215 0.0234375 0.31543 0.0210266
2 0.983398 0.950684 0.0292969 0.0615234 0.0178833
2 0.0273438 0.941406 0.0230713 0.0683594 0.0162201
2 0.810059 0.476562 0.0263672 0.0605469 0.0147629
2 0.951172 0.888672 0.0644531 0.0419922 0.0143661
2 0.0290527 0.546387 0.0214844 0.111328 0.0141068
6 0.0255127 0.942383 0.0408936 0.0800781 0.013443
2 0.983398 0.523438 0.0195312 0.193359 0.01194
1 0.0253906 0.937744 0.0280762 0.0737305 0.0119324
2 0.981445 0.369873 0.0214844 0.127441 0.011261
13 0.0274811 0.0936279 0.0319519 0.155273 0.0109787
2 0.0304108 0.453735 0.0456238 0.756592 0.00984955
2 0.987305 0.411133 0.0175781 0.134766 0.00847626
6 0.981201 0.0809937 0.0258789 0.103638 0.00847626
3 0.0406494 0.652222 0.0562744 0.695557 0.00819397
13 0.0270996 0.0685577 0.0307617 0.0940857 0.00785065
2 0.951416 0.890625 0.0620117 0.0800781 0.00778198
1 0.980713 0.960449 0.0385742 0.0615234 0.0072937
2 0.0272675 0.572266 0.0248108 0.15625 0.00723267
2 0.950439 0.911621 0.0620117 0.0849609 0.00692368
13 0.0309753 0.0898438 0.0327759 0.110596 0.00671005
13 0.945312 0.901855 0.0585938 0.0244141 0.00668335
2 0.0324249 0.93457 0.030365 0.0761719 0.00602722
1 0.981201 0.0809937 0.0258789 0.103638 0.00543213
2 0.984375 0.572266 0.0175781 0.0957031 0.00500488
2 0.980469 0.32373 0.0195312 0.0478516 0.00463867
2 0.985352 0.38208 0.0195312 0.0932617 0.00458527
3 0.0297699 0.421265 0.0473938 0.803955 0.00443268
1 0.980469 0.12085 0.0273438 0.184082 0.00430679
2 0.633301 0.473999 0.0166016 0.0656738 0.00381279
2 0.0283051 0.717529 0.0337219 0.529785 0.00380707
3 0.0311127 0.921143 0.0505676 0.108887 0.0037899
2 0.0263977 0.0681458 0.0263062 0.0922241 0.00369453
1 0.0263977 0.0681458 0.0263062 0.0922241 0.00362206
1 0.0296783 0.0820312 0.032196 0.126709 0.00360107
6 0.0831299 0.963135 0.143066 0.050293 0.00358009
6 0.0370483 0.953125 0.0513916 0.0605469 0.00351524
6 0.980469 0.12085 0.0273438 0.184082 0.00343895
6 0.0317993 0.923828 0.0498047 0.115234 0.00336647
6 0.935059 0.0299683 0.104492 0.02771 0.00315666
2 0.983887 0.379395 0.0322266 0.155762 0.00308609
1 0.987793 0.953857 0.0244141 0.0688477 0.00288963
2 0.980469 0.319824 0.0136719 0.0419922 0.00265694
6 0.0538788 0.957275 0.0809631 0.0581055 0.00262451
6 0.0297699 0.0964661 0.0359192 0.150818 0.00253296
2 0.979492 0.957764 0.0410156 0.0629883 0.00242615
6 0.863037 0.0446167 0.252441 0.059082 0.00228691
2 0.0314941 0.572754 0.0267334 0.241211 0.00223732
13 0.980469 0.12085 0.0273438 0.184082 0.00222015
6 0.932617 0.0333252 0.113281 0.0450439 0.00216866
13 0.980469 0.0826874 0.0371094 0.106598 0.00211525
2 0.983398 0.0839844 0.0214844 0.0996094 0.00209618
3 0.0438843 0.334839 0.050293 0.63501 0.00194454
3 0.026062 0.918701 0.0372314 0.150879 0.00187874
3 0.0267029 0.935303 0.0325317 0.0981445 0.00185394
2 0.970703 0.944092 0.0546875 0.0668945 0.00180435
2 0.974854 0.37207 0.0307617 0.144531 0.00179005
13 0.980713 0.960449 0.0385742 0.0615234 0.00177288
2 0.0345459 0.549316 0.0357666 0.446289 0.00174332
3 0.981445 0.956543 0.0371094 0.0693359 0.00173092
6 0.0302887 0.929199 0.0319519 0.0869141 0.00171375
3 0.0275269 0.0798035 0.0284424 0.12262 0.00165367
1 0.946289 0.901855 0.0566406 0.0273438 0.00155354
2 0.812988 0.483887 0.0292969 0.0849609 0.00154495
13 0.984375 0.380615 0.0214844 0.146973 0.00151539
2 0.0223389 0.857422 0.0162354 0.0361328 0.00149345
6 0.106659 0.965576 0.172913 0.0688477 0.00147438
2 0.987305 0.4104 0.015625 0.0888672 0.00141048
3 0.981689 0.940186 0.0366211 0.100098 0.00139332
19 0.486328 0.578003 0.776367 0.590088 0.00135803
2 0.0224457 0.939697 0.0212708 0.0600586 0.00135422
2 0.981445 0.576172 0.0175781 0.078125 0.00133896
14 0.950684 0.898438 0.0615234 0.0322266 0.00132275
2 0.926758 0.903809 0.0732422 0.0263672 0.00130653
2 0.0255127 0.942383 0.0408936 0.0800781 0.00128937
3 0.983398 0.100555 0.0214844 0.131409 0.00126648
13 0.034317 0.137787 0.0368347 0.199036 0.00123501
4 0.952148 0.898926 0.0644531 0.0322266 0.00123119
6 0.0523224 0.503662 0.0965271 0.961426 0.0012188
6 0.118622 0.970703 0.204651 0.0371094 0.00121689
2 0.0357819 0.453857 0.0289001 0.436035 0.00121403
2 0.804199 0.457397 0.0429688 0.0744629 0.0011816
1 0.951416 0.901367 0.0620117 0.0498047 0.00116825
2 0.986328 0.587891 0.0175781 0.0742188 0.00115395
2 0.983398 0.456177 0.0332031 0.316162 0.00111771
13 0.951172 0.897461 0.0625 0.0341797 0.00108147
2 0.934326 0.898926 0.0766602 0.0332031 0.00106812
6 0.0718079 0.952881 0.112244 0.0805664 0.00105095
2 0.981445 0.546387 0.0195312 0.118164 0.00101662
1 0.139648 0.30957 0.0454102 0.0761719 0.00100803
3 0.0328979 0.948486 0.0435791 0.0717773 0.00100708
2 0.0523224 0.503662 0.0965271 0.961426 0.00100422
