2 0.274658 0.184784 0.0390625 0.225159 0.682129
14 0.524414 0.641113 0.0166016 0.0244141 0.141602
6 0.041626 0.884277 0.0718994 0.200195 0.0532227
2 0.275635 0.184448 0.034668 0.136475 0.0354614
1 0.980225 0.145569 0.0395508 0.251831 0.0325317
3 0.0283356 0.34082 0.0539246 0.681641 0.0275116
6 0.979736 0.141937 0.0385742 0.245422 0.0268402
6 0.0512085 0.949463 0.0822754 0.081543 0.0265656
6 0.0421143 0.848389 0.0604248 0.303223 0.0233765
6 0.973877 0.953369 0.0522461 0.0717773 0.0228424
3 0.046936 0.492676 0.0921631 0.985352 0.0220795
2 0.733887 0.013092 0.0224609 0.0261841 0.0151443
2 0.502441 0.0154114 0.0205078 0.0255737 0.0143967
6 0.0289917 0.895996 0.0488281 0.198242 0.0137939
1 0.972656 0.956055 0.0546875 0.0683594 0.0127106
3 0.0296783 0.15097 0.0392761 0.249329 0.0124054
3 0.0410156 0.836426 0.0644531 0.317383 0.0117874
6 0.103394 0.947754 0.189941 0.0869141 0.011673
6 0.975586 0.93042 0.0449219 0.121582 0.00960541
2 0.270752 0.209961 0.027832 0.216309 0.00939178
6 0.0296783 0.15097 0.0392761 0.249329 0.00885773
3 0.968506 0.67627 0.043457 0.53125 0.00881195
3 0.0289917 0.895996 0.0488281 0.198242 0.00804901
6 0.0386963 0.931396 0.0609131 0.119629 0.00780106
3 0.0352783 0.228455 0.0455322 0.42688 0.00732422
6 0.976318 0.894043 0.0473633 0.192383 0.00703812
2 0.388672 0.308838 0.0390625 0.134277 0.00696564
14 0.521973 0.637695 0.0205078 0.0234375 0.00614929
3 0.0394745 0.62561 0.0531311 0.655029 0.00597763
2 0.842285 0.0132446 0.0332031 0.0264893 0.00536346
2 0.392822 0.277344 0.0336914 0.147461 0.00533676
2 0.264404 0.194183 0.0297852 0.21759 0.00531769
2 0.738281 0.015686 0.0273438 0.0313721 0.00507355
3 0.962891 0.579224 0.0585938 0.841553 0.00473785
2 0.0283203 0.3479 0.0491943 0.695801 0.00413895
3 0.980225 0.145569 0.0395508 0.251831 0.00403595
2 0.973877 0.953369 0.0522461 0.0717773 0.00402069
2 0.616211 0.0126953 0.0234375 0.0232544 0.00384712
2 0.376953 0.0115967 0.0327148 0.0231934 0.00370789
6 0.95874 0.956543 0.0727539 0.0791016 0.00335312
6 0.0352783 0.228455 0.0455322 0.42688 0.00321198
3 0.041275 0.38208 0.0658875 0.733887 0.00317764
3 0.041748 0.910156 0.0637207 0.154297 0.00316238
2 0.730469 0.0146637 0.0361328 0.0293274 0.00311089
1 0.0410156 0.836426 0.0644531 0.317383 0.00309181
6 0.0281982 0.854004 0.0349121 0.196289 0.00296593
14 0.523438 0.640625 0.03125 0.0322266 0.0029335
3 0.0507202 0.948486 0.0834961 0.0834961 0.00291252
3 0.960205 0.477661 0.0795898 0.89624 0.0028801
2 0.238525 0.678223 0.0551758 0.180664 0.0028019
2 0.27832 0.155609 0.0322266 0.163391 0.00278854
1 0.0507202 0.948486 0.0834961 0.0834961 0.00277138
6 0.116974 0.969727 0.190857 0.0585938 0.0027256
4 0.0416107 0.885254 0.0627747 0.211914 0.0026722
4 0.273438 0.189575 0.0341797 0.224854 0.002491
2 0.0371704 0.2771 0.0493164 0.523926 0.00227165
1 0.971436 0.160522 0.043457 0.283447 0.00208473
6 0.0385742 0.858398 0.0463867 0.234375 0.00201607
3 0.0281982 0.854004 0.0349121 0.196289 0.00197601
2 0.284424 0.187775 0.0400391 0.226501 0.00195885
6 0.0610199 0.925293 0.108185 0.124023 0.00191689
13 0.272461 0.189117 0.0390625 0.218445 0.00185013
2 0.744629 0.0133057 0.0341797 0.0247803 0.00179482
1 0.115997 0.949463 0.182556 0.0854492 0.00178051
6 0.0192566 0.884521 0.0385132 0.209473 0.0017786
1 0.9375 0.947021 0.109375 0.0942383 0.00167561
3 0.032959 0.782227 0.0618896 0.380859 0.0016613
3 0.0366211 0.850586 0.0454102 0.263672 0.00162888
2 0.835449 0.014679 0.03125 0.0293579 0.00162125
6 0.0341797 0.93457 0.0462646 0.0859375 0.00159836
3 0.0446625 0.880859 0.0832825 0.226562 0.00156116
3 0.969971 0.295776 0.050293 0.556885 0.00154495
6 0.0378265 0.769531 0.0642395 0.460938 0.00151443
4 0.974609 0.207031 0.0410156 0.389648 0.0015049
2 0.242188 0.695312 0.0712891 0.243164 0.00148201
3 0.974609 0.207031 0.0410156 0.389648 0.00147247
2 0.503906 0.0157776 0.0371094 0.0284424 0.00142002
2 0.26416 0.258057 0.0200195 0.0791016 0.00141716
3 0.0319824 0.542847 0.0606689 0.890869 0.00136757
2 0.278809 0.135864 0.0268555 0.114014 0.00131416
14 0.525391 0.650391 0.0166016 0.0263672 0.00126839
1 0.273926 0.186676 0.0390625 0.215027 0.00126076
3 0.975342 0.893555 0.043457 0.197266 0.00126076
3 0.0192566 0.884521 0.0385132 0.209473 0.00123215
1 0.94873 0.958496 0.0927734 0.0693359 0.0012207
1 0.0397339 0.930664 0.0603027 0.123047 0.00121498
6 0.931396 0.959229 0.121582 0.0698242 0.00119209
3 0.946289 0.509521 0.0625 0.934082 0.00117874
13 0.842285 0.0132446 0.0332031 0.0264893 0.00117397
1 0.160034 0.956055 0.304932 0.0722656 0.0011425
6 0.974609 0.207031 0.0410156 0.389648 0.00114059
2 0.0274963 0.167725 0.0380249 0.310059 0.00112247
1 0.911133 0.960449 0.158203 0.0732422 0.00111103
6 0.0942383 0.880127 0.188477 0.233887 0.00110626
1 0.0335083 0.179016 0.0432129 0.317749 0.00109768
13 0.0371704 0.888184 0.0616455 0.204102 0.0010519
1 0.980225 0.10791 0.0356445 0.161133 0.00101852
2 0.261475 0.266602 0.0166016 0.0625 0.00101089
2 0.498047 0.0197754 0.0283203 0.0371094 0.00100613
