2 0.303223 0.711426 0.0429688 0.227539 0.745117
2 0.973633 0.57666 0.0234375 0.253906 0.0904541
13 0.0211792 0.102325 0.0297852 0.198669 0.056366
2 0.969727 0.623047 0.0214844 0.154297 0.050415
6 0.97168 0.131683 0.0390625 0.248352 0.035553
2 0.303711 0.703125 0.0390625 0.134766 0.0306396
3 0.0220337 0.0902405 0.0330811 0.17157 0.0229645
3 0.970703 0.110352 0.0410156 0.214844 0.0167084
6 0.0220337 0.104584 0.0302734 0.197083 0.0147552
2 0.974365 0.599487 0.0317383 0.482666 0.0121994
2 0.969727 0.585938 0.0234375 0.19043 0.00850677
2 0.96875 0.364868 0.0507812 0.662842 0.00754166
4 0.303711 0.711914 0.043457 0.226562 0.00637436
3 0.967041 0.724121 0.0385742 0.475586 0.0063591
2 0.971924 0.663574 0.0170898 0.197266 0.00516891
13 0.970459 0.128784 0.0415039 0.255127 0.00420761
3 0.96167 0.369019 0.0688477 0.658447 0.00403595
2 0.970703 0.632324 0.0175781 0.108398 0.00381279
13 0.969727 0.623047 0.0214844 0.154297 0.00367165
1 0.304443 0.711426 0.043457 0.231445 0.00332832
2 0.974365 0.483887 0.0239258 0.416016 0.00315475
6 0.0228882 0.0696106 0.036499 0.117615 0.00305557
6 0.975586 0.0974121 0.0371094 0.171143 0.00281715
6 0.963623 0.166626 0.0493164 0.304932 0.00252914
13 0.840332 0.0840454 0.0341797 0.128052 0.00241089
2 0.0211792 0.102325 0.0297852 0.198669 0.00229263
2 0.969482 0.528809 0.0219727 0.197266 0.00220299
1 0.0213318 0.105865 0.0317993 0.200378 0.00218773
13 0.962891 0.171692 0.0507812 0.31189 0.00218773
13 0.021637 0.16803 0.031311 0.329956 0.00202751
1 0.97168 0.131683 0.0390625 0.248352 0.0020256
2 0.973633 0.666016 0.0214844 0.361328 0.00194645
2 0.971436 0.651367 0.0141602 0.0957031 0.00193119
13 0.302979 0.710938 0.0439453 0.224609 0.0019207
2 0.969727 0.586426 0.0390625 0.194336 0.00183296
2 0.972656 0.511719 0.0175781 0.125977 0.00181103
3 0.964355 0.15033 0.0478516 0.258911 0.00179386
2 0.968018 0.698242 0.0327148 0.505859 0.00173283
3 0.970703 0.0880432 0.0527344 0.142761 0.00160027
2 0.973389 0.616699 0.0180664 0.09375 0.00157642
3 0.0237732 0.0650482 0.0443726 0.104279 0.00156021
3 0.0370483 0.494873 0.0740967 0.955566 0.00149536
2 0.973633 0.599121 0.0351562 0.276367 0.00149155
13 0.971436 0.102905 0.0297852 0.190186 0.00148773
2 0.969727 0.666504 0.0195312 0.139648 0.00144005
14 0.304199 0.710449 0.0439453 0.222656 0.00139141
2 0.969482 0.624023 0.0356445 0.152344 0.00127506
2 0.305664 0.670898 0.0361328 0.152344 0.00127411
1 0.104645 0.956787 0.180847 0.0668945 0.00125694
13 0.971436 0.649414 0.0161133 0.136719 0.00123215
2 0.309326 0.695801 0.0288086 0.0947266 0.00122738
1 0.475098 1 0.836914 0 0.00122452
13 0.0298767 0.180481 0.0425415 0.326538 0.00117302
2 0.976562 0.443726 0.0390625 0.596924 0.00117207
1 0.097168 0.957764 0.165283 0.0375977 0.00116539
2 0.975586 0.600098 0.0292969 0.164062 0.00111008
4 0.968018 0.347046 0.0541992 0.645752 0.00110149
2 0.309814 0.708008 0.0410156 0.177734 0.00109577
2 0.969727 0.583008 0.0195312 0.107422 0.00106621
