2 0.481934 0.203369 0.18457 0.0458984 0.783203
6 0.039566 0.93335 0.0649109 0.0981445 0.062439
6 0.0764465 0.947754 0.141052 0.0849609 0.0575867
1 0.0263672 0.933594 0.0386963 0.0693359 0.0500488
6 0.0283203 0.935547 0.0397949 0.0722656 0.0460205
1 0.114716 0.950928 0.210022 0.0961914 0.0366211
6 0.115387 0.956787 0.224304 0.0864258 0.0345154
6 0.0309448 0.941162 0.0618896 0.0727539 0.0290527
2 0.481934 0.207153 0.183594 0.0769043 0.0271759
2 0.0273438 0.935547 0.0316162 0.0722656 0.0237732
1 0.964844 0.947021 0.0546875 0.090332 0.0197296
2 0.473022 0.201233 0.109619 0.0501709 0.0189209
6 0.0450439 0.916016 0.0751953 0.166016 0.0187836
6 0.0298767 0.0702057 0.053894 0.120331 0.0111847
1 0.0385742 0.944824 0.0625 0.0830078 0.0109711
6 0.0307922 0.897705 0.0575562 0.169434 0.00841522
6 0.0902405 0.938477 0.147644 0.123047 0.00813293
6 0.0305786 0.10788 0.0491943 0.199768 0.0073967
1 0.95166 0.956055 0.0791016 0.0839844 0.00725174
6 0.977539 0.953125 0.0410156 0.0625 0.0068512
1 0.0744019 0.948486 0.126587 0.0834961 0.00634384
1 0.102142 0.962646 0.174622 0.074707 0.00633621
6 0.0508881 0.945068 0.0801086 0.0786133 0.00592422
2 0.0976257 0.955566 0.19342 0.0888672 0.00590515
2 0.03479 0.93335 0.0599365 0.0844727 0.00587082
3 0.0471802 0.334229 0.0618896 0.633301 0.0058403
1 0.158081 0.956299 0.316162 0.0795898 0.0055542
6 0.0356445 0.0521545 0.0595703 0.0905151 0.00537872
6 0.0244141 0.918701 0.0408936 0.135254 0.00531769
3 0.0363159 0.840332 0.0593262 0.282227 0.00515747
3 0.0336456 0.885742 0.065033 0.166016 0.00499725
2 0.481445 0.204102 0.0732422 0.0410156 0.00387573
3 0.0263672 0.933594 0.0386963 0.0693359 0.0036869
3 0.0346069 0.107666 0.0615234 0.185303 0.00348282
6 0.975586 0.933105 0.0410156 0.102539 0.00326538
1 0.978516 0.151184 0.0351562 0.229858 0.0031414
3 0.0357513 0.0660706 0.0520325 0.125671 0.00305748
1 0.971924 0.953613 0.050293 0.0634766 0.00299072
3 0.0263824 0.916992 0.0470886 0.0908203 0.00298882
3 0.039566 0.93335 0.0649109 0.0981445 0.00289154
1 0.0902405 0.938477 0.147644 0.123047 0.00275993
2 0.0168762 0.725586 0.017395 0.0761719 0.00269318
6 0.0392456 0.871094 0.0640869 0.242188 0.00259972
1 0.481934 0.204773 0.182617 0.0455322 0.00256538
19 0.482056 0.74292 0.715576 0.51416 0.00254059
2 0.853516 0.590332 0.0693359 0.166016 0.00252342
2 0.963379 0.949951 0.0556641 0.0883789 0.00242996
3 0.948975 0.381836 0.0649414 0.763672 0.00242043
1 0.974609 0.934814 0.0429688 0.108887 0.00231743
1 0.0349121 0.896729 0.0614014 0.161621 0.00226784
6 0.0200806 0.928223 0.0386963 0.0927734 0.00218582
13 0.0273438 0.935547 0.0316162 0.0722656 0.00212479
6 0.13089 0.940674 0.23822 0.118652 0.00201035
3 0.974854 0.151093 0.0424805 0.236877 0.00195694
8 0.482056 0.74292 0.715576 0.51416 0.00192356
1 0.916992 0.960449 0.146484 0.0751953 0.00189018
6 0.963379 0.949951 0.0556641 0.0883789 0.00183487
3 0.0450439 0.916016 0.0751953 0.166016 0.00181675
2 0.075592 0.947266 0.141296 0.0800781 0.001791
3 0.0665283 0.942627 0.107422 0.101074 0.0017643
4 0.484253 0.204773 0.180908 0.0450439 0.00168896
2 0.105988 0.016861 0.0497437 0.0302429 0.00162601
6 0.978516 0.151184 0.0351562 0.229858 0.00162601
3 0.966309 0.915527 0.0576172 0.116211 0.00155544
14 0.481567 0.205078 0.187256 0.0483398 0.00152874
6 0.977539 0.902832 0.0410156 0.168945 0.00149918
1 0.0263824 0.916992 0.0470886 0.0908203 0.0014658
19 0.637695 0.750977 0.493164 0.498047 0.00146389
2 0.473999 0.188599 0.175049 0.0632324 0.00145054
3 0.95874 0.336548 0.0708008 0.606201 0.00143909
1 0.484863 0.78125 0.810547 0.4375 0.00143623
1 0.966797 0.922119 0.0546875 0.114746 0.00143147
6 0.103424 0.983887 0.191101 0.0322266 0.0014143
1 0.961426 0.964355 0.0537109 0.0693359 0.00139618
6 0.0768127 0.991211 0.142761 0.0175781 0.00137711
2 0.111603 0.0135193 0.0370483 0.0258179 0.00137711
6 0.0840149 0.963379 0.146423 0.0732422 0.00132942
2 0.974854 0.947998 0.0444336 0.0688477 0.00130653
13 0.48291 0.204895 0.181641 0.0487061 0.00126553
8 0.637695 0.750977 0.493164 0.498047 0.00126457
13 0.101318 0.950928 0.188232 0.0864258 0.00125217
6 0.0955811 0.962646 0.188232 0.074707 0.00124073
3 0.0235596 0.903564 0.0388184 0.177246 0.00121593
13 0.0384064 0.945068 0.0625916 0.0805664 0.00118446
6 0.0180054 0.900879 0.0344238 0.182617 0.00116444
19 0.438782 0.75708 0.49939 0.45459 0.0011549
6 0.0527191 0.994629 0.103546 0.0107422 0.00115395
3 0.0855713 0.956299 0.162842 0.0874023 0.00115204
12 0.482056 0.74292 0.715576 0.51416 0.00111675
2 0.449951 0.200684 0.11377 0.0390625 0.00111675
1 0.0512695 0.939453 0.0915527 0.0996094 0.00111103
7 0.482056 0.74292 0.715576 0.51416 0.00109291
2 0.0224609 0.92334 0.0419922 0.078125 0.00107193
1 0.938965 0.967773 0.102539 0.0625 0.00105286
19 0.316345 0.379883 0.390747 0.675781 0.00104809
1 0.128296 0.943848 0.231201 0.112305 0.00102615
3 0.0375977 0.174072 0.0681152 0.297363 0.00101662
19 0.630371 0.370361 0.392578 0.559082 0.00101185
