2 0.899902 0.36377 0.102539 0.256836 0.640625
6 0.0435944 0.941406 0.0695496 0.0742188 0.064209
2 0.92041 0.368408 0.0576172 0.230957 0.0531616
6 0.0834961 0.948486 0.161133 0.0756836 0.0445862
2 0.027771 0.0879822 0.0333252 0.150208 0.0387878
2 0.0639038 0.164551 0.0584717 0.0170898 0.0334167
1 0.893555 0.369263 0.131836 0.267334 0.030777
1 0.882324 0.27002 0.112305 0.0615234 0.0293579
6 0.0428467 0.913818 0.0644531 0.156738 0.0257568
6 0.0366211 0.921875 0.0648193 0.105469 0.023941
1 0.0419464 0.9375 0.075531 0.078125 0.0236969
1 0.0625 0.93457 0.104736 0.0898438 0.0216064
1 0.026001 0.0981445 0.0310059 0.149658 0.0204926
1 0.113403 0.942383 0.200439 0.0957031 0.0190735
2 0.87793 0.266846 0.107422 0.0576172 0.0189972
6 0.977295 0.117798 0.0317383 0.190186 0.0173187
2 0.936035 0.401611 0.0400391 0.20752 0.0172882
6 0.125031 0.950928 0.226501 0.0981445 0.0171661
6 0.0337067 0.935547 0.0463562 0.0654297 0.0170135
6 0.0514069 0.950439 0.0937195 0.0698242 0.0166168
6 0.0316772 0.0837097 0.0467529 0.159241 0.0150528
1 0.031723 0.933594 0.0371399 0.0664062 0.0132675
2 0.903564 0.368652 0.185059 0.291992 0.0127869
2 0.942383 0.456787 0.0244141 0.114746 0.0112381
6 0.979248 0.883301 0.0415039 0.211914 0.010704
1 0.0316772 0.0837097 0.0467529 0.159241 0.00863647
2 0.0388184 0.930176 0.0455322 0.0732422 0.00740814
6 0.0813599 0.926025 0.127808 0.132324 0.00731277
6 0.0625 0.93457 0.104736 0.0898438 0.00728607
1 0.0514069 0.950439 0.0937195 0.0698242 0.00679779
2 0.980469 0.821777 0.015625 0.0791016 0.0067749
2 0.603516 0.279297 0.0810547 0.0166016 0.00647354
6 0.0420532 0.870117 0.0679932 0.222656 0.00634003
2 0.966797 0.26001 0.0625 0.52002 0.00612259
3 0.973877 0.576538 0.0424805 0.817627 0.00597763
2 0.0227661 0.108551 0.0252686 0.153503 0.00597382
1 0.979248 0.122223 0.0317383 0.215515 0.00576782
6 0.0853577 0.96582 0.16864 0.0664062 0.00562286
1 0.0845642 0.955811 0.162903 0.0688477 0.00559998
2 0.0522461 0.159424 0.0655518 0.0371094 0.00547028
2 0.942383 0.489746 0.0214844 0.0546875 0.00513077
2 0.944336 0.47644 0.0244141 0.0773926 0.00510406
2 0.943359 0.423828 0.0302734 0.180664 0.00475693
2 0.648926 0.458252 0.0234375 0.0405273 0.00411224
2 0.916992 0.370605 0.0673828 0.141113 0.00405884
2 0.0985107 0.956543 0.192139 0.0751953 0.0038414
6 0.94873 0.959961 0.0771484 0.0527344 0.00376892
2 0.649902 0.468018 0.0146484 0.034668 0.00351143
2 0.0283356 0.931641 0.0346375 0.0683594 0.00343513
2 0.973877 0.576538 0.0424805 0.817627 0.00340271
2 0.884766 0.286133 0.116211 0.103516 0.00339508
6 0.974609 0.0884094 0.0429688 0.153748 0.00337601
1 0.152344 0.95166 0.272461 0.0966797 0.00331116
2 0.902344 0.354004 0.0957031 0.140137 0.00326347
6 0.966309 0.957275 0.0517578 0.0541992 0.00316429
2 0.138855 0.942383 0.229126 0.109375 0.00312996
13 0.898438 0.370605 0.126953 0.266602 0.00311089
3 0.976562 0.109283 0.0351562 0.177429 0.00306129
3 0.0420532 0.9375 0.069458 0.0820312 0.00303268
1 0.869629 0.261719 0.0947266 0.0522461 0.00302696
6 0.976318 0.911133 0.043457 0.144531 0.00297928
2 0.0413818 0.936279 0.0683594 0.0805664 0.0029335
3 0.0420532 0.870117 0.0679932 0.222656 0.00280762
3 0.979492 0.69104 0.0410156 0.604248 0.00271416
1 0.0552979 0.882812 0.0952148 0.183594 0.00267792
6 0.972412 0.942871 0.0454102 0.0830078 0.00261879
3 0.977539 0.883545 0.0390625 0.217285 0.00250816
2 0.887207 0.324219 0.113281 0.19043 0.00248718
2 0.0717773 0.161621 0.0688477 0.0197754 0.00245857
2 0.0653076 0.162842 0.0661621 0.0285645 0.00243759
4 0.892578 0.369019 0.128906 0.269775 0.00243759
3 0.0428467 0.913818 0.0644531 0.156738 0.00241661
2 0.94751 0.369629 0.0444336 0.285156 0.0024128
6 0.969727 0.14035 0.0390625 0.229553 0.00238991
3 0.969727 0.14035 0.0390625 0.229553 0.00236511
6 0.0292969 0.918457 0.045166 0.0878906 0.0023365
13 0.0319824 0.0877686 0.0460205 0.157715 0.00230408
1 0.0410156 0.899902 0.0648193 0.157227 0.00228882
2 0.910156 0.272705 0.0908203 0.14502 0.0022831
1 0.123688 0.96167 0.234558 0.0766602 0.00227737
1 0.0292969 0.918457 0.045166 0.0878906 0.00225067
3 0.0375977 0.442871 0.0661621 0.885742 0.00219917
2 0.602539 0.280518 0.116211 0.0195312 0.00208282
2 0.324707 0.427979 0.0170898 0.019043 0.00206375
4 0.966064 0.262451 0.0600586 0.500488 0.00201416
2 0.980469 0.778564 0.0292969 0.41748 0.00192738
6 0.893555 0.369263 0.131836 0.267334 0.00190639
3 0.0319977 0.0836487 0.0429382 0.160339 0.00181675
2 0.026001 0.098175 0.0303955 0.090271 0.00179195
3 0.968506 0.265137 0.0512695 0.507812 0.00171089
2 0.561035 0.427734 0.0185547 0.0527344 0.00170898
1 0.9729 0.140839 0.0366211 0.231995 0.00170326
3 0.0834961 0.948486 0.161133 0.0756836 0.00168324
3 0.0558777 0.946289 0.0894165 0.078125 0.00158119
3 0.0322418 0.909668 0.0497742 0.0986328 0.00156784
2 0.857422 0.365356 0.285156 0.316162 0.00149345
9 0.891602 0.369995 0.129883 0.273682 0.00147343
2 0.924561 0.366943 0.100098 0.277832 0.0014677
2 0.320068 0.428955 0.0195312 0.0239258 0.00144863
13 0.969727 0.161438 0.0410156 0.285522 0.00138664
2 0.891602 0.403198 0.126953 0.408447 0.00136662
6 0.969971 0.887451 0.0444336 0.182129 0.00134087
6 0.922607 0.965332 0.135254 0.0595703 0.00132656
13 0.026001 0.0981445 0.0310059 0.149658 0.00131035
2 0.0519562 0.163086 0.0462341 0.0197754 0.00130939
2 0.9375 0.451538 0.0371094 0.174072 0.00130272
1 0.0813599 0.926025 0.127808 0.132324 0.00125313
14 0.808105 0.823242 0.0605469 0.0947266 0.00123882
2 0.648926 0.466431 0.0185547 0.0456543 0.0012064
13 0.0425262 0.944824 0.0687561 0.0732422 0.00120068
2 0.0472412 0.09729 0.0826416 0.176514 0.00119209
3 0.979736 0.166016 0.0385742 0.321777 0.0011673
2 0.85791 0.261963 0.0742188 0.0527344 0.00115395
3 0.891602 0.369995 0.129883 0.273682 0.00115299
1 0.812012 0.821777 0.0703125 0.0947266 0.00113869
2 0.891602 0.362366 0.216797 0.298706 0.00110054
13 0.978516 0.109589 0.03125 0.169495 0.00107956
19 0.891602 0.369995 0.129883 0.273682 0.00107479
7 0.891602 0.369995 0.129883 0.273682 0.00106239
2 0.94873 0.460327 0.0224609 0.120361 0.00105762
8 0.891602 0.369995 0.129883 0.273682 0.00105381
1 0.026001 0.098175 0.0303955 0.090271 0.00105
6 0.979736 0.166016 0.0385742 0.321777 0.00104141
