2 0.786133 0.871094 0.0761719 0.114258 0.769531
2 0.767578 0.878418 0.120117 0.112305 0.0878296
3 0.95874 0.328613 0.0688477 0.657227 0.0448914
2 0.259277 0.188477 0.0898438 0.174316 0.0405884
14 0.581543 0.34082 0.0146484 0.0166016 0.0338745
2 0.733398 0.872559 0.194336 0.12207 0.0320435
3 0.0597229 0.479004 0.0797729 0.958008 0.0267944
3 0.036499 0.0770264 0.0552979 0.115723 0.0237427
3 0.0323486 0.13855 0.0438232 0.262939 0.0141602
3 0.0380859 0.107788 0.052124 0.186523 0.013649
6 0.0261078 0.917236 0.0364075 0.118652 0.0134964
2 0.655762 0.900391 0.120117 0.0615234 0.0132141
6 0.0323486 0.0778503 0.0461426 0.121643 0.0125351
6 0.977539 0.110687 0.03125 0.179016 0.0116119
3 0.959717 0.48584 0.0727539 0.97168 0.00993347
6 0.0317993 0.137207 0.041748 0.273438 0.00926208
2 0.0246582 0.850098 0.0177002 0.0957031 0.0080719
1 0.787598 0.871094 0.0751953 0.107422 0.00773239
3 0.048645 0.339722 0.0699463 0.654541 0.00677109
3 0.0279846 0.888916 0.0374146 0.177246 0.00654221
2 0.702148 0.898926 0.203125 0.0761719 0.00629807
6 0.024704 0.936523 0.0326233 0.0761719 0.0062027
1 0.734375 0.878418 0.188477 0.118164 0.00545502
3 0.977539 0.110687 0.03125 0.179016 0.00539398
3 0.970703 0.847656 0.0546875 0.237305 0.00531006
3 0.96582 0.716187 0.0488281 0.510986 0.00499344
13 0.777832 0.872559 0.0839844 0.123047 0.00492477
2 0.686523 0.881348 0.186523 0.107422 0.00465393
2 0.0258331 0.824707 0.0210876 0.124023 0.00425339
2 0.498535 0.633789 0.0410156 0.125 0.0042038
4 0.394531 0.463745 0.295898 0.801025 0.00418854
13 0.0246582 0.850098 0.0177002 0.0957031 0.0038147
3 0.0275269 0.110138 0.0317383 0.205017 0.00348854
6 0.979492 0.0907135 0.0253906 0.124725 0.00311279
6 0.973389 0.12793 0.0375977 0.244629 0.00309944
3 0.0297852 0.0861511 0.0314941 0.13385 0.00309563
2 0.569824 0.864746 0.0664062 0.015625 0.00284958
3 0.940674 0.502563 0.0913086 0.973389 0.00270271
14 0.782227 0.871094 0.0839844 0.12207 0.00266457
2 0.0551605 0.479004 0.0766907 0.958008 0.00266075
6 0.0268555 0.886719 0.0418701 0.169922 0.00259781
4 0.779297 0.875488 0.0908203 0.111328 0.00259018
6 0.0284729 0.0976868 0.0303345 0.153259 0.00257874
1 0.686523 0.881348 0.186523 0.107422 0.0020752
3 0.0265045 0.933105 0.025238 0.0869141 0.00206947
3 0.0270996 0.917969 0.0318604 0.138672 0.00203514
3 0.973389 0.12793 0.0375977 0.244629 0.00203133
6 0.0370636 0.10498 0.0486755 0.195557 0.00201607
2 0.247009 0.218628 0.0826416 0.127197 0.00195312
2 0.95874 0.328613 0.0688477 0.657227 0.00194073
6 0.0266724 0.947998 0.0244141 0.0532227 0.00190735
2 0.0275879 0.831055 0.0253906 0.193359 0.0018816
2 0.0253906 0.936035 0.0192871 0.0556641 0.0018816
1 0.650879 0.890625 0.12207 0.0751953 0.00184917
3 0.031189 0.916016 0.0446777 0.107422 0.00183487
9 0.783203 0.875 0.0869141 0.109375 0.00179863
6 0.971436 0.0800476 0.0454102 0.125061 0.00161743
2 0.0244141 0.931152 0.0308838 0.0683594 0.00154972
2 0.0261078 0.917236 0.0364075 0.118652 0.00144958
2 0.804199 0.873047 0.203125 0.15918 0.00144482
6 0.899902 0.0318604 0.18457 0.0443115 0.00143051
2 0.0472412 0.334717 0.060791 0.635254 0.00142765
3 0.0356598 0.430664 0.0710144 0.861328 0.00138092
13 0.979248 0.11853 0.0297852 0.185303 0.00132942
3 0.972656 0.540405 0.0488281 0.868408 0.00130463
3 0.0340576 0.317871 0.053833 0.608398 0.00124836
2 0.969482 0.656982 0.0532227 0.654785 0.00121784
8 0.783203 0.875 0.0869141 0.109375 0.00120926
3 0.979492 0.0907135 0.0253906 0.124725 0.00120544
3 0.783203 0.875 0.0869141 0.109375 0.0011816
3 0.966064 0.267822 0.050293 0.527832 0.0011692
13 0.0284729 0.0976868 0.0303345 0.153259 0.00116825
4 0.458984 0.532104 0.390625 0.777588 0.00116062
19 0.459473 0.679199 0.473633 0.602539 0.00115299
19 0.780762 0.871094 0.0839844 0.118164 0.00115204
7 0.780762 0.871094 0.0839844 0.118164 0.00113487
6 0.0874329 0.959229 0.136658 0.0463867 0.00111485
13 0.0258331 0.824707 0.0210876 0.124023 0.00110817
6 0.783203 0.875 0.0869141 0.109375 0.00107574
6 0.872314 0.0396118 0.224121 0.0610352 0.00103951
12 0.783203 0.875 0.0869141 0.109375 0.00102711
15 0.783203 0.875 0.0869141 0.109375 0.00102711
2 0.805664 0.0518799 0.0214844 0.0316162 0.00101089
