2 0.151367 0.747559 0.065918 0.178711 0.872559
3 0.0435333 0.42041 0.0638123 0.84082 0.124939
3 0.0276489 0.403442 0.0552979 0.773193 0.111877
3 0.953613 0.504883 0.0712891 0.96875 0.0703125
2 0.141113 0.708984 0.045166 0.0976562 0.0376282
3 0.96167 0.331543 0.0571289 0.663086 0.034668
3 0.980225 0.112946 0.0356445 0.200378 0.0328064
4 0.668457 0.225647 0.105469 0.426636 0.0314941
6 0.980225 0.112946 0.0356445 0.200378 0.0221558
6 0.0246429 0.874023 0.0359192 0.226562 0.0189362
3 0.0346222 0.310303 0.0503845 0.620605 0.0177155
1 0.979492 0.129028 0.0371094 0.243408 0.013031
3 0.03479 0.488281 0.0695801 0.976562 0.0118561
2 0.439209 0.302734 0.0224609 0.046875 0.0105133
1 0.0240936 0.132111 0.0213928 0.184998 0.0102615
6 0.0231018 0.910645 0.038147 0.137695 0.00839996
2 0.153564 0.743652 0.0634766 0.0927734 0.0075264
2 0.145264 0.720703 0.0566406 0.134766 0.00668716
3 0.0276947 0.172668 0.0388489 0.329468 0.00610352
6 0.0238495 0.081604 0.0365295 0.145874 0.00508499
3 0.975586 0.141663 0.0410156 0.267456 0.00495911
6 0.0252075 0.136566 0.0249023 0.230286 0.00447845
3 0.967529 0.807617 0.0415039 0.337891 0.00442505
4 0.646973 0.338135 0.155273 0.662598 0.00440979
3 0.969971 0.276367 0.0522461 0.529297 0.0039444
6 0.96875 0.849609 0.0429688 0.251953 0.00386238
3 0.0246429 0.874023 0.0359192 0.226562 0.00354004
1 0.149048 0.744141 0.0634766 0.169922 0.00348663
2 0.0253906 0.346191 0.0499268 0.692383 0.00345421
6 0.022644 0.938232 0.0374756 0.0805664 0.00318146
1 0.979492 0.10437 0.03125 0.16748 0.00306511
3 0.967529 0.71106 0.0512695 0.52124 0.00304985
2 0.0385132 0.344482 0.0501709 0.67041 0.00303078
3 0.0345306 0.149353 0.0437317 0.259888 0.00283241
4 0.646484 0.5 0.134766 1 0.00251198
3 0.0375977 0.232117 0.0437012 0.427368 0.00242233
3 0.970459 0.443115 0.059082 0.849121 0.00237656
6 0.0247803 0.0554504 0.0419922 0.093689 0.00232697
2 0.133423 0.691895 0.0378418 0.0869141 0.00225449
13 0.0243835 0.143646 0.020813 0.171204 0.0022316
6 0.974365 0.166565 0.0356445 0.308472 0.00221062
13 0.149658 0.745117 0.0632324 0.168945 0.00216103
2 0.757812 0.357178 0.0234375 0.0756836 0.00213432
4 0.151001 0.74707 0.0634766 0.174805 0.00212479
1 0.0249481 0.139252 0.0281067 0.246887 0.00209808
3 0.0240479 0.0898438 0.0302734 0.179199 0.00200844
2 0.847168 0.552246 0.0244141 0.0693359 0.00195122
13 0.979492 0.129028 0.0371094 0.243408 0.00194836
3 0.968994 0.873535 0.050293 0.204102 0.00193024
2 0.024765 0.158051 0.0218811 0.187317 0.00183868
6 0.0277405 0.152161 0.0370483 0.264038 0.00183105
3 0.977051 0.0907898 0.0458984 0.141663 0.00174522
3 0.960693 0.631348 0.0610352 0.737305 0.00173759
2 0.165649 0.753906 0.0463867 0.182617 0.00172997
2 0.445312 0.162476 0.0161133 0.057373 0.00172997
3 0.0276794 0.129578 0.0349731 0.217407 0.00170326
3 0.0242157 0.932617 0.0318909 0.0957031 0.00162411
2 0.0250244 0.857422 0.0281982 0.198242 0.00158691
13 0.0247955 0.866455 0.0309753 0.210449 0.00156498
1 0.95459 0.490601 0.0888672 0.954346 0.00154686
2 0.79834 0.572754 0.0205078 0.0859375 0.0015316
3 0.0184174 0.912842 0.0320129 0.150879 0.00152588
2 0.960205 0.504517 0.0698242 0.977295 0.0015192
4 0.96875 0.272095 0.046875 0.526123 0.00149727
3 0.0634003 0.499634 0.096344 0.969482 0.00147724
3 0.0263672 0.574829 0.0505371 0.80542 0.00147152
2 0.0341644 0.668945 0.0403137 0.652344 0.00146866
2 0.0434113 0.441772 0.0655212 0.852783 0.00143909
3 0.974609 0.845703 0.0332031 0.261719 0.0014286
3 0.0263519 0.917236 0.0473938 0.118652 0.00142097
6 0.975342 0.0869446 0.0395508 0.139099 0.00138664
4 0.677734 0.153809 0.0878906 0.266113 0.00135994
2 0.0231934 0.119598 0.0230713 0.190979 0.00133133
3 0.0236816 0.398315 0.0473633 0.523682 0.00130558
2 0.513672 0.226318 0.0224609 0.0649414 0.00129795
2 0.762207 0.36499 0.0205078 0.0727539 0.00129414
6 0.0310974 0.943359 0.046936 0.078125 0.00127602
9 0.151611 0.746094 0.0627441 0.178711 0.00121212
3 0.0349121 0.875488 0.0441895 0.204102 0.00120449
2 0.570312 0.389648 0.0244141 0.0874023 0.00119877
6 0.0875549 0.968506 0.162781 0.0395508 0.00117397
14 0.150391 0.747559 0.0656738 0.180664 0.0011301
1 0.0278931 0.501953 0.0557861 0.867188 0.00111008
1 0.974365 0.166565 0.0356445 0.308472 0.0011034
3 0.0267639 0.248779 0.0447388 0.496582 0.00109482
6 0.0195923 0.0870361 0.0224609 0.156982 0.00109386
3 0.0258484 0.467773 0.0516968 0.935547 0.00109196
2 0.841309 0.553223 0.0224609 0.0742188 0.00106907
3 0.931885 0.44165 0.0932617 0.883301 0.00106621
6 0.979736 0.892578 0.0366211 0.185547 0.00105858
2 0.977783 0.749023 0.0327148 0.445312 0.0010128
4 0.679688 0.495239 0.147461 0.978271 0.00100422
1 0.0435333 0.42041 0.0638123 0.84082 0.00100136
