2 0.685547 0.219971 0.0195312 0.0585938 0.675293
2 0.680664 0.219238 0.0253906 0.0634766 0.110962
14 0.686523 0.217957 0.0205078 0.0616455 0.106323
6 0.977295 0.184998 0.0356445 0.287231 0.0623474
6 0.0247803 0.103668 0.0343018 0.153992 0.0515747
3 0.974609 0.209839 0.0371094 0.345947 0.0498352
6 0.981689 0.89209 0.0366211 0.194336 0.0448914
14 0.681152 0.218628 0.0224609 0.0612793 0.0447998
3 0.0247803 0.103668 0.0343018 0.153992 0.035675
6 0.0267029 0.914062 0.0375366 0.138672 0.0331726
13 0.0231323 0.140198 0.0206299 0.1698 0.0161591
3 0.978271 0.157867 0.0375977 0.23114 0.0129318
3 0.0379639 0.864258 0.0667725 0.228516 0.0120392
3 0.97168 0.884521 0.0566406 0.17627 0.0114517
2 0.684082 0.21875 0.0390625 0.0693359 0.0114212
14 0.68457 0.218018 0.0371094 0.065918 0.00852203
2 0.975342 0.718262 0.0375977 0.495117 0.00806427
3 0.0267029 0.914062 0.0375366 0.138672 0.00771332
2 0.693848 0.216675 0.0292969 0.0656738 0.00770187
6 0.039505 0.849365 0.0625916 0.283691 0.00710297
1 0.0263824 0.904785 0.0324402 0.182617 0.00657654
6 0.911621 0.957275 0.176758 0.0737305 0.00634003
1 0.974609 0.209839 0.0371094 0.345947 0.00631332
3 0.0375366 0.15155 0.0516357 0.238892 0.00597763
6 0.97168 0.884521 0.0566406 0.17627 0.00569916
6 0.964111 0.955566 0.0678711 0.0634766 0.00555038
3 0.981201 0.891113 0.0356445 0.200195 0.00511932
6 0.979248 0.143982 0.0317383 0.192505 0.00484085
3 0.0437012 0.413452 0.0634766 0.798096 0.00483704
1 0.68457 0.218506 0.0224609 0.0634766 0.00440216
6 0.979492 0.944336 0.0390625 0.0761719 0.0042572
1 0.491699 1 0.983398 0 0.00410843
13 0.0247803 0.103668 0.0343018 0.153992 0.0041008
6 0.973389 0.236389 0.043457 0.400269 0.00389671
13 0.977295 0.184998 0.0356445 0.287231 0.00378227
3 0.030426 0.186462 0.0427856 0.318481 0.003582
3 0.975342 0.718262 0.0375977 0.495117 0.00354385
13 0.0251923 0.152283 0.0281067 0.252075 0.00336647
3 0.972412 0.288086 0.0454102 0.510742 0.00328636
3 0.0413818 0.272949 0.0563965 0.505859 0.00328636
13 0.686523 0.218567 0.0205078 0.0609131 0.00323486
2 0.679199 0.222656 0.0166016 0.0576172 0.00319099
1 0.0241089 0.103668 0.0327148 0.156433 0.00309563
2 0.0247803 0.103668 0.0343018 0.153992 0.00300598
2 0.911133 0.237305 0.0283203 0.124512 0.00268745
6 0.946289 0.958252 0.0957031 0.0639648 0.00253105
6 0.0326385 0.176208 0.0419006 0.287231 0.00245476
6 0.0319824 0.940918 0.0437012 0.0869141 0.00237656
6 0.0264893 0.942383 0.027832 0.0800781 0.00224686
3 0.0404053 0.801025 0.059082 0.366699 0.00221062
6 0.0328827 0.874023 0.0589905 0.207031 0.00218773
2 0.0228271 0.128815 0.0203857 0.158875 0.00211716
13 0.980713 0.869141 0.0385742 0.244141 0.00211716
2 0.688477 0.209961 0.0234375 0.0683594 0.00211334
6 0.0377655 0.220886 0.0470276 0.392212 0.00205421
6 0.0210571 0.114532 0.0206299 0.149353 0.00203133
2 0.978271 0.611328 0.0219727 0.148438 0.00178814
19 0.686523 0.218567 0.0205078 0.0609131 0.00174332
3 0.0210571 0.114532 0.0206299 0.149353 0.00171757
2 0.977295 0.184998 0.0356445 0.287231 0.00169277
14 0.693848 0.216675 0.0292969 0.0656738 0.00165844
2 0.981689 0.838623 0.0366211 0.311035 0.00162601
4 0.977539 0.833008 0.0410156 0.326172 0.0015955
2 0.0267029 0.914062 0.0375366 0.138672 0.00158024
2 0.981934 0.906494 0.0361328 0.153809 0.00156307
6 0.0283813 0.950684 0.0361328 0.0537109 0.00149441
4 0.974609 0.209839 0.0371094 0.345947 0.00148487
1 0.894531 0.957031 0.197266 0.0820312 0.00147247
1 0.978271 0.157867 0.0375977 0.23114 0.00136662
9 0.68457 0.218506 0.0224609 0.0634766 0.00134563
1 0.0288544 0.914062 0.0416565 0.128906 0.00133514
6 0.984375 0.915039 0.03125 0.144531 0.00125694
3 0.0318604 0.88916 0.0498047 0.196289 0.00123119
10 0.686523 0.218567 0.0205078 0.0609131 0.00121784
3 0.0251923 0.152283 0.0281067 0.252075 0.00121212
3 0.036087 0.111084 0.0516052 0.14917 0.00118828
4 0.401978 0.455688 0.191162 0.744873 0.00117779
1 0.0384521 0.865967 0.0627441 0.236816 0.00117302
6 0.0205078 0.926758 0.0308838 0.117188 0.00115108
16 0.686523 0.218567 0.0205078 0.0609131 0.00114822
5 0.686523 0.218567 0.0205078 0.0609131 0.00114822
8 0.68457 0.218506 0.0224609 0.0634766 0.00114727
4 0.685059 0.219299 0.0214844 0.0638428 0.00109482
0 0.686523 0.218567 0.0205078 0.0609131 0.00103855
13 0.0370483 0.173279 0.0471191 0.292114 0.00102806
