2 0.466431 0.819824 0.176514 0.0830078 0.887695
2 0.572266 0.833984 0.0380859 0.0869141 0.783203
2 0.975586 0.425171 0.0195312 0.10376 0.481689
2 0.95459 0.366943 0.0214844 0.0742188 0.122925
2 0.976807 0.451904 0.019043 0.165527 0.0297546
2 0.964111 0.464355 0.0268555 0.183594 0.0222473
2 0.568359 0.828125 0.0605469 0.0839844 0.0202179
2 0.470337 0.818359 0.110107 0.0888672 0.0153275
3 0.0462036 0.285889 0.0543213 0.529785 0.0141907
2 0.976807 0.425537 0.0327148 0.0981445 0.0129242
2 0.964844 0.381592 0.0175781 0.0761719 0.0117722
2 0.958984 0.366699 0.0195312 0.0595703 0.0107727
3 0.0372925 0.165527 0.0505371 0.307617 0.0102158
6 0.0287933 0.914307 0.0488586 0.132324 0.0101242
2 0.473633 0.809082 0.189453 0.149414 0.00991821
2 0.961426 0.401123 0.0244141 0.14209 0.00792694
13 0.97583 0.424316 0.0209961 0.100586 0.0074234
6 0.0358887 0.94751 0.0518799 0.0717773 0.00694275
6 0.0337372 0.151062 0.0445862 0.25061 0.00659561
2 0.972656 0.40625 0.0195312 0.139648 0.00590897
13 0.0374146 0.15094 0.0479736 0.256714 0.00564957
4 0.467773 0.820312 0.168945 0.0839844 0.00541687
2 0.967773 0.436646 0.0273438 0.217529 0.00513458
2 0.962646 0.499023 0.0219727 0.0996094 0.00508499
1 0.575195 0.83252 0.0371094 0.0878906 0.00481415
3 0.0288391 0.912842 0.0449829 0.158691 0.00460434
1 0.144409 0.964355 0.251709 0.0537109 0.00452423
6 0.973877 0.18866 0.0424805 0.35022 0.00447845
14 0.475586 0.821289 0.191406 0.0927734 0.00423813
13 0.95459 0.366943 0.0214844 0.0742188 0.00421143
2 0.95459 0.355713 0.0302734 0.0908203 0.00402832
1 0.480469 0.824219 0.208008 0.0927734 0.00393295
13 0.475586 0.821289 0.191406 0.0927734 0.00382805
2 0.962891 0.380615 0.0195312 0.105469 0.00378799
2 0.578613 0.821777 0.0332031 0.0771484 0.00365639
3 0.969727 0.211731 0.0429688 0.40271 0.00355911
1 0.0360718 0.948975 0.0488281 0.0649414 0.00355339
2 0.96167 0.331177 0.0258789 0.279053 0.00342941
1 0.0327759 0.919678 0.0499268 0.125488 0.00339699
2 0.956055 0.383789 0.0253906 0.108398 0.00337601
2 0.962402 0.518066 0.0185547 0.0830078 0.00310898
2 0.966553 0.487305 0.0258789 0.120117 0.00287628
2 0.551758 0.830078 0.102539 0.0947266 0.00271034
2 0.562012 0.836914 0.0400391 0.0839844 0.00267029
2 0.967041 0.284668 0.0366211 0.517578 0.00260544
2 0.0343018 0.912842 0.0548096 0.162598 0.00255775
6 0.0502472 0.954834 0.0769958 0.059082 0.00242805
13 0.574219 0.831543 0.0351562 0.0849609 0.00240707
19 0.690552 0.682007 0.550537 0.626221 0.00229263
2 0.476562 0.796875 0.298828 0.216797 0.0022831
14 0.575195 0.83252 0.0371094 0.0878906 0.00224876
2 0.525024 0.8125 0.205811 0.113281 0.00221062
2 0.0444336 0.351074 0.0474854 0.664062 0.00208282
19 0.458374 0.599976 0.764893 0.598877 0.00205231
3 0.970947 0.815186 0.0424805 0.346191 0.00198936
1 0.970703 0.209167 0.0429688 0.401001 0.00198746
2 0.95459 0.366699 0.0498047 0.0786133 0.00196648
9 0.475586 0.821289 0.191406 0.0927734 0.00195217
1 0.0271912 0.90625 0.0408325 0.175781 0.00193024
2 0.976562 0.452637 0.015625 0.0869141 0.00184536
2 0.961426 0.362305 0.0205078 0.0795898 0.00177574
8 0.690552 0.682007 0.550537 0.626221 0.00177288
6 0.977539 0.112793 0.0371094 0.183105 0.00175476
2 0.955078 0.362305 0.015625 0.0551758 0.00165939
13 0.976807 0.451904 0.019043 0.165527 0.00165653
19 0.582031 0.679688 0.480469 0.46582 0.00161648
3 0.0339355 0.27002 0.0458984 0.5 0.00159359
8 0.576172 0.571777 0.53418 0.672852 0.00157166
14 0.602539 0.0118103 0.0244141 0.0230103 0.00148201
6 0.0708008 0.955566 0.124023 0.0634766 0.00146961
6 0.0367432 0.910889 0.0637207 0.174316 0.00145817
6 0.041687 0.23053 0.0523682 0.444214 0.00144482
1 0.690552 0.682007 0.550537 0.626221 0.00144291
2 0.594727 0.822266 0.125 0.228516 0.0014267
7 0.475586 0.821289 0.191406 0.0927734 0.00139713
4 0.969727 0.211731 0.0429688 0.40271 0.00138664
2 0.603516 0.0112762 0.0253906 0.0225525 0.00138664
2 0.986328 0.424927 0.0234375 0.0983887 0.00134182
2 0.83252 0.0131226 0.0234375 0.0252686 0.00132179
16 0.475586 0.821289 0.191406 0.0927734 0.00129128
18 0.475586 0.821289 0.191406 0.0927734 0.00125217
1 0.103424 0.958984 0.173523 0.0644531 0.00124359
19 0.475586 0.821289 0.191406 0.0927734 0.00124264
11 0.475586 0.821289 0.191406 0.0927734 0.0012331
3 0.967285 0.914307 0.0498047 0.128418 0.00122261
19 0.304138 0.678223 0.462036 0.569336 0.00120449
10 0.475586 0.821289 0.191406 0.0927734 0.00120449
5 0.475586 0.821289 0.191406 0.0927734 0.00120449
17 0.475586 0.821289 0.191406 0.0927734 0.00119495
12 0.475586 0.821289 0.191406 0.0927734 0.00119019
8 0.383301 0.600586 0.679688 0.605469 0.00117588
6 0.0462646 0.944336 0.0753174 0.0976562 0.00117493
3 0.977539 0.112793 0.0371094 0.183105 0.00115681
9 0.572266 0.834473 0.0380859 0.0869141 0.0011549
15 0.475586 0.821289 0.191406 0.0927734 0.00114059
2 0.968994 0.482422 0.0229492 0.174805 0.00111198
14 0.597168 0.0123596 0.0390625 0.0247192 0.00109482
0 0.475586 0.821289 0.191406 0.0927734 0.00108814
3 0.968994 0.87915 0.0541992 0.200684 0.00108624
3 0.0325928 0.131958 0.0421143 0.217529 0.00107193
2 0.144409 0.964355 0.251709 0.0537109 0.00105572
7 0.690552 0.682007 0.550537 0.626221 0.00103092
1 0.909912 0.962646 0.150879 0.0668945 0.00102425
2 0.973633 0.47168 0.0195312 0.158203 0.00101566
6 0.086792 0.968262 0.171631 0.0615234 0.0010128
6 0.475586 0.821289 0.191406 0.0927734 0.00101089
19 0.689453 0.544922 0.373047 0.681641 0.00100517
12 0.690552 0.682007 0.550537 0.626221 0.00100422
