2 0.605469 0.233643 0.0478516 0.270996 0.755371
1 0.0328522 0.954834 0.0458679 0.0708008 0.222046
2 0.032608 0.954346 0.0473328 0.0717773 0.151123
2 0.0277405 0.853516 0.022644 0.0869141 0.129883
13 0.0267639 0.850098 0.0200806 0.0849609 0.0534668
6 0.0307312 0.952637 0.0449829 0.0712891 0.0474243
2 0.60791 0.218506 0.0380859 0.136719 0.0293579
3 0.0476532 0.397095 0.0743713 0.785889 0.0277252
2 0.0257111 0.873535 0.0175476 0.0683594 0.0238953
2 0.0278625 0.876953 0.0238647 0.115234 0.0218201
1 0.0446625 0.957031 0.0735168 0.0722656 0.0212402
2 0.0340576 0.943604 0.0367432 0.103027 0.0183258
2 0.0266571 0.770508 0.0257874 0.242188 0.0173035
3 0.0371704 0.184448 0.0562744 0.333252 0.0135345
2 0.0316162 0.891113 0.0321045 0.172852 0.013237
3 0.0688019 0.512207 0.0977478 0.975586 0.0131302
2 0.0457001 0.957275 0.0704651 0.0717773 0.0126266
6 0.0358276 0.17572 0.0509033 0.317505 0.0125656
6 0.0416412 0.955811 0.065155 0.0805664 0.0123138
3 0.0360107 0.276978 0.0456543 0.490967 0.0117722
2 0.0247345 0.894775 0.0213318 0.159668 0.0116653
1 0.0834961 0.96167 0.162842 0.0688477 0.00821686
2 0.026062 0.921143 0.0341797 0.157715 0.00760269
1 0.981445 0.147156 0.0332031 0.22229 0.0073967
2 0.0618286 0.956787 0.10022 0.0864258 0.0071373
2 0.0246735 0.459839 0.0230408 0.146729 0.00663757
2 0.612793 0.203735 0.046875 0.203369 0.00661469
1 0.0618286 0.956787 0.10022 0.0864258 0.00531769
2 0.0263519 0.827637 0.0210266 0.114258 0.00530624
2 0.712891 0.0156555 0.0253906 0.0291748 0.00494003
13 0.0257111 0.873535 0.0175476 0.0683594 0.00469971
2 0.0344238 0.263977 0.0389404 0.455444 0.00465012
1 0.136047 0.958008 0.259155 0.0722656 0.00439453
13 0.0267639 0.828125 0.0215454 0.114258 0.00428391
4 0.607422 0.232666 0.0449219 0.270508 0.00414276
4 0.0494232 0.380005 0.0781555 0.685303 0.00391006
6 0.0769348 0.958984 0.140076 0.0703125 0.00343513
13 0.0275269 0.854004 0.0323486 0.0917969 0.00342751
1 0.507568 1 0.984863 0 0.0034256
2 0.0281372 0.838867 0.0302734 0.115234 0.00339317
3 0.974854 0.210571 0.0366211 0.342041 0.00320435
6 0.0299072 0.138763 0.0437012 0.224915 0.00309181
1 0.0340576 0.943604 0.0367432 0.103027 0.0030632
2 0.791504 0.497559 0.0380859 0.0585938 0.00292587
13 0.0307312 0.952637 0.0449829 0.0712891 0.00290489
1 0.0262756 0.130432 0.0342407 0.208862 0.00287247
3 0.0338745 0.361084 0.0548096 0.683105 0.00268745
2 0.101318 0.959961 0.166748 0.0800781 0.00263977
6 0.977783 0.167572 0.0327148 0.24884 0.00242615
2 0.0248718 0.678223 0.0145874 0.0439453 0.00242233
6 0.121552 0.956543 0.223206 0.0791016 0.0024147
2 0.0378418 0.92334 0.0435791 0.145508 0.00238991
2 0.54834 0.0135651 0.0341797 0.0271301 0.00220299
3 0.0310974 0.128693 0.0414429 0.215759 0.0021019
4 0.0366364 0.310791 0.0549011 0.58252 0.00208282
13 0.0278625 0.876953 0.0238647 0.115234 0.00204468
3 0.973145 0.912354 0.0537109 0.147949 0.00201225
3 0.0305328 0.953613 0.0422058 0.0712891 0.00199127
2 0.0250854 0.437012 0.0196533 0.09375 0.00172901
13 0.608398 0.224854 0.0449219 0.250977 0.00171661
13 0.0371704 0.184448 0.0562744 0.333252 0.00164795
2 0.0222931 0.850098 0.0197449 0.0859375 0.00164413
3 0.0416412 0.955811 0.065155 0.0805664 0.00153255
1 0.974854 0.210571 0.0366211 0.342041 0.00151443
2 0.711914 0.0179749 0.0390625 0.0339966 0.00140667
2 0.032959 0.326904 0.0455322 0.653809 0.00140572
6 0.0357666 0.944092 0.0430908 0.102051 0.00139427
2 0.602539 0.270813 0.0332031 0.207397 0.00134468
2 0.0322876 0.569824 0.0170898 0.154297 0.00134277
2 0.02771 0.938477 0.0380859 0.0839844 0.00133324
2 0.0223083 0.865723 0.0163574 0.0673828 0.00132656
3 0.979492 0.154602 0.0351562 0.216187 0.00124741
13 0.0247345 0.894775 0.0213318 0.159668 0.00119877
2 0.0302887 0.822266 0.0229187 0.223633 0.00115871
2 0.0249023 0.690918 0.0166016 0.0693359 0.00111675
1 0.0308838 0.91626 0.0444336 0.16748 0.00111485
2 0.0440674 0.962402 0.0455322 0.0751953 0.00109482
2 0.86084 0.79541 0.0273438 0.0712891 0.00106525
