2 0.256409 0.786621 0.149292 0.192383 0.654297
2 0.535156 0.012085 0.0224609 0.0241699 0.293945
2 0.132812 0.603516 0.0825195 0.172852 0.251709
2 0.529785 0.0125427 0.0234375 0.0250854 0.0950928
2 0.622559 0.502441 0.015625 0.0566406 0.0881958
6 0.974609 0.0705261 0.0488281 0.127991 0.0834961
6 0.0337524 0.931885 0.0561523 0.0991211 0.074707
6 0.977783 0.137329 0.0424805 0.255127 0.0643921
6 0.907227 0.0324707 0.181641 0.0576172 0.0430603
3 0.977295 0.0775757 0.0415039 0.137329 0.0360718
2 0.541504 0.0134125 0.0292969 0.026825 0.0348816
6 0.959961 0.0485229 0.0722656 0.0900879 0.0207214
1 0.0375824 0.937256 0.0625305 0.0981445 0.0196228
3 0.0440674 0.370483 0.0584717 0.737549 0.0151596
6 0.0370483 0.915771 0.0610352 0.154785 0.0150757
6 0.0372467 0.0738525 0.0451355 0.128906 0.0145798
3 0.975342 0.172302 0.0395508 0.327271 0.0135422
13 0.973389 0.0701904 0.0512695 0.123779 0.0118713
6 0.925293 0.0487213 0.118164 0.0973816 0.0116882
1 0.977783 0.137329 0.0424805 0.255127 0.0112152
6 0.0466919 0.943115 0.076416 0.0766602 0.010849
6 0.026001 0.91748 0.0391846 0.139648 0.0103302
2 0.223328 0.773438 0.220337 0.22168 0.0101776
1 0.0283203 0.931152 0.0404053 0.0732422 0.0101166
3 0.974365 0.112305 0.0454102 0.211914 0.00935364
1 0.907227 0.0324707 0.181641 0.0576172 0.00827026
2 0.0337524 0.931885 0.0561523 0.0991211 0.00809479
2 0.532227 0.0124817 0.0400391 0.0249634 0.00769806
14 0.532715 0.0120239 0.0234375 0.0240479 0.00715256
1 0.121582 0.953369 0.243164 0.0932617 0.00709152
2 0.0273438 0.932861 0.0338135 0.0717773 0.00680161
1 0.913086 0.960449 0.152344 0.0712891 0.00667953
1 0.928467 0.945801 0.125488 0.0947266 0.00621033
1 0.0337524 0.907227 0.0531006 0.148438 0.00606537
6 0.973633 0.947754 0.0488281 0.0693359 0.00595093
2 0.131348 0.597168 0.0761719 0.111328 0.00585175
4 0.971924 0.262573 0.0405273 0.492432 0.00551605
2 0.0432739 0.333374 0.045166 0.628174 0.00548172
3 0.0429688 0.248352 0.0412598 0.464233 0.00510788
13 0.252258 0.789551 0.147827 0.176758 0.00503159
3 0.0378418 0.0831604 0.0393066 0.150085 0.00468063
6 0.973633 0.0385742 0.0449219 0.0689697 0.00448608
1 0.535156 0.0124207 0.0214844 0.0248413 0.00438309
1 0.967529 0.957031 0.059082 0.0585938 0.0043335
4 0.259277 0.790039 0.140625 0.183594 0.00430298
6 0.977539 0.926025 0.0449219 0.112793 0.0042038
6 0.0293579 0.893555 0.0510254 0.173828 0.00403214
2 0.271179 0.775391 0.291626 0.254883 0.00388336
2 0.540039 0.0175476 0.0410156 0.0343628 0.00375557
6 0.951172 0.0355835 0.0820312 0.0578613 0.00371361
2 0.217346 0.699707 0.241089 0.379883 0.00359726
13 0.0331421 0.0957947 0.0317383 0.164856 0.00357056
6 0.0691528 0.94751 0.129028 0.097168 0.00352287
1 0.25 0.788574 0.154297 0.173828 0.00348091
13 0.981689 0.0979004 0.034668 0.179443 0.00343513
3 0.0370483 0.915771 0.0610352 0.154785 0.00336647
1 0.0691528 0.94751 0.129028 0.097168 0.00332832
2 0.553711 0.0144958 0.0615234 0.0289917 0.00328445
2 0.69873 0.554688 0.0117188 0.0224609 0.0030632
6 0.975586 0.895996 0.0410156 0.186523 0.00294876
3 0.03685 0.146729 0.0371399 0.250977 0.00279808
9 0.25 0.788574 0.154297 0.173828 0.00261116
2 0.0459137 0.943359 0.0773621 0.078125 0.00259209
6 0.972412 0.210388 0.0415039 0.406372 0.00247192
2 0.62207 0.502441 0.0214844 0.0703125 0.00245857
3 0.0320435 0.932373 0.0550537 0.100098 0.00244713
3 0.026001 0.91748 0.0391846 0.139648 0.00243568
13 0.907227 0.0324707 0.181641 0.0576172 0.00240517
14 0.25 0.788574 0.154297 0.173828 0.00240517
1 0.973389 0.0701904 0.0512695 0.123779 0.00237846
1 0.957275 0.930176 0.0717773 0.120117 0.00235367
2 0.974609 0.0705261 0.0488281 0.127991 0.00232315
13 0.134766 0.602539 0.078125 0.172852 0.00224876
6 0.0205688 0.927002 0.0335693 0.106934 0.00222206
1 0.972412 0.210388 0.0415039 0.406372 0.00220299
2 0.193298 0.609375 0.224731 0.185547 0.00217819
3 0.0383148 0.866699 0.066925 0.21582 0.00215912
6 0.03685 0.146729 0.0371399 0.250977 0.00213814
6 0.0283051 0.930176 0.0342102 0.0722656 0.00212097
2 0.539062 0.0166016 0.0341797 0.0332031 0.00202751
2 0.898926 0.0312195 0.202148 0.0464478 0.00200462
13 0.03685 0.146729 0.0371399 0.250977 0.00197792
3 0.971924 0.262573 0.0405273 0.492432 0.00193977
2 0.530273 0.0189209 0.03125 0.0377197 0.00190639
6 0.900391 0.0249023 0.199219 0.0498047 0.00189972
19 0.573242 0.654541 0.663086 0.690918 0.00187778
1 0.947998 0.958496 0.0844727 0.0576172 0.00187302
4 0.965088 0.460815 0.0639648 0.88501 0.00186443
6 0.953369 0.0775757 0.081543 0.155151 0.00184536
2 0.258545 0.77832 0.110352 0.139648 0.00182915
1 0.541504 0.0134125 0.0292969 0.026825 0.00177097
13 0.977783 0.137329 0.0424805 0.255127 0.00175953
6 0.967285 0.957764 0.0576172 0.0571289 0.00171089
6 0.981445 0.953613 0.0371094 0.0595703 0.00169659
6 0.905029 0.041626 0.17041 0.083252 0.00167561
3 0.959229 0.0482025 0.065918 0.0932922 0.00166607
8 0.573242 0.654541 0.663086 0.690918 0.00165653
6 0.955566 0.953369 0.0771484 0.0737305 0.00163841
7 0.25 0.788574 0.154297 0.173828 0.00162983
6 0.25 0.788574 0.154297 0.173828 0.00161076
2 0.117432 0.589844 0.0695801 0.161133 0.00160122
2 0.101929 0.957275 0.193604 0.065918 0.00152969
1 0.0378418 0.0831604 0.0393066 0.150085 0.00151825
8 0.25 0.788574 0.154297 0.173828 0.00151348
4 0.975342 0.172302 0.0395508 0.327271 0.00151062
6 0.0429688 0.248352 0.0412598 0.464233 0.00150299
19 0.25 0.788574 0.154297 0.173828 0.00149536
3 0.973633 0.0385742 0.0449219 0.0689697 0.00149345
13 0.0320435 0.932373 0.0550537 0.100098 0.00149059
1 0.973633 0.925781 0.0527344 0.113281 0.00148678
6 0.0383148 0.866699 0.066925 0.21582 0.00147247
5 0.25 0.788574 0.154297 0.173828 0.00145626
16 0.25 0.788574 0.154297 0.173828 0.00143242
6 0.0499268 0.9375 0.0998535 0.121094 0.00143147
2 0.970703 0.280762 0.0371094 0.53125 0.0014267
6 0.981689 0.0979004 0.034668 0.179443 0.00142002
4 0.621582 0.504883 0.0175781 0.0546875 0.00141716
10 0.25 0.788574 0.154297 0.173828 0.00141048
12 0.25 0.788574 0.154297 0.173828 0.00141048
1 0.643066 0.927979 0.649414 0.144043 0.00139523
15 0.25 0.788574 0.154297 0.173828 0.0013895
2 0.977783 0.137329 0.0424805 0.255127 0.00138378
1 0.573242 0.654541 0.663086 0.690918 0.0013485
2 0.713867 0.65332 0.0205078 0.0830078 0.00134659
18 0.25 0.788574 0.154297 0.173828 0.00131512
17 0.25 0.788574 0.154297 0.173828 0.00131512
19 0.443237 0.69397 0.486572 0.533936 0.00130749
3 0.25 0.788574 0.154297 0.173828 0.00129414
3 0.0293579 0.893555 0.0510254 0.173828 0.0012846
0 0.25 0.788574 0.154297 0.173828 0.00127506
6 0.100952 0.950195 0.166748 0.0996094 0.00125599
11 0.25 0.788574 0.154297 0.173828 0.0012455
6 0.983643 0.0734863 0.0327148 0.133545 0.00121975
6 0.904785 0.0562897 0.19043 0.099823 0.0012064
2 0.712402 0.635742 0.0185547 0.0410156 0.00120544
2 0.367188 0.392578 0.03125 0.0830078 0.00119019
13 0.62207 0.501953 0.015625 0.0585938 0.00118446
2 0.570312 0.0167847 0.0761719 0.0322266 0.00117588
6 0.038147 0.0480499 0.0478516 0.0757751 0.00117207
3 0.959473 0.478149 0.0810547 0.879639 0.00116825
2 0.248779 0.813965 0.190918 0.136719 0.00116348
6 0.924561 0.96167 0.141113 0.059082 0.00115299
6 0.912842 0.0285645 0.117676 0.0480957 0.00111866
6 0.0297546 0.947998 0.0429077 0.0786133 0.00111485
1 0.529785 0.0125427 0.0234375 0.0250854 0.00105095
1 0.0324097 0.92627 0.0443115 0.102539 0.00104809
6 0.966553 0.943604 0.0551758 0.106934 0.00103188
8 0.443237 0.69397 0.486572 0.533936 0.00102234
1 0.973633 0.0942383 0.0351562 0.11377 0.00100613
