14 0.771973 0.501343 0.0341797 0.0773926 0.85498
2 0.0252838 0.73584 0.0203552 0.0878906 0.417725
3 0.955566 0.473145 0.0888672 0.910156 0.0532227
13 0.0252838 0.73584 0.0203552 0.0878906 0.0524597
2 0.0271301 0.717773 0.0206909 0.109375 0.0333557
2 0.159058 0.96167 0.0251465 0.0356445 0.0289154
2 0.0258179 0.735352 0.0321045 0.0957031 0.0272827
3 0.966064 0.647583 0.0639648 0.607178 0.0258789
3 0.964355 0.306274 0.0654297 0.576904 0.0253601
2 0.0296631 0.746094 0.0231934 0.0976562 0.0247498
6 0.0388184 0.776855 0.0428467 0.418945 0.0158691
3 0.0391083 0.731934 0.0433655 0.50293 0.0141449
2 0.773926 0.501343 0.0361328 0.0734863 0.0130539
13 0.0278931 0.0993652 0.0333252 0.149658 0.0120773
13 0.989258 0.568359 0.0136719 0.0644531 0.011734
2 0.0282745 0.681641 0.021698 0.192383 0.0116196
13 0.0324097 0.166321 0.0440674 0.28064 0.0114059
6 0.0242615 0.92041 0.0425415 0.116211 0.00944519
6 0.0334625 0.169189 0.0456238 0.290527 0.00938416
2 0.989258 0.568359 0.0136719 0.0644531 0.00855255
3 0.0292053 0.825195 0.0387573 0.316406 0.00804901
6 0.0281677 0.110626 0.0410767 0.174255 0.00720596
1 0.772461 0.501343 0.0361328 0.076416 0.00541306
9 0.772461 0.501343 0.0361328 0.076416 0.00528336
3 0.957275 0.549805 0.0620117 0.833984 0.0050621
13 0.772949 0.50293 0.0361328 0.0742188 0.00480652
14 0.764648 0.504395 0.0253906 0.0751953 0.00452423
2 0.036438 0.639282 0.0367432 0.604248 0.00437546
3 0.974609 0.129028 0.046875 0.244873 0.00436401
2 0.031311 0.807129 0.0345459 0.338867 0.00433731
2 0.616699 0.0164795 0.0351562 0.0253906 0.00426102
3 0.033493 0.772461 0.033844 0.320312 0.00403976
14 0.773438 0.517578 0.0400391 0.0839844 0.00393295
6 0.0312347 0.942383 0.0522766 0.078125 0.00374413
2 0.987305 0.495605 0.0214844 0.210938 0.0036602
6 0.977539 0.113892 0.0429688 0.185547 0.00361824
13 0.0271301 0.717773 0.0206909 0.109375 0.00335312
1 0.103638 0.959961 0.167236 0.0683594 0.00328827
4 0.773926 0.501343 0.0419922 0.0803223 0.00325203
2 0.127686 0.301758 0.0244141 0.0610352 0.00321007
3 0.0321655 0.145111 0.0413818 0.232239 0.00314903
2 0.0257416 0.765137 0.02005 0.169922 0.00296974
14 0.786621 0.500366 0.0390625 0.0754395 0.00278282
1 0.030899 0.943848 0.0458679 0.0732422 0.00273514
6 0.0265961 0.846924 0.0395813 0.270996 0.00268745
2 0.0235138 0.229431 0.0198669 0.0802002 0.00265121
2 0.0236816 0.215881 0.0135498 0.0540771 0.00262833
14 0.779297 0.495239 0.0322266 0.0749512 0.00237274
6 0.033493 0.772461 0.033844 0.320312 0.00234222
2 0.584961 0.549316 0.0263672 0.0742188 0.00230217
19 0.773438 0.500488 0.0429688 0.078125 0.00225067
6 0.952393 0.0477295 0.0756836 0.0692139 0.00223541
1 0.0391083 0.731934 0.0433655 0.50293 0.00222969
13 0.0236206 0.216797 0.0144043 0.0556641 0.00205231
1 0.0710449 0.958252 0.134766 0.0600586 0.00190544
2 0.0246124 0.211243 0.0195007 0.0721436 0.00186062
3 0.0281677 0.110626 0.0410767 0.174255 0.00180912
3 0.0254822 0.914551 0.038147 0.151367 0.00179672
13 0.0260315 0.141235 0.0283813 0.176514 0.00176907
2 0.625488 0.0130005 0.0292969 0.0255737 0.00171947
2 0.981445 0.489258 0.0273438 0.214844 0.00170708
6 0.96167 0.0601501 0.0629883 0.0886841 0.00167274
2 0.51709 0.625977 0.0175781 0.0585938 0.0016613
13 0.0267334 0.741211 0.0314941 0.0888672 0.00163841
1 0.158203 0.961914 0.0280762 0.0390625 0.00162697
6 0.979736 0.95752 0.0405273 0.0576172 0.00155735
2 0.0292816 0.724854 0.028595 0.503418 0.00153065
6 0.973877 0.164612 0.0463867 0.317261 0.00151348
3 0.0284424 0.919189 0.0501709 0.108887 0.00145817
2 0.0388184 0.776855 0.0428467 0.418945 0.00142288
6 0.0200806 0.928711 0.0292969 0.0898438 0.00142193
12 0.772461 0.503052 0.0371094 0.072998 0.00139332
2 0.0253296 0.26001 0.0209961 0.108887 0.00138092
18 0.772949 0.50293 0.0361328 0.0742188 0.00135899
17 0.773438 0.500488 0.0429688 0.078125 0.00135517
1 0.0261383 0.736328 0.0207214 0.0908203 0.00134468
6 0.772949 0.50293 0.0361328 0.0742188 0.00132275
6 0.959229 0.49707 0.081543 0.931641 0.00132179
13 0.031311 0.807129 0.0345459 0.338867 0.00129128
2 0.162354 0.960938 0.0407715 0.0351562 0.00128555
10 0.772461 0.503052 0.0371094 0.072998 0.0012846
11 0.772949 0.50293 0.0361328 0.0742188 0.0012331
3 0.970703 0.21521 0.0566406 0.409424 0.00122738
6 0.0524902 0.949707 0.0871582 0.0693359 0.0012064
2 0.0973206 0.961914 0.165222 0.0527344 0.00120449
7 0.772461 0.501343 0.0361328 0.076416 0.00120163
6 0.0307007 0.892334 0.0510254 0.17041 0.00118446
2 0.544434 0.462402 0.0273438 0.09375 0.00117302
15 0.772461 0.501343 0.0361328 0.076416 0.00114155
16 0.772461 0.501831 0.0400391 0.076416 0.00112247
3 0.0346069 0.876221 0.057373 0.239746 0.00111008
6 0.0263062 0.948486 0.0361328 0.0698242 0.00107288
8 0.773438 0.502563 0.0419922 0.0837402 0.00107098
2 0.0283051 0.745117 0.0176086 0.137695 0.00104713
1 0.463379 0.929199 0.926758 0.141602 0.00104618
3 0.773438 0.500488 0.0429688 0.078125 0.00101566
5 0.773926 0.499878 0.0439453 0.0773926 0.00100422
