2 0.0277405 0.255676 0.0222778 0.0916748 0.389648
2 0.96875 0.298462 0.0488281 0.545654 0.175171
2 0.973389 0.443604 0.0297852 0.297363 0.165527
3 0.968262 0.301025 0.0537109 0.562012 0.161133
1 0.0301208 0.0516357 0.0374146 0.067627 0.160278
2 0.967529 0.355225 0.0239258 0.10498 0.050293
6 0.0301208 0.0516357 0.0374146 0.067627 0.0219727
2 0.969727 0.383911 0.0253906 0.170654 0.0207214
2 0.967285 0.426514 0.0302734 0.270996 0.0192108
6 0.0681915 0.958252 0.112396 0.0678711 0.0157013
13 0.984375 0.822754 0.0195312 0.0488281 0.0139999
2 0.0269012 0.278564 0.0174866 0.0654297 0.0138397
2 0.0295715 0.05336 0.0317993 0.0673523 0.0132141
3 0.0385284 0.866699 0.0664978 0.201172 0.012085
14 0.323486 0.415771 0.012207 0.0141602 0.0107956
3 0.984863 0.934082 0.0302734 0.0947266 0.0106735
2 0.0280762 0.238708 0.0201416 0.0704346 0.0103226
2 0.0252686 0.85498 0.0201416 0.0966797 0.0101929
1 0.0283203 0.925293 0.0322266 0.078125 0.0100861
13 0.0284119 0.255432 0.0211792 0.0858154 0.00976562
6 0.0266113 0.9104 0.0447998 0.132324 0.00975037
3 0.0254059 0.921387 0.0395203 0.0800781 0.00948334
6 0.0535736 0.947266 0.0925598 0.0722656 0.00915527
3 0.0391998 0.912598 0.0680847 0.112305 0.00845337
6 0.038147 0.844727 0.0532227 0.269531 0.00823212
2 0.0606079 0.54834 0.0447998 0.0195312 0.00642395
6 0.0822449 0.95166 0.158264 0.0751953 0.0058403
2 0.0250397 0.153564 0.0208435 0.0717773 0.00556564
2 0.0224152 0.256348 0.0210876 0.0908203 0.00553513
2 0.027771 0.209229 0.0212402 0.147949 0.00524521
2 0.961914 0.499756 0.0585938 0.949707 0.00469589
3 0.984375 0.948242 0.03125 0.0722656 0.00458145
3 0.0301208 0.0516357 0.0374146 0.067627 0.00436783
1 0.0460052 0.0516205 0.0659485 0.0735168 0.00435638
13 0.0240784 0.149536 0.0165405 0.0629883 0.00429916
14 0.322266 0.414062 0.0166016 0.0175781 0.00421906
6 0.983398 0.94873 0.0332031 0.0654297 0.00410843
3 0.981689 0.882812 0.0366211 0.185547 0.00410461
1 0.030899 0.078949 0.0351257 0.141907 0.00390244
2 0.984863 0.942627 0.0302734 0.0737305 0.00387383
3 0.0413208 0.789551 0.0531006 0.379883 0.00376129
2 0.0283203 0.925293 0.0322266 0.078125 0.00370598
6 0.0396118 0.915283 0.0614014 0.122559 0.00354576
2 0.0250092 0.880371 0.0246887 0.165039 0.0034523
6 0.104614 0.965088 0.176025 0.0698242 0.00340462
13 0.0301208 0.0516357 0.0374146 0.067627 0.00336266
2 0.978516 0.46521 0.0351562 0.485596 0.00333786
2 0.0322266 0.790771 0.0306396 0.375488 0.00327301
13 0.986328 0.822266 0.0234375 0.101562 0.00326347
3 0.972412 0.5 0.0551758 1 0.00318718
3 0.0274658 0.914062 0.0391846 0.146484 0.00316048
3 0.971436 0.189209 0.0571289 0.334961 0.00282097
2 0.0270081 0.827148 0.0213013 0.125977 0.00276756
1 0.0254059 0.913574 0.0431824 0.0957031 0.00274849
3 0.976074 0.248901 0.0478516 0.461182 0.00273132
6 0.0283203 0.925293 0.0322266 0.078125 0.00268745
6 0.0278625 0.939941 0.0477905 0.0791016 0.00258827
13 0.984863 0.860352 0.0302734 0.211914 0.00255013
2 0.0282288 0.826172 0.0274048 0.253906 0.00251198
3 0.978516 0.924316 0.0429688 0.108398 0.00243378
1 0.96875 0.298462 0.0488281 0.545654 0.00241089
2 0.970459 0.359131 0.0200195 0.149902 0.0023613
6 0.0380859 0.0441132 0.0505371 0.0624084 0.00229645
6 0.0552216 0.0496368 0.0802307 0.0765076 0.00222969
2 0.968994 0.36377 0.0288086 0.293945 0.00216675
1 0.978516 0.924316 0.0429688 0.108398 0.00207901
4 0.492676 0.512817 0.499023 0.788818 0.00204086
2 0.985352 0.819824 0.0195312 0.0429688 0.00203896
6 0.0997009 0.991699 0.174133 0.0166016 0.0020237
3 0.0313721 0.822998 0.0352783 0.293457 0.0020237
2 0.972656 0.382812 0.0546875 0.765625 0.00197792
6 0.0505524 0.938721 0.0783386 0.11084 0.00197601
6 0.0701141 0.995117 0.122955 0.00976562 0.00194836
6 0.0697479 0.93335 0.124664 0.090332 0.00181293
3 0.962891 0.558594 0.0566406 0.882812 0.00167179
13 0.0252686 0.85498 0.0201416 0.0966797 0.00165176
3 0.972656 0.442139 0.0351562 0.313965 0.00163269
3 0.0283051 0.924316 0.0293274 0.0644531 0.00155163
3 0.956787 0.385254 0.0708008 0.724609 0.00153637
3 0.953857 0.477539 0.0922852 0.955078 0.00151253
3 0.0352173 0.936768 0.0531006 0.0874023 0.00150776
6 0.94751 0.962891 0.0834961 0.0351562 0.00147343
19 0.574219 0.560425 0.553711 0.810791 0.00144958
3 0.0349731 0.883545 0.0458984 0.197754 0.00143909
2 0.973633 0.413086 0.0214844 0.261719 0.00135136
1 0.0632935 0.0463257 0.104126 0.0737305 0.00135136
6 0.0313721 0.822998 0.0352783 0.293457 0.00131893
4 0.646973 0.506958 0.483398 0.820068 0.00131226
2 0.979492 0.513672 0.0234375 0.398438 0.0012598
3 0.055069 0.950684 0.0927429 0.0712891 0.00125504
3 0.98291 0.91626 0.0341797 0.147949 0.00122643
2 0.968018 0.409119 0.0405273 0.381958 0.00121593
6 0.96875 0.298462 0.0488281 0.545654 0.00119972
1 0.0222168 0.0548096 0.0223389 0.0585938 0.0011797
6 0.0250092 0.880371 0.0246887 0.165039 0.00117588
13 0.026825 0.0985107 0.0272827 0.134766 0.00116444
2 0.060791 0.547363 0.0452881 0.0322266 0.00112152
19 0.537598 0.845703 0.642578 0.308594 0.0011034
6 0.983643 0.885986 0.0327148 0.192871 0.00109959
2 0.242188 0.146606 0.115234 0.0178223 0.0010891
2 0.0219727 0.270996 0.0169067 0.0791016 0.0010767
4 0.0281372 0.256348 0.0227051 0.0917969 0.00106812
2 0.0254669 0.29248 0.0173035 0.0708008 0.00106525
2 0.0287476 0.791504 0.0180664 0.103516 0.00105858
2 0.0368652 0.898193 0.0585938 0.14502 0.00101185
8 0.492188 0.561035 0.518555 0.858398 0.00100803
13 0.980713 0.82373 0.0268555 0.118164 0.00100708
