2 0.205383 0.413818 0.112671 0.278809 0.752441
2 0.0843811 0.190918 0.140808 0.0947266 0.710449
2 0.137054 0.353943 0.241516 0.408325 0.382568
2 0.0986633 0.212158 0.134216 0.132812 0.317383
2 0.173706 0.387695 0.165283 0.31543 0.293457
1 0.0324707 0.0815735 0.0488281 0.142029 0.081665
2 0.0788574 0.863281 0.0250244 0.107422 0.0800171
2 0.0634766 0.766602 0.0239258 0.0957031 0.0534058
2 0.0678711 0.783691 0.0229492 0.124023 0.0516968
2 0.0750732 0.841797 0.0241699 0.144531 0.0511169
6 0.0256195 0.925049 0.0432434 0.11084 0.039032
6 0.0307007 0.947021 0.050293 0.0708008 0.0354309
3 0.0356445 0.085083 0.0524902 0.142334 0.0296021
1 0.0302734 0.939209 0.0419922 0.0668945 0.028244
2 0.0360718 0.0919189 0.0560303 0.180664 0.0254822
6 0.033493 0.0779724 0.0523987 0.149719 0.0249023
3 0.955078 0.504028 0.0898438 0.968506 0.0241241
1 0.125488 0.962646 0.219727 0.074707 0.0216217
2 0.0834656 0.874023 0.0271606 0.120117 0.0210114
3 0.97168 0.276611 0.0566406 0.523926 0.0186462
3 0.967529 0.758789 0.0571289 0.441406 0.0180817
6 0.975342 0.950684 0.0473633 0.0732422 0.0177612
2 0.0650635 0.86084 0.0323486 0.169922 0.0176086
2 0.813965 0.192871 0.0507812 0.0898438 0.0165405
2 0.05896 0.829102 0.0339355 0.237305 0.0158081
6 0.978516 0.888672 0.0429688 0.208984 0.0156403
2 0.0302734 0.942139 0.0349121 0.0688477 0.0140533
6 0.956787 0.0380859 0.0786133 0.0723877 0.0139236
2 0.0275726 0.0917358 0.0376282 0.146362 0.0129395
2 0.225342 0.41748 0.182617 0.300781 0.0120468
3 0.968994 0.847656 0.0561523 0.253906 0.0103836
1 0.0322266 0.108429 0.0369873 0.146423 0.0101166
6 0.0292969 0.937256 0.0384521 0.0688477 0.00940704
1 0.0811768 0.184631 0.125977 0.0936279 0.0092926
3 0.964355 0.333496 0.0595703 0.666992 0.00900269
2 0.0702515 0.800781 0.0213623 0.174805 0.00868988
6 0.973633 0.0471191 0.0488281 0.0797119 0.00861359
2 0.196899 0.363037 0.0866699 0.349121 0.00856018
1 0.980469 0.108276 0.0390625 0.195068 0.00812531
6 0.0839233 0.960205 0.167847 0.0561523 0.00738525
3 0.0322113 0.102905 0.0315247 0.147217 0.00628281
13 0.204041 0.415894 0.112915 0.281494 0.00627899
6 0.0533142 0.953857 0.0847778 0.0629883 0.00600815
6 0.915039 0.958984 0.164062 0.0800781 0.00589371
1 0.204041 0.415894 0.112915 0.281494 0.0052948
13 0.0322266 0.0856934 0.0441895 0.140381 0.00525665
4 0.214844 0.418213 0.0981445 0.263184 0.00498199
6 0.979492 0.125824 0.0410156 0.230286 0.0046463
6 0.949463 0.956055 0.081543 0.078125 0.00462723
2 0.108398 0.274902 0.171387 0.3125 0.00447083
1 0.0957031 0.209961 0.133301 0.124512 0.00443268
2 0.0293121 0.117126 0.0280457 0.203247 0.00426483
3 0.977539 0.888184 0.0390625 0.213867 0.00415802
6 0.977539 0.929688 0.0429688 0.121094 0.00415421
1 0.137726 0.356506 0.246521 0.401245 0.00409698
2 0.088501 0.247314 0.147461 0.197266 0.00391769
13 0.8125 0.19342 0.0478516 0.0838623 0.00387001
3 0.0292969 0.922852 0.0494385 0.101562 0.0038414
2 0.0959473 0.190674 0.191895 0.163086 0.00382233
1 0.0967102 0.946777 0.152771 0.0908203 0.00377083
6 0.966797 0.806396 0.0507812 0.359863 0.00367165
13 0.0966797 0.209961 0.131104 0.126953 0.00366783
1 0.968994 0.954834 0.0600586 0.0688477 0.00363159
2 0.975342 0.950684 0.0473633 0.0732422 0.00348091
6 0.0205688 0.943115 0.0302734 0.0649414 0.00343513
3 0.952148 0.412598 0.0585938 0.825195 0.00331688
3 0.974609 0.0462036 0.0449219 0.0847168 0.00325966
3 0.026001 0.919189 0.0373535 0.145996 0.00318336
4 0.137726 0.356506 0.246521 0.401245 0.00313568
19 0.495972 0.504761 0.674072 0.828369 0.00304222
4 0.0843811 0.190918 0.140808 0.0947266 0.00297165
6 0.963379 0.0559235 0.0693359 0.0942078 0.00296783
6 0.0966797 0.209961 0.131104 0.126953 0.00288391
3 0.966797 0.906494 0.0605469 0.140137 0.0028019
4 0.498535 0.502441 0.72168 0.901367 0.00278854
6 0.9375 0.0348511 0.119141 0.0625 0.00268364
6 0.964111 0.945801 0.0561523 0.108398 0.00263786
2 0.211914 0.369141 0.090332 0.269531 0.00262833
2 0.119568 0.22168 0.230591 0.197266 0.00262451
6 0.121826 0.958496 0.190186 0.0771484 0.00261688
3 0.0337677 0.948975 0.0469666 0.0688477 0.00258636
2 0.0986023 0.604492 0.0391235 0.104492 0.00252724
2 0.0299377 0.897461 0.0386353 0.162109 0.00251198
1 0.0360107 0.949951 0.0512695 0.0649414 0.00242805
13 0.0824585 0.191895 0.139526 0.090332 0.00237465
9 0.204041 0.415894 0.112915 0.281494 0.00236893
2 0.0669556 0.78125 0.0198975 0.0849609 0.00224686
4 0.173706 0.387695 0.165283 0.31543 0.00223351
1 0.0998535 0.962158 0.188477 0.0561523 0.00219727
3 0.979492 0.125824 0.0410156 0.230286 0.00212097
6 0.977539 0.0794373 0.0429688 0.150696 0.00211525
4 0.970459 0.272583 0.0532227 0.534912 0.00209618
8 0.498535 0.502441 0.72168 0.901367 0.00205803
1 0.173706 0.387695 0.165283 0.31543 0.00205231
3 0.976807 0.924316 0.0463867 0.116211 0.00204277
13 0.141663 0.352661 0.243042 0.390381 0.00203514
3 0.977539 0.0794373 0.0429688 0.150696 0.00201416
6 0.204041 0.415894 0.112915 0.281494 0.00198746
1 0.073288 0.957764 0.119049 0.0727539 0.00196838
14 0.204041 0.415894 0.112915 0.281494 0.00195026
3 0.977783 0.954346 0.0424805 0.0737305 0.00192833
13 0.173706 0.387695 0.165283 0.31543 0.0019207
2 0.0806274 0.836426 0.0289307 0.123047 0.00187683
6 0.0327148 0.101685 0.0343018 0.144531 0.00187397
1 0.0249481 0.09375 0.0343323 0.130127 0.00186062
13 0.977539 0.869141 0.0390625 0.253906 0.00176525
9 0.0837708 0.193848 0.141541 0.0981445 0.00176144
3 0.0276794 0.859375 0.0421753 0.257812 0.00168037
3 0.0259705 0.942383 0.0403442 0.0761719 0.00163746
7 0.204041 0.415894 0.112915 0.281494 0.00161743
1 0.161499 0.944824 0.273193 0.110352 0.00159454
14 0.0825806 0.194092 0.135376 0.0961914 0.00158787
13 0.0627441 0.76709 0.0202637 0.09375 0.00157642
2 0.0256195 0.925049 0.0432434 0.11084 0.00156116
2 0.0763855 0.167114 0.126038 0.083252 0.00153637
2 0.0598145 0.754883 0.0200195 0.0869141 0.00153255
13 0.0302734 0.939209 0.0419922 0.0668945 0.00149727
19 0.327087 0.266724 0.416138 0.501709 0.00147247
19 0.204041 0.415894 0.112915 0.281494 0.00146103
2 0.086853 0.193237 0.0733643 0.0847168 0.0014286
3 0.206604 0.415527 0.112671 0.274414 0.0014143
10 0.204041 0.415894 0.112915 0.281494 0.00139427
18 0.204041 0.415894 0.112915 0.281494 0.00138283
16 0.204041 0.415894 0.112915 0.281494 0.00138283
5 0.204041 0.415894 0.112915 0.281494 0.00138283
3 0.963623 0.598389 0.0688477 0.803223 0.00135326
15 0.204041 0.415894 0.112915 0.281494 0.00133038
3 0.0966797 0.209961 0.131104 0.126953 0.00132084
3 0.956543 0.038208 0.0693359 0.0742188 0.00131989
2 0.124084 0.950195 0.203979 0.0917969 0.00131607
2 0.0283203 0.156219 0.0421143 0.22467 0.00131416
2 0.0776367 0.837891 0.0220947 0.0820312 0.00130558
1 0.0255737 0.902588 0.0328369 0.16748 0.00130367
2 0.0815125 0.867188 0.0422974 0.106445 0.00129795
11 0.206604 0.415527 0.112671 0.274414 0.001297
1 0.683838 0.945068 0.632324 0.109863 0.00129604
2 0.196289 0.415771 0.322754 0.361816 0.00129032
0 0.204041 0.415894 0.112915 0.281494 0.00128937
6 0.0255737 0.902588 0.0328369 0.16748 0.00128174
6 0.981445 0.0399933 0.0371094 0.075531 0.00126839
2 0.15802 0.95752 0.287476 0.0849609 0.00126362
8 0.327087 0.266724 0.416138 0.501709 0.0012598
12 0.206604 0.415527 0.112671 0.274414 0.00125313
17 0.204041 0.415894 0.112915 0.281494 0.00124073
8 0.206604 0.415527 0.112671 0.274414 0.00123787
1 0.956787 0.0380859 0.0786133 0.0723877 0.00121307
1 0.197449 0.961914 0.360962 0.0761719 0.00118351
7 0.0966797 0.209961 0.131104 0.126953 0.0011797
2 0.0224609 0.940674 0.0292969 0.0639648 0.00117397
6 0.0352936 0.944336 0.065155 0.0976562 0.00117302
6 0.0390778 0.901611 0.0737 0.190918 0.00116253
2 0.148163 0.329956 0.159241 0.492432 0.00115871
9 0.173706 0.387695 0.165283 0.31543 0.00115013
12 0.498535 0.502441 0.72168 0.901367 0.0011301
9 0.141663 0.352661 0.243042 0.390381 0.00111294
8 0.0966797 0.209961 0.131104 0.126953 0.00109577
1 0.0300903 0.925537 0.0484619 0.105957 0.00108814
2 0.265625 0.294678 0.318359 0.527832 0.0010767
3 0.0501709 0.870117 0.0863037 0.210938 0.00107479
13 0.901367 0.958496 0.189453 0.0810547 0.00107384
14 0.0986633 0.212158 0.134216 0.132812 0.00107098
7 0.498535 0.502441 0.72168 0.901367 0.00107002
6 0.9646 0.900391 0.0629883 0.199219 0.00106812
3 0.963867 0.056366 0.0703125 0.0942993 0.00105476
19 0.0837708 0.193848 0.141541 0.0981445 0.00105286
5 0.0837708 0.193848 0.141541 0.0981445 0.00102901
2 0.0981445 0.201538 0.0888672 0.109619 0.00102425
15 0.0837708 0.193848 0.141541 0.0981445 0.0010128
12 0.0837708 0.193848 0.141541 0.0981445 0.00100517
