2 0.0373535 0.492676 0.0239258 0.135742 0.82666
2 0.0439606 0.489746 0.0273132 0.131836 0.154907
3 0.0470428 0.291992 0.0555725 0.539062 0.117065
2 0.0400238 0.466919 0.0260315 0.100342 0.0679321
3 0.968506 0.5 0.0629883 1 0.0550232
2 0.0359497 0.515625 0.0196533 0.0898438 0.0508423
6 0.0253296 0.917725 0.0466309 0.131348 0.049469
2 0.0395355 0.446045 0.0212708 0.0551758 0.0300751
2 0.0369873 0.492188 0.0206299 0.0917969 0.0289001
6 0.0333252 0.946045 0.0592041 0.074707 0.0178528
2 0.0465698 0.302124 0.0546875 0.561768 0.00930023
6 0.0283203 0.948975 0.0375977 0.0708008 0.0091629
2 0.612305 0.587402 0.0478516 0.0126953 0.00891113
3 0.0338135 0.281616 0.0501709 0.526611 0.00880432
3 0.0289001 0.916992 0.055603 0.111328 0.00873566
2 0.0352783 0.468384 0.0219727 0.0827637 0.00830841
3 0.0289307 0.661499 0.0578613 0.677002 0.00773239
3 0.03125 0.848389 0.05896 0.242676 0.00754547
3 0.0253906 0.915771 0.0413818 0.152832 0.00748444
13 0.0470428 0.291992 0.0555725 0.539062 0.00677872
6 0.0715332 0.957764 0.121338 0.059082 0.00675583
6 0.0542145 0.949463 0.0920105 0.0717773 0.00671005
2 0.620117 0.585938 0.0449219 0.0126953 0.00666428
4 0.968018 0.51416 0.0639648 0.97168 0.00642395
2 0.983398 0.774902 0.0136719 0.0664062 0.00577927
14 0.628418 0.839355 0.0136719 0.0136719 0.00576782
2 0.625488 0.588379 0.0449219 0.015625 0.0053978
3 0.969971 0.380005 0.0600586 0.675537 0.00484467
2 0.0449219 0.45105 0.0205078 0.0695801 0.00460052
2 0.985352 0.783691 0.0136719 0.0537109 0.00419998
2 0.039978 0.521484 0.0162354 0.0830078 0.0039978
3 0.976807 0.952148 0.0463867 0.0683594 0.00332642
2 0.0322266 0.483887 0.0373535 0.136719 0.00319099
6 0.893799 0.0425415 0.212402 0.0465088 0.00310135
13 0.0929871 0.576172 0.0552368 0.078125 0.00300026
6 0.0204468 0.942139 0.0328369 0.0766602 0.00271606
6 0.0379639 0.911377 0.0610352 0.13623 0.00263023
6 0.0470428 0.291992 0.0555725 0.539062 0.00258827
13 0.0395355 0.489136 0.0273743 0.136963 0.00252151
3 0.0183716 0.901611 0.0367432 0.179199 0.00249672
2 0.0253296 0.917725 0.0466309 0.131348 0.00238991
6 0.0872803 0.967529 0.174561 0.0532227 0.00225258
3 0.980713 0.963135 0.0327148 0.0620117 0.00222969
6 0.0183716 0.901611 0.0367432 0.179199 0.00219345
3 0.94458 0.523071 0.0932617 0.953857 0.00217819
19 0.568481 0.574097 0.720459 0.767822 0.00215912
3 0.0319214 0.946777 0.0480957 0.0771484 0.0020504
13 0.0856934 0.566406 0.0529785 0.0683594 0.00194836
6 0.980469 0.963867 0.0371094 0.0546875 0.00190163
3 0.0427856 0.186523 0.0413818 0.325684 0.00188637
2 0.0498657 0.458496 0.0621338 0.916992 0.00180054
6 0.0458374 0.939453 0.0646973 0.0800781 0.00176907
2 0.0400391 0.512207 0.0236816 0.105469 0.00175667
8 0.568481 0.574097 0.720459 0.767822 0.00174427
2 0.0424805 0.450073 0.0196533 0.131104 0.00173473
6 0.0253296 0.886963 0.0390625 0.190918 0.00161552
2 0.0338135 0.281616 0.0501709 0.526611 0.00158978
2 0.0366364 0.540527 0.0309753 0.27832 0.00154686
6 0.0890808 0.949707 0.14801 0.0849609 0.00152016
6 0.0399017 0.879883 0.0700989 0.189453 0.00148201
4 0.0470428 0.291992 0.0555725 0.539062 0.00146675
3 0.0610962 0.492676 0.0887451 0.961914 0.00144482
2 0.0276489 0.94458 0.0378418 0.0795898 0.001441
2 0.0373383 0.531738 0.0228577 0.175781 0.0014267
2 0.0975342 0.958496 0.154053 0.0634766 0.00136757
3 0.0346222 0.146423 0.0411072 0.227661 0.00135136
2 0.034668 0.539429 0.0435791 0.50708 0.00130177
6 0.0456085 0.958008 0.0664978 0.0644531 0.00121498
2 0.677734 0.316406 0.0273438 0.0737305 0.0011673
3 0.0399017 0.879883 0.0700989 0.189453 0.00116539
6 0.0300293 0.905273 0.0600586 0.189453 0.00115776
2 0.0411377 0.458618 0.0202637 0.072998 0.00113392
2 0.0405273 0.449463 0.0391846 0.0649414 0.00112534
1 0.0276489 0.94458 0.0378418 0.0795898 0.00112343
2 0.139252 0.946777 0.239563 0.0986328 0.00111866
3 0.0201721 0.92749 0.0355835 0.109863 0.00111294
6 0.818848 0.0440063 0.360352 0.0367432 0.00110722
2 0.980469 0.825195 0.03125 0.332031 0.00110054
13 0.0964355 0.562988 0.0432129 0.0439453 0.00107956
13 0.0371704 0.16748 0.0402832 0.289062 0.00104618
6 0.0317383 0.854004 0.0535889 0.258789 0.00102711
