2 0.349121 0.296387 0.195312 0.183105 0.885742
14 0.396484 0.709473 0.0292969 0.0537109 0.511719
6 0.041626 0.93042 0.0618896 0.105957 0.168457
6 0.0360107 0.0628052 0.0512695 0.120972 0.153198
6 0.0434418 0.902832 0.0617981 0.192383 0.133179
2 0.949707 0.706055 0.0263672 0.133789 0.0809937
2 0.688477 0.143677 0.0703125 0.0881348 0.0738525
6 0.0573883 0.943115 0.101288 0.0805664 0.0466003
6 0.119995 0.954102 0.222412 0.0917969 0.0456848
2 0.95166 0.730957 0.0244141 0.0898438 0.0393372
3 0.95874 0.392578 0.0766602 0.75 0.0350647
6 0.0327301 0.928711 0.0414734 0.0712891 0.0346375
13 0.949219 0.738281 0.0224609 0.0820312 0.0328064
13 0.949707 0.706055 0.0263672 0.133789 0.030899
2 0.949707 0.743164 0.0185547 0.0742188 0.0299377
3 0.0438843 0.343994 0.0545654 0.652832 0.0256348
1 0.0365601 0.0627289 0.0476074 0.121857 0.0240784
6 0.0832214 0.945312 0.165588 0.0898438 0.021637
1 0.03125 0.930176 0.0341797 0.0664062 0.0186005
2 0.03125 0.930176 0.0341797 0.0664062 0.0182343
1 0.972412 0.129852 0.0473633 0.22467 0.0182037
3 0.967041 0.305786 0.0561523 0.587646 0.0158844
6 0.0345459 0.878662 0.0557861 0.197754 0.0144196
1 0.0415649 0.895508 0.0686035 0.179688 0.0144043
1 0.12442 0.950195 0.228699 0.078125 0.0133972
1 0.041626 0.929932 0.0684814 0.101074 0.0127258
6 0.0302124 0.911865 0.048584 0.160645 0.0125351
14 0.38916 0.711914 0.0253906 0.0478516 0.0124512
6 0.97168 0.0819092 0.0449219 0.13916 0.0121536
1 0.913818 0.9646 0.133301 0.059082 0.0121231
3 0.0434418 0.902832 0.0617981 0.192383 0.0111694
3 0.0357056 0.0624847 0.0457764 0.123322 0.0100937
3 0.0441284 0.479492 0.065918 0.958984 0.0089035
13 0.953125 0.729004 0.0234375 0.100586 0.00867462
3 0.041626 0.93042 0.0618896 0.105957 0.00855255
14 0.393799 0.70752 0.0195312 0.0478516 0.00830078
6 0.0802307 0.913086 0.129089 0.173828 0.00822449
2 0.396484 0.709473 0.0288086 0.0527344 0.00767136
4 0.350098 0.295898 0.208984 0.198242 0.0075798
1 0.350098 0.295898 0.208984 0.198242 0.00753784
6 0.0505371 0.942139 0.0620117 0.0766602 0.00740433
6 0.034668 0.908691 0.0500488 0.0996094 0.00697708
2 0.0410614 0.938965 0.0692444 0.0791016 0.00672913
1 0.100494 0.945557 0.158875 0.101074 0.00620651
14 0.397949 0.716309 0.0229492 0.0439453 0.0059166
2 0.391235 0.305847 0.202881 0.196899 0.005867
6 0.0340729 0.144226 0.0468445 0.257446 0.00574112
1 0.0634308 0.932373 0.110687 0.105957 0.00572586
13 0.948242 0.75 0.015625 0.0615234 0.00536346
3 0.0340729 0.144226 0.0468445 0.257446 0.00535583
2 0.0351562 0.0626068 0.0533447 0.118195 0.00514984
6 0.105316 0.94043 0.16095 0.119141 0.00511932
2 0.95752 0.734863 0.0244141 0.0917969 0.00508499
2 0.368164 0.297302 0.286133 0.246216 0.00500107
13 0.349854 0.299561 0.191895 0.174316 0.00499344
3 0.0279541 0.895508 0.0454102 0.191406 0.00463104
1 0.039566 0.931885 0.0531921 0.0737305 0.00452042
14 0.397461 0.714355 0.0366211 0.0732422 0.00443649
6 0.350098 0.295898 0.208984 0.198242 0.00442886
1 0.0302734 0.91748 0.0445557 0.0878906 0.00431442
13 0.036438 0.0619202 0.0545654 0.110046 0.0042572
1 0.305176 1 0.146484 0 0.00409317
6 0.0381317 0.941162 0.0455627 0.0727539 0.00409317
1 0.930664 0.970947 0.105469 0.0483398 0.00379562
2 0.960205 0.706543 0.0229492 0.135742 0.00377655
1 0.965088 0.0788422 0.0522461 0.121124 0.00362778
1 0.396484 0.709961 0.027832 0.0537109 0.003582
3 0.970703 0.122345 0.0566406 0.190857 0.00345039
9 0.350098 0.295898 0.208984 0.198242 0.00320244
2 0.947754 0.691406 0.0371094 0.152344 0.00317955
14 0.350098 0.295898 0.208984 0.198242 0.0031662
19 0.350098 0.295898 0.208984 0.198242 0.00297546
16 0.350098 0.295898 0.208984 0.198242 0.00295258
13 0.0435944 0.942383 0.0641785 0.0859375 0.00291824
18 0.350098 0.295898 0.208984 0.198242 0.00284004
11 0.350098 0.295898 0.208984 0.198242 0.00281715
7 0.350098 0.295898 0.208984 0.198242 0.00280762
1 0.120422 0.964355 0.230835 0.0712891 0.00279617
3 0.97168 0.0819092 0.0449219 0.13916 0.00271606
1 0.152771 0.951904 0.281372 0.0961914 0.00269508
8 0.350098 0.295898 0.208984 0.198242 0.00264931
6 0.0298462 0.0772095 0.034668 0.122192 0.00261688
14 0.396484 0.713379 0.0473633 0.0488281 0.00251198
1 0.0517578 0.937256 0.0695801 0.0727539 0.00250816
6 0.97583 0.11618 0.0385742 0.193909 0.00248909
6 0.0438232 0.956299 0.0620117 0.0834961 0.0024662
3 0.0505829 0.948486 0.0787659 0.0834961 0.00245285
10 0.350098 0.295898 0.208984 0.198242 0.00245285
17 0.350098 0.295898 0.208984 0.198242 0.00234985
2 0.0438843 0.343994 0.0545654 0.652832 0.00234604
3 0.350098 0.295898 0.208984 0.198242 0.00232124
15 0.350098 0.295898 0.208984 0.198242 0.00230408
2 0.945312 0.733398 0.0214844 0.0888672 0.00230217
2 0.0397339 0.908936 0.0621338 0.133301 0.00230026
2 0.972656 0.828613 0.0332031 0.313477 0.00226593
6 0.0428314 0.861572 0.0815735 0.241699 0.00225067
13 0.948242 0.742676 0.0283203 0.111328 0.00223923
14 0.444336 1 0.0878906 0 0.00223732
13 0.395752 0.710938 0.0234375 0.0488281 0.0022316
4 0.0415649 0.895508 0.0614014 0.183594 0.00220299
0 0.350098 0.295898 0.208984 0.198242 0.00219917
1 0.894531 0.972656 0.185547 0.0488281 0.00219154
2 0.103058 0.956055 0.197205 0.0878906 0.00216675
12 0.350098 0.295898 0.208984 0.198242 0.00212288
5 0.350098 0.295898 0.208984 0.198242 0.00209045
2 0.0302734 0.91748 0.0445557 0.0878906 0.00206566
13 0.958008 0.714844 0.0234375 0.142578 0.00206184
3 0.0302734 0.91748 0.0445557 0.0878906 0.00205803
1 0.968018 0.260559 0.050293 0.477905 0.00202942
1 0.915283 0.946777 0.134277 0.0966797 0.00193214
2 0.949707 0.723145 0.0400391 0.110352 0.00192165
6 0.971924 0.169861 0.0424805 0.315552 0.00189209
6 0.0201263 0.895996 0.0388489 0.198242 0.00186634
6 0.0472412 0.0763245 0.0712891 0.134949 0.00182724
3 0.055542 0.477661 0.111084 0.954834 0.00179672
2 0.967285 0.881836 0.0322266 0.166016 0.00177479
6 0.0926514 0.896729 0.185303 0.192871 0.00171089
13 0.0393677 0.891602 0.0628662 0.185547 0.00170517
1 0.0413818 0.845215 0.057373 0.295898 0.00170326
9 0.395996 0.709961 0.0229492 0.0507812 0.00167179
1 0.542114 1 0.816162 0 0.00166035
2 0.953613 0.658203 0.0283203 0.214844 0.00165653
6 0.89917 0.0264893 0.20166 0.0457764 0.00164509
19 0.395752 0.710938 0.0234375 0.0488281 0.00163364
13 0.943848 0.744629 0.0185547 0.0722656 0.00158787
3 0.968506 0.213135 0.0473633 0.393555 0.00158215
6 0.124725 0.964355 0.201233 0.0712891 0.00153923
6 0.972412 0.889893 0.0395508 0.192871 0.00150108
3 0.966309 0.503906 0.0400391 0.517578 0.00149441
14 0.408691 1 0.0830078 0 0.00145245
14 0.481934 1 0.0957031 0 0.00144196
3 0.965576 0.465332 0.0512695 0.8125 0.00137329
14 0.374512 1 0.0703125 0 0.00133324
14 0.563477 1 0.0644531 0 0.00131226
1 0.0279541 0.895508 0.0454102 0.191406 0.00129604
13 0.03479 0.166565 0.048584 0.313354 0.00128841
2 0.039978 0.930176 0.0461426 0.0869141 0.00127125
6 0.0693207 0.924805 0.110382 0.109375 0.00126648
6 0.0828247 0.95752 0.128296 0.0849609 0.0012598
6 0.137268 0.937256 0.247925 0.125488 0.0012331
3 0.955811 0.357056 0.0532227 0.553467 0.00121117
3 0.0641937 0.931641 0.102081 0.107422 0.00119781
6 0.918457 0.957031 0.12793 0.0839844 0.00117493
6 0.959229 0.0667114 0.0717773 0.111694 0.00113583
2 0.430176 0.283447 0.22168 0.180176 0.0011301
3 0.0413818 0.845215 0.057373 0.295898 0.00109482
6 0.961914 0.397949 0.0761719 0.757812 0.00108337
3 0.036438 0.914795 0.0437012 0.127441 0.00105953
6 0.0405884 0.231934 0.0516357 0.455566 0.00105762
2 0.0279541 0.895508 0.0454102 0.191406 0.00104713
4 0.395996 0.709473 0.0283203 0.0498047 0.00102425
2 0.950195 0.745605 0.0341797 0.0820312 0.00101757
10 0.396484 0.709961 0.0283203 0.0537109 0.00101089
6 0.941895 0.95752 0.0849609 0.0751953 0.00100231
