2 0.408691 0.763672 0.106445 0.272461 0.868164
2 0.984375 0.256104 0.0214844 0.0688477 0.434082
2 0.791992 0.0218506 0.0292969 0.0437012 0.0804443
2 0.978516 0.497559 0.0195312 0.0908203 0.0372009
2 0.42395 0.759766 0.182373 0.294922 0.0175476
6 0.979736 0.949707 0.0405273 0.0693359 0.0157166
2 0.399414 0.743164 0.0717773 0.229492 0.0149918
1 0.0978699 0.95752 0.165588 0.0810547 0.0111542
4 0.410156 0.76416 0.109375 0.272461 0.0106735
2 0.84082 0.513672 0.0166016 0.0449219 0.0103226
2 0.411377 0.771973 0.0913086 0.139648 0.0103073
2 0.799805 0.021347 0.0332031 0.0417786 0.00947571
2 0.786133 0.0239868 0.0273438 0.041748 0.00939178
1 0.0386963 0.944092 0.0622559 0.0727539 0.00718689
2 0.981445 0.278564 0.0214844 0.103027 0.0057869
1 0.0750732 0.948486 0.121338 0.0698242 0.00551605
6 0.039917 0.941162 0.0611572 0.0727539 0.00510025
13 0.978516 0.502441 0.0195312 0.09375 0.00501633
6 0.983154 0.938232 0.0336914 0.0942383 0.00485992
2 0.981689 0.261902 0.0288086 0.0938721 0.00481033
1 0.405762 0.762207 0.108398 0.270508 0.00453949
13 0.410156 0.76416 0.109375 0.272461 0.00445557
6 0.981445 0.886963 0.0351562 0.20459 0.00408554
6 0.0306091 0.921143 0.055603 0.103027 0.00401688
1 0.140228 0.955811 0.246399 0.0883789 0.00379753
1 0.792969 0.0227966 0.0302734 0.0430298 0.00358582
2 0.977783 0.468262 0.0209961 0.132812 0.00342178
6 0.0974121 0.951904 0.171387 0.0805664 0.00338936
2 0.553223 0.388672 0.0175781 0.0449219 0.00322151
6 0.0392456 0.869141 0.0617676 0.228516 0.00303078
2 0.979736 0.949707 0.0405273 0.0693359 0.00294495
2 0.441406 0.0186615 0.0517578 0.0359192 0.00276756
2 0.979736 0.376465 0.0268555 0.339844 0.00272942
9 0.406006 0.763672 0.10791 0.270508 0.00257111
1 0.974365 0.954102 0.0473633 0.0683594 0.00254822
2 0.402832 0.47229 0.0166016 0.0446777 0.0024929
2 0.980225 0.829346 0.0258789 0.290527 0.00237465
13 0.984375 0.256348 0.0214844 0.065918 0.00233459
6 0.0554352 0.947266 0.0868835 0.0722656 0.00229454
14 0.410156 0.76416 0.109375 0.272461 0.00229263
1 0.0514526 0.951904 0.083374 0.0688477 0.0022831
13 0.982422 0.26001 0.0273438 0.0869141 0.00199318
13 0.791992 0.0218506 0.0292969 0.0437012 0.00184727
2 0.979492 0.237793 0.0292969 0.116211 0.00181293
2 0.974609 0.493164 0.0175781 0.0849609 0.00170231
6 0.406006 0.763672 0.10791 0.270508 0.00170231
7 0.406006 0.763672 0.10791 0.270508 0.00169563
2 0.458618 0.757324 0.30542 0.301758 0.00166607
2 0.977295 0.526245 0.0180664 0.119385 0.001647
2 0.977539 0.513672 0.015625 0.0810547 0.00163841
2 0.978516 0.835449 0.015625 0.0810547 0.00163555
19 0.406006 0.763672 0.10791 0.270508 0.00162983
16 0.406006 0.763672 0.10791 0.270508 0.00160599
5 0.406006 0.763672 0.10791 0.270508 0.00159836
6 0.0308838 0.893311 0.0515137 0.164551 0.00155067
10 0.406006 0.763672 0.10791 0.270508 0.00150871
15 0.406006 0.763672 0.10791 0.270508 0.00150871
6 0.0880737 0.927734 0.144165 0.140625 0.00148487
3 0.406006 0.763672 0.10791 0.270508 0.00146198
2 0.386719 0.717285 0.0634766 0.176758 0.00145817
12 0.406006 0.763672 0.10791 0.270508 0.00145054
17 0.406006 0.763672 0.10791 0.270508 0.0014286
18 0.406006 0.763672 0.10791 0.270508 0.00141716
19 0.375488 0.548462 0.46582 0.615967 0.00141621
11 0.406006 0.763672 0.10791 0.270508 0.00141144
0 0.406006 0.763672 0.10791 0.270508 0.00138474
2 0.046524 0.948486 0.0832214 0.0737305 0.00138378
8 0.406006 0.763672 0.10791 0.270508 0.00132084
2 0.975342 0.257812 0.0239258 0.0732422 0.00128365
1 0.984375 0.256104 0.0214844 0.0688477 0.00122356
2 0.98584 0.246338 0.0283203 0.0664062 0.00121021
2 0.62793 0.442871 0.0292969 0.0517578 0.00119781
6 0.955811 0.957031 0.074707 0.0761719 0.0011158
2 0.992188 0.258057 0.015625 0.0605469 0.00110149
2 0.983398 0.205627 0.0273438 0.175659 0.001091
6 0.140228 0.955811 0.246399 0.0883789 0.00104427
2 0.969971 0.951904 0.0463867 0.0864258 0.00104237
2 0.978516 0.495728 0.0332031 0.0935059 0.00104046
8 0.375488 0.548462 0.46582 0.615967 0.00103474
6 0.055542 0.926514 0.0925293 0.0981445 0.00103283
