2 0.259827 0.628418 0.115601 0.203125 0.364014
14 0.260498 0.630859 0.111816 0.196289 0.283691
2 0.967773 0.460205 0.0214844 0.0766602 0.155151
3 0.0391235 0.285522 0.0473633 0.503174 0.0883179
1 0.0250244 0.148895 0.0310059 0.213928 0.0465393
3 0.046814 0.442627 0.0695801 0.885254 0.0445557
14 0.905273 0.937988 0.015625 0.0175781 0.0325012
13 0.967529 0.459473 0.0200195 0.0742188 0.0279083
1 0.261414 0.630371 0.113892 0.205078 0.0239716
6 0.982422 0.896729 0.0351562 0.194824 0.0141068
3 0.0356445 0.375 0.0596924 0.75 0.0125656
6 0.0998535 0.969727 0.181885 0.0566406 0.0121994
13 0.257812 0.637695 0.109863 0.197266 0.011795
3 0.979736 0.911865 0.0405273 0.143066 0.0100327
1 0.981689 0.113678 0.0366211 0.186218 0.0096817
3 0.0517578 0.494995 0.103516 0.980713 0.00949097
2 0.969482 0.269287 0.0415039 0.503418 0.00934601
1 0.0298309 0.16571 0.0350647 0.294556 0.00862885
2 0.977295 0.683105 0.0317383 0.523438 0.00822449
3 0.0459137 0.776367 0.0612488 0.425781 0.00806427
3 0.969971 0.275635 0.050293 0.520996 0.00801849
6 0.0343781 0.91626 0.0555115 0.126465 0.00759506
9 0.260498 0.630859 0.111816 0.196289 0.00708389
6 0.0299835 0.15094 0.0374451 0.259644 0.0070343
6 0.0395508 0.894043 0.0631104 0.178711 0.00688553
6 0.980469 0.12384 0.0371094 0.216187 0.00684357
3 0.0293732 0.169006 0.0398865 0.303589 0.0065155
3 0.0377197 0.914551 0.0629883 0.125977 0.00624084
6 0.97998 0.944336 0.0400391 0.0839844 0.00580215
6 0.0385742 0.942627 0.0551758 0.081543 0.00544739
2 0.970947 0.445923 0.0229492 0.100342 0.00543976
4 0.971436 0.263489 0.043457 0.491577 0.00520706
4 0.258545 0.632324 0.116699 0.208008 0.00516891
6 0.976562 0.955811 0.046875 0.0727539 0.00466919
2 0.0421143 0.288208 0.0430908 0.460693 0.00439453
3 0.041214 0.61853 0.0657654 0.731689 0.00422668
8 0.256287 0.635742 0.112915 0.219727 0.00410843
3 0.045166 0.862793 0.0692139 0.237305 0.0040741
14 0.905273 0.941406 0.0214844 0.0205078 0.00407028
6 0.256287 0.635742 0.112915 0.219727 0.00393295
2 0.26709 0.668945 0.102051 0.144531 0.00384712
7 0.256287 0.635742 0.112915 0.219727 0.00372124
6 0.0856323 0.957275 0.145874 0.065918 0.00361443
2 0.490723 0.224304 0.0195312 0.0699463 0.00361061
16 0.256287 0.635742 0.112915 0.219727 0.00345802
6 0.0401611 0.812988 0.0610352 0.374023 0.00338173
14 0.247559 0.601562 0.104492 0.167969 0.00332642
1 0.0341797 0.214355 0.0383301 0.404785 0.00326538
10 0.256287 0.635742 0.112915 0.219727 0.00325012
11 0.256287 0.635742 0.112915 0.219727 0.00323868
2 0.257324 0.635742 0.184082 0.243164 0.0032177
12 0.256287 0.635742 0.112915 0.219727 0.00321388
2 0.98584 0.828125 0.0283203 0.335938 0.00316429
2 0.96582 0.445312 0.0234375 0.0898438 0.00306129
18 0.256287 0.635742 0.112915 0.219727 0.00303268
0 0.256287 0.635742 0.112915 0.219727 0.00299835
5 0.256287 0.635742 0.112915 0.219727 0.00297546
2 0.107422 0.0125732 0.0236816 0.0241699 0.00297356
6 0.0666962 0.94165 0.0968323 0.108887 0.00296021
17 0.256287 0.635742 0.112915 0.219727 0.00284004
19 0.256287 0.635742 0.112915 0.219727 0.00281906
3 0.980469 0.95166 0.0371094 0.0771484 0.00274849
15 0.256287 0.635742 0.112915 0.219727 0.00269127
3 0.981201 0.128784 0.0375977 0.237061 0.00260544
3 0.0317383 0.850586 0.0528564 0.263672 0.00258446
3 0.0386963 0.952148 0.0581055 0.0703125 0.00257683
6 0.0472565 0.956299 0.0756531 0.0600586 0.00232315
6 0.034668 0.851074 0.0498047 0.274414 0.00231934
2 0.43457 0.0192413 0.0380859 0.0308533 0.00217056
3 0.258545 0.632324 0.116699 0.208008 0.00198746
3 0.0291138 0.912109 0.0439453 0.171875 0.00197792
3 0.987305 0.88501 0.0253906 0.216309 0.00187492
2 0.967041 0.448853 0.0385742 0.0944824 0.0018568
6 0.979492 0.921875 0.0410156 0.130859 0.00177956
6 0.0296631 0.884033 0.0379639 0.208496 0.0017271
4 0.432739 0.564453 0.406006 0.5625 0.00165176
2 0.968994 0.485352 0.0209961 0.143555 0.00157928
6 0.979492 0.0576172 0.0390625 0.0883789 0.00145531
1 0.101837 0.96582 0.173767 0.0683594 0.00144958
3 0.979248 0.251953 0.0415039 0.472656 0.00142479
2 0.0411835 0.626587 0.0521545 0.690186 0.00139523
2 0.97998 0.944336 0.0400391 0.0839844 0.00136662
14 0.238342 0.581055 0.0848389 0.0976562 0.00135612
1 0.0388947 0.953369 0.058197 0.065918 0.00134945
1 0.0393677 0.464844 0.0787354 0.90625 0.00133133
3 0.0459595 0.402832 0.0592041 0.62793 0.00131798
6 0.0391235 0.285522 0.0473633 0.503174 0.00126266
6 0.0412598 0.936768 0.0615234 0.122559 0.00124741
19 0.432739 0.564453 0.406006 0.5625 0.00123692
3 0.0266724 0.146423 0.0297852 0.229614 0.00122261
2 0.979248 0.251953 0.0415039 0.472656 0.00120735
13 0.976562 0.955811 0.046875 0.0727539 0.00118923
1 0.0341034 0.286133 0.049469 0.517578 0.00118923
6 0.98584 0.859863 0.0283203 0.250977 0.00114155
2 0.661133 0.0177612 0.0332031 0.0292969 0.00111389
13 0.968994 0.459351 0.0327148 0.0812988 0.0011034
8 0.384644 0.503052 0.451416 0.515381 0.00105095
