2 0.552246 0.710938 0.430664 0.293945 0.875977
2 0.0275879 0.417297 0.0303955 0.464233 0.205322
3 0.0433502 0.464355 0.0658875 0.928711 0.176514
6 0.97168 0.0609283 0.0449219 0.116913 0.130859
3 0.956055 0.498901 0.0878906 0.970947 0.0762329
2 0.0253906 0.358765 0.0424805 0.614502 0.0683594
3 0.0621338 0.5177 0.0983887 0.960693 0.0571594
3 0.964355 0.629883 0.0673828 0.740234 0.0473328
1 0.0278473 0.86084 0.0419617 0.243164 0.0423889
1 0.56543 0.708984 0.460938 0.320312 0.0379028
3 0.0301819 0.85791 0.0490112 0.237305 0.0292969
4 0.553711 0.723145 0.429688 0.319336 0.0271149
3 0.951172 0.406738 0.0683594 0.813477 0.0214691
6 0.967529 0.0444946 0.0532227 0.0772705 0.0209045
2 0.62793 0.681152 0.291016 0.223633 0.0196991
2 0.385742 0.0174408 0.0258789 0.0315247 0.0189362
3 0.973633 0.0611725 0.0449219 0.113983 0.016861
3 0.970947 0.710449 0.0581055 0.516602 0.0161591
1 0.115326 0.960205 0.212708 0.0717773 0.0161591
2 0.0251465 0.340637 0.0247803 0.344116 0.0130005
3 0.0403595 0.332886 0.0516052 0.613525 0.0130005
6 0.953857 0.0518036 0.0805664 0.0953674 0.0106659
2 0.266602 0.0181427 0.0268555 0.032074 0.0100479
6 0.0272217 0.884521 0.041626 0.191895 0.00944519
2 0.561523 0.710449 0.257812 0.311523 0.00879669
6 0.974365 0.0983887 0.043457 0.196777 0.00772095
6 0.56543 0.708984 0.460938 0.320312 0.00753784
13 0.972656 0.0615082 0.0507812 0.10965 0.00683594
13 0.561523 0.711914 0.46582 0.323242 0.00674438
6 0.115326 0.960205 0.212708 0.0717773 0.00653839
19 0.55127 0.710449 0.435547 0.307617 0.00597763
2 0.0283051 0.275024 0.0334778 0.528076 0.00580978
2 0.177734 0.0163269 0.0302734 0.0238647 0.00556946
1 0.967773 0.0607758 0.0527344 0.105499 0.00519562
14 0.561523 0.711914 0.46582 0.323242 0.00504684
3 0.0298462 0.908447 0.052124 0.134277 0.00492859
9 0.55127 0.71875 0.436523 0.3125 0.00479889
3 0.967041 0.308594 0.0600586 0.617188 0.00466919
2 0.689941 0.014328 0.0341797 0.028656 0.00443268
18 0.561523 0.711914 0.46582 0.323242 0.00435257
16 0.562866 0.712891 0.456299 0.323242 0.00434875
2 0.375977 0.0182495 0.0317383 0.032959 0.00428391
2 0.0253906 0.239014 0.0218506 0.325195 0.00424194
11 0.561523 0.711914 0.46582 0.323242 0.00412369
6 0.03125 0.875 0.057373 0.25 0.00400543
7 0.55127 0.71875 0.436523 0.3125 0.00398254
8 0.55127 0.71875 0.436523 0.3125 0.00392151
4 0.593262 0.517944 0.18457 0.839111 0.00391388
1 0.156372 0.946045 0.280518 0.0922852 0.00383949
3 0.561523 0.711914 0.46582 0.323242 0.00366974
17 0.562866 0.712891 0.456299 0.323242 0.00363541
3 0.968262 0.0446167 0.0498047 0.0803223 0.00354767
10 0.55127 0.71875 0.436523 0.3125 0.00353241
0 0.561523 0.711914 0.46582 0.323242 0.00351715
15 0.561523 0.711914 0.46582 0.323242 0.00350189
1 0.956055 0.498901 0.0878906 0.970947 0.00343895
1 0.0994873 0.947998 0.158203 0.0825195 0.00341606
3 0.970947 0.212097 0.050293 0.411743 0.0033989
5 0.562866 0.712891 0.456299 0.323242 0.00331497
2 0.0251617 0.246094 0.0151062 0.0859375 0.00330734
6 0.981445 0.938721 0.0371094 0.0717773 0.00328445
2 0.0334625 0.459229 0.0597839 0.88623 0.00328064
3 0.0426636 0.867188 0.0653076 0.210938 0.00322914
12 0.561523 0.711914 0.46582 0.323242 0.00322723
2 0.0259552 0.540894 0.0227966 0.210205 0.00289345
6 0.0426483 0.902832 0.0619202 0.145508 0.00274277
3 0.0282593 0.810547 0.038208 0.318359 0.00273705
6 0.0350952 0.190308 0.0397949 0.287354 0.00270462
2 0.0248566 0.261902 0.0179138 0.145142 0.00264931
1 0.0243378 0.838379 0.0283508 0.222656 0.00255585
3 0.970947 0.848145 0.0541992 0.238281 0.00253487
2 0.969727 0.0548248 0.0527344 0.100311 0.00253105
6 0.0844421 0.966553 0.143127 0.0336914 0.00240326
2 0.657227 0.65625 0.224609 0.173828 0.00235748
2 0.0258179 0.308105 0.0214844 0.207031 0.00232124
3 0.975098 0.609863 0.0498047 0.780273 0.00231552
6 0.972656 0.176941 0.0488281 0.335571 0.00229645
2 0.333496 0.0165863 0.0439453 0.0325012 0.00222969
3 0.974365 0.0983887 0.043457 0.196777 0.00222588
3 0.0253601 0.883545 0.0376587 0.184082 0.00221443
4 0.0253906 0.358765 0.0424805 0.614502 0.00206375
2 0.047348 0.509399 0.0945129 0.963623 0.00205994
6 0.0948486 0.9375 0.147217 0.101562 0.00203896
6 0.982178 0.0818787 0.0317383 0.139465 0.00200653
3 0.0301514 0.196716 0.0385742 0.316528 0.0019722
6 0.0535889 0.505493 0.0966797 0.963623 0.00186157
3 0.043808 0.492188 0.0593567 0.619141 0.00182247
4 0.598145 0.336792 0.0947266 0.551025 0.00178814
2 0.0273438 0.510254 0.0272217 0.375977 0.00173092
4 0.592285 0.470215 0.113281 0.868164 0.00171471
2 0.0356445 0.36084 0.0351562 0.538086 0.00166512
2 0.0342865 0.403198 0.0473938 0.66626 0.00158691
6 0.0766602 1 0.15332 0 0.0015707
2 0.0233154 0.624023 0.0174561 0.117188 0.00154591
1 0.910156 0.938965 0.152344 0.0908203 0.00153637
2 0.390381 0.0124512 0.0258789 0.0249023 0.00151062
3 0.0336304 0.572632 0.0672607 0.854736 0.00149536
1 0.116821 0.924561 0.201904 0.129395 0.00149536
2 0.270264 0.0144043 0.0253906 0.0264893 0.00148773
2 0.958984 0.483887 0.0820312 0.950195 0.00148296
6 0.0301514 0.836914 0.0427246 0.292969 0.00147152
6 0.934082 0.0380859 0.12793 0.0705566 0.00146675
1 0.973389 0.945312 0.0493164 0.0683594 0.00144386
3 0.0391846 0.822754 0.0509033 0.313477 0.00143433
3 0.0273285 0.360352 0.0383606 0.625 0.00142097
6 0.956055 0.498901 0.0878906 0.970947 0.00139236
1 0.196594 0.960205 0.367554 0.0795898 0.00138855
1 0.964355 0.629883 0.0673828 0.740234 0.00138187
2 0.594238 0.661133 0.382812 0.306641 0.00134945
3 0.0428467 0.657104 0.0537109 0.650635 0.00134182
4 0.575195 0.507812 0.383789 0.65918 0.00132561
4 0.0278473 0.86084 0.0419617 0.243164 0.00132465
3 0.958008 0.0514984 0.0703125 0.100128 0.00132275
14 0.387207 0.0126343 0.0239258 0.0252686 0.00131512
3 0.972656 0.146301 0.0546875 0.264038 0.00130749
3 0.979248 0.930664 0.0415039 0.0839844 0.00128746
6 0.0837402 0.954102 0.132568 0.0703125 0.00128174
3 0.980713 0.845215 0.0385742 0.256836 0.00127697
4 0.0275879 0.417297 0.0303955 0.464233 0.00124359
1 0.0614777 0.881592 0.106049 0.197754 0.00120926
4 0.97168 0.0609283 0.0449219 0.116913 0.00120354
14 0.263672 0.0144958 0.0273438 0.0264893 0.00120068
19 0.381104 0.564575 0.387207 0.691162 0.00117302
2 0.26416 0.0128021 0.0268555 0.0256042 0.00113773
2 0.594727 0.0144958 0.0332031 0.0289917 0.00113487
1 0.0433502 0.464355 0.0658875 0.928711 0.00112057
1 0.0621338 0.5177 0.0983887 0.960693 0.0011158
6 0.0480347 0.935791 0.0617676 0.081543 0.00111008
1 0.882568 0.918945 0.215332 0.132812 0.00110435
1 0.0201263 0.882568 0.0317688 0.195801 0.00110245
1 0.0298462 0.908447 0.052124 0.134277 0.00110245
19 0.575195 0.507812 0.383789 0.65918 0.00110149
3 0.0317993 0.724609 0.0449219 0.490234 0.00109673
1 0.0327759 0.849854 0.0574951 0.300293 0.00107574
6 0.103973 0.916016 0.163635 0.166016 0.0010643
2 0.258789 0.0133667 0.043457 0.0267334 0.00105381
14 0.270264 0.0144043 0.0253906 0.0264893 0.00104809
1 0.161194 0.969971 0.293823 0.0600586 0.00104713
