2 0.593262 0.56543 0.283203 0.688477 0.766113
2 0.978271 0.499023 0.0297852 0.234375 0.592773
2 0.619141 0.521118 0.186523 0.612061 0.312012
2 0.980469 0.432373 0.0292969 0.0942383 0.234009
2 0.584473 0.573242 0.183594 0.624023 0.140991
2 0.64502 0.435425 0.166016 0.574463 0.0618591
2 0.557739 0.658813 0.187256 0.537842 0.0617371
2 0.973633 0.328247 0.0449219 0.599365 0.050293
4 0.608398 0.567383 0.267578 0.680664 0.0497742
2 0.975342 0.446045 0.0317383 0.104004 0.0392456
2 0.977539 0.581055 0.0195312 0.0751953 0.0345764
3 0.961182 0.631958 0.0698242 0.736084 0.0327148
1 0.123718 0.961914 0.227173 0.0761719 0.0269623
2 0.978516 0.412354 0.0292969 0.105469 0.0240173
2 0.977295 0.358093 0.0317383 0.401001 0.0234375
2 0.982666 0.346863 0.0288086 0.271118 0.0226593
2 0.972656 0.50293 0.0449219 0.727539 0.0220947
1 0.608398 0.567383 0.267578 0.680664 0.0211182
13 0.983398 0.257324 0.0175781 0.0849609 0.0187988
2 0.98584 0.494141 0.0283203 0.232422 0.0142136
2 0.661133 0.37793 0.114258 0.319336 0.0124893
2 0.978516 0.536133 0.0234375 0.152344 0.0120163
3 0.958008 0.490234 0.0839844 0.844727 0.012001
2 0.967529 0.548584 0.0629883 0.902832 0.0108566
3 0.969482 0.327637 0.0454102 0.611328 0.00938416
2 0.524902 0.689453 0.118164 0.453125 0.00786591
2 0.972656 0.409546 0.0351562 0.124268 0.00728989
2 0.97583 0.467407 0.0424805 0.204834 0.00728989
1 0.0938416 0.95166 0.151672 0.0849609 0.00687408
2 0.429932 0.0119781 0.0444336 0.0239563 0.00614166
2 0.976318 0.359131 0.027832 0.251465 0.00568008
2 0.498047 0.740723 0.0800781 0.326172 0.00537872
1 0.0729065 0.960205 0.112 0.0717773 0.00518036
2 0.958008 0.490234 0.0839844 0.844727 0.00507355
19 0.608398 0.567383 0.267578 0.680664 0.00485229
3 0.0443268 0.327637 0.047821 0.621094 0.00460052
6 0.608398 0.567383 0.267578 0.680664 0.00458145
1 0.0401611 0.950684 0.0543213 0.0654297 0.00418472
13 0.608398 0.567383 0.267578 0.680664 0.00396729
2 0.971436 0.479614 0.0356445 0.312256 0.00395203
3 0.966064 0.71106 0.0600586 0.525146 0.00391769
2 0.9729 0.411133 0.0405273 0.186523 0.00359917
2 0.981445 0.251465 0.0175781 0.0834961 0.00349236
9 0.608398 0.567383 0.267578 0.680664 0.0033989
1 0.161438 0.944092 0.267944 0.111816 0.0033474
18 0.608398 0.567383 0.267578 0.680664 0.00312996
2 0.975342 0.4646 0.027832 0.180176 0.00308418
1 0.195923 0.961426 0.36499 0.0751953 0.00304794
2 0.655762 0.550415 0.219727 0.725342 0.00295639
1 0.112946 0.924316 0.176941 0.151367 0.00290298
11 0.608398 0.567383 0.267578 0.680664 0.00284195
2 0.381592 0.0125122 0.0439453 0.0250244 0.00283051
15 0.608398 0.567383 0.267578 0.680664 0.00268173
17 0.608398 0.567383 0.267578 0.680664 0.00264931
8 0.608398 0.567383 0.267578 0.680664 0.00255775
10 0.608398 0.567383 0.267578 0.680664 0.00252724
0 0.608398 0.567383 0.267578 0.680664 0.00247002
1 0.681152 0.943848 0.155273 0.0986328 0.00246048
16 0.608398 0.567383 0.267578 0.680664 0.00244141
2 0.674805 0.342346 0.0820312 0.278198 0.00242424
5 0.608398 0.567383 0.267578 0.680664 0.00242233
4 0.619141 0.50061 0.194336 0.619873 0.00241661
2 0.986328 0.444702 0.0273438 0.108643 0.00239182
1 0.971924 0.845459 0.0385742 0.27002 0.00238228
7 0.608398 0.567383 0.267578 0.680664 0.00235748
2 0.679688 0.459717 0.133789 0.562012 0.00231743
14 0.608398 0.567383 0.267578 0.680664 0.00229263
2 0.541992 0.0132141 0.0244141 0.0236206 0.00222206
2 0.419922 0.0105591 0.0361328 0.0211182 0.00221825
1 0.0541992 0.955078 0.0731201 0.0585938 0.00220871
3 0.608398 0.567383 0.267578 0.680664 0.0022049
2 0.532227 0.0136719 0.0507812 0.024353 0.00216103
2 0.974365 0.435425 0.0493164 0.102783 0.00211906
13 0.978271 0.501953 0.0317383 0.235352 0.00210571
2 0.374268 0.0112915 0.0292969 0.0220337 0.00208473
3 0.049057 0.727783 0.0642395 0.524902 0.00199699
13 0.978516 0.583008 0.0195312 0.0693359 0.00198746
12 0.608398 0.567383 0.267578 0.680664 0.00195503
3 0.974609 0.229004 0.0449219 0.409668 0.00193501
3 0.046814 0.510864 0.09021 0.976318 0.00182247
2 0.972656 0.515503 0.0273438 0.212158 0.00181293
13 0.0310974 0.146973 0.0359497 0.223145 0.00180244
2 0.573242 0.0124207 0.0576172 0.0237427 0.00170612
4 0.557739 0.658813 0.187256 0.537842 0.00170612
1 0.977783 0.878906 0.0385742 0.242188 0.00163364
3 0.046875 0.630859 0.0461426 0.608398 0.00161076
2 0.503906 0.0126648 0.0791016 0.0247192 0.00160599
2 0.124023 0.94873 0.205566 0.100586 0.0015707
3 0.971924 0.535522 0.0561523 0.928955 0.00153255
1 0.789551 0.944336 0.152344 0.0957031 0.00152588
1 0.0490112 0.729004 0.0609131 0.50293 0.00151634
2 0.305176 0.0107422 0.0224609 0.0214844 0.00150299
2 0.984375 0.285156 0.0253906 0.300293 0.00148773
2 0.979736 0.395752 0.0288086 0.182129 0.00147438
2 0.974609 0.548828 0.0410156 0.467773 0.00142002
6 0.043457 0.950684 0.0581055 0.0654297 0.00140762
6 0.973877 0.267151 0.0444336 0.475464 0.00135612
19 0.312988 0.73999 0.415039 0.479004 0.00134945
2 0.0463257 0.350342 0.0429688 0.664551 0.00134373
2 0.974365 0.433594 0.0473633 0.358398 0.00129986
2 0.539551 0.556519 0.250977 0.787354 0.00127792
2 0.102631 0.961914 0.173645 0.0761719 0.00126648
2 0.976807 0.583496 0.0327148 0.0722656 0.00126362
8 0.312988 0.73999 0.415039 0.479004 0.00122833
4 0.978271 0.499023 0.0297852 0.234375 0.00122738
2 0.678223 0.0176086 0.0224609 0.0281372 0.0011425
2 0.0542145 0.95459 0.0776062 0.0595703 0.00105476
2 0.98291 0.293152 0.0341797 0.488892 0.00101948
13 0.0361481 0.169189 0.0461121 0.312012 0.00101089
