2 0.339844 0.855957 0.243652 0.165039 0.900879
6 0.978516 0.0954285 0.03125 0.140686 0.145264
6 0.97583 0.170471 0.034668 0.283081 0.0722046
2 0.341309 0.86377 0.148438 0.168945 0.0237427
3 0.97583 0.170471 0.034668 0.283081 0.0189056
4 0.344727 0.856445 0.236328 0.185547 0.0143127
1 0.344727 0.856445 0.236328 0.185547 0.0137253
1 0.97876 0.101227 0.0327148 0.139832 0.0119705
3 0.978516 0.0942688 0.03125 0.145447 0.0092926
2 0.357605 0.856201 0.289673 0.23291 0.00878906
2 0.860352 0.016983 0.0341797 0.0306091 0.00874329
13 0.97876 0.101227 0.0327148 0.139832 0.0079422
2 0.980469 0.125305 0.0234375 0.196655 0.00720596
13 0.97583 0.170471 0.034668 0.283081 0.00703812
13 0.981445 0.14151 0.0214844 0.215515 0.00611115
2 0.978516 0.0954285 0.03125 0.140686 0.0057869
1 0.97583 0.170471 0.034668 0.283081 0.00574493
6 0.344727 0.856445 0.236328 0.185547 0.00487137
2 0.867188 0.0137939 0.0517578 0.0275879 0.0044899
13 0.347656 0.856934 0.241211 0.183594 0.00430679
9 0.347656 0.856934 0.241211 0.183594 0.00371552
3 0.972656 0.243469 0.0390625 0.432983 0.003685
1 0.0375977 0.911133 0.0592041 0.177734 0.00365448
14 0.347656 0.856934 0.241211 0.183594 0.00356102
19 0.344727 0.856445 0.236328 0.185547 0.0033474
16 0.344727 0.856445 0.236328 0.185547 0.00322151
18 0.344727 0.856445 0.236328 0.185547 0.00319672
7 0.347656 0.856934 0.241211 0.183594 0.00318527
11 0.347656 0.856934 0.241211 0.183594 0.00307465
8 0.344727 0.856445 0.236328 0.185547 0.00291061
6 0.972656 0.243469 0.0390625 0.432983 0.0028801
0 0.347656 0.856934 0.241211 0.183594 0.00268364
10 0.344727 0.856445 0.236328 0.185547 0.00266457
2 0.97583 0.170471 0.034668 0.283081 0.00266266
3 0.347656 0.856934 0.241211 0.183594 0.00266266
15 0.347656 0.856934 0.241211 0.183594 0.00264359
17 0.344727 0.856445 0.236328 0.185547 0.0026226
5 0.344727 0.856445 0.236328 0.185547 0.002388
3 0.0372314 0.908936 0.0570068 0.143066 0.00234604
12 0.347656 0.856934 0.241211 0.183594 0.00234413
6 0.976562 0.0732117 0.0410156 0.121155 0.00203323
2 0.36438 0.797852 0.210693 0.0644531 0.00200844
1 0.972412 0.0875244 0.0415039 0.131836 0.00200272
2 0.846191 0.0198364 0.0488281 0.0351562 0.0019331
4 0.910645 0.72998 0.0683594 0.50293 0.00180912
2 0.87793 0.0162964 0.0839844 0.0284424 0.00177956
6 0.97876 0.950928 0.0405273 0.074707 0.00176716
2 0.89502 0.0141449 0.126953 0.0282898 0.0017643
13 0.0272827 0.101227 0.0374756 0.161804 0.00167274
2 0.979248 0.233643 0.0297852 0.40625 0.00162411
6 0.981445 0.14151 0.0214844 0.215515 0.00159359
6 0.985352 0.100708 0.0273438 0.134521 0.00153065
6 0.0313721 0.913574 0.0477295 0.139648 0.00140572
2 0.368774 0.891602 0.223389 0.216797 0.00135326
1 0.28186 0.10437 0.539795 0.176514 0.00123692
13 0.0289307 0.143311 0.0218506 0.0839844 0.00120258
1 0.100952 0.949219 0.16333 0.0820312 0.00114918
13 0.972656 0.243469 0.0390625 0.432983 0.00111485
2 0.763184 0.454956 0.0732422 0.114502 0.00103378
3 0.981445 0.14151 0.0214844 0.215515 0.00101852
4 0.962891 0.270081 0.0605469 0.486206 0.00100994
