2 0.13974 0.766113 0.162415 0.197266 0.878418
14 0.160706 0.772461 0.123413 0.175781 0.508789
2 0.0889282 0.753906 0.0516357 0.189453 0.445801
6 0.974365 0.920898 0.0395508 0.128906 0.104187
6 0.95752 0.0380859 0.0595703 0.0738525 0.0895386
6 0.975342 0.895752 0.0493164 0.145996 0.0477295
1 0.158691 0.753418 0.125488 0.174805 0.0436401
14 0.16626 0.738281 0.100098 0.0976562 0.0342712
3 0.0291443 0.919922 0.0492554 0.128906 0.0273285
6 0.959717 0.0615082 0.0532227 0.119904 0.0262451
14 0.164673 0.720703 0.0913086 0.0585938 0.0254822
2 0.0290375 0.0731201 0.0412903 0.112305 0.0235138
9 0.156982 0.771484 0.117676 0.18457 0.0174866
6 0.0291443 0.919922 0.0492554 0.128906 0.0169373
6 0.969482 0.944336 0.0454102 0.0859375 0.0166321
13 0.155945 0.769531 0.144165 0.201172 0.0164337
1 0.164673 0.720703 0.0913086 0.0585938 0.0162811
6 0.965088 0.0947266 0.0541992 0.174561 0.0155487
1 0.0270386 0.0773315 0.03479 0.0965576 0.0142517
3 0.0343628 0.894775 0.0498047 0.177246 0.0139465
6 0.939697 0.0343323 0.0932617 0.0686646 0.0128098
2 0.0222321 0.0975037 0.0292664 0.137512 0.0120926
1 0.167725 0.739258 0.102539 0.0966797 0.0108109
6 0.974854 0.929199 0.0288086 0.0810547 0.00949097
2 0.168091 0.760742 0.289795 0.250977 0.00930023
2 0.588379 0.491211 0.015625 0.0683594 0.00830078
7 0.160706 0.772461 0.123413 0.175781 0.00805664
6 0.919922 0.0259247 0.140625 0.0487366 0.00760651
6 0.0289307 0.898193 0.0395508 0.191895 0.00738907
2 0.586914 0.509644 0.0234375 0.105713 0.00726318
3 0.976562 0.901611 0.0351562 0.155762 0.00725555
1 0.972412 0.929932 0.0336914 0.0932617 0.00717926
6 0.956787 0.927246 0.0668945 0.116211 0.00696564
11 0.157959 0.772461 0.127441 0.183594 0.00669479
10 0.157959 0.772461 0.127441 0.183594 0.00666809
3 0.953857 0.478149 0.0883789 0.912842 0.00656891
12 0.157959 0.772461 0.127441 0.183594 0.00656509
2 0.246582 0.0119324 0.0263672 0.0238647 0.00649261
0 0.157959 0.772461 0.127441 0.183594 0.00643921
6 0.977539 0.869141 0.0390625 0.244141 0.00640869
16 0.157959 0.772461 0.127441 0.183594 0.00629425
8 0.157959 0.772461 0.127441 0.183594 0.00614929
6 0.96875 0.887451 0.046875 0.191895 0.00601196
6 0.157959 0.772461 0.127441 0.183594 0.00584793
5 0.157959 0.772461 0.127441 0.183594 0.00576019
18 0.157959 0.772461 0.127441 0.183594 0.00550079
4 0.157959 0.772461 0.127441 0.183594 0.00529099
3 0.978271 0.931152 0.0356445 0.114258 0.00525284
3 0.96167 0.0460815 0.0512695 0.0921631 0.00524902
15 0.157959 0.772461 0.127441 0.183594 0.00499344
17 0.157959 0.772461 0.127441 0.183594 0.00467682
13 0.0204468 0.124878 0.0262451 0.183105 0.00466919
19 0.160706 0.772461 0.123413 0.175781 0.00459671
6 0.0263672 0.0856018 0.045166 0.129578 0.00448608
1 0.959717 0.0615082 0.0532227 0.119904 0.00447845
1 0.15036 0.763672 0.200256 0.208008 0.00447083
13 0.970947 0.100159 0.0385742 0.200317 0.00415802
2 0.107422 0.763672 0.0959473 0.212891 0.00413132
3 0.96875 0.887451 0.046875 0.191895 0.00402832
1 0.939697 0.0343323 0.0932617 0.0686646 0.00374985
2 0.973633 0.919189 0.0429688 0.120605 0.0036869
14 0.167542 0.765625 0.211792 0.188477 0.00364494
1 0.956787 0.927246 0.0668945 0.116211 0.00357056
6 0.967285 0.0493164 0.0439453 0.0986328 0.00354958
2 0.0194397 0.0841675 0.0229492 0.0982666 0.00339317
1 0.0258789 0.11084 0.034668 0.173584 0.00333786
3 0.157959 0.772461 0.127441 0.183594 0.00322342
6 0.932861 0.938721 0.11084 0.122559 0.00319672
3 0.964355 0.105957 0.0498047 0.189697 0.00305176
6 0.970703 0.0896606 0.0351562 0.151245 0.00297356
2 0.370117 0.113037 0.0654297 0.0214844 0.00290871
3 0.955322 0.0368042 0.065918 0.0671387 0.00288391
1 0.962158 0.0383301 0.0522461 0.072876 0.00264168
2 0.958008 0.480469 0.0625 0.930664 0.00258064
1 0.022171 0.146057 0.0374451 0.247925 0.00256348
4 0.0887451 0.754395 0.0529785 0.194336 0.00240517
13 0.0884705 0.752441 0.0513306 0.18457 0.00233078
3 0.0281677 0.885742 0.0289917 0.208984 0.00226402
14 0.167358 0.834961 0.090332 0.0732422 0.00209999
13 0.95752 0.0380859 0.0595703 0.0738525 0.00209045
2 0.1427 0.768066 0.109375 0.139648 0.00202751
6 0.973389 0.949463 0.0317383 0.0737305 0.00200462
2 0.694336 0.298096 0.0273438 0.0371094 0.00198174
2 0.974365 0.943359 0.0356445 0.0878906 0.00194931
2 0.241943 0.015625 0.0288086 0.03125 0.00191116
1 0.969727 0.896973 0.0507812 0.170898 0.00190258
2 0.0329437 0.827637 0.039093 0.34082 0.00186062
2 0.0264893 0.126251 0.0389404 0.196228 0.00182152
2 0.95752 0.0380859 0.0595703 0.0738525 0.00175953
6 0.918213 0.958496 0.13623 0.0693359 0.00174427
4 0.953613 0.479492 0.0576172 0.925781 0.00173855
2 0.0828247 0.766113 0.0831299 0.230469 0.00171375
2 0.030777 0.928711 0.0319519 0.119141 0.00170898
2 0.0728149 0.763184 0.0499268 0.248047 0.00164509
2 0.583984 0.489258 0.015625 0.0673828 0.00160885
2 0.967529 0.93335 0.0415039 0.100098 0.00160599
6 0.982422 0.901367 0.0351562 0.185547 0.00157642
2 0.300781 0.415527 0.0292969 0.0825195 0.00152874
14 0.266602 0.494141 0.111328 0.0703125 0.00152206
1 0.266602 0.494141 0.111328 0.0703125 0.00149822
2 0.0306702 0.921387 0.0474243 0.137695 0.00148392
3 0.970703 0.917236 0.0332031 0.116699 0.00147533
13 0.0254822 0.0839691 0.0341187 0.123566 0.00145435
9 0.16626 0.738281 0.100098 0.0976562 0.00145435
2 0.674316 0.474121 0.0244141 0.0664062 0.00145245
2 0.0288086 0.208679 0.0375977 0.365845 0.00144768
6 0.906738 0.0331116 0.15918 0.0662231 0.00143147
6 0.15036 0.763672 0.200256 0.208008 0.00142765
13 0.959717 0.0616302 0.059082 0.11795 0.00142097
3 0.969482 0.944336 0.0454102 0.0859375 0.00139523
2 0.0907593 0.756836 0.0499268 0.0947266 0.00136471
2 0.963379 0.0652924 0.0478516 0.120148 0.00135994
3 0.976318 0.869629 0.0375977 0.254883 0.00134277
9 0.15036 0.763672 0.200256 0.208008 0.00133514
2 0.974854 0.929199 0.0288086 0.0810547 0.00129795
16 0.15036 0.763672 0.200256 0.208008 0.00128746
6 0.953369 0.0791931 0.081543 0.154602 0.00128651
2 0.713379 0.639648 0.0205078 0.0419922 0.00127697
6 0.979492 0.940918 0.0292969 0.0830078 0.00125694
12 0.15036 0.763672 0.200256 0.208008 0.00125122
2 0.584961 0.489136 0.0205078 0.0871582 0.00124168
13 0.0332794 0.861816 0.0391541 0.258789 0.00123692
11 0.15036 0.763672 0.200256 0.208008 0.00123024
2 0.294922 0.407959 0.0297852 0.0922852 0.00120544
14 0.151123 0.740234 0.12793 0.158203 0.00118542
13 0.166992 0.733398 0.0908203 0.0917969 0.00117779
3 0.15036 0.763672 0.200256 0.208008 0.00116444
3 0.962158 0.718384 0.0463867 0.508545 0.00115013
10 0.15036 0.763672 0.200256 0.208008 0.00115013
6 0.964111 0.134521 0.0581055 0.269043 0.00115013
13 0.969482 0.944336 0.0454102 0.0859375 0.00114346
13 0.964355 0.0863953 0.0458984 0.156311 0.00112343
15 0.15036 0.763672 0.200256 0.208008 0.00111771
7 0.15036 0.763672 0.200256 0.208008 0.0011158
2 0.0231781 0.163635 0.039093 0.297729 0.00110722
13 0.977539 0.869141 0.0390625 0.244141 0.00110149
1 0.964111 0.0948486 0.0581055 0.175781 0.00109482
14 0.0901794 0.758789 0.0535278 0.202148 0.00109386
6 0.947998 0.956299 0.0727539 0.065918 0.00108337
13 0.974609 0.923584 0.0429688 0.121582 0.00107574
8 0.15036 0.763672 0.200256 0.208008 0.00106239
1 0.166382 0.842285 0.0852051 0.0498047 0.00104618
0 0.15036 0.763672 0.200256 0.208008 0.00104618
2 0.962158 0.718384 0.0463867 0.508545 0.0010376
3 0.0369873 0.331543 0.0427246 0.639648 0.00102425
1 0.906494 0.031601 0.171387 0.0630188 0.00101185
2 0.0231323 0.0742493 0.0339355 0.086853 0.00101089
