2 0.374756 0.833008 0.0634766 0.124023 0.846191
2 0.733887 0.893066 0.154297 0.0224609 0.16333
6 0.03479 0.952148 0.0535889 0.0683594 0.093689
1 0.982178 0.125763 0.0356445 0.202087 0.0683594
1 0.0322266 0.948975 0.0473633 0.0668945 0.0648804
6 0.981201 0.128296 0.0336914 0.193115 0.0426025
6 0.0846252 0.959961 0.15448 0.0722656 0.0379639
6 0.0502777 0.956543 0.0815735 0.0751953 0.0324707
6 0.0282288 0.936035 0.0512085 0.0966797 0.0221252
2 0.0300293 0.951172 0.0450439 0.0703125 0.0220795
14 0.378174 0.835938 0.0649414 0.114258 0.0173035
6 0.0343628 0.145508 0.0523682 0.253906 0.0160828
3 0.0343628 0.145508 0.0523682 0.253906 0.0107498
3 0.0371704 0.789551 0.057373 0.387695 0.010643
3 0.95459 0.509033 0.0908203 0.931152 0.00959778
6 0.982422 0.945557 0.0351562 0.0776367 0.00922394
3 0.0556641 0.497559 0.0939941 0.995117 0.00738144
1 0.0480957 0.955322 0.0869141 0.0698242 0.00736237
1 0.0354614 0.938965 0.0609131 0.0908203 0.00656509
1 0.0742493 0.957031 0.134216 0.0664062 0.00599289
2 0.597168 0.149902 0.149414 0.0258789 0.0059433
3 0.0399628 0.861816 0.0594788 0.256836 0.0056572
6 0.038269 0.899902 0.0614014 0.200195 0.00554657
1 0.123657 0.95874 0.221436 0.0668945 0.00445557
3 0.0322266 0.948975 0.0473633 0.0668945 0.0042305
6 0.0280762 0.116058 0.0410156 0.200012 0.00412369
1 0.375 0.833984 0.0634766 0.124023 0.00392914
13 0.028656 0.16748 0.0422974 0.304199 0.00380898
2 0.373535 0.833984 0.0893555 0.147461 0.00379562
3 0.980469 0.929443 0.0390625 0.105957 0.00366211
1 0.0375977 0.890137 0.0585938 0.204102 0.00354004
3 0.964111 0.368164 0.0620117 0.736328 0.00342369
3 0.040451 0.664673 0.0536194 0.656982 0.00317001
2 0.982422 0.945557 0.0351562 0.0776367 0.00301933
2 0.0275269 0.931885 0.0515137 0.097168 0.00292015
6 0.0582428 0.945557 0.103973 0.101074 0.00264931
6 0.0267334 0.914062 0.0446777 0.15625 0.00252533
6 0.034668 0.0845032 0.0523682 0.131287 0.00251198
13 0.375 0.835938 0.0644531 0.115234 0.00247765
3 0.0369873 0.209412 0.0550537 0.357544 0.00244713
3 0.0275269 0.901367 0.0460205 0.193359 0.00244331
3 0.981201 0.128296 0.0336914 0.193115 0.00241661
1 0.0979004 0.967529 0.16748 0.0649414 0.00232697
3 0.0473022 0.373169 0.0748291 0.720459 0.00230789
3 0.0502777 0.956543 0.0815735 0.0751953 0.0022316
2 0.0396118 0.94873 0.0479736 0.0810547 0.00219345
6 0.0358887 0.820801 0.0600586 0.358398 0.00217628
19 0.456177 0.614746 0.657959 0.641602 0.00217056
3 0.968506 0.296143 0.0454102 0.528809 0.00210762
2 0.726562 0.894531 0.178711 0.0341797 0.00209045
3 0.951416 0.426514 0.0620117 0.853027 0.00205421
1 0.0349731 0.162537 0.0469971 0.291138 0.00203514
1 0.0319214 0.0904236 0.0432129 0.144348 0.00201607
1 0.89502 0.976318 0.172852 0.0336914 0.00200462
2 0.712402 0.887695 0.143555 0.0234375 0.00193691
3 0.0357056 0.0852356 0.0509033 0.135681 0.0018425
6 0.114227 0.967041 0.190491 0.065918 0.00179005
3 0.0280762 0.116058 0.0410156 0.200012 0.00178146
13 0.0302429 0.951172 0.0473022 0.0703125 0.0017252
2 0.0480957 0.955322 0.0869141 0.0698242 0.00171375
8 0.533203 0.663452 0.544922 0.628174 0.00165653
9 0.375 0.835938 0.0644531 0.115234 0.00165272
4 0.375 0.834961 0.0634766 0.119141 0.00162792
2 0.028656 0.16748 0.0422974 0.304199 0.00162697
6 0.147705 0.956543 0.260742 0.0869141 0.00155449
2 0.76416 0.377441 0.0322266 0.0947266 0.00141239
3 0.968506 0.756348 0.0629883 0.442383 0.00140953
3 0.0281372 0.936523 0.0463867 0.0976562 0.00135136
1 0.0536041 0.937988 0.0900574 0.110352 0.00132656
2 0.89502 0.976318 0.172852 0.0336914 0.0013237
1 0.0377197 0.793457 0.0568848 0.40332 0.00118828
2 0.0977783 0.959717 0.179199 0.0727539 0.00117207
7 0.375 0.835938 0.0644531 0.115234 0.00110149
1 0.971924 0.128174 0.0444336 0.192383 0.00109959
4 0.542969 0.591431 0.078125 0.785889 0.00108147
2 0.569824 0.151489 0.0898438 0.0222168 0.00107574
6 0.085083 0.973145 0.170166 0.0537109 0.00106812
2 0.365723 0.833984 0.0615234 0.0947266 0.00106525
1 0.862793 0.978516 0.264648 0.0332031 0.0010643
1 0.979492 0.953857 0.0410156 0.0727539 0.00105381
6 0.0305481 0.853516 0.055481 0.25 0.00102425
6 0.985352 0.922852 0.0292969 0.123047 0.00101376
