2 0.39917 0.757812 0.0537109 0.267578 0.717285
2 0.977539 0.378906 0.0292969 0.293945 0.301758
2 0.983154 0.392212 0.0297852 0.340576 0.292725
2 0.378174 0.141602 0.0654297 0.135986 0.199951
6 0.0471649 0.94751 0.0843811 0.0756836 0.11908
2 0.978516 0.279541 0.0234375 0.0927734 0.0928955
2 0.980469 0.339844 0.0292969 0.196777 0.0879517
6 0.0488129 0.910645 0.0710754 0.178711 0.0545349
2 0.982422 0.296387 0.0234375 0.141602 0.0529175
2 0.296387 0.775391 0.0512695 0.148438 0.0392761
6 0.127594 0.961914 0.216003 0.0761719 0.0387878
2 0.305176 0.804688 0.0512695 0.0888672 0.0327148
6 0.0604248 0.957275 0.0905762 0.0756836 0.0318298
2 0.394775 0.727539 0.0405273 0.220703 0.0254364
6 0.0503235 0.925293 0.090271 0.125977 0.0242615
1 0.0484772 0.95166 0.0839539 0.0712891 0.0210876
2 0.970703 0.396484 0.03125 0.302734 0.0189819
2 0.972656 0.329346 0.0292969 0.179199 0.016571
6 0.978271 0.120667 0.0395508 0.210815 0.0165405
3 0.967041 0.612793 0.0561523 0.770508 0.0157471
6 0.0830688 0.952393 0.128296 0.081543 0.0143661
1 0.123627 0.957031 0.218079 0.0820312 0.0142059
2 0.980469 0.262695 0.0234375 0.0776367 0.0132599
3 0.97998 0.113434 0.0400391 0.187195 0.0130081
6 0.0325775 0.128265 0.0378723 0.189758 0.0124207
2 0.972412 0.283447 0.027832 0.0961914 0.0117645
1 0.0648651 0.936768 0.102936 0.097168 0.010788
6 0.106934 0.977539 0.19873 0.0449219 0.0107117
6 0.97876 0.898438 0.0424805 0.169922 0.00979614
2 0.986328 0.328125 0.0214844 0.20166 0.0096817
2 0.981445 0.52832 0.0175781 0.0947266 0.00829315
1 0.0822754 0.952881 0.143066 0.0805664 0.00764847
2 0.978516 0.388184 0.0214844 0.234375 0.00745392
2 0.396973 0.751465 0.043457 0.138672 0.00720978
2 0.976562 0.466919 0.0214844 0.167725 0.00698853
2 0.52356 0.125244 0.133545 0.0263672 0.00667953
1 0.0273438 0.93457 0.0267334 0.0488281 0.00623703
2 0.0484772 0.95166 0.0839539 0.0712891 0.00569916
6 0.958984 0.0408936 0.0742188 0.0817871 0.0055542
6 0.97583 0.94043 0.0424805 0.0761719 0.00493622
13 0.0342407 0.14209 0.0390625 0.225586 0.00465012
6 0.0648651 0.936768 0.102936 0.097168 0.00440979
6 0.927002 0.0391235 0.14209 0.0782471 0.00429916
3 0.0488129 0.910645 0.0710754 0.178711 0.0041275
6 0.0886841 0.968262 0.177368 0.0634766 0.00407028
6 0.0888672 0.948486 0.174805 0.103027 0.00402451
3 0.0475464 0.947021 0.0737305 0.0786133 0.00399017
2 0.975586 0.47998 0.0253906 0.356445 0.00392914
6 0.0327148 0.9375 0.046875 0.0507812 0.00380707
6 0.0427246 0.85791 0.0703125 0.28418 0.00369263
1 0.842773 0.773438 0.0976562 0.0742188 0.00364876
1 0.898438 0.0385742 0.203125 0.0771484 0.00361061
2 0.407471 0.785645 0.0424805 0.266602 0.00360298
4 0.398438 0.755859 0.0517578 0.269531 0.00331879
3 0.968506 0.720581 0.0454102 0.506104 0.00314331
6 0.195312 0.970947 0.390625 0.0581055 0.00313187
1 0.0570221 0.882812 0.0993347 0.195312 0.00287247
1 0.03125 0.938477 0.0391846 0.0488281 0.00275612
3 0.0342407 0.14209 0.0390625 0.225586 0.00268173
13 0.0482025 0.95166 0.0810852 0.0732422 0.00263977
2 0.976318 0.503418 0.0180664 0.109375 0.00263214
3 0.0443726 0.727539 0.0635986 0.486328 0.00257301
1 0.154602 0.968018 0.281616 0.0639648 0.00255203
2 0.980469 0.335205 0.0253906 0.110352 0.00252724
2 0.315918 0.857422 0.0996094 0.0175781 0.0025177
13 0.980225 0.121582 0.0375977 0.219727 0.00250626
2 0.0273438 0.93457 0.0267334 0.0488281 0.00248909
1 0.196411 0.963135 0.392822 0.0737305 0.00246239
6 0.972656 0.0485382 0.0546875 0.0882263 0.00245094
2 0.973633 0.487671 0.0214844 0.13208 0.00227928
1 0.103912 0.965088 0.163757 0.0698242 0.00221443
2 0.987305 0.293701 0.0214844 0.115723 0.00219917
1 0.0465088 0.902344 0.072876 0.169922 0.00218582
6 0.0438232 0.936523 0.0648193 0.0703125 0.00218391
1 0.042984 0.937012 0.0624695 0.0556641 0.00208092
3 0.970947 0.859619 0.0424805 0.22998 0.00207901
13 0.399902 0.754395 0.0576172 0.248047 0.00203896
3 0.0491333 0.848145 0.0823975 0.256836 0.00199318
2 0.974854 0.411011 0.0405273 0.404541 0.0019722
2 0.389893 0.702637 0.0302734 0.170898 0.00194359
6 0.0316772 0.098877 0.0288086 0.130127 0.00189209
2 0.0433502 0.936035 0.0624695 0.0693359 0.00184441
6 0.0656586 0.893799 0.124786 0.212402 0.00184345
6 0.0548859 0.986816 0.0940857 0.0263672 0.00181198
2 0.983643 0.45166 0.0327148 0.490234 0.00179672
6 0.0273438 0.903564 0.043457 0.179199 0.0017643
6 0.0357056 0.155548 0.0507812 0.23822 0.00175381
1 0.0351562 0.153168 0.039917 0.241028 0.00166893
6 0.982422 0.945068 0.0351562 0.0629883 0.00153828
2 0.986328 0.264893 0.0214844 0.0727539 0.00152969
6 0.0643768 0.987305 0.116852 0.0253906 0.00146389
3 0.0323486 0.871094 0.0554199 0.240234 0.001441
1 0.97998 0.113434 0.0400391 0.187195 0.00144005
3 0.0503235 0.925293 0.090271 0.125977 0.00143051
6 0.181519 0.955811 0.329834 0.0883789 0.00143051
2 0.0318604 0.524414 0.0185547 0.0615234 0.00141811
3 0.980225 0.390747 0.0336914 0.335693 0.0014143
3 0.0597687 0.957031 0.0909119 0.078125 0.00138569
1 0.39917 0.757812 0.0537109 0.267578 0.00137901
13 0.380615 0.141602 0.0649414 0.13501 0.00134182
2 0.972656 0.287354 0.0371094 0.12207 0.00129509
13 0.0316772 0.098877 0.0288086 0.130127 0.00129318
2 0.971924 0.508911 0.0444336 0.8396 0.00128746
3 0.974121 0.0904541 0.0517578 0.149414 0.00128174
2 0.976562 0.198425 0.0371094 0.373657 0.00126743
2 0.0342407 0.14209 0.0390625 0.225586 0.00126266
3 0.977539 0.897217 0.0390625 0.17627 0.0012579
2 0.413574 0.754395 0.0610352 0.255859 0.00125122
6 0.889648 0.031311 0.220703 0.0626221 0.00123882
1 0.159729 0.947266 0.268433 0.105469 0.00121975
3 0.965088 0.618286 0.0444336 0.529053 0.00120831
6 0.0454102 0.811035 0.0908203 0.37793 0.00117207
3 0.0273438 0.903564 0.043457 0.179199 0.00116539
6 0.0911865 0.903564 0.182373 0.185059 0.00115871
6 0.962402 0.0617218 0.0615234 0.118744 0.00111485
6 0.974365 0.0914001 0.0512695 0.152649 0.00107861
13 0.0488129 0.910645 0.0710754 0.178711 0.00107384
6 0.0532837 0.998535 0.10437 0.00292969 0.00106335
3 0.970459 0.913574 0.0395508 0.110352 0.00103378
6 0.0715027 0.967285 0.114807 0.0654297 0.00103378
6 0.965088 0.0334473 0.0639648 0.0577393 0.00103283
