2 0.386475 0.805664 0.0698242 0.0195312 0.75293
2 0.386719 0.803711 0.0810547 0.0283203 0.304443
6 0.977539 0.923828 0.0390625 0.130859 0.0666504
2 0.525391 0.665039 0.0537109 0.142578 0.0320129
6 0.978271 0.951904 0.0395508 0.0786133 0.023819
2 0.387695 0.800293 0.0791016 0.046875 0.0211334
2 0.384766 0.79541 0.0703125 0.0253906 0.0197144
2 0.540527 0.426758 0.0195312 0.0722656 0.0151367
1 0.977539 0.922119 0.0390625 0.134277 0.0139389
1 0.976562 0.95166 0.0390625 0.0791016 0.0136871
3 0.0458374 0.634399 0.0631104 0.682373 0.0119476
2 0.4021 0.801758 0.0678711 0.0263672 0.0111237
2 0.203125 0.800781 0.0239258 0.078125 0.0110779
2 0.0417938 0.630371 0.0467834 0.666016 0.0105591
6 0.0362549 0.161743 0.050415 0.292725 0.0100403
3 0.968994 0.718262 0.0561523 0.498047 0.00843811
2 0.256104 0.458984 0.0219727 0.0761719 0.00703812
3 0.0327606 0.145935 0.046051 0.247192 0.00632095
2 0.204041 0.817871 0.0294189 0.104492 0.00602722
2 0.464844 0.449707 0.0214844 0.0546875 0.00581741
2 0.976562 0.943848 0.0410156 0.0908203 0.00546646
3 0.0408936 0.866943 0.0610352 0.244629 0.0048027
3 0.046402 0.405273 0.0658875 0.737305 0.00440598
2 0.371826 0.806152 0.0639648 0.0244141 0.00388718
13 0.0307007 0.100128 0.0457764 0.184021 0.00337982
3 0.0413208 0.524902 0.0826416 0.950195 0.00333786
6 0.0409546 0.879395 0.0593262 0.241211 0.00332451
14 0.38623 0.803223 0.0751953 0.0263672 0.00328064
4 0.54248 0.430908 0.0185547 0.0756836 0.00318909
6 0.0314484 0.125092 0.040863 0.204407 0.00316238
3 0.0396576 0.905762 0.0652161 0.143555 0.00291824
6 0.978516 0.872559 0.0332031 0.24707 0.00273895
3 0.976807 0.923828 0.0366211 0.134766 0.00266266
3 0.0386963 0.180847 0.0578613 0.328735 0.00263405
13 0.0338135 0.168762 0.0495605 0.305054 0.00260925
2 0.532227 0.279053 0.0449219 0.0952148 0.00250244
2 0.161377 0.389404 0.0537109 0.112305 0.00242805
13 0.975586 0.124054 0.0429688 0.211365 0.00233078
2 0.374023 0.80127 0.0517578 0.0244141 0.00214386
2 0.470825 0.450317 0.0202637 0.0544434 0.00207138
1 0.101044 0.9646 0.159241 0.0629883 0.00205803
3 0.978516 0.114624 0.0410156 0.165039 0.0020237
3 0.0625458 0.530518 0.101471 0.938965 0.00200844
2 0.387939 0.819824 0.0771484 0.0742188 0.00197411
4 0.387695 0.804688 0.0776367 0.0224609 0.00190067
6 0.978516 0.113922 0.0429688 0.16571 0.00182152
1 0.387207 0.804199 0.0761719 0.0234375 0.00181389
2 0.977539 0.895996 0.0371094 0.186523 0.00171375
1 0.0408936 0.866943 0.0610352 0.244629 0.00166225
4 0.256104 0.458984 0.0219727 0.0761719 0.00164604
13 0.978271 0.903076 0.0356445 0.178223 0.0016222
2 0.387207 0.784668 0.0751953 0.0908203 0.0014925
6 0.0289917 0.0872803 0.0406494 0.151367 0.00139713
1 0.119934 0.972656 0.236694 0.0546875 0.00137138
6 0.0336914 0.913818 0.0574951 0.133301 0.00132942
2 0.361816 0.776367 0.0185547 0.0380859 0.00124741
2 0.675293 0.499512 0.0195312 0.0585938 0.00123596
2 0.979492 0.837158 0.0332031 0.317871 0.00119495
13 0.386963 0.803223 0.0732422 0.0253906 0.00116348
4 0.0465851 0.381592 0.0655212 0.70752 0.00114632
3 0.0438232 0.278076 0.057373 0.516113 0.00113297
3 0.0280914 0.109863 0.0400085 0.189453 0.00111961
3 0.97876 0.951172 0.0366211 0.0800781 0.00111961
1 0.612305 0.976807 0.235352 0.0424805 0.00110817
2 0.0437012 0.372681 0.0535889 0.68042 0.00109863
3 0.0463409 0.783691 0.0603943 0.399414 0.00109005
2 0.385986 0.0709686 0.0537109 0.111481 0.00108242
