2 0.527832 0.67041 0.271484 0.489258 0.844238
2 0.0288849 0.771484 0.0369568 0.157227 0.779785
2 0.0220642 0.303223 0.0223999 0.125977 0.408203
2 0.020813 0.499023 0.0206299 0.116211 0.333008
2 0.0208893 0.391479 0.026825 0.326416 0.253418
2 0.800781 0.0145569 0.0205078 0.0291138 0.117615
2 0.856445 0.0178223 0.0253906 0.0356445 0.115845
2 0.0283203 0.720215 0.0323486 0.251953 0.0704346
2 0.0317993 0.725098 0.0400391 0.483398 0.0638428
2 0.028595 0.788574 0.0375366 0.264648 0.0626221
2 0.807617 0.0168762 0.0351562 0.0337524 0.0596924
2 0.569336 0.619629 0.201172 0.499023 0.0562744
2 0.020874 0.606445 0.0170898 0.0644531 0.0542908
6 0.0325928 0.148743 0.0458984 0.268921 0.0517578
3 0.949219 0.498169 0.0917969 0.950928 0.045929
2 0.858887 0.0131531 0.0214844 0.0263062 0.0421753
4 0.53125 0.665161 0.261719 0.472412 0.0411987
2 0.0275726 0.772949 0.0339661 0.0927734 0.0407104
2 0.800293 0.0196228 0.0263672 0.0392456 0.0402832
2 0.0198364 0.543945 0.0229492 0.21875 0.0330811
3 0.0325928 0.148743 0.0458984 0.268921 0.0222168
2 0.850098 0.0180664 0.0292969 0.0361328 0.0197449
2 0.0253906 0.629395 0.0340576 0.405273 0.0181274
3 0.0397186 0.536621 0.0592346 0.743164 0.0173035
2 0.0217896 0.765137 0.0275879 0.15625 0.0166321
2 0.0213318 0.582031 0.0197754 0.136719 0.0158539
2 0.0233765 0.27417 0.0230713 0.101074 0.0155716
2 0.0372314 0.644043 0.0462646 0.557617 0.015007
2 0.0405731 0.773926 0.0516663 0.15918 0.0124588
1 0.53125 0.665161 0.261719 0.472412 0.0116959
6 0.0373535 0.0926514 0.0493164 0.18457 0.0115128
2 0.4823 0.130371 0.112549 0.0227051 0.0114441
3 0.0487061 0.496582 0.0897217 0.993164 0.0114288
1 0.0317993 0.725098 0.0400391 0.483398 0.01091
2 0.0302734 0.292725 0.0257568 0.250977 0.010582
2 0.0198669 0.450195 0.0234985 0.28125 0.0105743
2 0.0199585 0.493164 0.0325928 0.115234 0.010498
2 0.0351562 0.750977 0.0340576 0.185547 0.0101547
2 0.862793 0.0158997 0.0273438 0.0317993 0.00901794
2 0.0322113 0.942139 0.039093 0.0688477 0.00884247
1 0.0322113 0.942139 0.039093 0.0688477 0.00873566
2 0.793457 0.017334 0.0322266 0.034668 0.00840759
2 0.0246582 0.289307 0.0313721 0.116699 0.00839996
13 0.0325928 0.148743 0.0458984 0.268921 0.00797272
6 0.0280762 0.91333 0.0467529 0.163574 0.00791168
2 0.0236664 0.676758 0.0261536 0.335938 0.00728989
3 0.0419159 0.278687 0.0516663 0.528564 0.00721741
2 0.0336914 0.829102 0.0463867 0.296875 0.00705719
6 0.0383301 0.22168 0.0450439 0.418945 0.00699615
2 0.0216064 0.620605 0.0206299 0.114258 0.00681305
6 0.0350952 0.941162 0.0540771 0.0844727 0.00678253
2 0.866211 0.0192871 0.0390625 0.0385742 0.00662613
1 0.0999756 0.961182 0.171875 0.0776367 0.0062027
2 0.0273438 0.298828 0.0202637 0.132324 0.00605011
2 0.0265961 0.235352 0.0259094 0.33252 0.00597763
3 0.0380859 0.0871582 0.0493164 0.166504 0.00522614
1 0.027771 0.770508 0.0352783 0.183594 0.00495529
2 0.827148 0.020752 0.0546875 0.0415039 0.0049324
6 0.980469 0.134399 0.0390625 0.221436 0.00477982
3 0.941406 0.394043 0.0683594 0.788086 0.00462341
2 0.0365448 0.680664 0.0409241 0.334961 0.00457764
6 0.0325928 0.820801 0.039917 0.305664 0.00453186
3 0.944092 0.679199 0.0825195 0.53418 0.0045166
1 0.0325928 0.148743 0.0458984 0.268921 0.00447083
3 0.0383301 0.595825 0.0444336 0.523193 0.00442886
2 0.0302734 0.807617 0.032959 0.108398 0.00419998
19 0.53125 0.665161 0.261719 0.472412 0.00418091
6 0.53125 0.665161 0.261719 0.472412 0.0041008
2 0.0216064 0.470703 0.0178833 0.141602 0.00406647
2 0.0336151 0.198669 0.0414124 0.381958 0.00403214
13 0.533081 0.66748 0.275635 0.498047 0.00403214
13 0.0220642 0.303223 0.0223999 0.125977 0.00400543
2 0.59375 0.571289 0.136719 0.418945 0.00392914
1 0.892822 0.975342 0.194824 0.0493164 0.00387955
2 0.842285 0.0136871 0.0527344 0.0273743 0.00379753
1 0.0370483 0.945312 0.057373 0.0820312 0.00371552
1 0.0372314 0.644043 0.0462646 0.557617 0.00367546
3 0.045639 0.380005 0.0652161 0.732178 0.00326538
6 0.0491791 0.949463 0.0788879 0.0776367 0.0032444
6 0.0335693 0.880371 0.0565186 0.239258 0.00313759
3 0.0280762 0.91333 0.0467529 0.163574 0.00313568
2 0.0247192 0.302246 0.0198975 0.0947266 0.00311279
2 0.860352 0.0259705 0.0322266 0.0519409 0.00308228
9 0.53125 0.665161 0.261719 0.472412 0.00298309
18 0.53125 0.665161 0.261719 0.472412 0.0029583
2 0.0204773 0.605957 0.0327759 0.0722656 0.00289345
11 0.533081 0.66748 0.275635 0.498047 0.00289154
3 0.0391846 0.164307 0.0611572 0.328613 0.00284958
13 0.0288849 0.771484 0.0369568 0.157227 0.00279236
1 0.0319977 0.884521 0.0463562 0.217285 0.00278091
2 0.0205688 0.331787 0.0169067 0.163574 0.0027771
14 0.529785 0.667358 0.291992 0.518799 0.00270844
6 0.0317993 0.725098 0.0400391 0.483398 0.00270081
16 0.53125 0.665161 0.261719 0.472412 0.00267601
3 0.955811 0.331543 0.0708008 0.651367 0.00266075
13 0.035965 0.102539 0.049408 0.205078 0.00261116
8 0.53125 0.665161 0.261719 0.472412 0.00259399
17 0.53125 0.665161 0.261719 0.472412 0.00256348
3 0.0335693 0.880371 0.0565186 0.239258 0.00250244
13 0.0292206 0.8125 0.0375061 0.294922 0.00242043
15 0.53125 0.665161 0.261719 0.472412 0.00238037
7 0.53125 0.665161 0.261719 0.472412 0.00237083
2 0.0197449 0.480957 0.017395 0.0800781 0.00236511
2 0.799805 0.0148163 0.0361328 0.0296326 0.00235748
10 0.53125 0.665161 0.261719 0.472412 0.00235176
2 0.0212708 0.289551 0.0181885 0.0917969 0.00234222
3 0.533081 0.66748 0.275635 0.498047 0.00233459
5 0.533081 0.66748 0.275635 0.498047 0.00227356
2 0.607422 0.569824 0.22168 0.579102 0.00225258
0 0.53125 0.665161 0.261719 0.472412 0.00221062
2 0.0244751 0.494751 0.0189209 0.0935059 0.00219345
1 0.0345459 0.914307 0.0599365 0.16748 0.00209808
2 0.0345459 0.914307 0.0599365 0.16748 0.00206757
3 0.980225 0.14624 0.0395508 0.250488 0.00204659
1 0.179688 0.958984 0.350098 0.0820312 0.00199127
1 0.891846 0.956299 0.196777 0.0874023 0.00194263
12 0.53125 0.665161 0.261719 0.472412 0.00193024
4 0.640137 0.50293 0.296875 0.602539 0.00188541
19 0.312134 0.699097 0.490967 0.513916 0.00185966
4 0.705078 0.463867 0.439453 0.700195 0.00185394
3 0.0317993 0.725098 0.0400391 0.483398 0.00185204
4 0.032959 0.11557 0.0478516 0.227356 0.00181198
2 0.0351562 0.933838 0.055542 0.106934 0.00174522
1 0.632324 0.945801 0.150391 0.0849609 0.00174332
2 0.0293121 0.294434 0.0370789 0.487305 0.00161934
3 0.955811 0.615356 0.0688477 0.769287 0.00161648
2 0.0239105 0.69043 0.0210266 0.140625 0.00152874
2 0.0214844 0.400391 0.0218506 0.211914 0.00152588
2 0.0333252 0.814453 0.0351562 0.0703125 0.00149441
8 0.312134 0.699097 0.490967 0.513916 0.00147915
6 0.0717163 0.953125 0.128296 0.0761719 0.00147915
13 0.0214691 0.499634 0.0212708 0.110107 0.00146866
2 0.0429077 0.364624 0.0493164 0.673096 0.0014677
2 0.892822 0.975342 0.194824 0.0493164 0.00146294
1 0.120331 0.945312 0.206604 0.109375 0.00141811
6 0.949219 0.498169 0.0917969 0.950928 0.00141716
6 0.034668 0.0517578 0.0418701 0.0974121 0.0014019
2 0.0136108 0.393066 0.0261841 0.307617 0.00138092
6 0.0851135 0.96875 0.16571 0.0605469 0.00136375
1 0.0325928 0.820801 0.039917 0.305664 0.00135994
4 0.0288696 0.771973 0.0394287 0.15918 0.00134945
3 0.022171 0.393677 0.0260925 0.33374 0.00132656
1 0.022171 0.393677 0.0260925 0.33374 0.0013113
2 0.0195923 0.592773 0.0161133 0.0996094 0.00127983
1 0.0498047 0.952881 0.078125 0.0727539 0.00123978
2 0.615723 0.555176 0.0917969 0.283203 0.00121498
1 0.0225525 0.29834 0.0205688 0.125 0.00120354
2 0.592285 0.585815 0.12793 0.250244 0.00119495
1 0.0964355 0.909912 0.15918 0.180176 0.00115108
1 0.842773 0.969727 0.291016 0.0546875 0.00114346
2 0.0233154 0.699219 0.0196533 0.0800781 0.0011282
2 0.16626 0.339111 0.0512695 0.0717773 0.00109482
2 0.799805 0.0269775 0.0341797 0.0539551 0.00107765
3 0.0329437 0.794922 0.0571594 0.263672 0.00107384
1 0.856445 0.0179749 0.0273438 0.0359497 0.00106621
2 0.0263824 0.578003 0.0490417 0.531494 0.00106144
2 0.0283356 0.743652 0.0279236 0.112305 0.00105572
3 0.0341797 0.922363 0.0593262 0.110352 0.00105095
2 0.0215912 0.609375 0.0322571 0.217773 0.00105
2 0.631836 0.55957 0.348633 0.755859 0.00102711
2 0.0201111 0.329834 0.0171509 0.0888672 0.00100136
