2 0.524536 0.804688 0.24585 0.144531 0.788086
2 0.387451 0.679688 0.130859 0.150391 0.709473
2 0.487915 0.740723 0.334717 0.275391 0.679688
2 0.430786 0.693359 0.257568 0.1875 0.173828
6 0.0265808 0.908691 0.0501099 0.165039 0.126465
2 0.575684 0.803711 0.138672 0.152344 0.112671
6 0.895508 0.0470581 0.183594 0.0941162 0.102417
6 0.0345612 0.134705 0.0531921 0.227661 0.0686646
1 0.306152 0.973633 0.612305 0.0507812 0.0453186
3 0.0345612 0.134705 0.0531921 0.227661 0.043457
3 0.0272217 0.894531 0.0499268 0.201172 0.0357971
2 0.978516 0.555664 0.0195312 0.104492 0.0298004
1 0.0236816 0.903809 0.0413818 0.18457 0.028656
6 0.977539 0.923584 0.0292969 0.11377 0.0206757
2 0.977539 0.897949 0.015625 0.0722656 0.0179291
13 0.032959 0.157837 0.0435791 0.284912 0.0174255
2 0.46582 0.637207 0.374023 0.417969 0.0158844
4 0.487305 0.740723 0.334961 0.303711 0.0146637
2 0.0212402 0.787598 0.0163574 0.0478516 0.0145645
1 0.487305 0.740723 0.334961 0.303711 0.0140381
3 0.969727 0.125824 0.0605469 0.214661 0.013649
6 0.975342 0.93457 0.0415039 0.113281 0.0136185
6 0.0289307 0.0897217 0.0527344 0.162354 0.0133286
6 0.957764 0.0652008 0.0825195 0.120087 0.0130386
2 0.032959 0.157837 0.0435791 0.284912 0.0116577
6 0.033371 0.935303 0.0636292 0.100098 0.0115967
1 0.0330811 0.871338 0.0560303 0.251465 0.0102768
2 0.388672 0.669922 0.217773 0.197266 0.009758
6 0.910645 0.0339966 0.155273 0.0679932 0.00972748
6 0.944092 0.0519104 0.0961914 0.0934448 0.00917816
13 0.386719 0.677734 0.125488 0.148438 0.00853729
2 0.510742 0.799805 0.289062 0.22168 0.00842285
2 0.0349731 0.102051 0.059082 0.197021 0.00822449
6 0.035553 0.902832 0.071106 0.188477 0.00758362
3 0.0354614 0.928711 0.0603027 0.125 0.00743484
6 0.978271 0.914551 0.0200195 0.116211 0.00725174
1 0.294067 0.973633 0.431396 0.0429688 0.00683212
3 0.0395508 0.841309 0.0629883 0.301758 0.00653458
1 0.387451 0.671875 0.133789 0.136719 0.00636673
3 0.0234375 0.811035 0.0443115 0.352539 0.00634384
2 0.376953 0.652344 0.124023 0.110352 0.00631332
13 0.52002 0.804199 0.259766 0.141602 0.00618362
13 0.968994 0.167786 0.0522461 0.30896 0.00611115
3 0.0349121 0.0904846 0.0615234 0.165222 0.00599289
1 0.0342407 0.108643 0.0568848 0.206787 0.00550079
13 0.977539 0.897949 0.015625 0.0722656 0.0054512
2 0.422852 0.8125 0.0332031 0.0625 0.00534439
6 0.971436 0.125214 0.0571289 0.232483 0.0051384
3 0.959473 0.150574 0.0810547 0.275024 0.00505066
3 0.967529 0.0764771 0.0649414 0.138062 0.00488281
14 0.386719 0.677734 0.125488 0.148438 0.004879
1 0.20575 0.969482 0.403931 0.0610352 0.00479889
4 0.464355 0.638306 0.367188 0.387451 0.00477982
4 0.387695 0.680176 0.126953 0.142578 0.0047493
6 0.487305 0.740723 0.334961 0.303711 0.00466919
6 0.386719 0.677734 0.125488 0.148438 0.0045166
9 0.386719 0.677734 0.125488 0.148438 0.00444794
13 0.487305 0.740723 0.334961 0.303711 0.00435257
1 0.237488 0.0609131 0.431274 0.0548096 0.00416946
1 0.897949 0.0539398 0.196289 0.104034 0.00415802
6 0.0185242 0.88916 0.0320435 0.208008 0.00410461
1 0.486816 0.961182 0.973633 0.0776367 0.0041008
19 0.487305 0.740723 0.334961 0.303711 0.00395203
6 0.0490112 0.950439 0.0871582 0.0834961 0.0038147
2 0.0273438 0.924561 0.0500488 0.11377 0.00378609
1 0.522461 0.805176 0.239258 0.142578 0.00364113
3 0.956543 0.0932922 0.0869141 0.172791 0.00352097
2 0.97876 0.900391 0.0229492 0.0888672 0.00352097
6 0.0299988 0.949463 0.0521851 0.0776367 0.00346947
13 0.979492 0.931152 0.0273438 0.124023 0.00346184
6 0.885498 0.0637207 0.215332 0.127441 0.00341225
19 0.63916 0.608032 0.504883 0.572998 0.00338936
2 0.430176 0.699707 0.331055 0.282227 0.0033741
4 0.522949 0.804688 0.241211 0.142578 0.00331116
7 0.386719 0.677734 0.125488 0.148438 0.00329018
6 0.0395508 0.841309 0.0629883 0.301758 0.00314522
9 0.487305 0.740723 0.334961 0.303711 0.00311852
14 0.487305 0.740723 0.334961 0.303711 0.00309563
13 0.978271 0.914551 0.0200195 0.116211 0.00306129
16 0.487305 0.740723 0.334961 0.303711 0.00302315
11 0.487305 0.740723 0.334961 0.303711 0.00298691
3 0.978271 0.914551 0.0200195 0.116211 0.00297546
18 0.487305 0.740723 0.334961 0.303711 0.00292969
19 0.386719 0.677734 0.125488 0.148438 0.00286102
6 0.0244141 0.857422 0.0479736 0.261719 0.00284576
7 0.487305 0.740723 0.334961 0.303711 0.00280762
3 0.979492 0.931152 0.0273438 0.124023 0.00276566
16 0.386719 0.677734 0.125488 0.148438 0.0027504
6 0.0858765 0.964111 0.171753 0.0639648 0.00274467
1 0.826172 0.0446167 0.347656 0.0892334 0.00274277
8 0.487305 0.740723 0.334961 0.303711 0.00273323
18 0.386719 0.677734 0.125488 0.148438 0.00273132
10 0.386719 0.677734 0.125488 0.148438 0.0026474
6 0.826172 0.0446167 0.347656 0.0892334 0.00264168
6 0.866455 0.035675 0.259277 0.0713501 0.00263023
3 0.895508 0.0470581 0.183594 0.0941162 0.00261879
17 0.487305 0.740723 0.334961 0.303711 0.00261879
17 0.386719 0.677734 0.125488 0.148438 0.00249672
5 0.386719 0.677734 0.125488 0.148438 0.00248718
8 0.386719 0.677734 0.125488 0.148438 0.00246811
10 0.487305 0.740723 0.334961 0.303711 0.00245285
2 0.978516 0.57959 0.0175781 0.109375 0.00244522
3 0.978271 0.113617 0.0395508 0.200012 0.00243568
0 0.386719 0.677734 0.125488 0.148438 0.00243187
3 0.0202026 0.912598 0.0404053 0.163086 0.00242996
2 0.0226898 0.77832 0.0235901 0.0673828 0.00242424
13 0.42334 0.8125 0.0322266 0.0634766 0.00235558
11 0.386719 0.677734 0.125488 0.148438 0.00235558
6 0.0302734 0.938721 0.0369873 0.081543 0.00235367
3 0.487305 0.740723 0.334961 0.303711 0.00234795
6 0.916992 0.0276489 0.113281 0.0552979 0.00233269
15 0.487305 0.740723 0.334961 0.303711 0.00233078
0 0.487305 0.740723 0.334961 0.303711 0.00232124
5 0.487305 0.733887 0.338867 0.299805 0.00230598
9 0.522949 0.804688 0.241211 0.142578 0.00229645
19 0.438477 0.501099 0.601562 0.554443 0.00226974
12 0.386719 0.677734 0.125488 0.148438 0.00226593
1 0.799805 0.97168 0.369141 0.0527344 0.00224686
1 0.374512 0.0680542 0.749023 0.0731201 0.00223541
2 0.369751 0.809326 0.553467 0.369629 0.00222015
13 0.0212402 0.787598 0.0163574 0.0478516 0.00221252
6 0.953369 0.139648 0.0913086 0.279297 0.0021801
15 0.386719 0.677734 0.125488 0.148438 0.00217056
4 0.530762 0.583984 0.463867 0.631836 0.0021553
3 0.0283203 0.941406 0.0389404 0.0957031 0.0021553
6 0.52002 0.804199 0.259766 0.141602 0.00210762
13 0.0355835 0.121429 0.057251 0.195129 0.00208282
3 0.962402 0.0536957 0.0673828 0.101837 0.00207901
2 0.522461 0.687988 0.394531 0.427734 0.00205803
3 0.0474396 0.90918 0.0818787 0.181641 0.0020504
1 0.718872 0.0663757 0.519287 0.0591431 0.00203514
12 0.487305 0.740723 0.334961 0.303711 0.00203514
6 0.960938 0.0507812 0.0605469 0.101562 0.00200844
14 0.522949 0.804688 0.241211 0.142578 0.00198174
6 0.911865 0.0211182 0.148926 0.0422363 0.00196075
2 0.490112 0.678711 0.338135 0.197266 0.00195694
19 0.234863 0.536621 0.469727 0.636719 0.00187969
3 0.0488892 0.949951 0.0856934 0.0883789 0.0018568
6 0.027359 0.926514 0.0414734 0.119629 0.00184441
3 0.976562 0.947266 0.0371094 0.09375 0.00184441
6 0.941162 0.0332947 0.0883789 0.0665894 0.00180721
6 0.974609 0.957031 0.0429688 0.0722656 0.00178623
2 0.979492 0.931152 0.0273438 0.124023 0.00178528
13 0.0272217 0.894531 0.0499268 0.201172 0.0017662
4 0.0257874 0.894043 0.0470581 0.202148 0.00176525
13 0.436279 0.711914 0.26123 0.206055 0.00175381
1 0.408325 0.964844 0.767334 0.0703125 0.00165558
13 0.896729 0.0466919 0.194824 0.0933838 0.00165462
13 0.0234375 0.811035 0.0443115 0.352539 0.00163555
1 0.893555 0.968506 0.195312 0.059082 0.00163078
19 0.697876 0.739014 0.483154 0.502441 0.00161934
6 0.978271 0.113617 0.0395508 0.200012 0.00158596
19 0.52002 0.804199 0.259766 0.141602 0.00158596
3 0.963379 0.179016 0.0576172 0.326538 0.00152302
2 0.981201 0.456543 0.0375977 0.822266 0.00150013
8 0.677734 0.552612 0.644531 0.72876 0.00149918
8 0.238525 0.532715 0.477051 0.6875 0.00149822
2 0.0302734 0.938721 0.0369873 0.081543 0.00149536
6 0.936523 0.0664062 0.105469 0.132812 0.00148201
2 0.575684 0.776855 0.244141 0.263672 0.00147247
3 0.386719 0.677734 0.125488 0.148438 0.00146008
1 0.972656 0.944336 0.0488281 0.0976562 0.00145435
19 0.583618 0.508423 0.674561 0.676514 0.00144672
7 0.52002 0.804199 0.259766 0.141602 0.00143337
6 0.969971 0.0791321 0.0600586 0.1474 0.00142288
2 0.979492 0.565918 0.03125 0.178711 0.00142097
1 0.659302 0.955322 0.681396 0.0893555 0.00139618
1 0.436279 0.711914 0.26123 0.206055 0.00138474
8 0.439819 0.495117 0.661377 0.575195 0.00138092
2 0.0324707 0.910645 0.0582275 0.178711 0.00137901
6 0.919189 0.0400696 0.114746 0.0801392 0.00135708
16 0.521973 0.804688 0.254883 0.174805 0.00133514
5 0.522949 0.804688 0.241211 0.142578 0.00132084
19 0.530762 0.583984 0.463867 0.631836 0.00131226
3 0.0273438 0.844238 0.0324707 0.256836 0.00130939
11 0.522949 0.804688 0.241211 0.142578 0.00129986
1 0.0273438 0.924561 0.0500488 0.11377 0.00128746
18 0.521973 0.804688 0.254883 0.174805 0.0012846
10 0.52002 0.804199 0.259766 0.141602 0.0012598
17 0.522949 0.804688 0.241211 0.142578 0.0012455
15 0.522949 0.804688 0.241211 0.142578 0.00123119
1 0.353882 0.947021 0.682861 0.105957 0.00122738
8 0.521973 0.804688 0.254883 0.174805 0.00121689
0 0.52002 0.804199 0.259766 0.141602 0.00121212
3 0.97998 0.388184 0.0400391 0.765625 0.00120926
2 0.390137 0.648926 0.335938 0.28418 0.00119686
12 0.522949 0.804688 0.241211 0.142578 0.00117493
4 0.301697 0.587402 0.342896 0.636719 0.00117207
1 0.305054 0.961914 0.596924 0.0761719 0.0011692
4 0.436279 0.711914 0.26123 0.206055 0.00116253
6 0.0294495 0.0611267 0.0465698 0.111145 0.00116062
7 0.026474 0.909424 0.0469055 0.175293 0.0011549
8 0.692871 0.68396 0.517578 0.553955 0.00114918
2 0.485229 0.789062 0.218018 0.12793 0.00112724
2 0.0279541 0.229797 0.0388184 0.432983 0.00112343
2 0.490723 0.751465 0.269531 0.189453 0.00110531
2 0.454468 0.810547 0.229736 0.0917969 0.00109386
6 0.678345 0.0596313 0.643311 0.0723877 0.00109291
4 0.677734 0.552612 0.644531 0.72876 0.00108337
2 0.530762 0.583984 0.463867 0.631836 0.00108051
3 0.521973 0.804688 0.254883 0.174805 0.00107956
1 0.48877 0.791016 0.317383 0.179688 0.00100327
