2 0.622559 0.237793 0.378906 0.159668 0.90332
4 0.152832 0.507568 0.0888672 0.949707 0.660645
6 0.029129 0.108032 0.0455017 0.184814 0.112061
6 0.0247803 0.928955 0.0463867 0.112793 0.0929565
3 0.0363617 0.167786 0.0532532 0.299194 0.043335
6 0.0268555 0.944092 0.0380859 0.0805664 0.0338135
6 0.975586 0.948975 0.046875 0.0786133 0.0235443
6 0.979004 0.916016 0.0419922 0.146484 0.0233765
3 0.970459 0.329102 0.059082 0.623047 0.0194397
3 0.0311279 0.106415 0.0444336 0.186584 0.0170441
3 0.0254822 0.90332 0.0482788 0.169922 0.0122986
6 0.0760803 0.95752 0.140808 0.0751953 0.0120544
3 0.0389404 0.270508 0.0610352 0.510742 0.0111923
6 0.0318604 0.175781 0.0495605 0.306152 0.0110931
4 0.144531 0.620605 0.0871582 0.670898 0.0104828
1 0.029541 0.946533 0.0473633 0.0795898 0.00994873
1 0.622681 0.238525 0.385498 0.179199 0.00990295
2 0.620605 0.236755 0.217773 0.155396 0.00909424
1 0.0274506 0.113281 0.0383606 0.195312 0.00891113
4 0.151245 0.496094 0.0803223 0.621094 0.0085907
4 0.622681 0.238525 0.385498 0.179199 0.008255
3 0.024231 0.928711 0.0410156 0.115234 0.00815582
1 0.970703 0.954834 0.0566406 0.0727539 0.00813293
6 0.94458 0.956787 0.0893555 0.0844727 0.0068779
3 0.978516 0.910156 0.0429688 0.175781 0.00543976
6 0.926025 0.959473 0.13623 0.0732422 0.00517273
3 0.97168 0.221924 0.0527344 0.413574 0.00513458
13 0.625 0.236328 0.387695 0.183594 0.00489044
3 0.965088 0.409424 0.0581055 0.818848 0.00460434
6 0.983643 0.950439 0.0327148 0.0737305 0.00458527
6 0.622681 0.238525 0.385498 0.179199 0.00456619
6 0.0189209 0.911865 0.0378418 0.158691 0.00440979
6 0.0578613 0.946533 0.0996094 0.0952148 0.00435638
4 0.123291 0.506226 0.0839844 0.927002 0.00382614
3 0.957764 0.451172 0.0844727 0.902344 0.00378418
2 0.0237427 0.94165 0.0471191 0.0776367 0.00378227
14 0.625 0.236328 0.387695 0.183594 0.00376129
3 0.0240631 0.123871 0.032196 0.198547 0.00371361
3 0.0344238 0.884521 0.0626221 0.195801 0.00345612
19 0.625 0.236328 0.387695 0.183594 0.00345421
1 0.0363617 0.167786 0.0532532 0.299194 0.00344276
2 0.975586 0.948975 0.046875 0.0786133 0.00344086
9 0.622681 0.238525 0.385498 0.179199 0.00335121
16 0.625 0.236328 0.387695 0.183594 0.0032711
3 0.0290527 0.945557 0.0474854 0.081543 0.00322151
3 0.0381317 0.439453 0.0670471 0.878906 0.0031929
4 0.151733 0.369873 0.0651855 0.624512 0.00317001
18 0.622681 0.238525 0.385498 0.179199 0.00301933
11 0.622681 0.238525 0.385498 0.179199 0.00289154
7 0.622681 0.238525 0.385498 0.179199 0.00283623
8 0.622681 0.238525 0.385498 0.179199 0.00283623
6 0.0259705 0.957031 0.0475464 0.0722656 0.00279999
1 0.976074 0.918457 0.0478516 0.141602 0.00266075
17 0.625 0.236328 0.387695 0.183594 0.00265312
3 0.970947 0.955811 0.0561523 0.0727539 0.00262833
6 0.96582 0.940674 0.0566406 0.118652 0.00262833
3 0.625 0.236328 0.387695 0.183594 0.00261116
1 0.0284424 0.924805 0.0518799 0.115234 0.00255966
15 0.625 0.236328 0.387695 0.183594 0.00251389
6 0.0958252 0.968018 0.1521 0.0639648 0.00235558
5 0.625 0.236328 0.387695 0.183594 0.00234413
0 0.622681 0.238525 0.385498 0.179199 0.00232697
10 0.622681 0.238525 0.385498 0.179199 0.00231934
13 0.0363617 0.167786 0.0532532 0.299194 0.00229836
13 0.029129 0.108032 0.0455017 0.184814 0.00219154
6 0.0279541 0.897217 0.0460205 0.189941 0.00218964
2 0.978516 0.900635 0.0410156 0.187012 0.00218201
12 0.622681 0.238525 0.385498 0.179199 0.00207901
1 0.084137 0.950195 0.158386 0.0839844 0.00186634
3 0.972656 0.916992 0.0507812 0.128906 0.00184727
1 0.0238953 0.903809 0.0438843 0.174805 0.00181675
2 0.578125 0.214111 0.352539 0.149902 0.0017252
6 0.901855 0.949707 0.196289 0.0947266 0.00167465
3 0.97583 0.120667 0.0483398 0.199097 0.00166416
6 0.0375366 0.917725 0.0684814 0.164551 0.00163746
2 0.600586 0.277039 0.410156 0.230103 0.0016222
13 0.978516 0.900635 0.0410156 0.187012 0.00161743
2 0.686035 0.256348 0.24707 0.121582 0.00156879
3 0.0302734 0.141724 0.0343018 0.253174 0.00152493
6 0.0377808 0.940186 0.0533447 0.0864258 0.0013504
6 0.0431976 0.958984 0.0762024 0.0722656 0.00134659
1 0.950195 0.959717 0.0917969 0.0727539 0.00133228
1 0.97583 0.140564 0.0463867 0.265747 0.00131035
6 0.0230713 0.139648 0.0303955 0.185547 0.00130939
13 0.0247803 0.928955 0.0463867 0.112793 0.00128746
4 0.0291748 0.107147 0.0421143 0.187073 0.00128651
3 0.0168457 0.886719 0.0327148 0.207031 0.00124454
6 0.0302734 0.949707 0.0605469 0.0869141 0.00123978
6 0.0457916 0.104248 0.0771179 0.190186 0.00120258
6 0.957764 0.909424 0.0688477 0.181152 0.00118732
3 0.0458832 0.114166 0.0747375 0.204285 0.00118732
4 0.175812 0.49707 0.219177 0.896484 0.00113869
2 0.628906 0.276855 0.363281 0.151367 0.00112724
6 0.978271 0.139343 0.043457 0.247681 0.00110531
2 0.0299683 0.918457 0.0469971 0.124023 0.00108433
2 0.0354004 0.149414 0.0570068 0.254395 0.00105858
13 0.0268555 0.944092 0.0380859 0.0805664 0.00105095
3 0.978516 0.284668 0.0429688 0.516602 0.00100517
