2 0.371582 0.772949 0.209961 0.335938 0.828613
2 0.464722 0.677734 0.19751 0.0585938 0.709473
2 0.44873 0.671387 0.216797 0.0869141 0.129028
6 0.979004 0.938232 0.0419922 0.0864258 0.126343
1 0.0275269 0.111969 0.0300293 0.191101 0.0528259
1 0.977539 0.93335 0.0449219 0.0961914 0.0415649
2 0.418335 0.755371 0.251221 0.267578 0.0327148
3 0.0466156 0.376099 0.0664368 0.716553 0.0240173
2 0.456421 0.705078 0.22876 0.112305 0.0220642
6 0.0377197 0.901611 0.0581055 0.196777 0.0205078
1 0.37207 0.771484 0.209961 0.362305 0.0204773
3 0.0493164 0.498413 0.0917969 0.97583 0.0197144
6 0.0387573 0.946533 0.0576172 0.0698242 0.0180969
6 0.0333252 0.918457 0.0566406 0.12207 0.0132751
6 0.0310211 0.109039 0.0368347 0.202332 0.01297
2 0.458374 0.679199 0.122314 0.0585938 0.0120697
1 0.0383453 0.89917 0.0585632 0.172363 0.010994
4 0.368286 0.771484 0.210693 0.363281 0.0108414
2 0.442871 0.708008 0.224609 0.174805 0.0103531
1 0.982422 0.93042 0.0253906 0.0766602 0.00979614
2 0.402832 0.749512 0.317383 0.379883 0.00854492
6 0.0363159 0.167847 0.0390625 0.288818 0.00812531
3 0.0377197 0.901611 0.0581055 0.196777 0.00804138
1 0.0380707 0.936035 0.0586243 0.0986328 0.00769043
2 0.97583 0.938232 0.0483398 0.0805664 0.00762939
1 0.0323639 0.125641 0.0365906 0.240906 0.00738525
6 0.980469 0.910156 0.0390625 0.134766 0.00694275
6 0.984375 0.928467 0.03125 0.0883789 0.00686646
6 0.981445 0.111969 0.0351562 0.198425 0.00641251
2 0.300049 0.654297 0.0556641 0.117188 0.00626373
2 0.982422 0.93042 0.0253906 0.0766602 0.00623703
2 0.477051 0.653809 0.208008 0.128906 0.00527954
2 0.0459595 0.363281 0.0552979 0.678711 0.00497055
1 0.981445 0.111969 0.0351562 0.198425 0.00482178
6 0.37207 0.771484 0.209961 0.362305 0.00474167
2 0.429199 0.791016 0.172852 0.308594 0.00435257
1 0.163391 0.95752 0.326538 0.0634766 0.00429916
3 0.97876 0.938721 0.0405273 0.0913086 0.00416183
6 0.0872803 0.957031 0.172852 0.0703125 0.00405121
13 0.37207 0.771484 0.209961 0.362305 0.00392151
2 0.75293 0.360352 0.0292969 0.0981445 0.00382996
2 0.544434 0.309814 0.0205078 0.0688477 0.0037899
14 0.459961 0.67334 0.206055 0.0712891 0.00363731
1 0.0356445 0.93457 0.0411377 0.0683594 0.00356674
3 0.0405273 0.232605 0.0432129 0.427368 0.00350189
3 0.0291138 0.107819 0.0340576 0.192566 0.00347519
1 0.465942 0.678223 0.190186 0.0625 0.00339127
19 0.37207 0.771484 0.209961 0.362305 0.0032444
3 0.0363159 0.167847 0.0390625 0.288818 0.00324249
2 0.169189 0.233459 0.0246582 0.039917 0.00317383
14 0.37207 0.771484 0.209961 0.362305 0.00302505
2 0.0473633 0.637329 0.0571289 0.678467 0.00300026
11 0.37207 0.771484 0.209961 0.362305 0.00296783
9 0.37207 0.771484 0.209961 0.362305 0.00296783
13 0.0275269 0.111969 0.0300293 0.191101 0.00289536
3 0.0419922 0.831787 0.0610352 0.311035 0.00287819
1 0.979492 0.920166 0.0351562 0.0991211 0.00286293
18 0.37207 0.771484 0.209961 0.362305 0.0028553
16 0.37207 0.771484 0.209961 0.362305 0.00281143
13 0.462158 0.675293 0.187988 0.0673828 0.00269699
17 0.37207 0.771484 0.209961 0.362305 0.00264168
3 0.046875 0.873779 0.0793457 0.209473 0.00260544
2 0.316406 0.678223 0.0869141 0.192383 0.0025959
2 0.0380859 0.949463 0.0582275 0.065918 0.00255013
7 0.37207 0.771484 0.209961 0.362305 0.00253105
13 0.981445 0.111969 0.0351562 0.198425 0.00251389
3 0.37207 0.771484 0.209961 0.362305 0.00250244
3 0.0388336 0.934082 0.0585632 0.116211 0.0024662
6 0.0656281 0.950684 0.117767 0.0693359 0.00246048
10 0.37207 0.771484 0.209961 0.362305 0.00242615
8 0.37207 0.771484 0.209961 0.362305 0.00241661
15 0.37207 0.771484 0.209961 0.362305 0.002388
0 0.37207 0.771484 0.209961 0.362305 0.00234222
19 0.235352 0.52832 0.465332 0.675781 0.00234222
3 0.981445 0.111969 0.0351562 0.198425 0.00228882
19 0.667236 0.497681 0.64209 0.750732 0.002285
6 0.0405273 0.232605 0.0432129 0.427368 0.00225258
6 0.0385132 0.847168 0.0622559 0.305664 0.00222206
5 0.37207 0.771484 0.209961 0.362305 0.00221825
6 0.97876 0.0449829 0.0405273 0.0817871 0.00221443
1 0.10083 0.951416 0.19873 0.0737305 0.00214005
2 0.416016 0.645996 0.3125 0.172852 0.00212097
19 0.637085 0.560547 0.516846 0.536133 0.00209999
12 0.37207 0.771484 0.209961 0.362305 0.00209999
4 0.459961 0.67334 0.206055 0.0712891 0.00206375
2 0.3479 0.697754 0.16748 0.301758 0.00194359
2 0.462891 0.677734 0.0732422 0.0507812 0.00189495
2 0.298584 0.640137 0.043457 0.0947266 0.00182533
1 0.0405273 0.232605 0.0432129 0.427368 0.00180531
6 0.954102 0.944824 0.0878906 0.100586 0.0016737
8 0.667236 0.497681 0.64209 0.750732 0.00167179
1 0.967041 0.951416 0.0639648 0.0756836 0.00166225
4 0.235352 0.52832 0.465332 0.675781 0.00164604
1 0.409546 0.742676 0.270752 0.267578 0.00162792
13 0.979004 0.938232 0.0419922 0.0864258 0.00161648
2 0.0266724 0.496582 0.019043 0.125 0.00154591
19 0.318726 0.504272 0.41333 0.544189 0.00154495
13 0.987305 0.219666 0.0136719 0.0318604 0.00147343
2 0.425293 0.0160828 0.0444336 0.0321655 0.00145626
2 0.436768 0.626465 0.0180664 0.046875 0.0014534
2 0.300049 0.670898 0.0698242 0.161133 0.00142574
6 0.139099 0.95459 0.246216 0.0810547 0.00142097
2 0.335938 0.294678 0.0273438 0.0776367 0.00137997
4 0.974609 0.214355 0.0410156 0.406738 0.00137711
1 0.046814 0.947754 0.0731201 0.0712891 0.00136757
6 0.10553 0.967529 0.21106 0.0649414 0.00135803
6 0.0473633 0.904053 0.0601807 0.152832 0.00133991
4 0.667236 0.497681 0.64209 0.750732 0.00133514
2 0.0376129 0.921387 0.0505066 0.0888672 0.00133228
6 0.982422 0.928223 0.0234375 0.0751953 0.00131512
1 0.0365143 0.169617 0.04953 0.289673 0.00127697
13 0.031601 0.146851 0.0376282 0.250244 0.00126839
9 0.459961 0.67334 0.206055 0.0712891 0.00124931
2 0.414551 0.0166016 0.0371094 0.0332031 0.00123787
2 0.0356445 0.93457 0.0411377 0.0683594 0.00123692
13 0.986328 0.114746 0.015625 0.0856934 0.00119019
6 0.982422 0.950195 0.0351562 0.0820312 0.00118446
2 0.257812 0.255615 0.0244141 0.0449219 0.0011797
3 0.979736 0.0445099 0.034668 0.0867615 0.00116444
2 0.988281 0.218933 0.0136719 0.0328369 0.00116158
8 0.297974 0.473755 0.595459 0.595459 0.00115108
8 0.459961 0.67334 0.206055 0.0712891 0.00111198
19 0.459961 0.67334 0.206055 0.0712891 0.00110722
7 0.459961 0.67334 0.206055 0.0712891 0.00106525
3 0.0341187 0.426514 0.0682373 0.853027 0.00105953
2 0.484863 0.0148926 0.03125 0.0297852 0.00104237
2 0.0275269 0.111969 0.0300293 0.191101 0.00101852
19 0.507202 0.46582 0.78833 0.700195 0.00101757
12 0.459961 0.67334 0.206055 0.0712891 0.0010128
16 0.459961 0.67334 0.206055 0.0712891 0.0010128
