2 0.561523 0.812988 0.31543 0.240234 0.884277
2 0.973633 0.683594 0.0390625 0.546875 0.224731
1 0.976807 0.954346 0.0444336 0.0756836 0.150879
2 0.979492 0.617188 0.0390625 0.4375 0.138306
2 0.57605 0.76709 0.301025 0.143555 0.0979004
6 0.978516 0.950195 0.0429688 0.0742188 0.0928345
2 0.325684 0.845703 0.0268555 0.0742188 0.0304565
6 0.0298462 0.0804443 0.0462646 0.160889 0.0278168
2 0.978516 0.950195 0.0429688 0.0742188 0.0264282
3 0.978516 0.614258 0.0390625 0.426758 0.0238953
4 0.556641 0.819336 0.331055 0.259766 0.0205994
1 0.561523 0.815918 0.30957 0.257812 0.0189209
6 0.0298157 0.0415955 0.0471802 0.0831909 0.0159454
13 0.985352 0.270508 0.0175781 0.0683594 0.0135803
2 0.557251 0.817871 0.18335 0.231445 0.0135193
1 0.0339355 0.0390015 0.0446777 0.0780029 0.0126419
3 0.967529 0.424561 0.0649414 0.849121 0.0092926
2 0.985352 0.270508 0.0175781 0.0683594 0.00827789
3 0.0362091 0.0863037 0.0503845 0.172607 0.00728226
6 0.5625 0.81543 0.313477 0.25 0.00726318
2 0.978516 0.514648 0.0273438 0.186523 0.00679016
2 0.970703 0.591309 0.0488281 0.730469 0.00664139
1 0.977051 0.931641 0.0458984 0.117188 0.00646591
13 0.561523 0.815918 0.30957 0.257812 0.00644684
6 0.0276489 0.923828 0.048584 0.115234 0.00585556
1 0.0336914 0.947266 0.0506592 0.0761719 0.00556946
14 0.561523 0.815918 0.30957 0.257812 0.00551987
6 0.975586 0.0439453 0.0449219 0.0859375 0.00544739
2 0.50293 0.850586 0.229492 0.158203 0.00534058
6 0.0316772 0.142456 0.0402832 0.263916 0.00528336
1 0.0350952 0.0689697 0.0473633 0.136475 0.00506592
3 0.969971 0.672241 0.0522461 0.608643 0.00498199
19 0.5625 0.81543 0.313477 0.25 0.00485229
9 0.5625 0.81543 0.313477 0.25 0.00470352
1 0.0275269 0.100342 0.0377197 0.200684 0.00465012
13 0.981445 0.0871277 0.0332031 0.137756 0.00460815
16 0.561523 0.815918 0.30957 0.257812 0.00442505
18 0.5625 0.81543 0.313477 0.25 0.00435257
6 0.0289307 0.944092 0.0426025 0.0805664 0.00431442
11 0.561523 0.815918 0.30957 0.257812 0.00427628
7 0.5625 0.81543 0.313477 0.25 0.00402832
6 0.0280151 0.892578 0.0446777 0.185547 0.0039444
1 0.0283203 0.935547 0.0332031 0.0634766 0.00393677
8 0.5625 0.81543 0.313477 0.25 0.00378609
17 0.561523 0.815918 0.30957 0.257812 0.00371742
2 0.822266 0.293457 0.0283203 0.106934 0.00370598
3 0.561523 0.815918 0.30957 0.257812 0.00370216
5 0.561523 0.815918 0.30957 0.257812 0.00353432
6 0.980713 0.0861511 0.0385742 0.135315 0.00350189
10 0.5625 0.81543 0.313477 0.25 0.00349045
15 0.561523 0.815918 0.30957 0.257812 0.00338554
0 0.5625 0.81543 0.313477 0.25 0.00330353
6 0.961914 0.956299 0.0703125 0.081543 0.00317764
12 0.561523 0.815918 0.30957 0.257812 0.0030365
1 0.947266 0.960205 0.09375 0.0717773 0.00298882
13 0.0349121 0.14386 0.0411377 0.269897 0.00289917
1 0.983887 0.950439 0.0322266 0.0737305 0.00275993
2 0.967529 0.424561 0.0649414 0.849121 0.00275612
3 0.970947 0.847168 0.0522461 0.245117 0.0027504
4 0.973633 0.683594 0.0390625 0.546875 0.00263786
1 0.724609 0.161743 0.0771484 0.0895996 0.00263596
1 0.870361 0.959473 0.259277 0.0810547 0.00258255
19 0.432251 0.627563 0.518311 0.610107 0.00255203
2 0.964844 0.683716 0.0703125 0.603271 0.0024929
1 0.0316772 0.142456 0.0402832 0.263916 0.00247002
2 0.980225 0.775146 0.0297852 0.445801 0.00238037
6 0.0292358 0.101837 0.0324707 0.184021 0.00233269
13 0.977295 0.956299 0.0415039 0.0717773 0.00231743
6 0.979492 0.905518 0.0390625 0.169434 0.002285
1 0.932373 0.943604 0.123535 0.108887 0.00222969
2 0.988281 0.254883 0.0214844 0.0888672 0.00214195
3 0.980713 0.104736 0.0366211 0.179688 0.00201988
2 0.984131 0.638062 0.0317383 0.546143 0.00200081
2 0.976562 0.525757 0.0332031 0.358643 0.00199318
1 0.88916 0.970703 0.206055 0.0546875 0.0019331
3 0.977295 0.949951 0.0395508 0.0766602 0.00188923
1 0.980469 0.0726624 0.0351562 0.119324 0.0018549
2 0.796875 0.172119 0.0683594 0.0981445 0.00183487
3 0.0276947 0.898438 0.0420227 0.181641 0.0017767
2 0.323975 0.85498 0.019043 0.0654297 0.00177193
3 0.941895 0.509033 0.102539 0.970215 0.00171852
2 0.976807 0.932617 0.0463867 0.115234 0.00171185
3 0.96875 0.312378 0.0585938 0.593994 0.00169659
3 0.0332031 0.136963 0.0423584 0.273926 0.00166893
2 0.88916 0.970703 0.206055 0.0546875 0.00166416
1 0.911133 0.960205 0.158203 0.0776367 0.00165749
2 0.0331421 0.932861 0.038208 0.0795898 0.00156879
6 0.045166 0.0690002 0.0615234 0.136414 0.00156212
6 0.978516 0.153442 0.0410156 0.301025 0.0015583
1 0.966309 0.960449 0.0595703 0.0751953 0.00153446
3 0.032959 0.920654 0.0571289 0.109863 0.00149727
3 0.0350342 0.0511475 0.0458984 0.102295 0.00141335
1 0.870117 0.93457 0.246094 0.130859 0.00132751
3 0.978271 0.0454712 0.0375977 0.0905762 0.00131321
1 0.0499725 0.937988 0.0819397 0.0986328 0.00130653
1 0.0356445 0.890869 0.0513916 0.181152 0.00130081
13 0.0306396 0.0708008 0.0390625 0.141602 0.00127125
3 0.980469 0.154846 0.0390625 0.296753 0.00126171
2 0.330566 0.854004 0.0268555 0.0595703 0.0012579
2 0.865234 0.939453 0.269531 0.121094 0.00125694
2 0.0283813 0.03302 0.0412598 0.06604 0.00123501
19 0.568359 0.606323 0.503906 0.617432 0.00117111
8 0.376953 0.684082 0.551758 0.547852 0.00115967
2 0.0336914 0.947266 0.0506592 0.0761719 0.00113297
2 0.979492 0.461426 0.0234375 0.0830078 0.00110912
2 0.980469 0.745605 0.0175781 0.146484 0.00109768
3 0.976562 0.879883 0.046875 0.232422 0.00108528
3 0.971924 0.911133 0.0541992 0.123047 0.00108051
6 0.0344849 0.869873 0.0452881 0.244629 0.00107384
19 0.317749 0.692993 0.524658 0.576904 0.00107288
2 0.97583 0.452393 0.0444336 0.885254 0.0010643
2 0.818359 0.273926 0.0273438 0.0952148 0.0010519
6 0.984375 0.0640717 0.0253906 0.111359 0.00102901
2 0.536133 0.876953 0.267578 0.142578 0.00102234
