2 0.477539 0.673828 0.202148 0.286133 0.842285
2 0.03125 0.272705 0.0377197 0.537598 0.277344
2 0.0257874 0.363892 0.024353 0.309326 0.225586
3 0.0426025 0.303345 0.0496826 0.565186 0.100769
2 0.0258636 0.366455 0.0220032 0.194824 0.0969238
2 0.0266724 0.537598 0.0185547 0.09375 0.0651855
6 0.0401001 0.257996 0.0545654 0.484985 0.0498962
2 0.0322418 0.378906 0.0264587 0.265625 0.0491638
2 0.0270386 0.309509 0.0214844 0.186646 0.0438843
6 0.0334015 0.110504 0.047699 0.210144 0.0363464
3 0.0406647 0.779785 0.0509949 0.405273 0.0361938
2 0.59668 0.396484 0.138672 0.0307617 0.0323181
1 0.0280762 0.130432 0.0362549 0.205933 0.0234375
13 0.980469 0.1604 0.0175781 0.088623 0.0229797
6 0.979736 0.108673 0.0327148 0.168884 0.0226898
2 0.0288239 0.263184 0.0220642 0.177734 0.0173645
6 0.962402 0.955811 0.0654297 0.0668945 0.0165405
2 0.0323944 0.246094 0.026886 0.389648 0.01651
3 0.0525818 0.496948 0.0911255 0.986572 0.0162354
4 0.476562 0.675293 0.205078 0.299805 0.0148315
2 0.0222626 0.338379 0.0193176 0.210938 0.0148087
1 0.0406647 0.779785 0.0509949 0.405273 0.0142212
2 0.875488 0.0119629 0.0292969 0.0239258 0.0141602
6 0.0281677 0.922363 0.0494995 0.114258 0.0136795
2 0.0405884 0.339111 0.0432129 0.630371 0.0135498
13 0.980225 0.12793 0.0258789 0.164307 0.0114822
2 0.0291138 0.273621 0.0200195 0.113892 0.0114441
1 0.477051 0.674316 0.203125 0.300781 0.0114365
3 0.0328827 0.144287 0.0419006 0.252441 0.0100708
2 0.980225 0.12793 0.0258789 0.164307 0.00986481
4 0.03125 0.272705 0.0377197 0.537598 0.00953674
1 0.0432739 0.275757 0.0552979 0.520752 0.00913239
6 0.0372925 0.172852 0.0466309 0.304199 0.00881195
6 0.0329437 0.940918 0.0527649 0.0810547 0.00830078
6 0.971436 0.950195 0.043457 0.0800781 0.00801849
2 0.742676 0.0127258 0.0253906 0.0254517 0.00764465
3 0.979492 0.114868 0.0351562 0.182617 0.00733948
2 0.0270386 0.478027 0.0200195 0.180664 0.00694275
2 0.980469 0.1604 0.0175781 0.088623 0.00685501
3 0.034668 0.88916 0.0582275 0.172852 0.00656509
6 0.94873 0.962646 0.0791016 0.0551758 0.00645065
2 0.0283203 0.374695 0.0401611 0.386353 0.00641632
2 0.0332489 0.249329 0.0221252 0.110229 0.0062294
3 0.031723 0.109406 0.0327454 0.176208 0.00564575
6 0.477051 0.674316 0.203125 0.300781 0.00539398
3 0.0402069 0.855469 0.061676 0.246094 0.00535202
13 0.0301208 0.113434 0.0376587 0.200378 0.00524139
13 0.476562 0.675293 0.205078 0.299805 0.00491714
2 0.0274963 0.308594 0.0321655 0.289062 0.00479507
3 0.0425415 0.614136 0.0626221 0.705322 0.00476837
14 0.476562 0.675293 0.205078 0.299805 0.00476837
1 0.0343018 0.892578 0.0534668 0.181641 0.00463486
3 0.967773 0.755127 0.0507812 0.446777 0.00460815
3 0.0332642 0.630371 0.0445557 0.557617 0.00460052
3 0.0309753 0.819824 0.0443726 0.311523 0.00426865
1 0.0341797 0.936279 0.0494385 0.0922852 0.0042572
6 0.976318 0.935791 0.0473633 0.112793 0.00419235
3 0.0369263 0.101807 0.0495605 0.202148 0.00417328
1 0.0309753 0.819824 0.0443726 0.311523 0.00416946
19 0.476562 0.675293 0.205078 0.299805 0.0039444
9 0.477051 0.674316 0.203125 0.300781 0.00385284
6 0.0343018 0.901123 0.0560303 0.195801 0.00381088
3 0.966797 0.912842 0.0566406 0.127441 0.00379753
1 0.979736 0.108673 0.0327148 0.168884 0.00378609
2 0.491577 0.648926 0.141846 0.225586 0.0037384
11 0.476562 0.675293 0.205078 0.299805 0.0037365
16 0.476562 0.675293 0.205078 0.299805 0.00362206
18 0.477051 0.674316 0.203125 0.300781 0.00356483
6 0.0406647 0.779785 0.0509949 0.405273 0.00347519
17 0.476562 0.675293 0.205078 0.299805 0.00335312
3 0.476562 0.675293 0.205078 0.299805 0.00332832
5 0.476562 0.675293 0.205078 0.299805 0.00326157
7 0.477051 0.674316 0.203125 0.300781 0.00324821
8 0.477051 0.674316 0.203125 0.300781 0.00317383
10 0.477051 0.674316 0.203125 0.300781 0.00314713
2 0.0277557 0.432739 0.0191956 0.204834 0.0031414
3 0.03302 0.237976 0.0461426 0.465454 0.00311089
2 0.0310669 0.247803 0.0202637 0.0732422 0.00308037
1 0.0352173 0.128174 0.0441895 0.247559 0.00303459
15 0.476562 0.675293 0.205078 0.299805 0.00299644
2 0.0366364 0.776367 0.0487976 0.40625 0.00295258
12 0.476562 0.675293 0.205078 0.299805 0.00291443
2 0.0272369 0.448242 0.0219421 0.304688 0.00279045
6 0.927246 0.9646 0.124023 0.0610352 0.00278282
0 0.477051 0.674316 0.203125 0.300781 0.00271606
2 0.0476685 0.5 0.06604 1 0.0026989
6 0.0322266 0.109009 0.0366211 0.162842 0.00269699
2 0.03125 0.938477 0.0402832 0.0800781 0.00261688
19 0.367676 0.502319 0.391602 0.571533 0.0025444
2 0.0221863 0.538086 0.0159302 0.0957031 0.00253487
2 0.0252686 0.305664 0.0198975 0.0888672 0.00223732
3 0.962402 0.955811 0.0654297 0.0668945 0.00201988
3 0.032959 0.92041 0.0556641 0.106445 0.00197792
19 0.680176 0.499512 0.540039 0.666992 0.00194645
4 0.0432739 0.275757 0.0552979 0.520752 0.00191689
1 0.0302887 0.930664 0.032196 0.0625 0.00191402
19 0.690918 0.556274 0.381836 0.592529 0.00187111
13 0.875488 0.0119629 0.0292969 0.0239258 0.00186729
19 0.632812 0.463257 0.436523 0.491455 0.00185299
4 0.680176 0.499512 0.540039 0.666992 0.00183487
6 0.979492 0.955078 0.0332031 0.0683594 0.00180626
3 0.0399628 0.188843 0.0572815 0.337158 0.00177097
1 0.674316 0.952637 0.651367 0.0947266 0.00172424
1 0.03302 0.237976 0.0461426 0.465454 0.00172424
1 0.0849609 0.956787 0.159424 0.0668945 0.00166512
6 0.0467377 0.945557 0.0708313 0.0795898 0.0016489
1 0.694824 0.946045 0.178711 0.0883789 0.00163651
3 0.959473 0.686768 0.0615234 0.626465 0.00160217
13 0.979492 0.107574 0.0371094 0.16571 0.00157642
1 0.962402 0.955811 0.0654297 0.0668945 0.0015583
3 0.95166 0.518311 0.0966797 0.932129 0.00153732
13 0.0362091 0.145752 0.0447693 0.252441 0.00147533
2 0.0275269 0.510742 0.0183105 0.129883 0.00147247
2 0.577148 0.392822 0.126953 0.0263672 0.00146484
2 0.034729 0.914551 0.057373 0.155273 0.00145531
2 0.680176 0.499512 0.540039 0.666992 0.00144863
8 0.680176 0.499512 0.540039 0.666992 0.001441
1 0.0267944 0.86792 0.0339355 0.203613 0.00137424
3 0.0282288 0.731934 0.0490112 0.512695 0.00136948
3 0.9646 0.294922 0.0551758 0.569336 0.00136662
13 0.0432739 0.275757 0.0552979 0.520752 0.00134087
8 0.370239 0.5 0.439209 0.600586 0.00130749
2 0.23175 0.274902 0.0321045 0.0810547 0.00130272
2 0.971436 0.950928 0.0473633 0.0766602 0.00130177
13 0.0266724 0.537598 0.0185547 0.09375 0.00126934
2 0.569824 0.571777 0.410156 0.575195 0.00126076
4 0.357971 0.541504 0.390503 0.602539 0.00124741
1 0.0400238 0.85498 0.0569153 0.243164 0.00123024
2 0.870605 0.0144348 0.03125 0.0288696 0.00118542
13 0.0406647 0.779785 0.0509949 0.405273 0.0011692
3 0.0469208 0.466309 0.0611877 0.932617 0.00116348
6 0.0333862 0.834473 0.046875 0.27832 0.00115776
3 0.974365 0.935547 0.043457 0.117188 0.00114632
2 0.0262604 0.365479 0.0186462 0.0922852 0.00111294
1 0.946289 0.96875 0.078125 0.046875 0.00111294
2 0.0301514 0.540527 0.0314941 0.110352 0.00111103
6 0.966309 0.915527 0.0537109 0.133789 0.00110722
2 0.0262451 0.515625 0.0167236 0.0859375 0.0011034
3 0.0332642 0.52002 0.0665283 0.959961 0.00108147
1 0.229492 0.96582 0.15332 0.0332031 0.00107479
6 0.0211792 0.9104 0.0423584 0.151855 0.00104713
2 0.0453949 0.374023 0.0293274 0.254883 0.00104523
6 0.0460815 0.0873108 0.0577393 0.17157 0.00104237
2 0.977539 0.109619 0.0429688 0.196777 0.00103855
2 0.0849609 0.956787 0.159424 0.0668945 0.00100422
