2 0.583496 0.304688 0.0625 0.212891 0.803223
2 0.463989 0.0909882 0.0759277 0.120026 0.765137
1 0.465698 0.0916901 0.0773926 0.121552 0.251465
6 0.0366821 0.856445 0.0546875 0.248047 0.134888
6 0.0345917 0.916504 0.0638733 0.118164 0.0891113
2 0.583008 0.297607 0.0439453 0.175781 0.0607605
6 0.0861511 0.945557 0.163635 0.0854492 0.0429382
6 0.0305786 0.888916 0.0495605 0.192871 0.0389709
2 0.555176 0.12207 0.0292969 0.0500488 0.0297546
6 0.0351562 0.927734 0.0539551 0.0800781 0.0277557
6 0.0270081 0.121002 0.0352173 0.211121 0.0164185
6 0.97583 0.953369 0.0483398 0.065918 0.0139999
6 0.0477905 0.934814 0.0820312 0.103027 0.0134583
3 0.031662 0.848145 0.049469 0.274414 0.0121841
3 0.96875 0.254272 0.0605469 0.485596 0.00985718
1 0.97168 0.956299 0.0546875 0.0639648 0.0092926
3 0.954346 0.420898 0.0834961 0.737305 0.00852966
6 0.980225 0.900879 0.0395508 0.176758 0.00801086
6 0.0353699 0.88208 0.0707397 0.214355 0.00756836
6 0.0339966 0.160645 0.0450439 0.285645 0.0074501
3 0.0399933 0.806885 0.0528259 0.362793 0.00662994
3 0.0370483 0.914795 0.0605469 0.158691 0.00654984
2 0.443848 0.0908203 0.09375 0.111816 0.00627899
2 0.0363159 0.865234 0.0565186 0.21875 0.0062294
1 0.0363159 0.865234 0.0565186 0.21875 0.00593185
6 0.979736 0.928467 0.0405273 0.109863 0.00592804
2 0.580078 0.286804 0.0625 0.139282 0.00533295
3 0.0270081 0.165649 0.0355835 0.312744 0.0049324
2 0.0351562 0.927734 0.0539551 0.0800781 0.00491714
3 0.968506 0.771973 0.0473633 0.411133 0.00445557
1 0.0327148 0.930908 0.0466309 0.0776367 0.00428772
13 0.0366821 0.856445 0.0546875 0.248047 0.00421143
3 0.0319977 0.271973 0.0426941 0.524414 0.00408936
2 0.0353394 0.908203 0.0583496 0.132812 0.00394058
1 0.038208 0.931396 0.0595703 0.109863 0.00381851
2 0.583984 0.310547 0.0917969 0.243652 0.00354576
3 0.974121 0.185547 0.0517578 0.331543 0.00351906
2 0.979492 0.511719 0.0175781 0.0556641 0.00350761
1 0.0858765 0.954102 0.164917 0.0761719 0.00333023
1 0.0300598 0.133179 0.0387573 0.255127 0.00332069
6 0.958496 0.959229 0.0732422 0.0698242 0.00327873
13 0.464355 0.0924683 0.0849609 0.121216 0.00314522
4 0.463501 0.0923462 0.0808105 0.122192 0.00301361
6 0.0192871 0.885254 0.0380859 0.200195 0.00291443
2 0.97583 0.953369 0.0483398 0.065918 0.00289345
6 0.0264282 0.0808716 0.034668 0.121948 0.00289154
3 0.0288544 0.12442 0.0353088 0.201355 0.002882
3 0.0261383 0.888184 0.0456238 0.192383 0.00287247
2 0.600586 0.307373 0.0625 0.212891 0.00284386
6 0.124359 0.952637 0.238586 0.0947266 0.00283813
6 0.0265961 0.0996399 0.0259094 0.170837 0.00270462
3 0.0440521 0.86792 0.0705872 0.211426 0.0026207
3 0.942383 0.515259 0.0996094 0.969482 0.00243378
3 0.0861511 0.945557 0.163635 0.0854492 0.00241852
1 0.124359 0.952637 0.238586 0.0947266 0.00236893
6 0.0474243 0.941162 0.0638428 0.0786133 0.00233269
2 0.452026 0.0767517 0.060791 0.0921021 0.00226784
6 0.0259705 0.0846863 0.0227661 0.109436 0.00221252
13 0.583008 0.304688 0.0527344 0.213379 0.00221252
2 0.446045 0.0985107 0.192871 0.175537 0.00220871
4 0.583008 0.304932 0.0537109 0.214844 0.00216866
2 0.0977783 0.954102 0.193604 0.078125 0.00215149
2 0.114258 0.874512 0.111084 0.0263672 0.00209808
13 0.0272064 0.131744 0.0312805 0.204773 0.00209618
6 0.0710754 0.953369 0.109802 0.0795898 0.00209045
2 0.900879 0.562012 0.0332031 0.106445 0.00207138
1 0.94873 0.960938 0.0869141 0.0644531 0.00202942
9 0.462769 0.0917664 0.0822754 0.123108 0.00193977
1 0.0399933 0.806885 0.0528259 0.362793 0.00188923
3 0.034668 0.918457 0.0507812 0.0976562 0.00188351
2 0.583496 0.294678 0.0351562 0.0952148 0.00183678
2 0.55957 0.306641 0.0917969 0.212402 0.00181866
19 0.580933 0.571411 0.662354 0.753662 0.00175381
3 0.0379028 0.183228 0.0539551 0.329834 0.00174999
13 0.0265961 0.0996399 0.0259094 0.170837 0.00172901
3 0.0473022 0.934326 0.0820312 0.105957 0.00170708
2 0.491699 0.0838623 0.198242 0.167725 0.00169277
13 0.0278931 0.896973 0.0488281 0.182617 0.00166321
14 0.462769 0.0917664 0.0822754 0.123108 0.00164795
2 0.979492 0.535645 0.0175781 0.109375 0.0016346
6 0.11145 0.955811 0.183838 0.0688477 0.00156879
2 0.836914 0.519043 0.0244141 0.0576172 0.00147247
4 0.0355225 0.892822 0.0551758 0.188965 0.0014658
1 0.0275116 0.0889282 0.0265198 0.108765 0.00144672
2 0.575684 0.253418 0.0478516 0.138184 0.00142193
2 0.586914 0.334961 0.0488281 0.192383 0.00139046
6 0.975586 0.184021 0.0488281 0.342896 0.0013876
2 0.568848 0.292725 0.0546875 0.211914 0.00133228
6 0.0236816 0.845947 0.0473633 0.276855 0.00132656
3 0.462769 0.0917664 0.0822754 0.123108 0.00129414
6 0.984131 0.953125 0.0317383 0.0644531 0.0012598
6 0.462769 0.0917664 0.0822754 0.123108 0.00121117
3 0.980225 0.900879 0.0395508 0.176758 0.00120544
6 0.971436 0.8479 0.043457 0.26709 0.00120163
8 0.462769 0.0917664 0.0822754 0.123108 0.00119781
7 0.463501 0.0923462 0.0808105 0.122192 0.00118923
1 0.516602 0.927734 0.966797 0.144531 0.00114441
19 0.462769 0.0917664 0.0822754 0.123108 0.00113869
15 0.462769 0.0917664 0.0822754 0.123108 0.00113392
12 0.462769 0.0917664 0.0822754 0.123108 0.00109482
8 0.584961 0.567871 0.74707 0.78418 0.00109005
17 0.462769 0.0917664 0.0822754 0.123108 0.00108624
6 0.0319214 0.794189 0.0510254 0.374512 0.00105762
1 0.0278931 0.896973 0.0488281 0.182617 0.00105381
4 0.0318604 0.834961 0.0537109 0.3125 0.00105381
10 0.462769 0.0917664 0.0822754 0.123108 0.00105286
1 0.583984 0.303711 0.0527344 0.226074 0.00104618
18 0.462769 0.0917664 0.0822754 0.123108 0.00104427
11 0.462769 0.0917664 0.0822754 0.123108 0.00103664
5 0.462769 0.0917664 0.0822754 0.123108 0.00102901
3 0.97168 0.9104 0.0507812 0.124512 0.00101566
6 0.91748 0.962891 0.163086 0.0722656 0.00101566
6 0.0253906 0.909424 0.0360107 0.128418 0.00100803
13 0.0371094 0.933594 0.052124 0.0761719 0.00100231
