2 0.0800781 0.878418 0.043457 0.168945 0.717773
2 0.615723 0.242004 0.0361328 0.320679 0.552734
2 0.095459 0.865234 0.0776367 0.224609 0.439209
2 0.192627 0.0145874 0.0236816 0.0291748 0.0800781
6 0.0271912 0.94873 0.0441284 0.0654297 0.053833
2 0.031189 0.931885 0.0385742 0.101074 0.0484009
2 0.622559 0.226379 0.0273438 0.336304 0.0437012
6 0.0266724 0.930664 0.0379639 0.0996094 0.0349426
1 0.0322876 0.949463 0.0449219 0.065918 0.03302
2 0.0415649 0.269409 0.043335 0.515869 0.0267792
2 0.038208 0.0991516 0.0563965 0.186951 0.0263062
2 0.192749 0.0164795 0.0368652 0.032959 0.0262451
3 0.953369 0.333008 0.065918 0.623047 0.0245209
2 0.0859375 0.847168 0.0449219 0.132812 0.0241089
6 0.0344238 0.0987549 0.0449219 0.19043 0.0198669
2 0.612793 0.333252 0.0263672 0.126465 0.019104
2 0.118164 0.871826 0.121582 0.23291 0.0186615
1 0.0369263 0.0863342 0.0510254 0.150574 0.0168152
2 0.0683594 0.881836 0.0412598 0.164062 0.0159607
2 0.0273285 0.943115 0.0278625 0.0571289 0.0159454
2 0.615723 0.297363 0.0244141 0.197266 0.0149155
2 0.609863 0.353271 0.0341797 0.097168 0.0142441
2 0.361084 0.0111694 0.0229492 0.0213013 0.0136337
2 0.0322876 0.949463 0.0449219 0.065918 0.0132675
2 0.0423584 0.885986 0.0345459 0.194824 0.0128708
13 0.0805969 0.881348 0.0448608 0.166992 0.0127716
2 0.478149 0.0125122 0.0222168 0.0235596 0.0111847
2 0.0702515 0.949707 0.0391846 0.0771484 0.0107956
13 0.0615234 0.172974 0.0239258 0.0566406 0.00943756
2 0.0771484 0.881836 0.0410156 0.112305 0.00894928
2 0.0549927 0.864014 0.0418701 0.225098 0.0087204
3 0.943359 0.447754 0.0664062 0.895508 0.00841522
3 0.0413208 0.313965 0.041748 0.616211 0.00741959
13 0.0245819 0.906982 0.0250549 0.162598 0.00669098
6 0.974365 0.947998 0.0473633 0.0805664 0.00656891
3 0.0320435 0.140686 0.038208 0.253784 0.00639725
13 0.038208 0.0991516 0.0563965 0.186951 0.0060463
6 0.0342407 0.957031 0.0526123 0.0585938 0.00568008
2 0.470215 0.0125122 0.0292969 0.0230713 0.00566101
1 0.975586 0.147827 0.0390625 0.257568 0.00533676
6 0.0244751 0.920654 0.0302734 0.148926 0.00511169
2 0.078125 0.848145 0.0334473 0.100586 0.00499344
2 0.0279999 0.91626 0.0350647 0.149902 0.0049324
6 0.0320282 0.0717468 0.0462952 0.119202 0.0046196
1 0.0266724 0.930664 0.0379639 0.0996094 0.00450897
2 0.0615234 0.172974 0.0239258 0.0566406 0.00434494
13 0.0318451 0.123688 0.0359192 0.207214 0.00411987
2 0.0636597 0.931396 0.036499 0.102051 0.00392914
2 0.0731201 0.906494 0.0333252 0.147949 0.00350571
1 0.095459 0.865234 0.0776367 0.224609 0.00332832
13 0.101807 0.864258 0.0947266 0.220703 0.00332451
4 0.619141 0.237793 0.0273438 0.330078 0.00330734
3 0.966309 0.294189 0.0498047 0.540527 0.00309563
3 0.95874 0.49353 0.0825195 0.954346 0.00304604
2 0.102783 0.844727 0.0898438 0.140625 0.00301361
2 0.321045 0.969482 0.169434 0.027832 0.00299263
2 0.0262604 0.585938 0.0159607 0.0703125 0.00296974
2 0.34668 0.347412 0.0180664 0.0424805 0.002882
3 0.0454712 0.368652 0.0593262 0.737305 0.00284767
2 0.606934 0.238037 0.0361328 0.324707 0.00267601
2 0.0880127 0.867432 0.176025 0.253418 0.00258636
6 0.0209198 0.944092 0.0298157 0.0610352 0.00244713
3 0.0369263 0.0863342 0.0510254 0.150574 0.00238991
2 0.0856323 0.89624 0.0670166 0.172363 0.00237083
2 0.185547 0.0152588 0.0300293 0.0305176 0.00233459
2 0.0703125 0.966309 0.0419922 0.0498047 0.00233269
6 0.095459 0.865234 0.0776367 0.224609 0.00217056
6 0.0561676 0.942627 0.0766296 0.0991211 0.00216675
2 0.0706177 0.931152 0.0267334 0.0849609 0.00211716
13 0.0284424 0.947998 0.0358887 0.0668945 0.00206757
3 0.0266724 0.930664 0.0379639 0.0996094 0.0020256
2 0.180664 0.0185547 0.0344238 0.0371094 0.00198936
2 0.610352 0.364746 0.0244141 0.0786133 0.00198555
6 0.0451813 0.0847473 0.0661316 0.1474 0.00195503
13 0.031189 0.931885 0.0385742 0.101074 0.0019474
2 0.619629 0.190735 0.0224609 0.235718 0.00191593
1 0.0244751 0.920654 0.0302734 0.148926 0.00189686
2 0.369873 0.0123291 0.0302734 0.0206299 0.00183678
6 0.975586 0.93042 0.0410156 0.125488 0.00178051
6 0.0406647 0.244141 0.0434265 0.466797 0.00171185
3 0.0284424 0.947998 0.0358887 0.0668945 0.00166035
2 0.620117 0.128632 0.0253906 0.0913696 0.00163841
3 0.962891 0.220398 0.0683594 0.420532 0.00163746
2 0.125 0.863281 0.199219 0.240234 0.00160122
4 0.0800781 0.878418 0.0441895 0.170898 0.00159836
2 0.0783997 0.957275 0.0497437 0.0717773 0.00154972
6 0.978516 0.893555 0.0410156 0.201172 0.00154877
4 0.0921631 0.865234 0.0668945 0.207031 0.00151443
2 0.0278168 0.88623 0.0254211 0.15918 0.00151062
1 0.0273438 0.936523 0.0302734 0.0634766 0.00149345
2 0.620117 0.2771 0.015625 0.206055 0.00148296
13 0.614258 0.236816 0.0361328 0.321777 0.00146198
6 0.937744 0.957031 0.106934 0.0820312 0.00138569
1 0.0209198 0.944092 0.0298157 0.0610352 0.00137043
1 0.0800781 0.878906 0.0444336 0.164062 0.00133419
6 0.0356445 0.186218 0.0408936 0.324829 0.00130367
2 0.145081 0.937988 0.186401 0.116211 0.00120258
6 0.973633 0.148438 0.0429688 0.263184 0.00114155
2 0.0312195 0.837158 0.0339966 0.288574 0.00113869
2 0.609863 0.341797 0.0478516 0.11377 0.00111771
2 0.0576782 0.953125 0.0472412 0.0761719 0.001091
2 0.0561676 0.942627 0.0766296 0.0991211 0.00108814
2 0.0653687 0.913086 0.0291748 0.144531 0.00106812
3 0.0244751 0.920654 0.0302734 0.148926 0.00106525
3 0.973633 0.148438 0.0429688 0.263184 0.00102043
6 0.0454712 0.954346 0.0692139 0.0678711 0.00102043
2 0.612305 0.0163574 0.0322266 0.0255127 0.00101185
