2 0.211792 0.319519 0.130127 0.326782 0.298584
2 0.196899 0.342712 0.0415039 0.415161 0.136719
2 0.243896 0.354248 0.0913086 0.253418 0.114563
2 0.258301 0.30249 0.059082 0.09375 0.105286
13 0.210205 0.446777 0.0742188 0.147461 0.104858
2 0.229431 0.36084 0.110962 0.320312 0.104248
2 0.20105 0.305969 0.0837402 0.315796 0.0882568
2 0.229492 0.435425 0.0991211 0.167236 0.0735474
6 0.0262451 0.939453 0.0509033 0.0722656 0.0623169
2 0.983398 0.447998 0.0175781 0.0717773 0.0560303
2 0.981445 0.388428 0.0195312 0.179199 0.0477905
1 0.976318 0.946045 0.0454102 0.0708008 0.0344543
13 0.21405 0.319519 0.132446 0.348267 0.0254974
2 0.210205 0.446777 0.0742188 0.147461 0.0247803
6 0.977295 0.942871 0.0454102 0.0732422 0.0239716
3 0.966309 0.786621 0.0498047 0.389648 0.0224609
6 0.0486603 0.942627 0.0818787 0.0834961 0.0217743
6 0.0709229 0.947266 0.131104 0.0761719 0.0216217
2 0.200378 0.439209 0.0445557 0.129395 0.0165863
2 0.20813 0.369568 0.0539551 0.376099 0.0146103
2 0.690918 0.521484 0.015625 0.0341797 0.0135345
6 0.0314178 0.92041 0.0509338 0.0947266 0.0133133
1 0.0291748 0.939697 0.0422363 0.0698242 0.0121765
6 0.956543 0.0387573 0.0771484 0.0775146 0.0112076
2 0.978271 0.835449 0.0219727 0.0654297 0.0110245
2 0.981445 0.425293 0.0195312 0.102539 0.0108414
6 0.0375519 0.948242 0.0596619 0.0683594 0.0104065
13 0.257812 0.297363 0.0571289 0.0922852 0.00818634
6 0.0410767 0.926758 0.0679932 0.125 0.00777817
2 0.986328 0.427612 0.0195312 0.0930176 0.00672913
6 0.938477 0.0321655 0.103516 0.0643311 0.00662613
2 0.250488 0.40625 0.0839844 0.074707 0.00645828
6 0.0201569 0.930664 0.033905 0.0683594 0.00627518
13 0.213257 0.437012 0.102783 0.209961 0.00623322
2 0.217285 0.473633 0.0737305 0.0742188 0.00616837
13 0.218262 0.477173 0.0766602 0.0700684 0.00608444
2 0.981201 0.943848 0.0375977 0.0712891 0.00561905
13 0.22998 0.446777 0.0874023 0.130859 0.00540924
2 0.0291748 0.939697 0.0422363 0.0698242 0.00534439
6 0.968018 0.799316 0.0522461 0.364258 0.00516891
4 0.970703 0.261414 0.0390625 0.442017 0.0047493
3 0.0263672 0.911133 0.0490723 0.0986328 0.00449371
13 0.250732 0.411865 0.0820312 0.0600586 0.00447464
2 0.254883 0.284424 0.0874023 0.146973 0.00378799
3 0.970703 0.261414 0.0390625 0.442017 0.00376701
13 0.239014 0.395752 0.0976562 0.118164 0.00364876
6 0.121094 0.952393 0.227051 0.0952148 0.00349045
2 0.969727 0.27301 0.0351562 0.457886 0.00348854
1 0.981689 0.145203 0.034668 0.212524 0.00330734
2 0.251953 0.364014 0.0834961 0.169922 0.00323296
3 0.970947 0.703125 0.0522461 0.526367 0.00312805
3 0.0332794 0.940674 0.0523376 0.0737305 0.00303459
6 0.917725 0.0223999 0.137207 0.0407715 0.0030117
2 0.980469 0.79248 0.0234375 0.192383 0.00292587
2 0.203613 0.335205 0.0251465 0.160156 0.00292206
6 0.0847168 0.964844 0.169189 0.0703125 0.00287437
3 0.0345459 0.88916 0.0615234 0.147461 0.00279427
2 0.0322418 0.924316 0.0382996 0.0878906 0.00274277
6 0.962646 0.0581055 0.0610352 0.114746 0.00266647
6 0.0283203 0.929199 0.03479 0.0654297 0.00260925
2 0.223145 0.445679 0.0825195 0.116455 0.0024395
3 0.958252 0.420044 0.0737305 0.784912 0.00238991
6 0.0358276 0.898438 0.0576172 0.142578 0.00238419
4 0.968018 0.799316 0.0522461 0.364258 0.00234985
6 0.963867 0.031311 0.0585938 0.0540771 0.00233269
4 0.213989 0.319397 0.137939 0.359253 0.00222969
6 0.948242 0.0280457 0.0761719 0.0497437 0.00220871
2 0.248535 0.316711 0.269531 0.348022 0.00219917
3 0.0486603 0.942627 0.0818787 0.0834961 0.00218391
2 0.983643 0.381836 0.0307617 0.191406 0.0020771
2 0.220703 0.343994 0.103027 0.22168 0.00204086
1 0.0324707 0.932861 0.060791 0.0756836 0.00200653
3 0.0374146 0.848877 0.0599365 0.249512 0.00195885
3 0.977295 0.943359 0.0395508 0.0742188 0.00192165
1 0.469727 0.841064 0.733398 0.317871 0.00191498
6 0.973633 0.065567 0.0527344 0.120087 0.00188732
6 0.0374146 0.848877 0.0599365 0.249512 0.00188637
13 0.243896 0.354248 0.0913086 0.253418 0.00187588
2 0.257812 0.318115 0.0742188 0.160156 0.00185966
3 0.971191 0.063736 0.0576172 0.113495 0.00175285
2 0.973633 0.383911 0.0273438 0.194092 0.00175095
2 0.640137 0.964355 0.0546875 0.0341797 0.00173378
2 0.0263672 0.930176 0.0322266 0.0634766 0.00171757
2 0.983398 0.464111 0.015625 0.065918 0.00170898
2 0.980469 0.755859 0.0195312 0.175781 0.0017004
6 0.041687 0.959229 0.0775146 0.0756836 0.00167274
1 0.0263672 0.930176 0.0322266 0.0634766 0.00166988
13 0.0290527 0.940186 0.045166 0.0688477 0.00165749
2 0.193237 0.282227 0.0368652 0.202148 0.00164795
2 0.222412 0.363892 0.200684 0.326904 0.0016346
19 0.469727 0.841064 0.733398 0.317871 0.00162888
2 0.983398 0.434448 0.0292969 0.092041 0.00158787
1 0.12262 0.953369 0.22644 0.0776367 0.00158215
6 0.0187378 0.915283 0.0349121 0.112793 0.00157833
6 0.0578156 0.930176 0.108734 0.100586 0.00155163
2 0.232239 0.28125 0.124878 0.261719 0.00148869
13 0.220459 0.341797 0.100586 0.226562 0.00147915
2 0.685059 0.528809 0.0224609 0.0527344 0.00144863
19 0.632324 0.800781 0.544922 0.398438 0.00142956
1 0.969971 0.734863 0.0463867 0.458984 0.00142384
3 0.955566 0.0391235 0.0673828 0.0782471 0.00139236
2 0.977783 0.854004 0.0288086 0.0947266 0.00134182
13 0.97876 0.943359 0.0424805 0.0703125 0.00134087
1 0.037674 0.94751 0.058197 0.0698242 0.00133324
2 0.981445 0.294922 0.0214844 0.331055 0.00132847
3 0.0410767 0.926758 0.0679932 0.125 0.00131798
2 0.0358276 0.898438 0.0576172 0.142578 0.00124836
6 0.0269165 0.957764 0.0463867 0.074707 0.00120831
19 0.384521 0.759277 0.541504 0.44043 0.00119686
3 0.0273438 0.92627 0.0419922 0.0673828 0.00118637
1 0.0571899 0.931641 0.106323 0.0957031 0.00112629
2 0.909668 0.601562 0.0654297 0.0869141 0.00112247
8 0.469727 0.841064 0.733398 0.317871 0.00109196
6 0.979492 0.150604 0.0371094 0.218323 0.00108433
2 0.974609 0.837891 0.0175781 0.0546875 0.00108147
2 0.60498 0.965332 0.130859 0.0380859 0.00107098
8 0.632324 0.800781 0.544922 0.398438 0.00106907
2 0.204102 0.311768 0.0327148 0.178223 0.00104427
1 0.2052 0.956299 0.408936 0.0874023 0.00103188
6 0.145508 0.969238 0.256836 0.0615234 0.00102806
1 0.0709229 0.947266 0.131104 0.0761719 0.00101471
2 0.972656 0.948242 0.0507812 0.0683594 0.00101185
