2 0.459473 0.371826 0.114258 0.115723 0.712891
6 0.037735 0.896973 0.0531921 0.196289 0.235229
6 0.0391846 0.936523 0.0556641 0.109375 0.234131
6 0.0834656 0.95752 0.159729 0.0810547 0.071167
6 0.0639496 0.949951 0.100861 0.0825195 0.0670166
6 0.97998 0.953613 0.0400391 0.0634766 0.057312
6 0.0341644 0.931885 0.0429993 0.0756836 0.0471497
2 0.0327148 0.934326 0.0388184 0.0727539 0.0383911
3 0.0366211 0.352051 0.0559082 0.704102 0.032959
1 0.0327148 0.934326 0.0388184 0.0727539 0.0296783
6 0.029129 0.911133 0.0447693 0.162109 0.0245667
6 0.0413055 0.956543 0.0729065 0.0751953 0.0241699
2 0.0414429 0.894531 0.0467529 0.203125 0.0202789
2 0.97998 0.953613 0.0400391 0.0634766 0.0181885
1 0.039856 0.896484 0.0533447 0.189453 0.0153732
1 0.0257568 0.13147 0.0273438 0.171631 0.0136337
2 0.0386963 0.944824 0.0666504 0.0810547 0.0130539
3 0.0370941 0.173401 0.0469055 0.338745 0.0129166
13 0.458496 0.374268 0.110352 0.114746 0.0110397
3 0.0391846 0.936523 0.0556641 0.109375 0.0109787
3 0.039856 0.896484 0.0533447 0.189453 0.0102539
1 0.978516 0.955811 0.0429688 0.0629883 0.00954437
4 0.961914 0.476562 0.0722656 0.929688 0.00905609
2 0.77832 0.0282593 0.0253906 0.0526123 0.00840759
3 0.979736 0.939697 0.0405273 0.0834961 0.00707626
3 0.0421143 0.272461 0.0454102 0.544922 0.00680923
3 0.0545349 0.489258 0.0891724 0.978516 0.0066452
2 0.326904 0.0101624 0.0239258 0.0203247 0.00621796
2 0.783203 0.0341797 0.0380859 0.0596924 0.0061264
3 0.029129 0.911133 0.0447693 0.162109 0.00606537
14 0.459839 0.374268 0.106689 0.115234 0.00593567
6 0.042099 0.915283 0.0791321 0.16748 0.00590897
1 0.041748 0.948486 0.05896 0.0834961 0.0058403
13 0.039856 0.896484 0.0533447 0.189453 0.00576782
2 0.477173 0.373535 0.190186 0.163086 0.00452805
2 0.0328369 0.92041 0.0578613 0.129883 0.00447845
3 0.960449 0.471802 0.0751953 0.911865 0.00446701
3 0.0344238 0.110229 0.0478516 0.203125 0.00421906
6 0.0292358 0.131958 0.0345459 0.201904 0.00394821
2 0.0285034 0.900146 0.0441895 0.187988 0.00378799
1 0.460205 0.375977 0.126465 0.11377 0.003685
3 0.0496216 0.948486 0.0799561 0.0893555 0.00362396
3 0.0322266 0.874023 0.0511475 0.244141 0.00359535
1 0.0310059 0.110809 0.041626 0.189026 0.00348854
3 0.979492 0.898682 0.0410156 0.165527 0.00312996
6 0.977539 0.0406494 0.0371094 0.0574951 0.00294113
1 0.0318604 0.165405 0.0401611 0.307861 0.00292015
3 0.0377808 0.144867 0.0610352 0.244446 0.00284386
4 0.460815 0.376953 0.123291 0.114746 0.00276566
9 0.460205 0.375977 0.126465 0.11377 0.00275421
6 0.0353851 0.132446 0.0439758 0.259521 0.00265884
3 0.978516 0.955811 0.0429688 0.0629883 0.00252914
2 0.096344 0.958252 0.177429 0.0795898 0.00248146
13 0.0405884 0.949463 0.0615234 0.081543 0.00240135
6 0.954834 0.960938 0.074707 0.0703125 0.00238037
2 0.0627747 0.950439 0.115173 0.0776367 0.0023365
1 0.980469 0.0907898 0.0390625 0.145569 0.00231552
3 0.0834656 0.95752 0.159729 0.0810547 0.00229454
2 0.0400391 0.35083 0.0541992 0.70166 0.00227356
13 0.978516 0.955811 0.0429688 0.0629883 0.00221252
2 0.430664 0.376465 0.257812 0.242188 0.00213051
1 0.0834656 0.95752 0.159729 0.0810547 0.00206757
2 0.577637 0.00976562 0.0244141 0.0195312 0.0020237
1 0.975586 0.920166 0.0488281 0.144043 0.00198936
6 0.460205 0.375977 0.126465 0.11377 0.00186539
2 0.779297 0.0166016 0.0234375 0.0279541 0.00186348
2 0.491699 0.370361 0.134766 0.134277 0.00183773
3 0.970947 0.913086 0.0581055 0.140625 0.00182724
1 0.0341797 0.912598 0.0465088 0.108398 0.00181675
2 0.0249329 0.676758 0.0258179 0.147461 0.00171757
7 0.460205 0.375977 0.126465 0.11377 0.0016737
8 0.460205 0.375977 0.126465 0.11377 0.0016346
6 0.0292969 0.94751 0.0501709 0.0834961 0.00162506
6 0.971436 0.958984 0.0512695 0.0625 0.00158501
4 0.0441284 0.945801 0.0672607 0.106445 0.00158501
19 0.460815 0.376953 0.123291 0.114746 0.00153732
1 0.981934 0.945312 0.0361328 0.0761719 0.00153255
14 0.0386963 0.944824 0.0666504 0.0810547 0.00152302
2 0.0279846 0.107178 0.0335083 0.194824 0.00151825
15 0.460205 0.375977 0.126465 0.11377 0.0014782
13 0.0525055 0.948486 0.0766296 0.0991211 0.00146961
12 0.460205 0.375977 0.126465 0.11377 0.00144291
13 0.0327148 0.934326 0.0388184 0.0727539 0.00143242
5 0.460205 0.375977 0.126465 0.11377 0.00143147
3 0.460205 0.375977 0.126465 0.11377 0.00140953
17 0.460205 0.375977 0.126465 0.11377 0.00140381
10 0.460205 0.375977 0.126465 0.11377 0.00138855
6 0.041626 0.887939 0.083252 0.224121 0.00137711
18 0.460205 0.375977 0.126465 0.11377 0.00137711
16 0.460815 0.376953 0.123291 0.114746 0.0013628
11 0.460205 0.375977 0.126465 0.11377 0.00136089
6 0.0299683 0.0924072 0.0466309 0.158447 0.00129414
6 0.975586 0.928223 0.046875 0.102539 0.00129128
0 0.460205 0.375977 0.126465 0.11377 0.00128937
11 0.0386963 0.944824 0.0666504 0.0810547 0.00125885
6 0.113037 0.967773 0.18042 0.0644531 0.00125694
3 0.0341644 0.931885 0.0429993 0.0756836 0.00125027
6 0.0264587 0.143311 0.0271606 0.144287 0.00123692
3 0.0292358 0.131958 0.0345459 0.201904 0.00122929
13 0.0902405 0.952881 0.167175 0.0766602 0.00121117
19 0.369202 0.852539 0.494019 0.294922 0.00111866
4 0.942627 0.514404 0.0991211 0.955566 0.00111198
13 0.981934 0.945312 0.0361328 0.0761719 0.00109863
6 0.0209045 0.898438 0.0393677 0.191406 0.0010891
2 0.439697 0.358887 0.132324 0.140625 0.00108337
2 0.327393 0.0134277 0.0292969 0.0268555 0.00107861
7 0.0402374 0.946533 0.0577087 0.0893555 0.00107765
6 0.978516 0.0628815 0.0429688 0.099823 0.00106716
3 0.0209045 0.898438 0.0393677 0.191406 0.00104427
3 0.977539 0.0467529 0.0371094 0.0725098 0.00101948
3 0.97583 0.0645599 0.0483398 0.0976868 0.00101376
6 0.122803 0.960693 0.236816 0.0786133 0.00101089
3 0.042099 0.915283 0.0791321 0.16748 0.00100327
19 0.311035 0.388062 0.459961 0.700439 0.00100136
