2 0.352783 0.148926 0.217773 0.119385 0.714844
2 0.96167 0.266846 0.0219727 0.0444336 0.216797
2 0.979736 0.575684 0.0405273 0.419922 0.186035
3 0.978516 0.574341 0.0429688 0.421631 0.165283
1 0.967529 0.956787 0.0493164 0.0727539 0.160767
13 0.801758 0.240479 0.0869141 0.246582 0.158203
2 0.485352 0.140381 0.0273438 0.0571289 0.145874
2 0.321289 0.148438 0.132324 0.110107 0.14209
2 0.408936 0.19519 0.0981445 0.0710449 0.123718
6 0.0294037 0.927002 0.0515442 0.114746 0.119446
2 0.800293 0.241943 0.0869141 0.241699 0.115479
2 0.966309 0.957031 0.0498047 0.078125 0.0844116
2 0.76416 0.131226 0.0898438 0.0170898 0.0830078
2 0.480957 0.143066 0.0527344 0.0742188 0.0632324
2 0.964844 0.260498 0.0253906 0.0541992 0.0497742
2 0.980469 0.450928 0.0234375 0.157715 0.0462341
2 0.459106 0.14856 0.088623 0.0793457 0.0437622
6 0.970947 0.915771 0.0522461 0.137207 0.040741
2 0.980469 0.168213 0.0273438 0.136719 0.0388489
2 0.394775 0.178833 0.125977 0.083252 0.0340271
2 0.97876 0.170471 0.0288086 0.212769 0.0327759
3 0.975342 0.154297 0.0493164 0.265137 0.0320435
2 0.42627 0.167603 0.130859 0.101318 0.0305481
2 0.965332 0.273682 0.0224609 0.0410156 0.0266266
3 0.0338135 0.929688 0.0528564 0.109375 0.021637
2 0.984375 0.17627 0.0175781 0.074707 0.0179291
2 0.962646 0.275146 0.0200195 0.03125 0.0158539
6 0.0482635 0.942139 0.0799866 0.0922852 0.0150299
6 0.083313 0.94458 0.154175 0.0952148 0.0148087
2 0.430908 0.151733 0.169434 0.0788574 0.0147324
2 0.815918 0.285889 0.0507812 0.152832 0.014679
1 0.0348511 0.934326 0.052124 0.10791 0.0145264
1 0.951172 0.95874 0.0859375 0.0766602 0.013176
6 0.966309 0.957031 0.0498047 0.078125 0.0119858
2 0.979492 0.74707 0.0195312 0.0957031 0.0119781
2 0.398926 0.165344 0.208984 0.119507 0.0115662
3 0.977783 0.901367 0.0444336 0.173828 0.0114136
6 0.978516 0.953125 0.0410156 0.0683594 0.0112076
2 0.809082 0.272888 0.0625 0.202271 0.0111542
1 0.485352 0.140381 0.0273438 0.0571289 0.0104065
2 0.974609 0.166992 0.0410156 0.263184 0.00993347
2 0.967773 0.245605 0.0273438 0.0898438 0.00986481
6 0.975342 0.154297 0.0493164 0.265137 0.00933838
2 0.984375 0.127686 0.0273438 0.169678 0.00891876
2 0.374023 0.158539 0.267578 0.180969 0.00885773
2 0.978516 0.425781 0.0234375 0.117188 0.00810242
6 0.0412598 0.921387 0.0515137 0.112305 0.00797272
2 0.353516 0.179749 0.211426 0.136597 0.00723267
1 0.0368195 0.898193 0.0562439 0.172363 0.00708008
1 0.0302734 0.94043 0.0404053 0.0820312 0.00688553
2 0.910156 0.961182 0.150391 0.0698242 0.00669479
2 0.984375 0.751953 0.0214844 0.0820312 0.00662231
2 0.308594 0.132294 0.118164 0.0874634 0.00648499
6 0.97876 0.905762 0.0424805 0.174805 0.00644302
14 0.962891 0.275635 0.0195312 0.03125 0.00615311
2 0.421875 0.180664 0.0966797 0.0498047 0.00599289
2 0.982422 0.189026 0.0175781 0.161011 0.00591278
2 0.801758 0.228027 0.0556641 0.1875 0.00558472
3 0.970459 0.916016 0.059082 0.132812 0.00547028
1 0.338623 0.149292 0.180176 0.11792 0.00535202
2 0.894531 0.975586 0.185547 0.0449219 0.00508118
6 0.0393066 0.926025 0.0761719 0.130371 0.00500107
2 0.964355 0.269287 0.0380859 0.0454102 0.00488281
6 0.0209045 0.913818 0.0363159 0.143066 0.004776
3 0.0478058 0.941895 0.0796814 0.0966797 0.00472641
6 0.0350342 0.907227 0.053833 0.162109 0.00460434
13 0.365845 0.156128 0.24292 0.118896 0.00432205
2 0.407471 0.18158 0.116211 0.11731 0.00419235
4 0.352051 0.150757 0.212402 0.121338 0.0041008
1 0.91626 0.964355 0.138184 0.0693359 0.00408554
13 0.977539 0.573608 0.0449219 0.421143 0.0040741
3 0.980225 0.112946 0.0375977 0.170105 0.00393295
2 0.0330963 0.923096 0.0522156 0.116699 0.00383186
2 0.951172 0.95874 0.0859375 0.0766602 0.00374603
2 0.970703 0.194458 0.0292969 0.190674 0.00367737
2 0.967529 0.266602 0.0239258 0.0366211 0.00347137
2 0.970459 0.916016 0.059082 0.132812 0.00345421
3 0.968506 0.946289 0.0512695 0.0800781 0.00326729
6 0.977539 0.065506 0.0410156 0.0916443 0.00308418
2 0.987305 0.448242 0.0214844 0.135742 0.00294304
2 0.339355 0.793457 0.0585938 0.105469 0.00293922
1 0.0254517 0.905029 0.0349121 0.17041 0.00290871
6 0.980225 0.112946 0.0375977 0.170105 0.00285339
2 0.983398 0.709473 0.0234375 0.155273 0.00279427
2 0.978516 0.952637 0.0371094 0.0693359 0.00261116
13 0.967529 0.956787 0.0493164 0.0727539 0.00260162
3 0.968018 0.555664 0.050293 0.446289 0.00259972
2 0.974609 0.529785 0.0390625 0.482422 0.00255585
3 0.0359497 0.894775 0.0609131 0.175293 0.00232315
4 0.0338135 0.929688 0.0528564 0.109375 0.00231171
3 0.968018 0.447266 0.0639648 0.894531 0.00224876
1 0.971436 0.163025 0.043457 0.276489 0.00221634
2 0.979492 0.145569 0.0390625 0.161987 0.00221252
2 0.349609 0.151245 0.109375 0.109619 0.00220108
2 0.418213 0.207397 0.116699 0.161865 0.00219536
2 0.974609 0.46106 0.0253906 0.17749 0.00212669
9 0.353027 0.151855 0.210938 0.118164 0.00210381
2 0.446411 0.151855 0.11499 0.103027 0.0021019
2 0.966553 0.575562 0.059082 0.415283 0.00208473
2 0.495117 0.139648 0.0263672 0.0661621 0.0020237
2 0.986328 0.848145 0.0175781 0.0390625 0.00198746
2 0.760742 0.129517 0.0849609 0.0288086 0.00192833
13 0.330566 0.148193 0.155762 0.114746 0.00191402
14 0.353027 0.151855 0.210938 0.118164 0.00190067
13 0.0294037 0.927002 0.0515442 0.114746 0.00188732
19 0.565918 0.310547 0.442383 0.52832 0.00184155
1 0.412598 0.19165 0.105957 0.0668945 0.00176811
3 0.968506 0.877197 0.059082 0.19873 0.00176525
3 0.0395508 0.85376 0.0543213 0.272949 0.00175476
6 0.0385132 0.948242 0.0517578 0.0839844 0.00174141
2 0.985352 0.147736 0.0214844 0.125916 0.00173283
13 0.409424 0.19165 0.100098 0.0708008 0.0017252
1 0.974609 0.942139 0.0410156 0.090332 0.00170994
2 0.406738 0.187988 0.0737305 0.0561523 0.0017004
4 0.0580139 0.935059 0.0968628 0.102539 0.00164127
19 0.494019 0.494019 0.652588 0.8479 0.00162315
6 0.0395508 0.85376 0.0543213 0.272949 0.00161648
6 0.0302734 0.94043 0.0404053 0.0820312 0.00160503
3 0.0392456 0.177368 0.0718994 0.310303 0.0015974
6 0.353027 0.151855 0.210938 0.118164 0.00149918
2 0.980713 0.753906 0.0268555 0.120117 0.00145912
3 0.0385132 0.948242 0.0517578 0.0839844 0.00144863
13 0.984375 0.758789 0.0195312 0.0712891 0.00144386
2 0.70166 0.984375 0.193359 0.0253906 0.00143528
3 0.0309143 0.118225 0.0567017 0.205933 0.00142193
2 0.0327148 0.937012 0.0438232 0.0830078 0.00141048
1 0.352783 0.154144 0.220703 0.164368 0.00141048
13 0.901611 0.960449 0.165527 0.0751953 0.00139523
2 0.978516 0.404785 0.0195312 0.116211 0.00138664
6 0.928467 0.956299 0.115723 0.081543 0.00138378
8 0.494019 0.494019 0.652588 0.8479 0.00135708
19 0.353027 0.151855 0.210938 0.118164 0.00134945
2 0.980469 0.671875 0.03125 0.242188 0.00134277
2 0.963379 0.274414 0.0302734 0.0664062 0.00134087
1 0.970703 0.907715 0.0585938 0.151367 0.00133705
2 0.977539 0.207764 0.0234375 0.169434 0.0013361
13 0.970703 0.907715 0.0585938 0.151367 0.00133228
7 0.353027 0.151855 0.210938 0.118164 0.00131798
2 0.982178 0.822021 0.0297852 0.30127 0.00131607
19 0.574219 0.374023 0.314453 0.579102 0.00129032
13 0.801758 0.235901 0.0810547 0.141479 0.00129032
6 0.984375 0.0527954 0.0234375 0.067627 0.00128078
6 0.968506 0.877197 0.059082 0.19873 0.00127983
3 0.0209045 0.913818 0.0363159 0.143066 0.0012579
5 0.353027 0.151855 0.210938 0.118164 0.00123787
2 0.984375 0.418457 0.0195312 0.0966797 0.00123787
13 0.985352 0.848633 0.0175781 0.0400391 0.00119495
1 0.480957 0.143066 0.0527344 0.0742188 0.00117779
10 0.353027 0.151855 0.210938 0.118164 0.00116348
6 0.976562 0.577148 0.046875 0.416992 0.00115395
16 0.353027 0.151855 0.210938 0.118164 0.00115395
15 0.353027 0.151855 0.210938 0.118164 0.00115395
3 0.973633 0.518921 0.0488281 0.628174 0.00115013
11 0.353027 0.151855 0.210938 0.118164 0.00114536
12 0.353027 0.151855 0.210938 0.118164 0.00112724
14 0.966309 0.957031 0.0498047 0.078125 0.00112343
2 0.899414 0.964355 0.201172 0.0712891 0.00110912
13 0.984375 0.175659 0.0175781 0.0856934 0.00110435
8 0.353027 0.151855 0.210938 0.118164 0.00110149
0 0.353027 0.151855 0.210938 0.118164 0.00109291
18 0.353027 0.151855 0.210938 0.118164 0.00108051
17 0.353027 0.151855 0.210938 0.118164 0.00107574
2 0.965088 0.218994 0.0288086 0.149414 0.00105762
13 0.96167 0.266846 0.0219727 0.0444336 0.00105762
13 0.975342 0.154297 0.0493164 0.265137 0.00105572
2 0.980225 0.478027 0.0297852 0.216797 0.0010376
1 0.962158 0.266602 0.0229492 0.0454102 0.00102329
8 0.568359 0.308716 0.491211 0.52124 0.00102139
13 0.979492 0.74707 0.0195312 0.0957031 0.00100708
