2 0.446777 0.597168 0.317383 0.152344 0.893555
2 0.984375 0.28125 0.0253906 0.240234 0.465332
1 0.508423 0.0615234 0.983154 0.0688477 0.226318
6 0.034729 0.943848 0.0622559 0.0830078 0.15564
2 0.983398 0.239563 0.0234375 0.147827 0.0796509
1 0.9729 0.941162 0.0483398 0.0942383 0.0787964
2 0.979492 0.222412 0.0253906 0.116699 0.0583191
6 0.975586 0.944092 0.0488281 0.0825195 0.044281
2 0.977539 0.294678 0.0253906 0.249023 0.0409546
1 0.0327759 0.947266 0.0478516 0.0839844 0.035614
6 0.0491486 0.949219 0.0791931 0.0820312 0.032959
6 0.96875 0.0438385 0.0605469 0.0837097 0.0281067
2 0.427979 0.591309 0.222168 0.129883 0.0261993
6 0.979736 0.874268 0.0405273 0.22998 0.0247345
6 0.0682983 0.95166 0.131226 0.0810547 0.0236816
1 0.953857 0.953125 0.0864258 0.0839844 0.019989
2 0.982422 0.708496 0.0195312 0.0771484 0.0196381
2 0.450439 0.585449 0.344238 0.245117 0.0194244
2 0.986328 0.136475 0.015625 0.0473633 0.01651
3 0.03125 0.92627 0.0546875 0.0966797 0.0158081
3 0.0374603 0.948975 0.0532532 0.0883789 0.0148392
3 0.974365 0.0562439 0.0512695 0.0994263 0.0145569
1 0.5 0.0664215 1 0.110321 0.0140991
2 0.984375 0.367188 0.0175781 0.081543 0.0135422
1 0.431641 0.590332 0.285156 0.139648 0.0133209
2 0.981445 0.833008 0.03125 0.318359 0.0129547
1 0.311035 0.0527191 0.561523 0.061554 0.0123901
6 0.0263672 0.900391 0.0487061 0.160156 0.0111313
1 0.973633 0.899414 0.0527344 0.183594 0.0111008
1 0.962646 0.936035 0.0688477 0.110352 0.0106812
1 0.967041 0.0439453 0.0639648 0.0842285 0.0105896
4 0.445801 0.594238 0.311523 0.15918 0.0105362
2 0.980469 0.205933 0.0214844 0.0788574 0.0102386
2 0.977783 0.267578 0.0405273 0.236328 0.0101166
2 0.471191 0.535278 0.496094 0.347412 0.00927734
2 0.982422 0.683594 0.0195312 0.121094 0.00901031
1 0.168335 0.0550537 0.320557 0.0588379 0.00895691
3 0.0263672 0.900391 0.0487061 0.160156 0.00872803
2 0.984375 0.723145 0.015625 0.046875 0.00848389
2 0.983398 0.139893 0.0136719 0.0449219 0.00809479
2 0.508423 0.0615234 0.983154 0.0688477 0.00759125
6 0.0293121 0.930664 0.0436707 0.0996094 0.00743484
2 0.984375 0.156738 0.0175781 0.0683594 0.00738525
3 0.979248 0.873779 0.0395508 0.23291 0.00719833
3 0.0360107 0.887695 0.0610352 0.193359 0.00643158
13 0.445801 0.594238 0.311523 0.15918 0.00641251
3 0.966309 0.0446777 0.0654297 0.0831299 0.00622559
2 0.9729 0.941162 0.0483398 0.0942383 0.00576019
14 0.445801 0.594238 0.311523 0.15918 0.0056839
6 0.0359955 0.908936 0.0571594 0.182129 0.00554657
2 0.977783 0.365479 0.0229492 0.0942383 0.00536728
3 0.976807 0.221924 0.0463867 0.409668 0.00509644
2 0.034729 0.943848 0.0622559 0.0830078 0.00502777
1 0.0383453 0.0556335 0.0534363 0.085022 0.00463867
1 0.941895 0.0457611 0.104492 0.0769348 0.00456238
9 0.445801 0.594238 0.311523 0.15918 0.00442123
1 0.122589 0.0491333 0.233337 0.0546875 0.00426865
2 0.97168 0.216858 0.0292969 0.108276 0.00403595
2 0.971436 0.253418 0.0317383 0.182617 0.00403214
2 0.981445 0.13562 0.0195312 0.0522461 0.00402069
6 0.0273285 0.857422 0.0405579 0.257812 0.00390625
19 0.680786 0.499634 0.638428 0.729248 0.00374603
6 0.981689 0.952881 0.0366211 0.0688477 0.00366974
13 0.979248 0.861328 0.0375977 0.271484 0.00362015
1 0.91333 0.958984 0.169434 0.0800781 0.00350571
19 0.688477 0.691284 0.483398 0.582275 0.0035038
13 0.979492 0.268982 0.0273438 0.221802 0.00349617
6 0.445801 0.594238 0.311523 0.15918 0.00339508
2 0.988281 0.130737 0.0234375 0.0576172 0.00336075
19 0.687988 0.558105 0.453125 0.547852 0.00333977
1 0.0283203 0.929932 0.0515137 0.0991211 0.00329018
2 0.976807 0.649902 0.0209961 0.0703125 0.00328445
2 0.0321045 0.272705 0.0284424 0.0571289 0.00322914
19 0.445801 0.594238 0.311523 0.15918 0.00309181
7 0.445801 0.594238 0.311523 0.15918 0.00309181
3 0.970459 0.89502 0.059082 0.18457 0.00298882
19 0.464722 0.437622 0.595947 0.536865 0.0029583
1 0.974609 0.962891 0.0488281 0.0742188 0.00274277
5 0.445801 0.594238 0.311523 0.15918 0.00273132
1 0.497559 0.106781 0.973633 0.155579 0.00270081
10 0.445801 0.594238 0.311523 0.15918 0.00268745
6 0.974365 0.908447 0.0493164 0.145996 0.00263977
8 0.680786 0.499634 0.638428 0.729248 0.00262833
16 0.445801 0.594238 0.311523 0.15918 0.00261497
18 0.445801 0.594238 0.311523 0.15918 0.00261497
11 0.445801 0.594238 0.311523 0.15918 0.00261497
17 0.445801 0.594238 0.311523 0.15918 0.00260544
6 0.0383453 0.0556335 0.0534363 0.085022 0.00247002
13 0.0372772 0.942383 0.0626526 0.09375 0.00246239
0 0.445801 0.594238 0.311523 0.15918 0.00244904
12 0.445801 0.594238 0.311523 0.15918 0.00241089
19 0.586304 0.478882 0.469971 0.532471 0.00239182
19 0.245361 0.461182 0.490723 0.602051 0.00236893
2 0.987305 0.204956 0.0195312 0.0793457 0.0023098
6 0.0267029 0.956543 0.0516968 0.0869141 0.0022831
6 0.969727 0.867676 0.0488281 0.235352 0.00226402
2 0.982422 0.239929 0.0214844 0.0928955 0.00216675
8 0.445801 0.594238 0.311523 0.15918 0.0021286
4 0.680786 0.499634 0.638428 0.729248 0.00212479
2 0.032959 0.288086 0.0275879 0.0756836 0.00210762
2 0.974609 0.218323 0.0390625 0.374878 0.00210571
15 0.445801 0.594238 0.311523 0.15918 0.00209427
13 0.977295 0.947021 0.043457 0.0825195 0.00200844
1 0.979492 0.222412 0.0253906 0.116699 0.0019989
6 0.949951 0.0469971 0.0864258 0.0939941 0.00196266
2 0.986328 0.615234 0.0195312 0.0947266 0.00195503
2 0.976807 0.382324 0.019043 0.0932617 0.00192261
3 0.97583 0.943359 0.0463867 0.0839844 0.00189209
2 0.0256958 0.900635 0.0395508 0.187012 0.00188637
3 0.0283203 0.864014 0.0452881 0.258301 0.00184727
1 0.445801 0.583496 0.352539 0.21582 0.0018425
4 0.464478 0.43457 0.674561 0.546875 0.00184059
2 0.228027 0.392334 0.0258789 0.119629 0.00179386
8 0.577515 0.442261 0.512939 0.521729 0.00178051
2 0.984375 0.638672 0.0195312 0.130859 0.00175953
6 0.977051 0.0570984 0.0458984 0.10553 0.00172043
7 0.680786 0.499634 0.638428 0.729248 0.00166607
3 0.0682983 0.95166 0.131226 0.0810547 0.00166512
2 0.981445 0.136353 0.0234375 0.0759277 0.00162506
3 0.445801 0.583496 0.352539 0.21582 0.0016098
2 0.985352 0.815918 0.0175781 0.103516 0.00160789
6 0.974609 0.218323 0.0390625 0.374878 0.0015974
13 0.978271 0.231262 0.0239258 0.167358 0.00158501
2 0.984375 0.780273 0.0214844 0.362305 0.00156975
12 0.680786 0.499634 0.638428 0.729248 0.00156307
6 0.965332 0.0276489 0.0576172 0.0463867 0.00154877
8 0.69104 0.728638 0.569092 0.542725 0.00153255
1 0.221436 0.0578613 0.397949 0.0756836 0.00151443
1 0.977295 0.0625 0.0415039 0.0681152 0.00151157
1 0.513428 0.0488892 0.973145 0.0977783 0.00150108
1 0.065506 0.0535736 0.116058 0.0788879 0.00149632
4 0.984375 0.282043 0.0253906 0.239624 0.00149536
6 0.947021 0.926758 0.0961914 0.146484 0.00146389
1 0.916016 0.052002 0.158203 0.0615234 0.0014534
2 0.599731 0.570312 0.642334 0.669922 0.00145054
2 0.983398 0.797363 0.0195312 0.0898438 0.001441
8 0.245361 0.461182 0.490723 0.602051 0.00141621
2 0.464478 0.43457 0.674561 0.546875 0.00137043
17 0.680786 0.499634 0.638428 0.729248 0.00135803
2 0.0293121 0.930664 0.0436707 0.0996094 0.00135612
4 0.245361 0.461182 0.490723 0.602051 0.00134754
4 0.540039 0.517578 0.5 0.550781 0.00132465
2 0.987305 0.380371 0.0175781 0.0751953 0.00131989
1 0.497559 0.130615 0.961914 0.26123 0.00131035
16 0.680786 0.499634 0.638428 0.729248 0.00130939
15 0.680786 0.499634 0.638428 0.729248 0.00127697
18 0.680786 0.499634 0.638428 0.729248 0.00127411
2 0.986328 0.72998 0.0136719 0.0419922 0.00126839
8 0.463257 0.404907 0.762939 0.557373 0.0012598
2 0.452026 0.67627 0.343994 0.335938 0.00125599
9 0.680786 0.499634 0.638428 0.729248 0.00124836
2 0.982422 0.179077 0.0234375 0.0861816 0.00122738
4 0.688477 0.691284 0.483398 0.582275 0.00122452
3 0.0457153 0.727783 0.0568848 0.509277 0.00122166
13 0.986328 0.136475 0.015625 0.0473633 0.00121689
6 0.0203094 0.944336 0.0389709 0.0820312 0.00121117
7 0.464478 0.43457 0.674561 0.546875 0.00119019
4 0.23877 0.411743 0.368652 0.537842 0.00118732
2 0.981445 0.729492 0.0136719 0.0429688 0.00117683
2 0.975586 0.242188 0.0214844 0.146973 0.00117111
2 0.978516 0.34082 0.0253906 0.144531 0.0011692
12 0.464478 0.43457 0.674561 0.546875 0.00116062
2 0.978271 0.953369 0.0415039 0.0717773 0.00115871
1 0.441528 0.0563354 0.531006 0.0533447 0.00115871
7 0.245361 0.461182 0.490723 0.602051 0.00115871
6 0.92749 0.951416 0.131348 0.097168 0.00115108
19 0.587891 0.414307 0.655273 0.61377 0.00113678
2 0.981445 0.378906 0.0214844 0.0864258 0.00113487
5 0.680786 0.499634 0.638428 0.729248 0.00113106
3 0.437988 0.595215 0.30957 0.145508 0.0011282
11 0.680786 0.499634 0.638428 0.729248 0.00112724
6 0.948486 0.0266724 0.0834961 0.0533447 0.00112629
3 0.0427094 0.946289 0.0791321 0.101562 0.0011158
1 0.977051 0.0570984 0.0458984 0.10553 0.00109673
7 0.0374603 0.948975 0.0532532 0.0883789 0.00109005
19 0.314697 0.749023 0.505371 0.501953 0.00107956
19 0.23877 0.411743 0.368652 0.537842 0.0010767
2 0.970947 0.522461 0.0249023 0.202148 0.00106335
2 0.984375 0.595703 0.0214844 0.0996094 0.00105953
1 0.979492 0.268982 0.0273438 0.221802 0.00105953
0 0.680786 0.499634 0.638428 0.729248 0.00105095
2 0.983398 0.834473 0.0195312 0.161133 0.00104237
8 0.687988 0.558105 0.453125 0.547852 0.00103378
1 0.036377 0.0813293 0.0539551 0.143982 0.00103092
6 0.116608 0.951904 0.215027 0.0922852 0.00102997
1 0.0494385 0.949463 0.0794678 0.0874023 0.00102997
12 0.245361 0.461182 0.490723 0.602051 0.00102425
13 0.967041 0.0439453 0.0639648 0.0842285 0.00102139
6 0.966797 0.945068 0.0664062 0.104004 0.00101662
2 0.97876 0.195862 0.0268555 0.272339 0.00101376
4 0.0372314 0.942139 0.057373 0.0942383 0.00100136
