2 0.773926 0.274658 0.0576172 0.113281 0.683594
6 0.0421143 0.940186 0.0631104 0.100098 0.59668
2 0.774414 0.249756 0.0595703 0.059082 0.454346
2 0.182129 0.376953 0.0532227 0.0981445 0.343018
6 0.977051 0.941406 0.0458984 0.0839844 0.310547
2 0.0385742 0.0977783 0.032959 0.0905762 0.216064
2 0.0385742 0.936279 0.0498047 0.0786133 0.158447
1 0.0427094 0.943115 0.0583801 0.0961914 0.0915527
1 0.974854 0.944092 0.050293 0.0864258 0.0892334
3 0.0327759 0.20459 0.0483398 0.328125 0.0862427
13 0.182129 0.376953 0.0532227 0.0981445 0.0753174
2 0.77002 0.293945 0.046875 0.115234 0.0595703
6 0.966064 0.946045 0.0678711 0.0961914 0.0527954
2 0.0322266 0.928223 0.0357666 0.0673828 0.0475464
1 0.976562 0.134644 0.0429688 0.207764 0.0394592
2 0.975098 0.941406 0.0498047 0.0800781 0.0361328
2 0.773926 0.308105 0.0390625 0.0625 0.0283051
2 0.702148 0.0198822 0.0195312 0.0298157 0.0262756
6 0.0623932 0.946533 0.100067 0.097168 0.0230103
2 0.0443878 0.940918 0.0686951 0.0986328 0.0223999
3 0.0455933 0.219666 0.0472412 0.355591 0.0215454
6 0.144897 0.949463 0.251221 0.101074 0.0213013
1 0.0289612 0.106201 0.034729 0.111084 0.0192261
3 0.958496 0.642456 0.0712891 0.715088 0.0180817
2 0.815918 0.0228577 0.0273438 0.0407104 0.0169525
2 0.0341797 0.115448 0.0308838 0.126038 0.0165405
2 0.759766 0.215942 0.0205078 0.0192871 0.0150604
3 0.0422211 0.939453 0.0552063 0.101562 0.0148773
6 0.976562 0.129883 0.0449219 0.191895 0.0146713
2 0.0809326 0.856445 0.0247803 0.0478516 0.0134201
6 0.0756683 0.935059 0.115753 0.129883 0.0126648
6 0.944824 0.946777 0.104492 0.106445 0.0114136
6 0.0437775 0.904053 0.0669861 0.156738 0.0111771
2 0.163513 0.942871 0.280396 0.114258 0.011055
1 0.03125 0.931396 0.0386963 0.074707 0.0110092
6 0.979492 0.90625 0.0410156 0.167969 0.0108795
1 0.0375366 0.0964355 0.0303955 0.0930176 0.0108032
3 0.957031 0.497559 0.0859375 0.959961 0.0104294
13 0.0283051 0.208679 0.0393372 0.327759 0.0100937
2 0.0245972 0.500488 0.0178223 0.0634766 0.00998688
3 0.950439 0.710938 0.0698242 0.527344 0.00994873
1 0.945557 0.939209 0.0952148 0.100098 0.0098877
1 0.144897 0.949463 0.251221 0.101074 0.00959015
6 0.03125 0.196167 0.034668 0.294678 0.00919342
2 0.17395 0.389893 0.0622559 0.104004 0.00907898
6 0.98291 0.928711 0.0341797 0.09375 0.00868988
6 0.0366058 0.934082 0.0451965 0.0751953 0.00863647
2 0.771973 0.314941 0.0283203 0.0566406 0.00843048
13 0.0441284 0.943848 0.0603027 0.104492 0.00841522
1 0.0623932 0.946533 0.100067 0.097168 0.00833893
3 0.977539 0.941895 0.0429688 0.0869141 0.00811005
3 0.976562 0.134644 0.0429688 0.207764 0.00782776
3 0.0287628 0.133087 0.0372009 0.168884 0.0071907
2 0.760254 0.220642 0.0283203 0.026001 0.00706863
1 0.915771 0.945801 0.148926 0.102539 0.00676727
6 0.0287628 0.133087 0.0372009 0.168884 0.00676727
2 0.763672 0.21582 0.0263672 0.0239258 0.00624847
1 0.962891 0.942139 0.0605469 0.0942383 0.00624466
6 0.0341797 0.115448 0.0308838 0.126038 0.00586319
13 0.774414 0.249756 0.0595703 0.059082 0.00557709
6 0.9729 0.92627 0.0483398 0.0927734 0.00554657
14 0.0410919 0.939941 0.0643005 0.0927734 0.00496292
6 0.915771 0.950439 0.168457 0.0854492 0.00495148
14 0.177002 0.380615 0.0615234 0.100586 0.00489044
13 0.974854 0.944092 0.050293 0.0864258 0.00486755
6 0.0445557 0.928223 0.0891113 0.143555 0.00468826
3 0.0463409 0.344971 0.0601501 0.689941 0.0043869
2 0.400391 0.147583 0.0966797 0.0180664 0.00431442
4 0.0441284 0.943848 0.0603027 0.104492 0.00428391
2 0.0302582 0.207764 0.0364075 0.333496 0.00419998
2 0.0271454 0.542969 0.0242004 0.138672 0.00415421
13 0.773926 0.274902 0.0595703 0.112793 0.00379753
2 0.564453 0.0852966 0.0322266 0.0906372 0.00376892
3 0.966064 0.946045 0.0678711 0.0961914 0.00372505
2 0.767578 0.3125 0.0361328 0.0771484 0.003582
1 0.774414 0.249756 0.0595703 0.059082 0.00352097
1 0.102386 0.95166 0.160461 0.0966797 0.00348091
2 0.814453 0.0194092 0.046875 0.0350342 0.00344849
6 0.102386 0.95166 0.160461 0.0966797 0.00340462
2 0.977539 0.0839233 0.0253906 0.0777588 0.00338745
2 0.0431366 0.082489 0.0433655 0.0918579 0.00338745
2 0.0404053 0.191833 0.0384521 0.290161 0.0033226
1 0.0294495 0.205627 0.0453491 0.334839 0.0032959
3 0.963623 0.372559 0.0668945 0.745117 0.00327682
3 0.0488892 0.495605 0.076416 0.991211 0.00310898
2 0.195251 0.375 0.0606689 0.0917969 0.00307465
1 0.0284119 0.132599 0.0411987 0.166931 0.00301552
3 0.0293121 0.312744 0.0509949 0.625488 0.00299835
3 0.969971 0.272705 0.0561523 0.54541 0.00284767
11 0.0410919 0.939941 0.0643005 0.0927734 0.00282669
3 0.0482788 0.721558 0.0760498 0.515869 0.00277901
2 0.0623932 0.946533 0.100067 0.097168 0.00274658
2 0.778809 0.313477 0.0273438 0.0517578 0.00266266
6 0.0429688 0.85791 0.0639648 0.254883 0.00262451
9 0.0410919 0.939941 0.0643005 0.0927734 0.00255585
3 0.0336914 0.87207 0.0563965 0.255859 0.00254822
2 0.180359 0.380859 0.0899658 0.0947266 0.00243759
2 0.0387421 0.134766 0.0295715 0.166748 0.00241089
4 0.772461 0.279053 0.0605469 0.125488 0.00234032
2 0.962158 0.934814 0.0639648 0.101074 0.00228882
16 0.0410919 0.939941 0.0643005 0.0927734 0.00222969
7 0.0421143 0.940186 0.0631104 0.100098 0.00222778
14 0.975098 0.941406 0.0498047 0.0800781 0.00219917
2 0.983887 0.936279 0.0322266 0.0825195 0.00216293
3 0.0432739 0.904297 0.0625 0.158203 0.00214958
1 0.0437775 0.904053 0.0669861 0.156738 0.00211525
2 0.780273 0.300049 0.0410156 0.0708008 0.00208664
2 0.0437775 0.904053 0.0669861 0.156738 0.0020504
3 0.979492 0.90625 0.0410156 0.167969 0.00204468
13 0.0375366 0.0964355 0.0303955 0.0930176 0.00197792
1 0.03125 0.128662 0.0280762 0.134521 0.00195885
13 0.0341797 0.115448 0.0308838 0.126038 0.00193977
2 0.113647 0.948975 0.192383 0.0922852 0.00189781
2 0.79248 0.242188 0.0283203 0.0527344 0.00188446
1 0.0404053 0.191833 0.0384521 0.290161 0.0018549
13 0.17395 0.389893 0.0622559 0.104004 0.00173664
19 0.534546 0.532715 0.552002 0.764648 0.00173283
2 0.825684 0.0244751 0.0439453 0.0427246 0.0017271
1 0.977539 0.0839233 0.0253906 0.0777588 0.00172043
2 0.70166 0.0191345 0.0361328 0.0341187 0.00165367
1 0.773438 0.283203 0.0566406 0.127441 0.00164509
3 0.0549622 0.94043 0.0927124 0.109375 0.00161076
13 0.0366058 0.934082 0.0451965 0.0751953 0.00159454
3 0.972412 0.21283 0.0473633 0.381958 0.00159264
2 0.0300598 0.0964661 0.036438 0.0907593 0.00157642
2 0.043335 0.111206 0.0487061 0.105713 0.00154495
19 0.0421143 0.940186 0.0631104 0.100098 0.00153351
18 0.0410919 0.939941 0.0643005 0.0927734 0.00151062
1 0.983887 0.936279 0.0322266 0.0825195 0.00150967
3 0.9646 0.887695 0.0688477 0.183594 0.00145721
4 0.966064 0.946045 0.0678711 0.0961914 0.00144768
6 0.0404053 0.191833 0.0384521 0.290161 0.00142384
19 0.507812 0.683472 0.428711 0.556885 0.00141048
2 0.772949 0.237 0.0605469 0.0948486 0.00139427
11 0.975098 0.941406 0.0498047 0.0800781 0.00135326
14 0.773926 0.251953 0.0615234 0.0664062 0.0013504
13 0.0336914 0.160706 0.029541 0.220581 0.00133801
17 0.0421143 0.940186 0.0631104 0.100098 0.00131702
2 0.0285645 0.900146 0.0404053 0.178223 0.00125027
12 0.0410919 0.939941 0.0643005 0.0927734 0.00124741
13 0.0455933 0.219666 0.0472412 0.355591 0.00124359
14 0.702148 0.0203247 0.0195312 0.0300293 0.00124073
2 0.0280914 0.577515 0.0254822 0.229736 0.00123978
3 0.0873108 0.943848 0.132507 0.104492 0.00123596
8 0.588867 0.583984 0.523438 0.760742 0.00122929
2 0.762207 0.239014 0.0458984 0.0683594 0.00120449
3 0.969727 0.928711 0.0488281 0.0957031 0.00118637
0 0.0454102 0.941895 0.0595703 0.106445 0.00116253
4 0.471313 0.608887 0.475342 0.657227 0.00115585
2 0.789062 0.251526 0.0546875 0.0672607 0.00111771
13 0.976562 0.134644 0.0429688 0.207764 0.0011158
8 0.0422211 0.939453 0.0552063 0.101562 0.00111103
1 0.537109 0.890869 0.801758 0.218262 0.00111103
3 0.983887 0.936279 0.0322266 0.0825195 0.0011034
10 0.0422211 0.939453 0.0552063 0.101562 0.00110245
16 0.976074 0.941406 0.0478516 0.0820312 0.00109768
15 0.0454102 0.941895 0.0595703 0.106445 0.00108814
2 0.0266113 0.686523 0.0234375 0.117188 0.00108242
2 0.983887 0.830566 0.0322266 0.313477 0.00107098
2 0.409912 0.143921 0.0820312 0.0187988 0.00106812
1 0.909912 0.965576 0.164551 0.0629883 0.00106335
6 0.0853882 0.933594 0.170776 0.132812 0.00105858
1 0.702637 0.0205536 0.0205078 0.0294495 0.00105476
7 0.975586 0.940918 0.0488281 0.0869141 0.00105381
2 0.0374298 0.833496 0.0467224 0.295898 0.00105286
2 0.967041 0.95166 0.065918 0.0791016 0.00104046
19 0.537109 0.890869 0.801758 0.218262 0.00102806
1 0.97583 0.92749 0.0385742 0.0922852 0.00102806
8 0.49939 0.658081 0.634033 0.683838 0.00102329
2 0.785645 0.239258 0.0419922 0.0605469 0.00101662
9 0.177002 0.380615 0.0615234 0.100586 0.00100803
