2 0.32605 0.262024 0.301025 0.143921 0.882812
3 0.0424042 0.347656 0.0636292 0.645508 0.249756
3 0.0461884 0.470703 0.0663147 0.941406 0.101379
2 0.520996 0.953369 0.0244141 0.0581055 0.0846558
6 0.0349884 0.908691 0.0606384 0.141602 0.0714722
6 0.0373535 0.864746 0.0551758 0.260742 0.0571289
2 0.0267792 0.391479 0.0360413 0.676025 0.0507507
2 0.022522 0.334229 0.0269775 0.351074 0.0294037
2 0.509766 0.124786 0.0566406 0.141052 0.0261536
3 0.0283203 0.32666 0.0507812 0.65332 0.0252533
6 0.0261536 0.900391 0.0413208 0.189453 0.0228729
3 0.966309 0.272095 0.0380859 0.502686 0.0223389
6 0.0687561 0.948242 0.121765 0.0839844 0.0215454
1 0.325195 0.261719 0.291992 0.13916 0.0191498
2 0.317139 0.261902 0.183105 0.141235 0.0185089
6 0.03125 0.929199 0.0404053 0.0771484 0.0180511
2 0.029892 0.420776 0.0368958 0.461182 0.0175629
6 0.0379791 0.935791 0.0639343 0.0913086 0.0168762
2 0.0302582 0.93335 0.0346985 0.0727539 0.0167542
6 0.974609 0.896484 0.0449219 0.185547 0.0150833
4 0.966309 0.272095 0.0380859 0.502686 0.012558
2 0.318848 0.246033 0.331055 0.232544 0.0116196
6 0.04039 0.891113 0.0786438 0.206055 0.0114212
3 0.0373535 0.864746 0.0551758 0.260742 0.0113144
1 0.0302582 0.93335 0.0346985 0.0727539 0.00999451
2 0.520996 0.936768 0.0302734 0.0854492 0.00898743
2 0.0234528 0.34082 0.0215759 0.184082 0.00895691
2 0.0231476 0.295654 0.0191345 0.181641 0.00847626
2 0.525879 0.961426 0.0263672 0.0419922 0.00817871
3 0.0287476 0.909668 0.0483398 0.178711 0.00808716
1 0.970947 0.860107 0.0444336 0.242676 0.00750351
1 0.036026 0.892578 0.0595398 0.195312 0.00704956
6 0.0491486 0.934082 0.0791931 0.116211 0.00647354
6 0.0435791 0.345215 0.0563965 0.668945 0.00605774
4 0.324707 0.261963 0.303711 0.171387 0.00580978
2 0.0231018 0.624023 0.0210571 0.112305 0.00543976
3 0.970947 0.860107 0.0444336 0.242676 0.00538254
13 0.0367279 0.841309 0.0449524 0.311523 0.00534058
1 0.123688 0.953613 0.229675 0.0732422 0.00521469
1 0.0383911 0.928467 0.0594482 0.127441 0.00521088
2 0.0435791 0.345215 0.0563965 0.668945 0.00476074
2 0.512695 0.951904 0.03125 0.059082 0.00467682
1 0.0435791 0.345215 0.0563965 0.668945 0.0046196
3 0.967773 0.727539 0.0449219 0.496094 0.00436401
2 0.0238647 0.287598 0.0343018 0.575195 0.00423431
2 0.519043 0.109253 0.0703125 0.183105 0.00406265
1 0.911621 0.964844 0.141602 0.0605469 0.00384712
2 0.541992 0.766113 0.0205078 0.0527344 0.00368118
13 0.0277557 0.783691 0.0188293 0.0888672 0.00364304
4 0.036438 0.89209 0.0539551 0.198242 0.0032196
13 0.325684 0.262146 0.297852 0.139771 0.00320816
1 0.0293121 0.914551 0.0434265 0.106445 0.00316048
6 0.103882 0.966553 0.207764 0.0668945 0.00313759
3 0.97168 0.915527 0.0527344 0.131836 0.00304222
6 0.324036 0.263916 0.305054 0.170898 0.00300026
3 0.0383911 0.928467 0.0594482 0.127441 0.002882
3 0.0267792 0.391479 0.0360413 0.676025 0.00271225
1 0.893555 0.973389 0.1875 0.0473633 0.00255394
6 0.102173 0.946533 0.182861 0.0991211 0.00251579
19 0.324036 0.263916 0.305054 0.170898 0.002388
2 0.0234222 0.644531 0.0244446 0.172852 0.0022583
9 0.324036 0.263916 0.305054 0.170898 0.00223541
6 0.0630188 0.922607 0.122009 0.111816 0.00217056
2 0.0256958 0.399292 0.0244141 0.209229 0.0021286
3 0.0496216 0.491211 0.0992432 0.982422 0.00212669
8 0.324036 0.263916 0.305054 0.170898 0.00212479
4 0.0435791 0.345215 0.0563965 0.668945 0.0020752
14 0.324036 0.263916 0.305054 0.170898 0.00206184
2 0.503418 0.150238 0.0537109 0.124817 0.00203705
1 0.965332 0.959717 0.0537109 0.0571289 0.00203514
16 0.324036 0.263916 0.305054 0.170898 0.00201225
1 0.0283203 0.32666 0.0507812 0.65332 0.00197983
18 0.324036 0.263916 0.305054 0.170898 0.00194454
7 0.324036 0.263916 0.305054 0.170898 0.00194454
3 0.04039 0.891113 0.0786438 0.206055 0.00192165
1 0.313965 0.952637 0.62793 0.0908203 0.00189781
2 0.963867 0.278687 0.0390625 0.522705 0.00188828
11 0.324036 0.263916 0.305054 0.170898 0.00180721
17 0.324036 0.263916 0.305054 0.170898 0.00180721
10 0.324036 0.263916 0.305054 0.170898 0.0017786
3 0.0404663 0.24054 0.0545654 0.454468 0.00174236
15 0.324036 0.263916 0.305054 0.170898 0.00169086
3 0.050415 0.945557 0.0826416 0.0893555 0.001688
1 0.969971 0.766113 0.0424805 0.424805 0.0016737
3 0.976562 0.895996 0.0410156 0.194336 0.00164986
1 0.935059 0.94873 0.104492 0.0908203 0.00162315
6 0.969727 0.857422 0.0488281 0.238281 0.00162029
6 0.0297546 0.0867004 0.0372925 0.151794 0.00161362
3 0.324036 0.263916 0.305054 0.170898 0.00160217
6 0.0826721 0.960938 0.131531 0.0742188 0.00158596
6 0.0447998 0.898438 0.0549316 0.175781 0.00157356
0 0.324036 0.263916 0.305054 0.170898 0.00154018
13 0.0435791 0.345215 0.0563965 0.668945 0.00153923
3 0.0334473 0.433472 0.0427246 0.517822 0.00152111
5 0.324036 0.263916 0.305054 0.170898 0.00151157
2 0.0349884 0.908691 0.0606384 0.141602 0.00147438
3 0.0293121 0.914551 0.0434265 0.106445 0.00145817
1 0.0836487 0.947998 0.165222 0.0844727 0.00143814
12 0.324036 0.263916 0.305054 0.170898 0.00140381
2 0.0293121 0.914551 0.0434265 0.106445 0.00140285
2 0.402222 0.217224 0.170166 0.0758057 0.00139999
19 0.56543 0.380249 0.615234 0.60083 0.00139332
2 0.416016 0.202576 0.15918 0.0684814 0.00135994
1 0.97168 0.916992 0.0527344 0.134766 0.00131893
2 0.10022 0.959473 0.199707 0.0751953 0.00131893
2 0.0283203 0.32666 0.0507812 0.65332 0.00130463
2 0.512207 0.936523 0.0371094 0.0917969 0.00123787
2 0.0261536 0.900391 0.0413208 0.189453 0.00122738
6 0.970947 0.942139 0.0483398 0.0805664 0.00122547
13 0.0261536 0.900391 0.0413208 0.189453 0.00119686
1 0.0206146 0.897949 0.0354309 0.19043 0.0011816
6 0.0443115 0.958496 0.0633545 0.0732422 0.00117683
1 0.950928 0.960938 0.074707 0.0527344 0.00117302
2 0.500977 0.101776 0.0849609 0.193909 0.00111198
1 0.489746 1 0.979492 0 0.00107098
3 0.0335083 0.173157 0.0532227 0.322632 0.00106144
3 0.0359497 0.0861206 0.050415 0.158081 0.00101948
1 0.0461884 0.470703 0.0663147 0.941406 0.00100708
13 0.0231628 0.632812 0.022522 0.138672 0.00100613
6 0.965576 0.959717 0.0532227 0.0532227 0.00100613
