6 0.0283203 0.931396 0.0415039 0.0844727 0.0894165
2 0.394287 0.552734 0.0200195 0.0712891 0.0608521
1 0.0263672 0.933105 0.0455322 0.0810547 0.0475159
3 0.0283203 0.930176 0.0480957 0.0761719 0.044281
2 0.0283203 0.936279 0.0384521 0.0825195 0.0420532
2 0.0269318 0.609253 0.0242615 0.283447 0.0403442
2 0.0308075 0.638672 0.0292053 0.213867 0.0314636
1 0.978516 0.968018 0.0332031 0.0600586 0.0267944
6 0.0235291 0.915039 0.0462036 0.136719 0.0177307
1 0.978516 0.958496 0.0429688 0.0771484 0.0156555
3 0.977539 0.956787 0.0449219 0.0629883 0.0134735
6 0.979492 0.962158 0.0390625 0.0678711 0.012764
3 0.0283203 0.937256 0.0332031 0.0708008 0.00887299
2 0.0249329 0.571777 0.0197144 0.192383 0.00884247
6 0.0349121 0.943848 0.0545654 0.0791016 0.0065155
13 0.0263672 0.933105 0.0455322 0.0810547 0.00644302
2 0.978271 0.958496 0.0395508 0.0771484 0.00541687
3 0.0279846 0.915527 0.0558472 0.116211 0.00530243
2 0.0345612 0.674316 0.0231628 0.172852 0.00444794
6 0.956543 0.966064 0.0810547 0.0620117 0.00402832
3 0.964355 0.418213 0.0634766 0.836426 0.00381088
2 0.028717 0.630249 0.0331421 0.546143 0.00369263
2 0.0292969 0.506836 0.0380859 0.496094 0.00354958
3 0.0291138 0.892578 0.0513916 0.189453 0.0034523
2 0.395996 0.55127 0.0239258 0.109375 0.00343895
3 0.974121 0.942139 0.0517578 0.0981445 0.00324631
6 0.0852966 0.962891 0.166321 0.0546875 0.00299644
6 0.0529175 0.953857 0.088501 0.0629883 0.00290298
1 0.974121 0.942139 0.0517578 0.0981445 0.00281525
3 0.980469 0.929443 0.0390625 0.11377 0.00279236
3 0.0276031 0.10202 0.0473328 0.143616 0.00271225
2 0.0267639 0.611816 0.0338745 0.34668 0.00258827
2 0.39917 0.554199 0.0161133 0.0722656 0.00251007
2 0.0243988 0.921631 0.0486145 0.0981445 0.00238037
2 0.394531 0.552734 0.0332031 0.0742188 0.00233078
2 0.0283203 0.500488 0.0498047 0.642578 0.00231361
3 0.968506 0.307373 0.0571289 0.614746 0.00230026
3 0.0189209 0.912354 0.0378418 0.161621 0.00219917
2 0.0310059 0.638672 0.0258789 0.135742 0.00213051
1 0.964355 0.962891 0.0556641 0.0644531 0.00209999
6 0.908203 0.966309 0.166016 0.0673828 0.0020256
6 0.0330811 0.905518 0.0585938 0.188965 0.00193119
6 0.984863 0.957031 0.0302734 0.0722656 0.00171566
2 0.024292 0.732422 0.0169678 0.0800781 0.00159931
2 0.983398 0.12854 0.0253906 0.168457 0.00158882
2 0.0329742 0.583496 0.0304871 0.246094 0.00158691
13 0.979492 0.960205 0.0410156 0.065918 0.00157738
2 0.397461 0.568848 0.0205078 0.0820312 0.00155354
1 0.0366211 0.937012 0.0427246 0.0771484 0.001544
3 0.0346069 0.447266 0.0692139 0.894531 0.00153255
3 0.0349274 0.947998 0.0517273 0.074707 0.00152874
4 0.397461 0.555176 0.0249023 0.0888672 0.00145531
13 0.982422 0.84375 0.0253906 0.0878906 0.00144577
2 0.0216675 0.617188 0.0183716 0.209961 0.00143242
6 0.0254211 0.868164 0.0454712 0.255859 0.00133228
3 0.0518494 0.954102 0.0862427 0.0664062 0.00130177
2 0.0216675 0.556152 0.0168457 0.161133 0.00125504
6 0.963623 0.962158 0.059082 0.0756836 0.00123978
1 0.0259247 0.104858 0.0350647 0.152588 0.00122356
2 0.0270996 0.663086 0.0202637 0.182617 0.0012188
3 0.0564728 0.422974 0.0669861 0.829834 0.00121593
2 0.0236359 0.916016 0.0428162 0.158203 0.00120354
3 0.95874 0.456543 0.0825195 0.885742 0.00119877
6 0.934814 0.975342 0.11084 0.0454102 0.00118923
4 0.0564728 0.422974 0.0669861 0.829834 0.00118542
2 0.0372467 0.69873 0.0196228 0.15332 0.00116539
2 0.0247192 0.516602 0.0166016 0.12793 0.0011282
14 0.0283203 0.931396 0.0415039 0.0844727 0.00111675
19 0.463989 0.78125 0.595459 0.4375 0.00111389
2 0.395264 0.575195 0.0166016 0.0429688 0.00101185
2 0.100342 0.964355 0.166748 0.0498047 0.00100708
2 0.468262 0.447998 0.0400391 0.0629883 0.00100708
