2 0.323975 0.78125 0.328613 0.111328 0.857422
6 0.978271 0.0887756 0.0375977 0.139343 0.0404968
3 0.0563354 0.494141 0.0950928 0.964844 0.0303192
2 0.975586 0.104004 0.0234375 0.0932617 0.0278473
2 0.0304565 0.068924 0.0375977 0.0862732 0.0224609
6 0.978271 0.939941 0.043457 0.0791016 0.0149002
3 0.977295 0.921387 0.0454102 0.106445 0.0124207
6 0.967773 0.94873 0.0625 0.0732422 0.0120926
3 0.0314941 0.890625 0.0562744 0.152344 0.0107193
2 0.980469 0.0980225 0.0273438 0.129639 0.00941467
2 0.321899 0.772949 0.340576 0.192383 0.00846863
6 0.980225 0.925049 0.0395508 0.11084 0.00832367
2 0.980469 0.124146 0.0195312 0.0913086 0.00808716
3 0.979248 0.898438 0.0415039 0.171875 0.00774765
2 0.990234 0.741211 0.0136719 0.0722656 0.00723648
3 0.0513306 0.479858 0.0541992 0.887939 0.00711441
1 0.979736 0.0924377 0.0288086 0.133484 0.00677872
3 0.978271 0.0887756 0.0375977 0.139343 0.0060463
1 0.323975 0.782227 0.35498 0.105469 0.00582886
2 0.431152 0.824219 0.154297 0.0205078 0.00526047
2 0.37439 0.799316 0.245361 0.0800781 0.00461578
6 0.920654 0.956055 0.143066 0.0800781 0.00458908
6 0.946533 0.94751 0.0913086 0.0854492 0.00413132
2 0.321777 0.785156 0.183594 0.110352 0.00366402
13 0.975586 0.104004 0.0234375 0.0932617 0.00362587
2 0.972656 0.118652 0.0175781 0.0983887 0.00338364
13 0.981445 0.112183 0.0234375 0.100098 0.00324249
2 0.0515747 0.499634 0.0933838 0.981201 0.00314331
3 0.981445 0.9375 0.0371094 0.0878906 0.00312996
6 0.0297546 0.910156 0.0513306 0.123047 0.00296211
13 0.321838 0.782227 0.337769 0.102539 0.00292969
3 0.0384521 0.865234 0.0581055 0.197266 0.00290871
2 0.978271 0.939941 0.043457 0.0791016 0.0029068
6 0.97876 0.89917 0.0424805 0.180176 0.0028801
13 0.990234 0.741211 0.0136719 0.0722656 0.00279808
2 0.435547 0.817871 0.294922 0.0380859 0.00264931
4 0.320557 0.78125 0.331543 0.103516 0.0025959
14 0.641602 0.143799 0.0605469 0.0905762 0.00258636
19 0.542603 0.606445 0.614014 0.634766 0.00248146
13 0.981445 0.138306 0.0175781 0.115967 0.00226784
13 0.972656 0.118652 0.0175781 0.0983887 0.00224686
1 0.977295 0.101074 0.027832 0.0917969 0.00223732
2 0.265137 0.77832 0.242188 0.100586 0.00205612
2 0.442139 0.827637 0.102051 0.0166016 0.0020256
13 0.979736 0.0924377 0.0288086 0.133484 0.00197601
6 0.980469 0.110229 0.0214844 0.102539 0.00194263
6 0.983398 0.949951 0.0332031 0.0688477 0.00191879
8 0.542603 0.606445 0.614014 0.634766 0.00182724
14 0.321838 0.782227 0.337769 0.102539 0.00170422
2 0.980225 0.925049 0.0395508 0.11084 0.0016737
3 0.962646 0.35791 0.0512695 0.71582 0.00165939
2 0.0284119 0.0935059 0.0342407 0.134521 0.00164223
9 0.321838 0.782227 0.337769 0.102539 0.00160217
3 0.0445557 0.599976 0.0621338 0.800049 0.00158024
3 0.0491943 0.355469 0.0726318 0.710938 0.00153351
19 0.623535 0.643677 0.389648 0.519287 0.00150394
3 0.036499 0.5 0.072998 1 0.00148582
19 0.512817 0.674805 0.470459 0.483398 0.00146866
6 0.976562 0.957031 0.0429688 0.0722656 0.00143242
2 0.977295 0.0930786 0.0375977 0.0982666 0.00139999
2 0.0359497 0.0873108 0.0447998 0.110046 0.00133324
14 0.950684 0.242432 0.0117188 0.0131836 0.00122738
6 0.321838 0.782227 0.337769 0.102539 0.00122356
19 0.321838 0.782227 0.337769 0.102539 0.00121975
1 0.981445 0.112183 0.0234375 0.100098 0.00121021
19 0.537109 0.479004 0.446289 0.668945 0.0012064
6 0.978516 0.093689 0.0332031 0.0936279 0.00116444
3 0.0305939 0.911133 0.044281 0.132812 0.00115871
3 0.968506 0.892578 0.0629883 0.149414 0.00113583
5 0.321838 0.782227 0.337769 0.102539 0.00111866
2 0.046875 0.151123 0.0170898 0.0478516 0.00109005
19 0.65564 0.667603 0.596924 0.662842 0.00107861
8 0.627075 0.692871 0.507568 0.557617 0.00107765
7 0.321838 0.782227 0.337769 0.102539 0.00106812
17 0.321838 0.782227 0.337769 0.102539 0.00101852
7 0.542603 0.606445 0.614014 0.634766 0.00101471
19 0.578003 0.750488 0.582275 0.479492 0.00101185
2 0.449463 0.822754 0.0893555 0.0205078 0.00100517
19 0.442139 0.579712 0.430176 0.537842 0.00100517
11 0.321838 0.782227 0.337769 0.102539 0.00100327
