2 0.391479 0.721191 0.16333 0.0966797 0.877441
2 0.163574 0.0199585 0.0356445 0.039917 0.353027
6 0.969971 0.0431061 0.0522461 0.0854187 0.0648193
2 0.932129 0.0170441 0.0341797 0.0332947 0.0563965
3 0.972656 0.710205 0.0527344 0.528809 0.0552368
2 0.978516 0.76123 0.0371094 0.442383 0.0514526
3 0.979248 0.756836 0.0415039 0.427734 0.0415649
3 0.041153 0.875977 0.0629578 0.203125 0.0272522
2 0.558594 0.0164795 0.0283203 0.032959 0.0198975
1 0.0407257 0.841797 0.0596619 0.289062 0.0154266
3 0.967529 0.582886 0.059082 0.769775 0.0122681
6 0.0406494 0.869385 0.0551758 0.239746 0.011322
6 0.975342 0.0604706 0.0395508 0.113434 0.0107269
6 0.958984 0.0505371 0.0605469 0.101074 0.00949097
6 0.941162 0.0220337 0.074707 0.0440674 0.00920105
2 0.395508 0.720703 0.0888672 0.0927734 0.00834656
6 0.981689 0.759766 0.0366211 0.439453 0.00816345
2 0.177246 0.0195007 0.043457 0.0390015 0.00800323
2 0.388184 0.710449 0.208984 0.163086 0.0079422
2 0.154297 0.0198364 0.0332031 0.0396729 0.00717926
1 0.164062 0.020752 0.0334473 0.0415039 0.00708771
1 0.938965 0.0196533 0.0458984 0.0360107 0.00705338
1 0.96875 0.0399017 0.0546875 0.0791321 0.00676346
2 0.971436 0.71228 0.0473633 0.542236 0.00664139
13 0.0336304 0.142273 0.0319824 0.183228 0.00640488
3 0.975586 0.0466309 0.0410156 0.0932617 0.00618362
1 0.0338745 0.827393 0.0372314 0.288574 0.005867
6 0.951416 0.0349121 0.0776367 0.0698242 0.00579071
6 0.973877 0.844727 0.0444336 0.259766 0.0053215
2 0.936035 0.0163269 0.0537109 0.0326538 0.0052948
13 0.391846 0.723145 0.160645 0.0966797 0.00458527
2 0.165527 0.0275879 0.0410156 0.0551758 0.00432587
1 0.0299225 0.870117 0.0370789 0.197266 0.0040741
3 0.975586 0.856445 0.0449219 0.257812 0.00371361
4 0.391846 0.723145 0.160645 0.0966797 0.00361824
6 0.0336304 0.142273 0.0319824 0.183228 0.00352287
1 0.94165 0.0227661 0.0776367 0.0455322 0.00340271
3 0.0394745 0.844727 0.0455627 0.279297 0.00334549
6 0.936035 0.0163269 0.0537109 0.0326538 0.00330353
6 0.971436 0.71228 0.0473633 0.542236 0.00319481
14 0.391846 0.723145 0.160645 0.0966797 0.00309753
1 0.964844 0.0576477 0.0625 0.106384 0.00308228
1 0.757812 0.176147 0.106445 0.0817871 0.00303268
1 0.963135 0.0272827 0.050293 0.0483398 0.00298882
13 0.975586 0.0462646 0.0449219 0.0925293 0.00294685
1 0.393433 0.72168 0.168213 0.0996094 0.00291252
3 0.976562 0.0782471 0.0390625 0.15625 0.00284576
19 0.498535 0.490845 0.646484 0.647217 0.00283051
1 0.0336304 0.142273 0.0319824 0.183228 0.00280571
3 0.962158 0.0389404 0.0600586 0.0773926 0.0026741
2 0.963135 0.0272827 0.050293 0.0483398 0.00266838
2 0.942383 0.0214233 0.0625 0.038208 0.00252914
2 0.861816 0.0220337 0.0292969 0.0368652 0.00243759
9 0.391846 0.723145 0.160645 0.0966797 0.00243378
1 0.144226 0.964844 0.242798 0.0527344 0.00228119
1 0.97876 0.877197 0.0424805 0.22998 0.00221252
2 0.405762 0.0150909 0.0258789 0.0301819 0.0022068
1 0.926758 0.019043 0.0380859 0.0344238 0.00217628
3 0.981445 0.644043 0.0371094 0.588867 0.00216866
2 0.825684 0.629395 0.03125 0.0878906 0.00211334
8 0.498535 0.490845 0.646484 0.647217 0.00210953
4 0.656372 0.577026 0.550537 0.76001 0.00209045
19 0.656372 0.577026 0.550537 0.76001 0.00208664
19 0.683105 0.752686 0.407227 0.477051 0.00206566
2 0.874512 0.569336 0.0615234 0.0136719 0.00201797
14 0.163574 0.0202637 0.034668 0.0405273 0.00195694
6 0.978271 0.0976562 0.0415039 0.178711 0.00195312
19 0.513184 0.553711 0.43457 0.536133 0.00188923
2 0.144226 0.964844 0.242798 0.0527344 0.00186825
13 0.981445 0.133911 0.0214844 0.119873 0.00185871
4 0.981201 0.770508 0.0375977 0.447266 0.00185299
1 0.971436 0.71228 0.0473633 0.542236 0.00181675
2 0.413452 0.694336 0.196533 0.226562 0.00177956
19 0.387268 0.543579 0.463745 0.533936 0.00177765
13 0.932129 0.0179138 0.0380859 0.0321655 0.00174904
13 0.164551 0.0201416 0.0349121 0.0402832 0.00168419
2 0.155396 0.0128174 0.0285645 0.0236206 0.00167847
6 0.964355 0.0275574 0.0517578 0.0487671 0.00164127
7 0.391846 0.723145 0.160645 0.0966797 0.00163651
6 0.950195 0.0602875 0.0859375 0.112823 0.00162888
6 0.391846 0.723145 0.160645 0.0966797 0.00161171
4 0.498535 0.490845 0.646484 0.647217 0.00158596
8 0.683105 0.752686 0.407227 0.477051 0.00155163
8 0.656372 0.577026 0.550537 0.76001 0.00154495
2 0.984375 0.649414 0.0273438 0.37207 0.00150013
5 0.391846 0.723145 0.160645 0.0966797 0.00148487
1 0.973877 0.844727 0.0444336 0.259766 0.00148296
2 0.979004 0.60791 0.0419922 0.691406 0.00144863
19 0.391846 0.723145 0.160645 0.0966797 0.00138378
12 0.391846 0.723145 0.160645 0.0966797 0.0013628
13 0.978516 0.76123 0.0371094 0.442383 0.00136089
16 0.391846 0.723145 0.160645 0.0966797 0.00135803
13 0.962891 0.0385895 0.0664062 0.0754089 0.00134182
2 0.96582 0.782471 0.0410156 0.407715 0.00134182
17 0.391846 0.723145 0.160645 0.0966797 0.00133705
10 0.391846 0.723145 0.160645 0.0966797 0.00133705
7 0.498535 0.490845 0.646484 0.647217 0.00132561
2 0.975586 0.0466309 0.0410156 0.0932617 0.00132275
3 0.0337524 0.114624 0.0393066 0.191406 0.00131702
8 0.391846 0.723145 0.160645 0.0966797 0.00129604
12 0.498535 0.490845 0.646484 0.647217 0.00126743
15 0.391846 0.723145 0.160645 0.0966797 0.00126553
11 0.391846 0.723145 0.160645 0.0966797 0.00125504
19 0.262634 0.559082 0.416138 0.654297 0.00125217
18 0.391846 0.723145 0.160645 0.0966797 0.0012455
0 0.391846 0.723145 0.160645 0.0966797 0.00122738
19 0.633789 0.786621 0.601562 0.426758 0.00122261
6 0.0428467 0.0793762 0.0551758 0.157166 0.0011673
3 0.391846 0.723145 0.160645 0.0966797 0.00116158
8 0.306641 0.51416 0.5 0.597656 0.00113106
4 0.683105 0.752686 0.407227 0.477051 0.0011282
2 0.199768 0.298828 0.0462646 0.101562 0.00112247
17 0.498535 0.490845 0.646484 0.647217 0.00107861
2 0.550781 0.0178833 0.0283203 0.0266113 0.00107193
14 0.558594 0.0159302 0.0283203 0.0318604 0.00105858
3 0.983398 0.674805 0.0273438 0.329102 0.0010519
6 0.980225 0.889404 0.0395508 0.193848 0.00104713
19 0.616699 0.570312 0.425781 0.557617 0.00103855
15 0.498535 0.490845 0.646484 0.647217 0.00103569
3 0.969971 0.805908 0.0522461 0.343262 0.00102711
1 0.972412 0.0339355 0.0375977 0.0606689 0.00101662
1 0.861816 0.0220337 0.0292969 0.0368652 0.00101185
16 0.578003 0.509155 0.586182 0.680908 0.00100803
9 0.498535 0.490845 0.646484 0.647217 0.00100613
