2 0.407227 0.325928 0.583984 0.48291 0.854492
2 0.348694 0.408447 0.480347 0.343262 0.380859
3 0.971436 0.294189 0.0512695 0.558105 0.140503
6 0.0350342 0.866211 0.0443115 0.257812 0.0759888
2 0.283447 0.436401 0.327637 0.247314 0.0482483
2 0.46283 0.237305 0.48938 0.3125 0.045105
3 0.0355377 0.874268 0.0485535 0.222168 0.0443115
1 0.410156 0.367676 0.540039 0.454102 0.02742
1 0.0360107 0.84082 0.0467529 0.3125 0.026474
2 0.380127 0.32312 0.413574 0.304932 0.0240173
6 0.0283203 0.934814 0.039917 0.0913086 0.0184784
4 0.40564 0.328247 0.598877 0.493896 0.0164948
1 0.0283356 0.942871 0.0363464 0.0888672 0.0164642
3 0.966064 0.405518 0.0581055 0.811035 0.015976
3 0.0394135 0.834717 0.0603333 0.293457 0.0159454
6 0.036499 0.0737305 0.0494385 0.144531 0.0150604
2 0.0324249 0.930908 0.0325623 0.0932617 0.0121613
3 0.0381012 0.233887 0.0649109 0.435547 0.0113831
6 0.40564 0.328247 0.598877 0.493896 0.00709534
2 0.435669 0.469849 0.642334 0.782959 0.00660706
19 0.40564 0.328247 0.598877 0.493896 0.00653458
13 0.40564 0.328247 0.598877 0.493896 0.00633621
4 0.34082 0.385864 0.44043 0.392334 0.00569153
6 0.0368652 0.103271 0.0615234 0.190674 0.00542831
6 0.97168 0.289185 0.0449219 0.534912 0.00525284
2 0.636719 0.120117 0.114258 0.0700684 0.0051651
9 0.40564 0.328247 0.598877 0.493896 0.00479507
6 0.0394135 0.834717 0.0603333 0.293457 0.00474548
18 0.40564 0.328247 0.598877 0.493896 0.00452042
16 0.40564 0.328247 0.598877 0.493896 0.00447083
14 0.40564 0.328247 0.598877 0.493896 0.00431824
6 0.0269623 0.914062 0.0388489 0.144531 0.00409698
3 0.956055 0.463379 0.0878906 0.926758 0.00400925
11 0.40564 0.328247 0.598877 0.493896 0.00391769
3 0.0432129 0.747803 0.057373 0.48877 0.00382233
2 0.420898 0.279785 0.381836 0.234375 0.00376511
2 0.601562 0.180267 0.193359 0.188782 0.00371552
17 0.40564 0.328247 0.598877 0.493896 0.0037117
7 0.40564 0.328247 0.598877 0.493896 0.00367928
3 0.0390015 0.154419 0.0725098 0.262451 0.00367355
8 0.40564 0.328247 0.598877 0.493896 0.00363922
15 0.40564 0.328247 0.598877 0.493896 0.00328636
3 0.40564 0.328247 0.598877 0.493896 0.00326157
0 0.40564 0.328247 0.598877 0.493896 0.00321388
10 0.40564 0.328247 0.598877 0.493896 0.00312614
5 0.40564 0.328247 0.598877 0.493896 0.00307846
1 0.97168 0.289185 0.0449219 0.534912 0.00305748
2 0.558105 0.206787 0.291992 0.253418 0.00301933
2 0.623047 0.139771 0.150391 0.104736 0.00282288
12 0.40564 0.328247 0.598877 0.493896 0.00281334
3 0.0278931 0.893799 0.0361328 0.206543 0.00268745
1 0.026123 0.850586 0.0306396 0.193359 0.00265503
4 0.97168 0.26416 0.0449219 0.483398 0.00265121
3 0.0379028 0.0653687 0.0509033 0.124146 0.0025444
6 0.0278168 0.94873 0.0312805 0.0732422 0.00252914
19 0.34082 0.385864 0.44043 0.392334 0.00242615
1 0.098877 0.955078 0.172119 0.0898438 0.00233841
6 0.970703 0.071579 0.0507812 0.119293 0.00227356
2 0.388184 0.335388 0.320312 0.477661 0.00226784
13 0.34082 0.385864 0.44043 0.392334 0.00226402
3 0.0306396 0.850586 0.0328369 0.203125 0.00218201
6 0.026123 0.850586 0.0306396 0.193359 0.00213051
6 0.34082 0.385864 0.44043 0.392334 0.0021019
1 0.337646 0.943115 0.115234 0.0922852 0.00194359
1 0.0340576 0.931641 0.0368652 0.0917969 0.00193691
3 0.0414429 0.337402 0.0639648 0.674805 0.00187302
3 0.0380859 0.0999756 0.0616455 0.199951 0.00184822
2 0.322937 0.472168 0.396118 0.558594 0.0018425
2 0.0253906 0.931396 0.0327148 0.0825195 0.00177288
2 0.326599 0.476562 0.424927 0.253906 0.00175667
1 0.0586395 0.936279 0.0956116 0.109863 0.00172234
2 0.342224 0.409912 0.261841 0.350098 0.00171947
11 0.34082 0.385864 0.44043 0.392334 0.00155926
6 0.0273438 0.948242 0.0531006 0.0839844 0.0015564
9 0.34082 0.385864 0.44043 0.392334 0.00155354
2 0.0379028 0.865723 0.0518799 0.235352 0.00153446
2 0.976807 0.847656 0.0249023 0.149414 0.00153065
18 0.34082 0.385864 0.44043 0.392334 0.00152397
3 0.0283203 0.938965 0.0415039 0.0888672 0.00152111
2 0.250427 0.47998 0.283325 0.175781 0.00150204
16 0.34082 0.385864 0.44043 0.392334 0.00147724
8 0.34082 0.385864 0.44043 0.392334 0.00146008
1 0.0395508 0.941406 0.0545654 0.0878906 0.00145912
6 0.976562 0.179321 0.0390625 0.2771 0.00145721
3 0.0478516 0.893066 0.0617676 0.213867 0.00143528
13 0.97168 0.289185 0.0449219 0.534912 0.00142574
1 0.454224 0.235046 0.499756 0.314087 0.0014019
2 0.03125 0.941162 0.0499268 0.0825195 0.00140095
17 0.34082 0.385864 0.44043 0.392334 0.00137711
6 0.0447235 0.881836 0.0553284 0.214844 0.00137138
13 0.0350342 0.866211 0.0443115 0.257812 0.00135517
2 0.97168 0.289185 0.0449219 0.534912 0.00134087
2 0.522949 0.97583 0.0234375 0.0249023 0.00133896
14 0.34082 0.385864 0.44043 0.392334 0.00133514
13 0.980469 0.112213 0.0273438 0.180359 0.00132084
7 0.34082 0.385864 0.44043 0.392334 0.00131512
2 0.569702 0.384888 0.602783 0.572021 0.0012989
3 0.971436 0.0714111 0.0473633 0.125488 0.00128555
15 0.34082 0.385864 0.44043 0.392334 0.00127888
3 0.0303345 0.791504 0.0494385 0.397461 0.00121593
6 0.958984 0.0547638 0.0742188 0.0965271 0.00120449
3 0.978271 0.250427 0.0375977 0.453247 0.00120258
0 0.34082 0.385864 0.44043 0.392334 0.00117397
3 0.34082 0.385864 0.44043 0.392334 0.00116539
5 0.34082 0.385864 0.44043 0.392334 0.00110817
12 0.34082 0.385864 0.44043 0.392334 0.00106907
4 0.0360718 0.876465 0.043457 0.233398 0.00104046
2 0.975586 0.805176 0.0253906 0.237305 0.00103092
