2 0.225098 0.294861 0.0273438 0.168091 0.641113
2 0.225525 0.291992 0.0469971 0.169922 0.0698242
3 0.0461578 0.418701 0.0658875 0.837402 0.061676
3 0.945068 0.486816 0.090332 0.93457 0.0517883
14 0.228271 0.28833 0.034668 0.17041 0.0458069
1 0.183105 0.963379 0.347656 0.0361328 0.0305023
2 0.225098 0.293457 0.0332031 0.110352 0.0297241
6 0.034668 0.138855 0.0456543 0.25354 0.0261078
3 0.0422516 0.292114 0.0556335 0.544678 0.0186615
3 0.034256 0.171387 0.044281 0.316406 0.0176849
14 0.220154 0.29425 0.0333252 0.165405 0.0172424
3 0.0523682 0.488281 0.104736 0.939453 0.0073204
2 0.228699 0.272949 0.0362549 0.126465 0.00723267
6 0.0404053 0.230957 0.0471191 0.422363 0.00694275
13 0.0351715 0.131989 0.0409851 0.236023 0.00688171
3 0.0346527 0.125549 0.0578918 0.215698 0.00595093
1 0.225403 0.29303 0.0345459 0.168823 0.00592804
13 0.969482 0.126587 0.0375977 0.237061 0.00548935
2 0.226318 0.298096 0.0234375 0.0932617 0.00526047
3 0.0343475 0.509888 0.0487366 0.810303 0.00418472
3 0.950195 0.372559 0.0703125 0.745117 0.00310516
1 0.182129 0.975586 0.325684 0.0488281 0.00284386
1 0.0384521 0.172974 0.0462646 0.306885 0.00262451
6 0.96875 0.110107 0.0390625 0.185547 0.00229454
13 0.225403 0.29303 0.0345459 0.168823 0.00229073
4 0.225098 0.294861 0.0273438 0.168091 0.00224304
2 0.220459 0.317383 0.0219727 0.123047 0.00211525
13 0.0205688 0.313965 0.0147095 0.0810547 0.0020256
2 0.0429688 0.335205 0.0550537 0.640137 0.00170898
13 0.0405273 0.164886 0.0351562 0.23468 0.00155926
2 0.223633 0.34082 0.019043 0.0786133 0.00153446
6 0.0429688 0.335205 0.0550537 0.640137 0.00144386
6 0.0243378 0.0496063 0.0397034 0.0785217 0.0014267
4 0.0523376 0.489258 0.0911255 0.958984 0.00128746
3 0.96875 0.110107 0.0390625 0.185547 0.00124741
2 0.0205688 0.313965 0.0147095 0.0810547 0.00123692
6 0.0480957 0.489258 0.0917969 0.954102 0.00120163
4 0.945068 0.486816 0.090332 0.93457 0.00114918
6 0.945068 0.486816 0.090332 0.93457 0.00109863
2 0.228027 0.265625 0.0239258 0.111816 0.00104809
1 0.0422516 0.292114 0.0556335 0.544678 0.00104332
