2 0.47168 0.153412 0.134766 0.127258 0.841309
2 0.60498 0.177246 0.0361328 0.15625 0.34668
13 0.60498 0.178467 0.0390625 0.169434 0.125854
6 0.0342407 0.938965 0.0556641 0.0888672 0.114685
6 0.0856018 0.946533 0.158386 0.0893555 0.0903931
6 0.0542755 0.941406 0.0901794 0.103516 0.0565796
1 0.0292969 0.934082 0.0415039 0.0683594 0.0449829
6 0.0379639 0.911133 0.0632324 0.177734 0.0312805
2 0.0292969 0.935547 0.0355225 0.0722656 0.0296783
6 0.973633 0.947266 0.046875 0.0800781 0.0289764
6 0.0267334 0.916504 0.0490723 0.143555 0.0265198
6 0.0292358 0.112976 0.0472412 0.212524 0.0231628
6 0.0292969 0.934082 0.0415039 0.0683594 0.0179291
3 0.0320435 0.144531 0.0471191 0.245605 0.0179291
2 0.0264893 0.390137 0.0195312 0.118164 0.0177155
13 0.603027 0.162201 0.0556641 0.157043 0.0170746
6 0.0370483 0.863037 0.0546875 0.260254 0.0169678
6 0.974609 0.927979 0.0410156 0.124512 0.0163879
2 0.485962 0.151825 0.186279 0.173401 0.015625
6 0.126007 0.952148 0.240173 0.0820312 0.0152206
13 0.0317535 0.129913 0.0397644 0.22699 0.0147934
2 0.0263977 0.418091 0.0198364 0.105225 0.0141296
2 0.026535 0.354492 0.018219 0.0693359 0.0132599
2 0.0265656 0.348389 0.0154724 0.0483398 0.0127029
2 0.0274963 0.199219 0.022522 0.102051 0.0100861
1 0.125641 0.951172 0.231628 0.0820312 0.00986481
2 0.0266418 0.33374 0.0181274 0.0649414 0.00972748
6 0.0998535 0.962646 0.199707 0.074707 0.00970459
6 0.977783 0.899414 0.0444336 0.189453 0.00878143
6 0.0355072 0.14621 0.0491028 0.249573 0.00870514
6 0.0346985 0.932373 0.069397 0.111816 0.0085907
6 0.916504 0.960938 0.145508 0.078125 0.00816345
2 0.59668 0.173004 0.0371094 0.167175 0.00696182
13 0.474487 0.154694 0.136963 0.128113 0.00653839
3 0.0267334 0.916504 0.0490723 0.143555 0.00653458
1 0.472656 0.153198 0.132812 0.133545 0.00640106
3 0.034668 0.932617 0.0587158 0.101562 0.0063858
6 0.0285187 0.0858459 0.0384216 0.148621 0.00611877
1 0.60498 0.177246 0.0361328 0.15625 0.00594711
3 0.972656 0.254456 0.0429688 0.457886 0.00576401
13 0.0275879 0.199219 0.0197754 0.0966797 0.00570679
2 0.0271759 0.305908 0.0190125 0.0996094 0.00518799
6 0.0208435 0.928711 0.041687 0.09375 0.00509644
13 0.604492 0.178711 0.0341797 0.112793 0.00498199
2 0.609375 0.165649 0.0341797 0.112549 0.0049057
2 0.0272675 0.222168 0.0201721 0.0932617 0.00482559
1 0.978516 0.146027 0.0390625 0.247009 0.00476456
2 0.0332489 0.939453 0.065094 0.0800781 0.00467682
2 0.973633 0.947266 0.046875 0.0800781 0.00430679
1 0.9375 0.943604 0.111328 0.101074 0.00428772
1 0.0704651 0.942383 0.127136 0.0996094 0.00427628
1 0.0362549 0.941895 0.0606689 0.0888672 0.0042572
2 0.0269623 0.164673 0.0272522 0.224365 0.00422668
2 0.0272827 0.737305 0.0249023 0.0878906 0.00418854
1 0.968506 0.954346 0.0551758 0.0737305 0.00411606
2 0.474609 0.149658 0.0888672 0.113037 0.00411224
3 0.0856018 0.946533 0.158386 0.0893555 0.0039711
6 0.946533 0.959473 0.0874023 0.0712891 0.00374794
1 0.118713 0.96582 0.233276 0.0683594 0.00359535
4 0.472656 0.156128 0.136719 0.127686 0.00351906
3 0.0379639 0.911133 0.0632324 0.177734 0.00349998
3 0.0542755 0.941406 0.0901794 0.103516 0.00334167
14 0.472046 0.154663 0.131104 0.121826 0.00331879
3 0.963135 0.324219 0.0561523 0.648438 0.00326538
1 0.908936 0.961426 0.158691 0.0751953 0.00322723
2 0.0315552 0.800293 0.039917 0.342773 0.00314713
9 0.472046 0.154663 0.131104 0.121826 0.0030365
1 0.973633 0.223145 0.0410156 0.412109 0.0030117
2 0.0266113 0.264587 0.0200195 0.0987549 0.00298882
2 0.0275116 0.443848 0.0202942 0.100586 0.00293732
13 0.0366211 0.836426 0.050415 0.301758 0.00278282
3 0.0370483 0.863037 0.0546875 0.260254 0.00275993
2 0.0987854 0.954834 0.194519 0.090332 0.00274849
6 0.0183105 0.898926 0.0335693 0.172852 0.00274658
3 0.0267334 0.111328 0.0393066 0.205566 0.00271797
1 0.0320435 0.144531 0.0471191 0.245605 0.00270271
1 0.888916 0.972656 0.192871 0.0527344 0.00261307
2 0.0268555 0.182129 0.0184326 0.0756836 0.00253296
2 0.0258636 0.755859 0.0263977 0.0820312 0.00251579
1 0.0286407 0.10022 0.0415955 0.193115 0.00247765
13 0.0355377 0.942139 0.0627136 0.0844727 0.0024128
6 0.0407104 0.957764 0.0625 0.0844727 0.00227356
6 0.958496 0.947266 0.0673828 0.0957031 0.00217819
3 0.0292969 0.934082 0.0415039 0.0683594 0.00217438
1 0.963379 0.93335 0.0615234 0.11377 0.00213432
2 0.0262909 0.242188 0.0176086 0.0712891 0.0021019
6 0.0765991 0.928955 0.127319 0.14209 0.00208282
6 0.474121 0.157501 0.134766 0.131775 0.00206947
2 0.0288696 0.322021 0.0174561 0.0859375 0.0020237
7 0.474121 0.157501 0.134766 0.131775 0.00195217
19 0.474121 0.157501 0.134766 0.131775 0.00183296
16 0.474121 0.157501 0.134766 0.131775 0.00173664
5 0.474121 0.157501 0.134766 0.131775 0.00173664
10 0.474121 0.157501 0.134766 0.131775 0.00165081
15 0.472046 0.154663 0.131104 0.121826 0.00163269
12 0.472046 0.154663 0.131104 0.121826 0.00162697
3 0.0335083 0.0885925 0.0469971 0.172913 0.00160313
17 0.474121 0.157501 0.134766 0.131775 0.00156307
8 0.472046 0.154663 0.131104 0.121826 0.00156021
2 0.888916 0.972656 0.192871 0.0527344 0.00155354
6 0.127747 0.939453 0.236694 0.121094 0.00155067
0 0.474121 0.157501 0.134766 0.131775 0.00154495
6 0.976318 0.170349 0.0356445 0.282349 0.00151062
18 0.474121 0.157501 0.134766 0.131775 0.00150871
3 0.472046 0.154663 0.131104 0.121826 0.00149918
11 0.474121 0.157501 0.134766 0.131775 0.00149727
13 0.0292969 0.934082 0.0415039 0.0683594 0.00149727
3 0.974854 0.895752 0.050293 0.188965 0.00147343
3 0.974609 0.927979 0.0410156 0.124512 0.00143433
3 0.0378418 0.22345 0.0424805 0.420288 0.00141621
3 0.978516 0.146027 0.0390625 0.247009 0.00139904
2 0.0245972 0.790527 0.0286865 0.144531 0.00138092
2 0.610352 0.196838 0.0380859 0.161987 0.00133514
6 0.932617 0.946777 0.109375 0.104492 0.00126553
2 0.0317383 0.735352 0.0230713 0.146484 0.00120735
2 0.0324097 0.15863 0.0461426 0.290161 0.00117588
13 0.0262909 0.242188 0.0176086 0.0712891 0.00115204
2 0.415527 0.6875 0.0307617 0.136719 0.00114727
6 0.957764 0.905762 0.0688477 0.188477 0.00113392
4 0.034668 0.932617 0.0587158 0.101562 0.00113106
2 0.0234985 0.901367 0.0404053 0.173828 0.00111389
2 0.0275726 0.288574 0.0172424 0.0625 0.00111198
3 0.975586 0.951172 0.0429688 0.0742188 0.00110912
13 0.0990906 0.946777 0.190979 0.0947266 0.00110245
13 0.0285187 0.0858459 0.0384216 0.148621 0.00109863
1 0.0356445 0.895752 0.0648193 0.181152 0.00108051
2 0.612793 0.147705 0.0351562 0.0986328 0.00107956
4 0.0542755 0.941406 0.0901794 0.103516 0.0010767
19 0.63269 0.439575 0.506104 0.540771 0.00104809
