2 0.408569 0.597656 0.120361 0.381836 0.56543
2 0.625977 0.86084 0.455078 0.0488281 0.259521
2 0.780273 0.837891 0.140625 0.0253906 0.250732
2 0.538574 0.866211 0.24707 0.0273438 0.198853
2 0.592773 0.867188 0.364258 0.0380859 0.18689
2 0.409668 0.67627 0.118164 0.233398 0.0697632
2 0.403564 0.555176 0.097168 0.279297 0.0686035
13 0.393799 0.638672 0.0878906 0.121094 0.0671997
6 0.980713 0.941162 0.0385742 0.0668945 0.0448914
3 0.0449219 0.5 0.0780029 1 0.0444641
2 0.765137 0.841797 0.106445 0.0185547 0.0267487
2 0.0224609 0.924805 0.0177002 0.0498047 0.0225677
3 0.0449982 0.387451 0.0701599 0.754395 0.0221558
2 0.439819 0.60791 0.0637207 0.37793 0.0206757
2 0.65564 0.849121 0.450439 0.0537109 0.0185852
2 0.028595 0.928711 0.024353 0.0722656 0.0159149
6 0.0380249 0.923584 0.060791 0.105957 0.015686
6 0.029541 0.939209 0.0518799 0.0864258 0.0150452
13 0.406006 0.57959 0.11084 0.331055 0.0142822
3 0.956787 0.499878 0.0864258 0.943604 0.0125732
6 0.979736 0.128815 0.0327148 0.186218 0.0120163
2 0.0253906 0.828125 0.0183105 0.0644531 0.0115662
2 0.985352 0.940674 0.0292969 0.0600586 0.0115204
2 0.0224609 0.922852 0.0230713 0.0683594 0.0114517
2 0.982422 0.604492 0.0351562 0.511719 0.00972748
2 0.545288 0.86377 0.216064 0.0439453 0.00958252
2 0.799805 0.833008 0.151367 0.0283203 0.00928497
1 0.981201 0.141205 0.0336914 0.215149 0.00907898
2 0.405762 0.644531 0.104004 0.150391 0.00894928
6 0.0424957 0.887207 0.063446 0.180664 0.00826263
2 0.527954 0.873535 0.268311 0.0449219 0.00821686
2 0.776367 0.837891 0.0878906 0.0234375 0.00720978
2 0.830078 0.764648 0.0947266 0.03125 0.00695038
4 0.405762 0.601562 0.124512 0.382812 0.00611115
2 0.424194 0.602539 0.224854 0.411133 0.00602341
2 0.0274658 0.933838 0.0356445 0.0893555 0.00597382
6 0.0491791 0.947021 0.072052 0.0786133 0.00537491
1 0.981201 0.116058 0.0258789 0.15509 0.00522232
6 0.0300598 0.924072 0.0321655 0.0913086 0.00508881
6 0.987305 0.937744 0.0253906 0.0639648 0.00485229
2 0.54541 0.862793 0.176758 0.0292969 0.00482178
2 0.41626 0.511597 0.0800781 0.207275 0.00449371
2 0.5625 0.865234 0.238281 0.0195312 0.00437546
2 0.389893 0.565918 0.194824 0.329102 0.0043602
3 0.962158 0.675781 0.0756836 0.583984 0.00431824
2 0.0276031 0.826172 0.0260925 0.124023 0.00404739
1 0.978271 0.945557 0.0415039 0.0678711 0.00377655
2 0.390869 0.626465 0.0844727 0.124023 0.00375175
2 0.597656 0.858398 0.384766 0.0761719 0.00355721
3 0.041626 0.885498 0.0612793 0.211426 0.00349617
2 0.0323486 0.833984 0.0349121 0.25 0.00345802
1 0.985352 0.940674 0.0292969 0.0600586 0.00343704
6 0.984863 0.948975 0.0302734 0.059082 0.00341606
6 0.0675354 0.945557 0.120789 0.0834961 0.0033741
6 0.0856934 0.964111 0.151123 0.050293 0.00334549
3 0.0435791 0.274902 0.0540771 0.507812 0.00330734
6 0.977539 0.161621 0.0390625 0.288086 0.00325584
6 0.0262146 0.921387 0.038147 0.125977 0.00313759
1 0.625977 0.86084 0.455078 0.0488281 0.00302124
6 0.0192719 0.929688 0.0252991 0.0820312 0.00296974
2 0.787598 0.833008 0.0888672 0.0283203 0.00282669
3 0.0579834 0.513672 0.115967 0.947266 0.00281906
3 0.0358887 0.935791 0.0532227 0.101074 0.00281715
2 0.630859 0.844727 0.473633 0.09375 0.00276947
2 0.424805 0.55127 0.0800781 0.266602 0.00276947
2 0.984375 0.821777 0.0214844 0.108398 0.00259399
13 0.025116 0.82959 0.0180054 0.0664062 0.00257683
4 0.964355 0.459717 0.0673828 0.919434 0.00250816
2 0.985352 0.0981445 0.015625 0.0610352 0.00249481
3 0.043457 0.657349 0.0722656 0.659912 0.00248337
13 0.984375 0.821777 0.0214844 0.108398 0.00238037
1 0.408203 0.598633 0.123047 0.379883 0.0023632
2 0.778809 0.845215 0.133789 0.0244141 0.00232887
1 0.0224609 0.922852 0.0230713 0.0683594 0.00223923
13 0.981201 0.116058 0.0258789 0.15509 0.00214577
1 0.0301514 0.938965 0.036377 0.0810547 0.00205421
2 0.601074 0.858398 0.344727 0.0380859 0.00203896
1 0.028595 0.928711 0.024353 0.0722656 0.00200844
3 0.0413818 0.1828 0.0491943 0.325806 0.0019989
13 0.0304565 0.939697 0.039917 0.081543 0.00198364
2 0.520142 0.904297 0.127686 0.0283203 0.00198364
1 0.977539 0.112061 0.0253906 0.108154 0.00184727
14 0.684082 0.909668 0.0126953 0.0195312 0.00184441
2 0.39917 0.614258 0.12207 0.25 0.00180244
2 0.985352 0.789795 0.0273438 0.369629 0.00179195
2 0.51416 0.90625 0.0166016 0.0332031 0.00177956
2 0.978271 0.945557 0.0415039 0.0678711 0.00173759
2 0.545288 0.871094 0.177002 0.0322266 0.00155544
2 0.0362549 0.937256 0.0599365 0.0825195 0.00154781
2 0.623047 0.862305 0.262695 0.0517578 0.001544
2 0.0258942 0.886475 0.0382996 0.20752 0.00153255
3 0.981201 0.116058 0.0258789 0.15509 0.0015192
1 0.0224609 0.924805 0.0177002 0.0498047 0.00151157
6 0.977539 0.0864258 0.0351562 0.0842285 0.00149632
2 0.430176 0.0703125 0.0571289 0.0335693 0.00147438
3 0.977295 0.163391 0.0356445 0.267944 0.00143814
2 0.0274963 0.802246 0.0258179 0.225586 0.00142956
9 0.408203 0.598633 0.123047 0.379883 0.00139046
6 0.961914 0.946533 0.0683594 0.0776367 0.00138187
13 0.985352 0.940674 0.0292969 0.0600586 0.0013628
6 0.934326 0.0349121 0.11377 0.046875 0.00134277
2 0.0344849 0.925781 0.0323486 0.0810547 0.00131035
2 0.51709 0.90625 0.0332031 0.0332031 0.00129986
2 0.55188 0.881348 0.288818 0.0791016 0.00126934
1 0.97168 0.132751 0.0429688 0.213989 0.00125408
1 0.538574 0.866211 0.24707 0.0273438 0.00120926
2 0.983887 0.886719 0.0322266 0.177734 0.00120258
3 0.408203 0.598633 0.123047 0.379883 0.00120068
3 0.0341797 0.825439 0.0447998 0.313965 0.00119781
13 0.398193 0.639648 0.0952148 0.236328 0.00119114
4 0.337158 0.413574 0.09375 0.827148 0.00115967
2 0.745605 0.84082 0.0712891 0.0185547 0.00113583
3 0.0214691 0.918457 0.0306702 0.0732422 0.0011301
6 0.408203 0.598633 0.123047 0.379883 0.00112724
3 0.982422 0.942627 0.0351562 0.0678711 0.00112247
6 0.0177612 0.918213 0.0318604 0.116699 0.00112057
3 0.9646 0.442505 0.0629883 0.794678 0.00111961
6 0.0499725 0.926514 0.0890198 0.121582 0.00109386
3 0.97168 0.258545 0.0429688 0.469238 0.00108337
2 0.4552 0.606323 0.0583496 0.386963 0.00107479
6 0.950684 0.0373535 0.0732422 0.0478516 0.00106621
13 0.978271 0.945557 0.0415039 0.0678711 0.00104523
6 0.100586 0.950684 0.16626 0.0810547 0.00103474
2 0.453125 0.293701 0.0297852 0.0561523 0.00103283
6 0.108154 0.966553 0.179688 0.0668945 0.00102711
19 0.408203 0.598633 0.123047 0.379883 0.00102615
6 0.0687408 0.959473 0.103241 0.0537109 0.00101852
2 0.722168 0.845703 0.251953 0.03125 0.00100994
