2 0.485718 0.732422 0.19165 0.0947266 0.876953
2 0.44458 0.742188 0.280762 0.112305 0.728516
2 0.315918 0.800293 0.128418 0.0966797 0.174194
2 0.475098 0.0128784 0.0214844 0.0255127 0.127319
2 0.0538177 0.893555 0.0478821 0.0996094 0.0795288
6 0.038269 0.91333 0.0588379 0.132324 0.0772705
2 0.980469 0.447632 0.0390625 0.552002 0.0552063
3 0.965576 0.382935 0.0610352 0.67749 0.0532532
13 0.0585327 0.889648 0.0411377 0.0908203 0.0437927
2 0.855957 0.82373 0.0869141 0.114258 0.0400696
3 0.977539 0.450073 0.0410156 0.578369 0.0311127
2 0.043396 0.898682 0.0667725 0.14209 0.0294342
6 0.0292053 0.912842 0.0526733 0.166504 0.0275574
2 0.975586 0.280334 0.0253906 0.415894 0.0214691
3 0.0451508 0.623779 0.0700989 0.736816 0.0154114
2 0.480469 0.013916 0.0273438 0.0267334 0.015358
2 0.486206 0.71875 0.22876 0.167969 0.0153351
6 0.0697632 0.94751 0.133667 0.081543 0.0140991
6 0.0380859 0.941162 0.064209 0.0883789 0.0137711
6 0.0839844 0.959717 0.167969 0.0708008 0.0135651
6 0.0427246 0.909668 0.0847168 0.15332 0.0128174
6 0.97168 0.944336 0.046875 0.0917969 0.0127945
13 0.0249023 0.110229 0.0262451 0.131348 0.0127563
2 0.978271 0.329712 0.0336914 0.64917 0.0119476
3 0.968018 0.884766 0.0620117 0.183594 0.0116272
2 0.216125 0.267273 0.0428467 0.101196 0.0116119
3 0.0330811 0.148193 0.0541992 0.242676 0.0112152
2 0.334473 0.789551 0.0976562 0.09375 0.0110016
2 0.445679 0.766113 0.325439 0.148438 0.0103302
6 0.974365 0.917236 0.0512695 0.134277 0.00985718
6 0.026413 0.107788 0.0360413 0.160156 0.00939941
3 0.966797 0.496704 0.046875 0.660889 0.00920105
3 0.0393829 0.913818 0.0691833 0.172363 0.00900269
3 0.966553 0.916016 0.0551758 0.132812 0.0086441
2 0.977783 0.309082 0.0209961 0.196289 0.00843048
2 0.979736 0.606445 0.0229492 0.181641 0.00688934
3 0.0404663 0.521484 0.0809326 0.957031 0.00685883
13 0.0266571 0.128387 0.0323792 0.210022 0.00671005
1 0.496826 0.0953369 0.990723 0.153809 0.00660706
6 0.0375366 0.157104 0.0559082 0.273193 0.00617218
6 0.0532074 0.896484 0.0491028 0.102539 0.00557709
1 0.121307 0.954834 0.22467 0.0708008 0.00535202
2 0.478394 0.017334 0.0412598 0.0292969 0.00524521
2 0.0620728 0.881348 0.0419922 0.100586 0.00507736
6 0.0280914 0.0819397 0.0466003 0.132019 0.0050354
4 0.485474 0.732422 0.191162 0.0996094 0.00501633
13 0.0372314 0.162109 0.057373 0.288086 0.00476074
2 0.980469 0.50293 0.0273438 0.416016 0.00435638
2 0.427246 0.716309 0.307617 0.200195 0.00429916
3 0.0622253 0.507202 0.120667 0.985596 0.00405121
2 0.434937 0.735352 0.180908 0.109375 0.00395584
13 0.485474 0.732422 0.191162 0.0996094 0.00392914
3 0.0270996 0.903076 0.0511475 0.180176 0.00392151
2 0.350098 0.78418 0.175781 0.123047 0.00391006
1 0.505493 0.158936 0.926514 0.259277 0.0038166
6 0.948486 0.952881 0.0854492 0.0942383 0.00374603
3 0.970703 0.224792 0.046875 0.446899 0.00367928
1 0.482422 0.731934 0.210938 0.0947266 0.00363159
6 0.915039 0.959961 0.154297 0.0800781 0.00361633
2 0.96582 0.401489 0.0507812 0.722412 0.00354767
14 0.473633 0.0129395 0.0214844 0.0248413 0.00341988
2 0.973389 0.591309 0.0258789 0.220703 0.00339317
3 0.982666 0.448242 0.034668 0.610352 0.0033493
1 0.475464 0.0133667 0.0217285 0.0264282 0.00333595
3 0.963135 0.952393 0.0620117 0.0795898 0.00318146
6 0.124237 0.951172 0.217346 0.0976562 0.00313568
3 0.927002 0.509277 0.106934 0.981445 0.00312233
2 0.423096 0.763184 0.335449 0.237305 0.00301743
3 0.0389404 0.941162 0.0615234 0.0942383 0.00299263
3 0.977783 0.914795 0.0444336 0.17041 0.00288773
14 0.485474 0.732422 0.191162 0.0996094 0.00284767
1 0.0374298 0.931396 0.0625916 0.117676 0.00280762
4 0.442139 0.748535 0.29834 0.132812 0.00279617
1 0.964844 0.95166 0.0625 0.0810547 0.00279045
2 0.453979 0.732422 0.109619 0.0976562 0.0025425
2 0.968018 0.496094 0.0385742 0.466797 0.00251389
6 0.963379 0.939453 0.0556641 0.121094 0.00248909
3 0.0485229 0.825195 0.0692139 0.291016 0.00242996
13 0.315918 0.801758 0.121094 0.103516 0.0023632
6 0.0617371 0.90918 0.0669556 0.119141 0.00233841
3 0.967529 0.943115 0.0375977 0.0883789 0.00230598
3 0.968262 0.818359 0.0595703 0.324219 0.00227356
2 0.616699 0.880371 0.135742 0.0283203 0.00221825
3 0.0453949 0.37793 0.0679016 0.709961 0.00218582
2 0.267578 0.0124207 0.0283203 0.0248413 0.00216484
2 0.873047 0.824707 0.134766 0.124023 0.00215721
2 0.978271 0.362244 0.0258789 0.388794 0.00214386
9 0.485474 0.732422 0.191162 0.0996094 0.00214386
2 0.493042 0.0134888 0.0588379 0.0244141 0.00211716
3 0.968018 0.496094 0.0385742 0.466797 0.00204086
13 0.0272217 0.0869446 0.0318604 0.13324 0.00193501
3 0.9729 0.726318 0.0444336 0.52002 0.00189877
1 0.126221 0.968018 0.252441 0.0639648 0.00182438
2 0.473633 0.0176086 0.0273438 0.0250244 0.00180435
13 0.968506 0.376221 0.0551758 0.661621 0.00176907
3 0.951904 0.45752 0.0961914 0.915039 0.00176525
2 0.330566 0.769043 0.24707 0.108398 0.00174332
2 0.970459 0.550781 0.0297852 0.326172 0.00173378
4 0.67627 0.567749 0.552734 0.739502 0.00170135
2 0.273682 0.841797 0.0483398 0.0214844 0.00164509
1 0.970703 0.213074 0.0429688 0.404907 0.00162601
6 0.980469 0.94458 0.0332031 0.081543 0.00160313
13 0.043396 0.898682 0.0667725 0.14209 0.00150871
4 0.316406 0.80127 0.124023 0.0986328 0.00148773
1 0.906738 0.961426 0.166992 0.0771484 0.00147438
1 0.442139 0.748535 0.29834 0.132812 0.00147152
7 0.485474 0.732422 0.191162 0.0996094 0.0014534
1 0.321777 0.794922 0.120117 0.100586 0.00143814
13 0.442139 0.748535 0.29834 0.132812 0.00143719
3 0.0273132 0.106689 0.0369263 0.169678 0.00142193
6 0.0200195 0.899414 0.0400391 0.1875 0.00140858
2 0.97168 0.952637 0.0390625 0.0771484 0.00139713
2 0.297852 0.790527 0.149902 0.128906 0.00139523
6 0.485474 0.732422 0.191162 0.0996094 0.00138664
2 0.977539 0.635254 0.0214844 0.160156 0.00138378
5 0.485474 0.732422 0.191162 0.0996094 0.00137615
6 0.964844 0.402344 0.0527344 0.697266 0.00136662
2 0.966553 0.916016 0.0551758 0.132812 0.0013628
19 0.485474 0.732422 0.191162 0.0996094 0.00135517
2 0.0313721 0.917969 0.0617676 0.123047 0.00135136
3 0.962402 0.503906 0.0751953 0.992188 0.00134659
2 0.88916 0.970459 0.206055 0.059082 0.00130177
2 0.982178 0.424316 0.0356445 0.726562 0.00129223
2 0.509277 0.73877 0.219727 0.250977 0.00127888
19 0.627441 0.565552 0.475586 0.62085 0.00127792
3 0.978516 0.936768 0.0371094 0.114746 0.00127506
2 0.511719 0.719238 0.166992 0.0859375 0.0012722
1 0.962646 0.371948 0.074707 0.701416 0.00126457
10 0.485474 0.732422 0.191162 0.0996094 0.00126266
6 0.981934 0.913086 0.0361328 0.169922 0.00125885
16 0.485474 0.732422 0.191162 0.0996094 0.00125313
2 0.0242615 0.652832 0.0160522 0.0966797 0.0012455
2 0.984863 0.449829 0.0302734 0.459717 0.00124454
6 0.0249023 0.110229 0.0262451 0.131348 0.00123978
2 0.977539 0.265869 0.0175781 0.148438 0.00123024
17 0.485474 0.732422 0.191162 0.0996094 0.00121403
12 0.485474 0.732422 0.191162 0.0996094 0.00119591
11 0.485474 0.732422 0.191162 0.0996094 0.00118732
3 0.968018 0.317139 0.0385742 0.503418 0.00117493
0 0.485474 0.732422 0.191162 0.0996094 0.00115013
2 0.658691 0.0110168 0.0507812 0.0220337 0.00114918
15 0.485474 0.732422 0.191162 0.0996094 0.00113201
18 0.485474 0.732422 0.191162 0.0996094 0.0011282
1 0.643555 0.974365 0.206055 0.0356445 0.00112152
6 0.962891 0.902588 0.0664062 0.194824 0.00112152
2 0.385803 0.727539 0.41394 0.116211 0.00111103
8 0.485474 0.732422 0.191162 0.0996094 0.00110626
2 0.979248 0.583496 0.0317383 0.253906 0.00109482
1 0.0538177 0.893555 0.0478821 0.0996094 0.00108719
3 0.0294342 0.0775757 0.0466003 0.133667 0.00108051
19 0.378662 0.502075 0.520996 0.743896 0.00105286
2 0.317627 0.788086 0.23584 0.169922 0.00103188
1 0.689209 0.126984 0.609863 0.207458 0.00102043
6 0.039566 0.844482 0.0661316 0.307129 0.00101376
6 0.969727 0.223938 0.0410156 0.418335 0.0010128
4 0.968506 0.376221 0.0551758 0.661621 0.00101185
