2 0.89502 0.0548248 0.0615234 0.0597839 0.85791
14 0.254883 0.828613 0.0205078 0.0244141 0.308105
14 0.258545 0.828613 0.0161133 0.0214844 0.231567
14 0.258545 0.828125 0.0214844 0.0292969 0.2052
3 0.0449982 0.436523 0.0645447 0.873047 0.0983276
2 0.89502 0.0565796 0.0751953 0.0899658 0.0682983
2 0.465454 0.184814 0.0349121 0.097168 0.0357361
2 0.196289 0.172546 0.0297852 0.103149 0.027298
2 0.473022 0.189331 0.0314941 0.0969238 0.0270691
14 0.253906 0.82373 0.0170898 0.0244141 0.0249786
3 0.950684 0.430176 0.0751953 0.860352 0.0215149
3 0.043869 0.86792 0.0785217 0.209473 0.0162048
6 0.036377 0.950195 0.0629883 0.0683594 0.0160675
3 0.966064 0.30957 0.0600586 0.619141 0.0147858
2 0.977539 0.623047 0.0195312 0.0947266 0.0146866
1 0.895508 0.0533295 0.0654297 0.0632629 0.013031
3 0.0273438 0.945557 0.0474854 0.0776367 0.0122986
6 0.0307617 0.950684 0.0389404 0.0654297 0.0118027
1 0.0273438 0.945557 0.0474854 0.0776367 0.00804901
3 0.034729 0.363892 0.0605469 0.672607 0.00756454
6 0.0844727 0.969238 0.168945 0.0615234 0.00753021
6 0.0715027 0.961914 0.124084 0.0605469 0.00746918
2 0.0251465 0.617188 0.0197754 0.136719 0.00708389
3 0.0447388 0.281494 0.0566406 0.519043 0.00654602
14 0.249023 0.82959 0.0205078 0.0253906 0.00621414
2 0.976562 0.606934 0.015625 0.0595703 0.00619888
14 0.254883 0.82666 0.0229492 0.0400391 0.00582504
6 0.0519714 0.956299 0.0835571 0.0600586 0.00570679
6 0.0270081 0.92334 0.0485229 0.120117 0.00563049
3 0.974854 0.146027 0.0405273 0.231384 0.00539017
2 0.0265045 0.43042 0.0163269 0.0512695 0.00537109
6 0.97876 0.951904 0.0424805 0.074707 0.00518417
3 0.0335083 0.921631 0.0625 0.109863 0.00512314
2 0.915527 0.0504913 0.100586 0.0674744 0.00510025
2 0.257324 0.827148 0.0224609 0.0273438 0.0047493
2 0.0292969 0.949951 0.0366211 0.0708008 0.00470352
6 0.0254517 0.0802612 0.0306396 0.141724 0.00468063
14 0.257812 0.822754 0.0175781 0.0273438 0.00416565
3 0.0505371 0.499512 0.101074 0.956055 0.00415421
14 0.895508 0.0557861 0.0644531 0.057373 0.00397873
3 0.0328217 0.174072 0.0471497 0.304199 0.00376701
14 0.261963 0.827148 0.0302734 0.0488281 0.00357819
2 0.257324 0.829102 0.0161133 0.0224609 0.00349045
3 0.0377808 0.952148 0.0541992 0.0664062 0.0034523
6 0.0442505 0.847656 0.0704346 0.283203 0.00341606
3 0.978516 0.923828 0.0429688 0.119141 0.00339127
14 0.259521 0.830078 0.0327148 0.0283203 0.00337601
6 0.900879 0.962646 0.172852 0.074707 0.00323105
6 0.966553 0.959229 0.0629883 0.0639648 0.00322151
3 0.0330048 0.521729 0.0658264 0.956543 0.00320244
1 0.970947 0.170349 0.0405273 0.291138 0.00307465
3 0.0369263 0.753906 0.0565186 0.447266 0.00307274
3 0.970947 0.203979 0.0424805 0.385986 0.00285912
2 0.875488 0.05159 0.0683594 0.0586853 0.00277901
3 0.0368042 0.895996 0.0610352 0.194336 0.00277138
3 0.979248 0.951172 0.0375977 0.0800781 0.00273895
6 0.0455933 0.906006 0.0651855 0.150879 0.00273895
6 0.94751 0.960449 0.0913086 0.0673828 0.00272751
3 0.0253296 0.916992 0.0408936 0.154297 0.00265884
2 0.772461 0.969971 0.0449219 0.0209961 0.00265312
13 0.895996 0.055542 0.0625 0.0596924 0.00261497
6 0.0252075 0.0634918 0.0401611 0.0944519 0.00257492
1 0.122772 0.957031 0.21051 0.0859375 0.00244522
14 0.262207 0.834473 0.019043 0.0332031 0.00236511
3 0.0286255 0.233398 0.0393066 0.452148 0.00212669
3 0.0513153 0.956055 0.0834045 0.0664062 0.00210762
1 0.0718994 0.932129 0.123535 0.110352 0.00199318
14 0.259521 0.818359 0.0224609 0.0302734 0.00196838
2 0.0265198 0.593262 0.0164185 0.09375 0.00190353
3 0.0254517 0.0802612 0.0306396 0.141724 0.00187778
14 0.258057 0.837402 0.0180664 0.0263672 0.00172234
2 0.978516 0.589355 0.0136719 0.0380859 0.00150394
6 0.122772 0.957031 0.21051 0.0859375 0.00150108
6 0.0201416 0.944336 0.0305176 0.0703125 0.00149822
2 0.896973 0.0366821 0.0791016 0.0650635 0.0014782
3 0.977051 0.0755005 0.0458984 0.120728 0.00145626
6 0.0478516 0.942139 0.0665283 0.0825195 0.00143814
3 0.97876 0.885986 0.0424805 0.192871 0.00142765
14 0.260254 0.828125 0.0483398 0.0419922 0.00136375
1 0.0442505 0.847656 0.0704346 0.283203 0.00135708
3 0.0443115 0.492798 0.0535889 0.639404 0.00133133
13 0.0250854 0.0947266 0.0286865 0.176758 0.0012989
1 0.0670013 0.955322 0.109406 0.0756836 0.00129604
3 0.0331421 0.837158 0.0524902 0.310059 0.00128269
3 0.980469 0.0882721 0.0332031 0.121552 0.00126839
1 0.0516052 0.875488 0.0940552 0.208008 0.00125027
6 0.0651398 0.902588 0.11264 0.194824 0.00121498
3 0.969727 0.954834 0.0605469 0.0708008 0.00119019
3 0.0262756 0.72937 0.0480347 0.525635 0.00118351
1 0.0405273 0.953369 0.0587158 0.0698242 0.00117111
9 0.895996 0.055542 0.0625 0.0596924 0.0011673
6 0.0336304 0.876953 0.0600586 0.220703 0.00116634
4 0.895508 0.0557861 0.0644531 0.057373 0.00116253
14 0.401611 0.516602 0.0161133 0.0292969 0.00113869
2 0.977539 0.584961 0.0195312 0.0585938 0.00112534
13 0.0273438 0.945557 0.0474854 0.0776367 0.001091
2 0.0349731 0.353882 0.0505371 0.667236 0.00108433
19 0.258057 0.828125 0.015625 0.0214844 0.00107956
1 0.978516 0.143066 0.0351562 0.258301 0.00106907
3 0.0274658 0.0710754 0.0424805 0.109314 0.00106812
3 0.975586 0.112946 0.0488281 0.162781 0.00106335
6 0.973633 0.169983 0.0371094 0.2948 0.00104618
2 0.036377 0.950195 0.0629883 0.0683594 0.00103951
2 0.978516 0.947754 0.0429688 0.0791016 0.00101662
6 0.936768 0.97168 0.11084 0.0527344 0.00100899
13 0.980713 0.137817 0.0385742 0.260498 0.00100708
