2 0.541016 0.458984 0.0410156 0.155273 0.54834
2 0.532227 0.513672 0.0419922 0.244141 0.151611
6 0.979492 0.952637 0.0390625 0.0732422 0.0970459
3 0.965088 0.511597 0.0698242 0.931885 0.0720215
6 0.0353394 0.944092 0.0517578 0.0825195 0.0715942
6 0.975342 0.149597 0.0454102 0.258423 0.0612793
2 0.0351715 0.922852 0.026825 0.0820312 0.0609131
6 0.9729 0.0881958 0.050293 0.146362 0.0514221
2 0.988281 0.727539 0.015625 0.0615234 0.0480347
2 0.533691 0.478516 0.0371094 0.136719 0.0305939
6 0.0301208 0.92749 0.0411987 0.111816 0.0293579
6 0.982666 0.934082 0.034668 0.110352 0.0254059
3 0.975586 0.167114 0.0429688 0.303467 0.0242767
2 0.522949 0.606445 0.0166016 0.117188 0.0210114
2 0.541016 0.458984 0.0371094 0.09375 0.020813
6 0.0464935 0.0705872 0.0635071 0.138611 0.0196686
2 0.532715 0.482422 0.0283203 0.191406 0.0194702
1 0.975586 0.167114 0.0429688 0.303467 0.0191956
13 0.988281 0.727539 0.015625 0.0615234 0.0185547
3 0.0600586 0.497192 0.0974121 0.956787 0.016098
6 0.969727 0.95874 0.0546875 0.0668945 0.0148926
2 0.521973 0.630859 0.0126953 0.0761719 0.0130844
6 0.0319824 0.890625 0.0450439 0.1875 0.0117569
6 0.0846558 0.958496 0.14563 0.0712891 0.011673
2 0.522461 0.635742 0.0185547 0.0615234 0.0114517
2 0.979492 0.952637 0.0390625 0.0732422 0.0103073
2 0.982422 0.867676 0.0175781 0.0947266 0.00983429
6 0.0494995 0.952148 0.0626221 0.0722656 0.00958252
6 0.978516 0.108643 0.0332031 0.163818 0.00921631
6 0.0371094 0.912598 0.0296631 0.110352 0.00897217
6 0.974609 0.916504 0.0390625 0.133789 0.00887299
6 0.949951 0.960449 0.0805664 0.0751953 0.00852203
3 0.0372162 0.884033 0.0495911 0.181152 0.00837708
2 0.0374756 0.936523 0.0422363 0.0976562 0.00797272
3 0.970947 0.25647 0.0522461 0.463623 0.00791931
2 0.53125 0.481567 0.0537109 0.158936 0.00779724
3 0.0441284 0.838379 0.0463867 0.299805 0.00770187
2 0.985352 0.822266 0.0214844 0.3125 0.00754166
3 0.976562 0.0947266 0.0429688 0.168457 0.00725555
3 0.0464935 0.0705872 0.0635071 0.138611 0.00714874
2 0.986328 0.835449 0.015625 0.078125 0.0068779
3 0.982666 0.934082 0.034668 0.110352 0.00592422
6 0.925781 0.962891 0.128906 0.0742188 0.00554276
2 0.988281 0.746582 0.0175781 0.09375 0.00539398
1 0.0371094 0.912598 0.0296631 0.110352 0.00527954
3 0.0478516 0.330322 0.053833 0.633301 0.00525665
6 0.0363159 0.919922 0.046875 0.146484 0.00518417
3 0.981445 0.955811 0.0332031 0.0708008 0.0050354
4 0.964355 0.524902 0.0712891 0.950195 0.00493622
6 0.0632324 0.949463 0.108154 0.0717773 0.00489807
2 0.980713 0.89624 0.0268555 0.203613 0.00487518
3 0.980225 0.912598 0.0375977 0.174805 0.00482941
2 0.984375 0.852539 0.015625 0.0820312 0.0047493
6 0.0374756 0.866211 0.041626 0.251953 0.00473404
1 0.0317383 0.927246 0.0310059 0.0810547 0.00454712
6 0.982666 0.892578 0.0288086 0.193359 0.00444412
1 0.974609 0.955322 0.046875 0.0698242 0.00424576
3 0.943604 0.508545 0.0874023 0.98291 0.0042305
2 0.524902 0.579102 0.0195312 0.15625 0.00417328
1 0.267822 0.0352631 0.535645 0.0586243 0.00415039
13 0.974609 0.955322 0.046875 0.0698242 0.00399017
2 0.527832 0.56543 0.0371094 0.294922 0.00388336
6 0.141632 0.0456543 0.242615 0.0875244 0.00351334
3 0.974609 0.916504 0.0390625 0.133789 0.00346565
2 0.986328 0.824707 0.0175781 0.155273 0.00341988
3 0.0362549 0.93457 0.0444336 0.101562 0.00335693
2 0.0301819 0.944336 0.0497437 0.0742188 0.00331116
2 0.0358276 0.911377 0.0339355 0.126465 0.00323486
3 0.0325775 0.833008 0.0429993 0.310547 0.00306702
1 0.038147 0.945312 0.0429688 0.0820312 0.00297546
2 0.0371246 0.864258 0.0329285 0.214844 0.00281334
6 0.962402 0.954834 0.0576172 0.090332 0.00279617
13 0.536133 0.470825 0.0458984 0.159912 0.00267982
6 0.0404663 0.932373 0.0334473 0.0864258 0.00244522
6 0.0610352 0.0525818 0.0876465 0.100891 0.00238991
6 0.0280914 0.95874 0.0458679 0.0688477 0.00238037
3 0.0391235 0.369141 0.0782471 0.738281 0.00237656
6 0.91748 0.0336914 0.151367 0.0446777 0.00235367
2 0.974609 0.916504 0.0390625 0.133789 0.00234413
3 0.0452881 0.826416 0.0294189 0.29248 0.00230408
6 0.950195 0.0490875 0.0839844 0.0737 0.00230026
3 0.970459 0.959473 0.0551758 0.0693359 0.00227737
3 0.977783 0.117584 0.0327148 0.16864 0.00213432
3 0.973633 0.120819 0.0527344 0.198303 0.00213242
6 0.952637 0.0869141 0.0791016 0.152832 0.00209808
14 0.404297 0.0507202 0.0180664 0.0185547 0.00209045
2 0.982666 0.934082 0.034668 0.110352 0.00204468
6 0.987305 0.936523 0.0234375 0.0996094 0.00200462
6 0.972656 0.940186 0.0390625 0.0883789 0.00198555
2 0.963623 0.510742 0.0708008 0.929688 0.00196838
13 0.0375366 0.946045 0.0465088 0.0786133 0.0019331
6 0.970703 0.0601501 0.0488281 0.0925903 0.00191307
1 0.175293 0.0446014 0.321289 0.0799866 0.00190067
2 0.0959778 0.958984 0.169861 0.0742188 0.00188828
6 0.23053 0.0475922 0.420776 0.0930481 0.00187874
3 0.0314484 0.913574 0.0406189 0.147461 0.00186825
2 0.982422 0.730469 0.0195312 0.0615234 0.0018568
3 0.0461426 0.94751 0.05896 0.081543 0.00181198
6 0.903076 0.0391846 0.191895 0.0600586 0.00179672
1 0.972656 0.0956116 0.0488281 0.156433 0.00179577
13 0.532227 0.513672 0.0419922 0.244141 0.00170708
13 0.0351715 0.922852 0.026825 0.0820312 0.001688
13 0.0959778 0.958984 0.169861 0.0742188 0.0016861
13 0.984375 0.852539 0.015625 0.0820312 0.00158501
3 0.9729 0.939209 0.034668 0.0961914 0.00157928
6 0.932617 0.071167 0.119141 0.125 0.00156689
2 0.270996 0.657715 0.0478516 0.0957031 0.00152588
3 0.987305 0.936523 0.0234375 0.0996094 0.00152111
2 0.986328 0.772461 0.0175781 0.171875 0.00149632
19 0.46106 0.816406 0.829834 0.367188 0.00149059
3 0.959473 0.406738 0.0556641 0.813477 0.00145149
13 0.965088 0.511597 0.0698242 0.931885 0.00144005
13 0.982666 0.934082 0.034668 0.110352 0.00143909
2 0.54248 0.435547 0.0449219 0.09375 0.00142765
3 0.968018 0.913818 0.0639648 0.135254 0.00140476
2 0.53418 0.473755 0.0273438 0.0935059 0.00139332
2 0.520508 0.586914 0.0185547 0.144531 0.00135422
4 0.541016 0.455322 0.0419922 0.138184 0.0013504
2 0.0372314 0.942139 0.0258789 0.0786133 0.00133038
1 0.96875 0.251099 0.0488281 0.460693 0.00132751
2 0.282104 0.031311 0.551025 0.0467529 0.00131607
2 0.992676 0.728027 0.0146484 0.0625 0.00130844
2 0.973633 0.0932617 0.0449219 0.154785 0.00130367
2 0.525879 0.645996 0.0175781 0.0429688 0.00129318
13 0.9729 0.0881958 0.050293 0.146362 0.0012846
13 0.975586 0.167114 0.0429688 0.303467 0.00127983
13 0.542969 0.451538 0.0449219 0.142822 0.00124836
6 0.0452881 0.826416 0.0294189 0.29248 0.00124741
2 0.52832 0.502563 0.0224609 0.184326 0.00124073
13 0.982422 0.866699 0.0175781 0.0908203 0.00120544
2 0.525391 0.552734 0.0283203 0.203125 0.00120163
3 0.0380707 0.87915 0.0617981 0.241699 0.0011816
6 0.0431519 0.832275 0.0578613 0.288574 0.00116253
2 0.0571442 0.501709 0.0983582 0.945801 0.00115681
6 0.267822 0.0352631 0.535645 0.0586243 0.0011301
1 0.123627 0.960205 0.214172 0.0717773 0.00112629
2 0.986328 0.728516 0.0273438 0.0654297 0.0011158
1 0.541504 0.455078 0.0449219 0.144531 0.00109959
3 0.0293579 0.867188 0.027832 0.201172 0.00109577
6 0.105438 0.0470581 0.15094 0.0941162 0.001091
2 0.975342 0.149597 0.0454102 0.258423 0.00108814
2 0.520508 0.645508 0.0146484 0.0478516 0.00108337
1 0.0371246 0.864258 0.0329285 0.214844 0.00106621
13 0.988281 0.746582 0.0175781 0.09375 0.00105286
2 0.550293 0.47229 0.0537109 0.170654 0.00105
4 0.53418 0.506348 0.0429688 0.242188 0.00104713
2 0.520996 0.515747 0.0458984 0.249756 0.0010252
2 0.520508 0.605469 0.0175781 0.0771484 0.00101662
