2 0.563965 0.352539 0.367188 0.0722656 0.865723
1 0.499756 0.0543213 0.969238 0.0722656 0.754883
2 0.312744 0.222168 0.0307617 0.0595703 0.498291
2 0.988281 0.238525 0.0234375 0.15918 0.25293
6 0.976074 0.953857 0.0478516 0.0727539 0.215332
1 0.974365 0.954834 0.0512695 0.0727539 0.113892
1 0.235596 0.0479736 0.451172 0.0541992 0.0751343
2 0.501709 0.0600433 0.996582 0.0925598 0.0541992
6 0.961182 0.958496 0.0698242 0.0771484 0.0481567
1 0.775391 0.054184 0.449219 0.0586243 0.0392761
2 0.987793 0.487305 0.0244141 0.27832 0.0321655
2 0.98584 0.163757 0.0283203 0.301392 0.0316467
2 0.986328 0.406616 0.0253906 0.436768 0.0276794
2 0.976074 0.953857 0.0478516 0.0727539 0.0257111
6 0.0353394 0.942139 0.0644531 0.0786133 0.0253601
6 0.977783 0.935547 0.0444336 0.0996094 0.024292
6 0.0860901 0.951416 0.164246 0.0717773 0.0240631
1 0.507812 0.0721436 0.982422 0.144287 0.0228271
6 0.0281067 0.916992 0.0523071 0.136719 0.0225372
2 0.98584 0.222473 0.0283203 0.189819 0.0166016
6 0.0357666 0.895996 0.0540771 0.18457 0.014328
1 0.563965 0.353516 0.369141 0.0722656 0.0143127
2 0.563965 0.334717 0.373047 0.151855 0.0128326
6 0.939697 0.957764 0.112793 0.0727539 0.0125351
2 0.318359 0.226624 0.0478516 0.067749 0.0123215
2 0.567871 0.35498 0.217773 0.0737305 0.0119629
6 0.0505066 0.948486 0.0869751 0.0776367 0.0119171
3 0.970215 0.349609 0.0595703 0.699219 0.0117722
2 0.982422 0.23584 0.0253906 0.150879 0.0114517
2 0.0215454 0.38623 0.0197754 0.0649414 0.0113449
2 0.0614014 0.478882 0.0189209 0.060791 0.0113297
6 0.977051 0.903076 0.0458984 0.168457 0.0103226
2 0.0531006 0.480835 0.0212402 0.0598145 0.00967407
2 0.986328 0.502441 0.0273438 0.427734 0.00834656
2 0.988281 0.245361 0.0214844 0.09375 0.00811768
2 0.974609 0.35791 0.0507812 0.682617 0.00774384
1 0.5 0.108948 1 0.217896 0.00763702
1 0.505005 0.0488892 0.974365 0.0977783 0.00758743
3 0.0353394 0.919922 0.0578613 0.125 0.00710297
6 0.0414429 0.9375 0.067627 0.113281 0.00692749
2 0.989258 0.276123 0.0214844 0.102051 0.00629425
3 0.969238 0.893311 0.0615234 0.193848 0.00588608
1 0.949707 0.95752 0.0986328 0.0732422 0.00588608
3 0.0310211 0.818848 0.0456238 0.344727 0.00588226
3 0.956055 0.489258 0.0878906 0.978516 0.00559235
2 0.303955 0.222473 0.027832 0.0565186 0.00536346
3 0.973877 0.926025 0.0522461 0.130371 0.00510788
2 0.0215149 0.365723 0.0205688 0.0844727 0.00487518
2 0.025177 0.482056 0.0176392 0.0651855 0.00480652
3 0.976562 0.954102 0.0449219 0.0742188 0.00467682
13 0.974365 0.954834 0.0512695 0.0727539 0.00460434
3 0.0255127 0.899902 0.0402832 0.180664 0.00453949
1 0.136475 0.0488892 0.251465 0.0584717 0.00431824
2 0.977783 0.935547 0.0444336 0.0996094 0.00415802
3 0.0373535 0.946533 0.0561523 0.0834961 0.00400162
2 0.984863 0.371948 0.0302734 0.527588 0.00370407
2 0.622559 0.367432 0.246094 0.050293 0.00354958
1 0.983154 0.953613 0.0336914 0.0751953 0.00339699
13 0.938477 0.957275 0.123047 0.0737305 0.00324631
6 0.913574 0.953369 0.172852 0.0854492 0.00318909
13 0.0255127 0.899902 0.0402832 0.180664 0.00303459
1 0.505981 0.107086 0.939209 0.150574 0.00295639
2 0.982422 0.487915 0.0273438 0.256592 0.00294304
3 0.961182 0.958496 0.0698242 0.0771484 0.00268745
3 0.037674 0.883545 0.0530701 0.199707 0.00258827
2 0.0234833 0.357666 0.0207825 0.125 0.00249863
1 0.973877 0.926025 0.0522461 0.130371 0.00246811
1 0.333618 0.0488434 0.651123 0.0732117 0.00244141
2 0.0259552 0.700684 0.0185242 0.0917969 0.00239754
13 0.561035 0.351074 0.371094 0.0825195 0.00233078
2 0.986328 0.203369 0.0214844 0.181641 0.00231552
1 0.0319824 0.943115 0.0467529 0.0844727 0.00229836
2 0.0237274 0.415283 0.0221252 0.117676 0.00224495
6 0.0257568 0.887695 0.03479 0.197266 0.00219917
1 0.668823 0.0587616 0.658447 0.0677795 0.00218964
2 0.520874 0.34375 0.28833 0.0605469 0.00217056
1 0.875488 0.0603638 0.243164 0.0539551 0.00212669
2 0.310547 0.238037 0.0385742 0.078125 0.00206375
6 0.0666351 0.935059 0.112579 0.102539 0.00203705
13 0.311523 0.221619 0.0302734 0.0582275 0.0020256
1 0.0986633 0.956543 0.191833 0.0693359 0.00200653
1 0.988281 0.238525 0.0234375 0.15918 0.00198746
2 0.0234528 0.457397 0.0187683 0.102783 0.0019722
2 0.0371704 0.479126 0.0129395 0.0661621 0.00195122
2 0.969482 0.946777 0.0532227 0.0986328 0.00183487
14 0.976074 0.953857 0.0478516 0.0727539 0.00180912
6 0.0288086 0.867676 0.050293 0.256836 0.00179768
3 0.970703 0.818604 0.0507812 0.347168 0.00177193
6 0.958496 0.936035 0.0751953 0.114258 0.00175571
2 0.986328 0.450317 0.0195312 0.188232 0.00173664
2 0.0255127 0.899902 0.0402832 0.180664 0.00173378
2 0.556641 0.308105 0.414062 0.286133 0.00169373
2 0.986328 0.228271 0.0195312 0.0917969 0.0016737
6 0.0403442 0.957031 0.0612793 0.0722656 0.00163651
13 0.958984 0.409668 0.0820312 0.819336 0.00157452
19 0.380371 0.542847 0.620117 0.69165 0.00156784
2 0.304688 0.221191 0.0415039 0.065918 0.00154209
14 0.562012 0.351074 0.375977 0.0849609 0.00152588
4 0.564453 0.351318 0.375 0.0834961 0.00150776
2 0.0353394 0.942139 0.0644531 0.0786133 0.00150013
19 0.499756 0.0543213 0.969238 0.0722656 0.00146675
2 0.983887 0.575684 0.0322266 0.650391 0.0014658
13 0.988281 0.238525 0.0234375 0.15918 0.00146294
4 0.961182 0.958496 0.0698242 0.0771484 0.0014143
1 0.311523 0.221619 0.0302734 0.0582275 0.00138855
2 0.0276489 0.678223 0.0196533 0.0966797 0.00138092
6 0.971436 0.927246 0.0571289 0.133789 0.00137424
13 0.922852 0.392822 0.0429688 0.143555 0.00137234
2 0.0244141 0.721191 0.0183105 0.105469 0.00131321
2 0.987305 0.849609 0.0136719 0.0664062 0.00127888
3 0.969727 0.947266 0.0488281 0.0976562 0.00126839
1 0.16748 0.957031 0.334961 0.0703125 0.00126266
2 0.0445557 0.491821 0.0200195 0.0690918 0.00125694
6 0.983398 0.942139 0.0332031 0.0883789 0.00122643
3 0.0860901 0.951416 0.164246 0.0717773 0.00122452
2 0.989258 0.295166 0.0175781 0.0810547 0.00122166
6 0.499756 0.0543213 0.969238 0.0722656 0.00121117
19 0.691895 0.849854 0.50293 0.300293 0.0012064
1 0.201172 0.0534668 0.371094 0.0812988 0.00119114
14 0.312744 0.222168 0.0307617 0.0595703 0.00118732
2 0.976318 0.393311 0.0356445 0.516113 0.00116348
2 0.978516 0.154541 0.0429688 0.309082 0.00113773
2 0.0248718 0.500854 0.0172729 0.0900879 0.00111771
13 0.0614014 0.478882 0.0189209 0.060791 0.00111103
6 0.979492 0.862549 0.0410156 0.241699 0.00111008
19 0.500977 0.567383 0.467773 0.592773 0.00108814
3 0.0440521 0.712524 0.0566711 0.537842 0.00107384
3 0.052536 0.95166 0.0892639 0.0751953 0.00107098
2 0.986816 0.274902 0.0263672 0.151367 0.00106144
11 0.975098 0.954346 0.0498047 0.0698242 0.00105572
9 0.561035 0.351074 0.371094 0.0825195 0.00105286
3 0.970459 0.15155 0.059082 0.274048 0.00104046
2 0.511597 0.0953369 0.963135 0.178467 0.00102711
1 0.903809 0.959961 0.180664 0.0800781 0.00102711
1 0.690918 0.945557 0.602539 0.108887 0.00102234
2 0.0339355 0.791992 0.038208 0.390625 0.00100803
