14 0.395508 0.585938 0.0463867 0.0791016 0.814453
2 0.394287 0.584961 0.0444336 0.0830078 0.514648
6 0.0383301 0.167725 0.0482178 0.313477 0.13562
3 0.971436 0.784668 0.043457 0.393555 0.0913086
1 0.975586 0.949707 0.0488281 0.0791016 0.0906982
6 0.977783 0.939697 0.0444336 0.0932617 0.0866699
6 0.0390015 0.0701294 0.0472412 0.140259 0.0861816
6 0.0408936 0.876953 0.0585938 0.246094 0.0845337
6 0.975586 0.137329 0.0429688 0.255127 0.0666504
3 0.036499 0.147339 0.0458984 0.262451 0.0562744
6 0.972656 0.059967 0.0488281 0.112976 0.0514526
1 0.0438843 0.776855 0.0546875 0.430664 0.0388794
3 0.0460663 0.77832 0.0628967 0.429688 0.0366211
6 0.0390015 0.904297 0.0654297 0.148438 0.0348511
3 0.0413208 0.21991 0.0474854 0.418579 0.0324402
1 0.971436 0.784668 0.043457 0.393555 0.03125
2 0.97583 0.945312 0.0483398 0.0820312 0.0248108
1 0.034729 0.820801 0.0513916 0.307617 0.0206299
6 0.971924 0.806885 0.0444336 0.347168 0.0199127
3 0.977783 0.131561 0.0405273 0.239319 0.0196381
1 0.0368652 0.883789 0.0587158 0.199219 0.0192871
13 0.0352783 0.166687 0.0458984 0.306274 0.0184174
3 0.0407257 0.870605 0.0596619 0.24707 0.0179749
1 0.883057 0.964844 0.206543 0.0605469 0.0174255
6 0.0288086 0.884521 0.0458984 0.197754 0.0168304
3 0.970703 0.264221 0.0449219 0.4823 0.0133209
6 0.97876 0.901123 0.0424805 0.17627 0.0124741
6 0.0840149 0.947998 0.157654 0.0844727 0.0113831
6 0.0408783 0.847168 0.0786438 0.295898 0.0101776
6 0.0374146 0.107025 0.0563965 0.189758 0.00863647
3 0.974609 0.0510254 0.0429688 0.102051 0.00849915
6 0.967529 0.0416718 0.0571289 0.0741272 0.00830078
3 0.0404053 0.08078 0.0463867 0.154846 0.00820923
6 0.0452728 0.745361 0.0525208 0.493652 0.00793457
6 0.0481567 0.931396 0.0740967 0.121582 0.00737762
1 0.394775 0.586914 0.0478516 0.0761719 0.00728607
1 0.0383301 0.167725 0.0482178 0.313477 0.00679779
3 0.0458374 0.690063 0.0474854 0.567139 0.00675964
9 0.394775 0.586914 0.0478516 0.0761719 0.00569153
13 0.977783 0.131561 0.0405273 0.239319 0.00513458
6 0.939941 0.0401611 0.100586 0.0803223 0.00482941
13 0.39502 0.585938 0.046875 0.0800781 0.00482941
2 0.0665283 0.549805 0.0263672 0.0800781 0.0047493
2 0.0352783 0.166687 0.0458984 0.306274 0.00454712
3 0.0288086 0.884521 0.0458984 0.197754 0.00454712
6 0.972656 0.209412 0.0410156 0.400513 0.00431061
3 0.0478516 0.912354 0.0733643 0.175293 0.00430679
1 0.976807 0.144043 0.0424805 0.244629 0.00419617
3 0.977783 0.939697 0.0424805 0.097168 0.00407028
6 0.969727 0.950928 0.0605469 0.0864258 0.00404739
3 0.980713 0.806641 0.034668 0.251953 0.00395966
13 0.1521 0.611816 0.0583496 0.0527344 0.0038414
2 0.871094 0.967773 0.208984 0.0507812 0.00307846
4 0.394531 0.585938 0.0483398 0.0800781 0.00306702
6 0.959961 0.0531616 0.0664062 0.106323 0.00283241
3 0.046875 0.318604 0.0593262 0.585449 0.00283051
3 0.978516 0.915283 0.0429688 0.16748 0.00281143
6 0.0486908 0.0601959 0.0779114 0.11496 0.0028019
2 0.0385895 0.0714417 0.0561218 0.129089 0.0028019
1 0.978271 0.818359 0.0415039 0.316406 0.00277901
6 0.0424957 0.264221 0.0490417 0.498901 0.00276375
6 0.0714874 0.953125 0.105316 0.0742188 0.00269127
2 0.1521 0.611816 0.0583496 0.0527344 0.00263214
13 0.967285 0.0595398 0.0576172 0.108948 0.00262833
1 0.352539 0.940674 0.244141 0.106934 0.0025177
6 0.978271 0.081665 0.0395508 0.16333 0.0024395
6 0.0473022 0.773193 0.0847168 0.453613 0.00232506
2 0.0970459 0.957764 0.186035 0.074707 0.00231171
2 0.0425415 0.314209 0.0473633 0.57666 0.00229073
3 0.034729 0.820801 0.0513916 0.307617 0.00226593
3 0.962158 0.326172 0.050293 0.635742 0.00220299
19 0.394775 0.586914 0.0478516 0.0761719 0.00217247
1 0.0424957 0.264221 0.0490417 0.498901 0.00212288
6 0.034729 0.820801 0.0513916 0.307617 0.00201225
7 0.394775 0.586914 0.0478516 0.0761719 0.00199318
13 0.0413208 0.21991 0.0474854 0.418579 0.00198555
4 0.970703 0.264221 0.0449219 0.4823 0.00195122
2 0.982666 0.83252 0.034668 0.327148 0.00193977
4 0.0388184 0.167786 0.0517578 0.312866 0.00184441
6 0.983398 0.925537 0.0332031 0.11377 0.00179291
11 0.394775 0.586914 0.0478516 0.0761719 0.00177288
3 0.970703 0.8479 0.0527344 0.253418 0.00174809
3 0.0398102 0.926514 0.0614929 0.129395 0.00173187
16 0.394775 0.586914 0.0478516 0.0761719 0.00171852
3 0.0383301 0.830322 0.0766602 0.321777 0.00169945
13 0.971924 0.806885 0.0444336 0.347168 0.00169373
1 0.968018 0.0488434 0.0541992 0.0956726 0.00167084
1 0.95166 0.95874 0.0830078 0.0688477 0.00166893
12 0.395508 0.585938 0.0483398 0.0800781 0.00165844
4 0.0408936 0.876953 0.0585938 0.246094 0.00161934
2 0.206116 0.694824 0.0306396 0.0957031 0.0016098
1 0.970703 0.264221 0.0449219 0.4823 0.00155926
6 0.980713 0.806641 0.034668 0.251953 0.0015583
6 0.394775 0.586914 0.0478516 0.0761719 0.00154114
3 0.978271 0.081665 0.0395508 0.16333 0.00153542
15 0.394775 0.586914 0.0478516 0.0761719 0.00152302
10 0.395508 0.585938 0.0483398 0.0800781 0.00151062
0 0.394775 0.586914 0.0478516 0.0761719 0.00149441
18 0.394775 0.586914 0.0478516 0.0761719 0.00147724
17 0.394775 0.586914 0.0478516 0.0761719 0.00147152
1 0.0400391 0.0957947 0.052124 0.184875 0.00139427
6 0.0322876 0.0967102 0.0334473 0.172791 0.00138664
2 0.857422 0.966309 0.15625 0.0400391 0.00136852
1 0.93335 0.940918 0.115723 0.100586 0.00136662
13 0.975586 0.949707 0.0488281 0.0791016 0.00132465
1 0.97876 0.901123 0.0424805 0.17627 0.00128078
13 0.0372925 0.0726929 0.0528564 0.130737 0.00126934
6 0.980469 0.0414429 0.0371094 0.0828857 0.00125408
3 0.967773 0.77417 0.0644531 0.45166 0.00125027
8 0.395996 0.586914 0.0473633 0.0810547 0.00122452
2 0.516113 0.342285 0.0195312 0.0380859 0.0012188
3 0.974854 0.790039 0.050293 0.414062 0.00120735
5 0.394775 0.586914 0.0478516 0.0761719 0.00118256
13 0.0408936 0.876953 0.0585938 0.246094 0.00117874
7 0.036499 0.147339 0.0458984 0.262451 0.00116348
6 0.051239 0.886719 0.0889282 0.189453 0.00114059
4 0.0438843 0.776855 0.0546875 0.430664 0.00113297
2 0.804688 0.966064 0.046875 0.0249023 0.00111675
3 0.0508423 0.778076 0.101685 0.432129 0.00110722
2 0.968018 0.0488434 0.0541992 0.0956726 0.00109863
2 0.728516 0.10611 0.0615234 0.0287476 0.00104427
2 0.971924 0.806885 0.0444336 0.347168 0.00104427
3 0.0440369 0.513916 0.0880737 0.972168 0.00102997
4 0.971924 0.806885 0.0444336 0.347168 0.00102711
