2 0.743652 0.78418 0.15332 0.175781 0.674316
2 0.467896 0.0106201 0.0222168 0.0212402 0.231323
2 0.866699 0.600098 0.0761719 0.169922 0.0943604
6 0.0246429 0.0784912 0.0488586 0.147217 0.0370483
6 0.0222778 0.142456 0.0400391 0.272217 0.0367737
2 0.472656 0.0128479 0.0253906 0.0256958 0.0352478
3 0.0239258 0.148987 0.0478516 0.26355 0.0298615
1 0.968994 0.931885 0.0444336 0.0893555 0.02948
2 0.379395 0.498901 0.0224609 0.0783691 0.027298
2 0.464233 0.0108948 0.0266113 0.0217896 0.0227509
2 0.798828 0.730469 0.259766 0.359375 0.0189056
6 0.972412 0.928467 0.0473633 0.100098 0.018631
3 0.0254974 0.0816345 0.0427551 0.154602 0.0160217
2 0.303223 0.556152 0.0117188 0.0175781 0.0138474
1 0.0196228 0.145996 0.0392456 0.264648 0.0128021
1 0.467773 0.0110168 0.0224609 0.0220337 0.0101776
1 0.957275 0.936768 0.0581055 0.0737305 0.0100098
2 0.381104 0.50293 0.0161133 0.0498047 0.00936127
2 0.466431 0.0160522 0.0319824 0.0321045 0.00918579
2 0.967041 0.932129 0.0463867 0.0908203 0.00894165
14 0.467896 0.0106201 0.0222168 0.0212402 0.00740433
2 0.456421 0.0125122 0.0383301 0.0250244 0.00691223
2 0.30835 0.556641 0.0180664 0.0175781 0.0066452
2 0.47168 0.00880432 0.0195312 0.0176086 0.00609589
2 0.863281 0.618652 0.108398 0.280273 0.00608444
2 0.407715 0.365234 0.0307617 0.0742188 0.00587845
1 0.952637 0.936523 0.0771484 0.09375 0.0058403
4 0.744141 0.788574 0.146484 0.174805 0.00577545
6 0.0173492 0.098999 0.0299988 0.173828 0.00576019
3 0.0201111 0.114655 0.0327759 0.206238 0.00567245
13 0.744141 0.788574 0.146484 0.174805 0.00559998
2 0.876953 0.573242 0.0683594 0.119141 0.00553513
1 0.967773 0.946045 0.0566406 0.074707 0.0052948
6 0.967285 0.898438 0.0517578 0.140625 0.00507355
6 0.963135 0.931396 0.0463867 0.0805664 0.00491714
2 0.774902 0.789551 0.226562 0.202148 0.00488663
1 0.119507 0.9646 0.21167 0.0668945 0.0044136
1 0.96582 0.914062 0.0527344 0.117188 0.00421906
3 0.968994 0.442383 0.0620117 0.884766 0.00397491
1 0.749512 0.794922 0.15332 0.177734 0.00393677
6 0.026062 0.953369 0.0484619 0.065918 0.00392914
13 0.0239258 0.148987 0.0478516 0.26355 0.00388336
3 0.0248413 0.274048 0.0438232 0.483154 0.00367355
13 0.0185547 0.145233 0.029541 0.200745 0.00364685
2 0.463623 0.0139771 0.0532227 0.0279541 0.00333977
6 0.0263672 0.117279 0.0527344 0.205872 0.00331306
4 0.0315094 0.271484 0.0483093 0.50293 0.00323486
3 0.964355 0.256042 0.0439453 0.483032 0.00323105
2 0.478638 0.0112305 0.0300293 0.0224609 0.00303268
14 0.744141 0.788574 0.146484 0.174805 0.00294495
6 0.0520782 0.0518188 0.0850525 0.0968018 0.00288773
4 0.0275574 0.15625 0.0492554 0.291992 0.00285339
1 0.0310059 0.95874 0.0511475 0.059082 0.00280571
2 0.845215 0.600098 0.135742 0.172852 0.0028019
2 0.474731 0.0166626 0.0310059 0.0333252 0.00275612
6 0.0349121 0.0487061 0.0565186 0.0974121 0.00261879
2 0.736816 0.776367 0.110352 0.141602 0.00256538
6 0.0185547 0.145233 0.029541 0.200745 0.00248909
9 0.744141 0.788574 0.146484 0.174805 0.00240517
2 0.290527 0.647949 0.019043 0.0654297 0.00238419
2 0.720215 0.779297 0.303711 0.245117 0.00234985
2 0.463867 0.0115051 0.0429688 0.0230103 0.00233841
2 0.302734 0.55127 0.0117188 0.0234375 0.00228119
1 0.975586 0.884766 0.0429688 0.212891 0.00219727
4 0.380371 0.504883 0.0161133 0.0527344 0.00216866
2 0.796387 0.357422 0.0322266 0.119629 0.0021534
2 0.0227356 0.162537 0.0454712 0.302856 0.00203323
2 0.44458 0.0153809 0.0688477 0.0302734 0.0019989
2 0.967041 0.338501 0.0483398 0.643311 0.00194836
2 0.467529 0.00881958 0.0249023 0.0176392 0.00184155
6 0.967529 0.0858765 0.0356445 0.171753 0.00178909
1 0.456421 0.0125122 0.0383301 0.0250244 0.00175095
14 0.464233 0.0108948 0.0266113 0.0217896 0.00173473
2 0.303955 0.558105 0.0166016 0.0224609 0.00169373
6 0.960693 0.941162 0.0688477 0.090332 0.0016737
3 0.0262756 0.921143 0.0525513 0.118652 0.00160789
6 0.744141 0.78418 0.149414 0.169922 0.001544
7 0.744141 0.788574 0.146484 0.174805 0.00151443
2 0.104248 0.965088 0.177246 0.0620117 0.00150871
3 0.744141 0.78418 0.149414 0.169922 0.00150299
3 0.968994 0.884277 0.0483398 0.21582 0.00149632
2 0.862305 0.324951 0.046875 0.0830078 0.00146675
2 0.972656 0.919922 0.0351562 0.0869141 0.00145626
8 0.746582 0.786621 0.155273 0.172852 0.00143909
2 0.973877 0.944092 0.0483398 0.0766602 0.00141716
19 0.744141 0.78418 0.149414 0.169922 0.00140667
6 0.0307922 0.237122 0.0496216 0.442749 0.00138569
2 0.9646 0.862549 0.0532227 0.226074 0.00138569
19 0.54541 0.751465 0.529297 0.49707 0.00133038
5 0.746582 0.786621 0.155273 0.172852 0.00133038
16 0.746582 0.786621 0.155273 0.172852 0.00131989
18 0.744141 0.788574 0.146484 0.174805 0.00131607
12 0.746582 0.786621 0.155273 0.172852 0.00130939
15 0.746582 0.786621 0.155273 0.172852 0.00129032
10 0.746582 0.786621 0.155273 0.172852 0.00129032
1 0.9646 0.862549 0.0532227 0.226074 0.00128555
17 0.744141 0.788574 0.146484 0.174805 0.00128078
1 0.466553 0.0129089 0.0356445 0.0258179 0.0012722
2 0.456543 0.0179749 0.0566406 0.0298462 0.00126266
13 0.963135 0.12738 0.0405273 0.234497 0.00125217
1 0.027771 0.227112 0.0463867 0.418823 0.00124264
6 0.974609 0.949219 0.0488281 0.0703125 0.0012207
11 0.744141 0.78418 0.149414 0.169922 0.001194
6 0.0191345 0.955811 0.0282593 0.059082 0.00118828
0 0.746582 0.786621 0.155273 0.172852 0.00117397
2 0.362793 0.377686 0.0322266 0.0664062 0.00117111
2 0.031311 0.324585 0.0441895 0.620361 0.00116825
13 0.0193481 0.0836487 0.0318604 0.141785 0.00116444
4 0.798828 0.730469 0.259766 0.359375 0.00115108
1 0.0302734 0.938477 0.0511475 0.0898438 0.00111866
13 0.468628 0.0105896 0.0217285 0.0211792 0.00109196
6 0.026062 0.041687 0.0517578 0.069458 0.00108051
6 0.980225 0.914307 0.0395508 0.13623 0.00107956
2 0.368164 0.506348 0.034668 0.0654297 0.00106144
1 0.464355 0.803223 0.754883 0.393555 0.00105476
3 0.0313721 0.175049 0.0614014 0.350098 0.00104618
6 0.975586 0.884766 0.0429688 0.212891 0.00104046
8 0.54541 0.751465 0.529297 0.49707 0.00102139
