2 0.701172 0.619629 0.170898 0.264648 0.802734
6 0.0422211 0.929688 0.0718079 0.103516 0.185791
3 0.0523682 0.495972 0.095459 0.988525 0.146729
6 0.976562 0.937744 0.0429688 0.0952148 0.111755
3 0.0283203 0.458252 0.0566406 0.916504 0.108032
6 0.0634918 0.940186 0.118622 0.090332 0.0877686
6 0.104126 0.944092 0.189697 0.100098 0.0775146
6 0.0483398 0.903564 0.0664062 0.190918 0.0731812
3 0.042984 0.432129 0.0641785 0.864258 0.055542
1 0.0431976 0.935791 0.0708313 0.0991211 0.0461426
1 0.97583 0.946289 0.0483398 0.0800781 0.0381165
3 0.959473 0.47644 0.0810547 0.94165 0.0293579
6 0.143066 0.936523 0.228516 0.126953 0.0269623
6 0.977539 0.905762 0.0429688 0.166992 0.0226746
2 0.97583 0.942139 0.0483398 0.0766602 0.0218506
6 0.0317383 0.92749 0.0496826 0.0825195 0.0202026
6 0.0540924 0.888184 0.0983582 0.188477 0.0149841
4 0.702637 0.617676 0.171875 0.248047 0.014122
3 0.0377808 0.340942 0.0478516 0.656006 0.0125885
6 0.210022 0.947754 0.38269 0.104492 0.011734
6 0.039917 0.863281 0.0628662 0.25 0.0116119
1 0.0637512 0.940674 0.117615 0.0952148 0.0105591
1 0.210022 0.947754 0.38269 0.104492 0.0100174
2 0.0422211 0.929688 0.0718079 0.103516 0.0087738
1 0.105133 0.951904 0.194519 0.0961914 0.00837708
6 0.967041 0.943604 0.065918 0.097168 0.00808716
2 0.726074 0.61377 0.274414 0.292969 0.00771713
6 0.0831909 0.928711 0.127319 0.113281 0.00767517
3 0.966797 0.361328 0.0664062 0.722656 0.00714874
1 0.163208 0.952148 0.307861 0.0878906 0.00699615
3 0.0440063 0.935059 0.0640869 0.100586 0.00613403
6 0.0305634 0.896973 0.0462952 0.194336 0.00595474
6 0.142639 0.96167 0.250854 0.0766602 0.00593567
6 0.976318 0.956055 0.0473633 0.0703125 0.00574875
2 0.0326538 0.427734 0.0541992 0.855469 0.00526047
1 0.700684 0.621582 0.169922 0.261719 0.00507355
3 0.0483398 0.903564 0.0664062 0.190918 0.00497818
1 0.0428619 0.895508 0.0707703 0.181641 0.00490189
3 0.976562 0.937744 0.0429688 0.0952148 0.00476456
1 0.0317383 0.926514 0.0465088 0.0864258 0.00470734
3 0.976562 0.0922852 0.046875 0.156982 0.00465012
13 0.694336 0.622559 0.164062 0.254883 0.00456238
3 0.969238 0.712036 0.0615234 0.548584 0.00419998
6 0.0460205 0.506104 0.092041 0.97998 0.00406265
3 0.977539 0.905762 0.0429688 0.166992 0.00402069
3 0.971191 0.882812 0.0576172 0.163086 0.00395203
6 0.0854797 0.910889 0.167419 0.174316 0.00387955
3 0.96875 0.549683 0.0585938 0.820557 0.00364304
3 0.972168 0.919922 0.0556641 0.0888672 0.00347137
6 0.163147 0.953613 0.318237 0.0888672 0.00337791
4 0.0523682 0.495972 0.095459 0.988525 0.00318718
6 0.981934 0.945801 0.0361328 0.0791016 0.00317955
3 0.983154 0.118103 0.0336914 0.216919 0.00303841
3 0.0366364 0.865234 0.0578308 0.257812 0.00301743
2 0.03125 0.924316 0.046875 0.0908203 0.00294876
13 0.0490112 0.940918 0.0802002 0.100586 0.00287247
9 0.700684 0.621582 0.169922 0.261719 0.00285339
3 0.0643158 0.939941 0.105988 0.0966797 0.00283813
14 0.700684 0.621582 0.169922 0.261719 0.00275421
13 0.97583 0.946289 0.0483398 0.0800781 0.00245857
1 0.791748 0.0236816 0.416504 0.0443115 0.00245285
3 0.034668 0.925049 0.0476074 0.0893555 0.00240898
6 0.948242 0.948242 0.0957031 0.09375 0.00214195
3 0.970947 0.813965 0.0581055 0.301758 0.00210381
6 0.966064 0.914062 0.065918 0.171875 0.00209236
3 0.0305634 0.896973 0.0462952 0.194336 0.0020771
2 0.0239258 0.668457 0.0269775 0.166016 0.00200272
6 0.700684 0.621582 0.169922 0.261719 0.00199318
3 0.971191 0.130188 0.0576172 0.226929 0.0018959
7 0.700684 0.621582 0.169922 0.261719 0.00185108
3 0.0859375 0.944092 0.167236 0.0961914 0.00174904
1 0.312012 0.951172 0.624023 0.0976562 0.00171375
2 0.105133 0.951904 0.194519 0.0961914 0.00170708
19 0.700684 0.621582 0.169922 0.261719 0.00167942
5 0.700684 0.621582 0.169922 0.261719 0.001647
16 0.700684 0.621582 0.169922 0.261719 0.00164127
13 0.105591 0.940674 0.195801 0.097168 0.00163555
3 0.032196 0.495239 0.0643921 0.954834 0.00162125
3 0.977051 0.855469 0.0458984 0.259766 0.00157547
10 0.700684 0.621582 0.169922 0.261719 0.00157166
11 0.700684 0.621582 0.169922 0.261719 0.00156593
6 0.0366211 0.911133 0.0551758 0.121094 0.00153828
15 0.700684 0.621582 0.169922 0.261719 0.00153542
12 0.700684 0.621582 0.169922 0.261719 0.0015173
17 0.700684 0.621582 0.169922 0.261719 0.00149441
0 0.700684 0.621582 0.169922 0.261719 0.00148296
18 0.700684 0.621582 0.169922 0.261719 0.00147152
13 0.0483398 0.903564 0.0664062 0.190918 0.0014677
6 0.981201 0.131836 0.0375977 0.242188 0.00144863
8 0.694336 0.622559 0.164062 0.254883 0.00144291
3 0.700684 0.621582 0.169922 0.261719 0.00137138
6 0.268677 0.945312 0.507568 0.109375 0.00133419
6 0.082428 0.956543 0.152039 0.0869141 0.0013113
3 0.0300598 0.18689 0.0376587 0.332764 0.00130558
6 0.971924 0.924072 0.0561523 0.0893555 0.00128555
2 0.0634918 0.940186 0.118622 0.090332 0.0012579
1 0.0523682 0.495972 0.095459 0.988525 0.00124073
4 0.0528717 0.933105 0.0788269 0.120117 0.00122452
3 0.967041 0.943604 0.065918 0.097168 0.00118256
6 0.200256 0.984863 0.391479 0.0302734 0.00116634
2 0.0482788 0.499878 0.0965576 0.982666 0.00116444
6 0.0469971 0.791016 0.0621338 0.400391 0.00116062
3 0.0283203 0.117096 0.0432129 0.204773 0.00110722
3 0.0438843 0.823975 0.0598145 0.309082 0.00110531
6 0.0543823 0.94043 0.0777588 0.0800781 0.00110435
2 0.0396729 0.896973 0.0631104 0.198242 0.00109768
6 0.911621 0.955078 0.176758 0.0742188 0.00106525
3 0.120575 0.939697 0.204163 0.120605 0.00106144
9 0.0485687 0.940674 0.0808411 0.103027 0.00104809
13 0.0317383 0.926514 0.0465088 0.0864258 0.00102139
3 0.0452118 0.608276 0.0736389 0.75415 0.00101852
2 0.0302887 0.715454 0.0434265 0.518311 0.00101757
6 0.056488 0.835938 0.0857544 0.298828 0.00100517
