2 0.849609 0.411316 0.0351562 0.426392 0.416748
2 0.854004 0.370422 0.0517578 0.491577 0.150391
3 0.0420685 0.500244 0.0638123 0.968262 0.121826
3 0.0322266 0.334961 0.0592041 0.669922 0.0267944
2 0.856934 0.436768 0.0341797 0.380371 0.0239563
6 0.953613 0.956055 0.0888672 0.0664062 0.022522
6 0.918457 0.960205 0.149414 0.0756836 0.0202789
3 0.0272827 0.523438 0.0545654 0.953125 0.0193939
3 0.968506 0.331543 0.0512695 0.663086 0.0152435
3 0.0270081 0.0997009 0.0413208 0.177551 0.0145569
6 0.0273438 0.0877686 0.0439453 0.159668 0.014473
3 0.973633 0.145264 0.0410156 0.259766 0.0144348
2 0.806152 0.772949 0.0576172 0.104492 0.0135345
3 0.970947 0.842773 0.0561523 0.259766 0.0133896
6 0.0257874 0.914307 0.0418091 0.140137 0.0130768
3 0.980713 0.115936 0.0307617 0.213928 0.0119629
6 0.973389 0.174927 0.0375977 0.324463 0.0109024
2 0.863281 0.406738 0.0458984 0.462891 0.0107498
3 0.0484619 0.49939 0.0969238 0.960205 0.010582
2 0.0201721 0.682129 0.0179443 0.0927734 0.00939178
6 0.977783 0.951416 0.0444336 0.0717773 0.00909424
13 0.980713 0.115936 0.0307617 0.213928 0.00894165
3 0.0258942 0.912598 0.0378113 0.163086 0.00736618
6 0.0246124 0.114624 0.032074 0.197021 0.00665665
3 0.977539 0.0874023 0.0449219 0.142578 0.00605011
2 0.850098 0.299072 0.0263672 0.146973 0.00595093
6 0.981201 0.899414 0.0375977 0.185547 0.00592804
13 0.0246124 0.114624 0.032074 0.197021 0.00587082
2 0.849121 0.346741 0.0302734 0.289917 0.005867
6 0.979492 0.137451 0.0332031 0.254395 0.00585938
2 0.858887 0.48645 0.0322266 0.236084 0.00561142
13 0.973389 0.147522 0.0395508 0.275269 0.00466919
6 0.0263062 0.949951 0.0341797 0.0708008 0.0042572
6 0.970703 0.846924 0.0507812 0.270996 0.00415039
3 0.0366821 0.184998 0.0499268 0.339966 0.00378036
4 0.980225 0.814453 0.0375977 0.349609 0.00367928
3 0.97168 0.90332 0.0546875 0.132812 0.0035305
13 0.925293 0.95752 0.141602 0.0673828 0.00345421
3 0.981934 0.91626 0.0361328 0.140137 0.00315285
2 0.0209351 0.637207 0.020752 0.178711 0.00313568
6 0.0379028 0.233459 0.050415 0.440308 0.00303841
3 0.970947 0.197754 0.0405273 0.392578 0.00295258
3 0.97876 0.882324 0.0424805 0.206055 0.00292969
2 0.861816 0.542114 0.0302734 0.153076 0.00287628
3 0.0274963 0.166199 0.0368042 0.320923 0.00283813
2 0.0283051 0.479004 0.0527649 0.958008 0.00277138
3 0.979492 0.954834 0.0410156 0.0727539 0.00259781
2 0.0205841 0.60791 0.0229187 0.27832 0.00258636
4 0.852539 0.372559 0.046875 0.488281 0.00247002
2 0.85791 0.443115 0.0537109 0.321777 0.00238037
2 0.557617 0.223877 0.0175781 0.0737305 0.00230408
2 0.0256042 0.235596 0.0328979 0.45166 0.00226784
6 0.0326538 0.945068 0.0552979 0.0727539 0.0022068
2 0.0202332 0.70752 0.0200806 0.131836 0.00217628
1 0.953613 0.956055 0.0888672 0.0664062 0.00217438
13 0.899658 0.951416 0.192871 0.0834961 0.0021534
3 0.969727 0.713379 0.0585938 0.522461 0.00211525
6 0.0261383 0.139038 0.0431824 0.245361 0.00208855
1 0.973389 0.174927 0.0375977 0.324463 0.00208282
6 0.0263519 0.0626068 0.0476379 0.100372 0.0020504
2 0.851562 0.473145 0.03125 0.242188 0.00194836
2 0.0420685 0.425903 0.0652771 0.849365 0.00189018
6 0.978516 0.0882263 0.0390625 0.157532 0.00184059
6 0.044281 0.501221 0.088562 0.993652 0.00182724
2 0.0255432 0.787354 0.0346069 0.399902 0.00180531
3 0.0392456 0.659546 0.0505371 0.655518 0.00161839
13 0.806152 0.773438 0.0576172 0.103516 0.00160217
2 0.0257874 0.914307 0.0418091 0.140137 0.00157261
3 0.0196075 0.115448 0.0262146 0.193909 0.00153732
3 0.0429688 0.498657 0.0561523 0.633545 0.00152016
6 0.0727234 0.959229 0.128479 0.0620117 0.00149918
4 0.044281 0.501221 0.088562 0.993652 0.00148106
13 0.0274963 0.166199 0.0368042 0.320923 0.00147343
1 0.81543 0.10437 0.155273 0.178223 0.00141907
2 0.977783 0.951416 0.0444336 0.0717773 0.00134182
6 0.0260468 0.867432 0.0387268 0.239746 0.00133801
2 0.963379 0.312134 0.0595703 0.615967 0.00132084
6 0.962158 0.948975 0.0600586 0.102051 0.00131035
6 0.0320435 0.180054 0.0432129 0.324951 0.00130367
2 0.0351562 0.356079 0.0493164 0.668701 0.00129318
6 0.0856628 0.96875 0.161194 0.0488281 0.00128841
2 0.899658 0.951416 0.192871 0.0834961 0.0012722
2 0.0218506 0.606812 0.0327148 0.555908 0.00124931
2 0.582031 0.132935 0.0449219 0.0141602 0.00118446
2 0.847656 0.4021 0.0214844 0.17334 0.00117779
3 0.0188904 0.900391 0.0322876 0.191406 0.00113297
3 0.0359497 0.12326 0.0510254 0.205627 0.00110531
4 0.969727 0.3125 0.0449219 0.625 0.00109673
6 0.0190582 0.944092 0.0271912 0.0727539 0.00103664
3 0.953369 0.956055 0.0776367 0.0683594 0.00102425
13 0.0240326 0.146362 0.0232239 0.16626 0.00102043
2 0.856934 0.52356 0.0410156 0.192139 0.00101566
