2 0.447388 0.881836 0.173584 0.0664062 0.884277
6 0.0329132 0.159363 0.0357361 0.28186 0.196533
2 0.161133 0.16687 0.027832 0.0800781 0.151611
6 0.0371094 0.114746 0.0515137 0.212891 0.0863037
2 0.987305 0.625 0.0214844 0.0820312 0.0755005
6 0.0344238 0.873535 0.0567627 0.25293 0.0536804
2 0.979248 0.820312 0.0336914 0.341797 0.0433655
2 0.598633 0.0146637 0.0283203 0.0293274 0.0389404
13 0.0314331 0.14624 0.036377 0.261719 0.0387878
2 0.535156 0.414062 0.0175781 0.0419922 0.0349426
2 0.0314331 0.162231 0.0350342 0.289795 0.0293579
3 0.0361481 0.885986 0.0646667 0.192871 0.0288391
6 0.0292664 0.914307 0.0531616 0.147949 0.0283203
2 0.447632 0.878418 0.109619 0.0722656 0.023941
3 0.0338135 0.139771 0.0426025 0.269287 0.0206451
6 0.979492 0.954834 0.03125 0.0551758 0.0155792
2 0.0289917 0.159271 0.0268555 0.209778 0.0150375
2 0.988281 0.584961 0.0195312 0.165039 0.0149384
6 0.0289917 0.110748 0.0324707 0.184753 0.0149002
3 0.0427246 0.161987 0.0615234 0.323975 0.014389
3 0.0362396 0.848389 0.0600891 0.303223 0.0136642
2 0.981445 0.955322 0.0273438 0.050293 0.0131912
1 0.979492 0.958008 0.03125 0.0566406 0.0131302
2 0.447876 0.870117 0.179443 0.121094 0.0126724
3 0.968018 0.713623 0.0522461 0.541504 0.0124435
13 0.976562 0.821045 0.0332031 0.344238 0.0118179
2 0.520508 0.422119 0.0253906 0.0483398 0.0108185
2 0.960938 0.672363 0.0195312 0.0224609 0.0106659
3 0.0387573 0.0969543 0.0527344 0.179138 0.0100632
2 0.450439 0.880859 0.0727539 0.0625 0.00995636
6 0.0867004 0.960938 0.157654 0.0566406 0.00991058
3 0.038269 0.195068 0.0429688 0.362793 0.0085144
2 0.495117 0.430664 0.0175781 0.0537109 0.00849152
3 0.0292969 0.92334 0.0544434 0.0908203 0.00796509
1 0.0329132 0.159363 0.0357361 0.28186 0.00740433
13 0.987305 0.625 0.0214844 0.0820312 0.00735474
6 0.0427246 0.161987 0.0615234 0.323975 0.00680542
3 0.0284119 0.911133 0.0490112 0.169922 0.00670624
6 0.979004 0.154633 0.0419922 0.24884 0.00642014
2 0.154297 0.165039 0.0253906 0.079834 0.00619507
2 0.990234 0.611816 0.0175781 0.0957031 0.00613785
13 0.036087 0.199524 0.0350037 0.369507 0.00532913
4 0.520508 0.422119 0.0253906 0.0483398 0.00521088
4 0.495605 0.437622 0.0214844 0.0632324 0.00517654
13 0.0289917 0.159271 0.0268555 0.209778 0.00511551
6 0.0368042 0.937012 0.0576172 0.0986328 0.00502014
3 0.0325928 0.25769 0.036377 0.429932 0.004879
13 0.0333252 0.0980225 0.0404053 0.166504 0.00483704
2 0.15918 0.178345 0.0192871 0.0493164 0.0045166
1 0.0292969 0.9375 0.0390625 0.0800781 0.00437546
6 0.0421295 0.900146 0.0632019 0.174316 0.00428009
4 0.979248 0.820312 0.0336914 0.341797 0.00427246
2 0.985352 0.430176 0.0136719 0.0634766 0.00411987
6 0.93042 0.0372162 0.129395 0.0742493 0.00397873
6 0.0456543 0.088501 0.0671387 0.16626 0.00390244
2 0.776855 0.360596 0.03125 0.0800781 0.0038147
1 0.0277863 0.130219 0.0298767 0.202942 0.00376511
1 0.0368042 0.839844 0.0559082 0.318359 0.00375557
1 0.447021 0.882324 0.179199 0.0664062 0.00354195
3 0.959229 0.665283 0.0756836 0.669434 0.00339699
2 0.162476 0.18457 0.0166016 0.0415039 0.00339317
2 0.977783 0.640137 0.0229492 0.0742188 0.00337982
4 0.0357056 0.864258 0.0552979 0.265625 0.00336456
6 0.038269 0.195068 0.0429688 0.362793 0.00323296
3 0.979004 0.154633 0.0419922 0.24884 0.00310326
2 0.0333252 0.0980225 0.0404053 0.166504 0.00307274
4 0.449219 0.878906 0.179688 0.0722656 0.00295639
2 0.495605 0.439819 0.0224609 0.0695801 0.00289917
14 0.449219 0.878906 0.179688 0.0722656 0.0028553
2 0.981445 0.620605 0.0214844 0.0859375 0.00285149
6 0.0520325 0.949463 0.0897827 0.0737305 0.00271225
6 0.918701 0.0236816 0.119629 0.0404053 0.00269127
1 0.0292969 0.92334 0.0544434 0.0908203 0.00266075
13 0.449219 0.878906 0.179688 0.0722656 0.00259972
2 0.962402 0.673828 0.0224609 0.0400391 0.00257111
2 0.968018 0.713623 0.0522461 0.541504 0.00242233
2 0.602539 0.127075 0.139648 0.0263672 0.00240517
2 0.161865 0.151611 0.0490723 0.0600586 0.00235176
2 0.612793 0.129395 0.0839844 0.0209961 0.00228119
2 0.826172 0.448486 0.0429688 0.097168 0.00227928
13 0.0249786 0.125977 0.0318298 0.213867 0.00224304
2 0.976318 0.769531 0.0258789 0.344727 0.00215149
4 0.535156 0.415527 0.0195312 0.0458984 0.00205231
3 0.0289917 0.110748 0.0324707 0.184753 0.00201797
1 0.120483 0.9646 0.232666 0.0708008 0.00195217
2 0.602539 0.0184326 0.0341797 0.0368652 0.00193882
2 0.612305 0.015625 0.0419922 0.03125 0.00191402
6 0.115082 0.969727 0.195129 0.0488281 0.00189686
13 0.979248 0.957275 0.0317383 0.0541992 0.0018549
1 0.0340576 0.9104 0.0579834 0.149902 0.00185108
6 0.982178 0.937256 0.0317383 0.0922852 0.0018425
1 0.0867004 0.960938 0.157654 0.0566406 0.00183964
2 0.969727 0.661133 0.0214844 0.0546875 0.00182915
3 0.976562 0.821045 0.0332031 0.344238 0.00182152
13 0.977783 0.640137 0.0229492 0.0742188 0.00177288
3 0.0368042 0.937012 0.0576172 0.0986328 0.00174427
6 0.0340881 0.847168 0.0681763 0.301758 0.00173855
19 0.495728 0.585327 0.572998 0.616455 0.00173187
6 0.985352 0.0671844 0.0195312 0.0721741 0.00172997
6 0.949219 0.0490723 0.09375 0.0845947 0.00172901
3 0.031723 0.938721 0.0412903 0.0756836 0.00172424
2 0.447266 0.865234 0.179688 0.0712891 0.00171661
19 0.700562 0.753662 0.552002 0.445801 0.00168133
6 0.976807 0.0672913 0.0424805 0.085144 0.00167751
2 0.984375 0.559937 0.0214844 0.210205 0.00165176
1 0.893066 0.980713 0.202148 0.034668 0.0016098
6 0.0283051 0.937256 0.0456848 0.074707 0.00156307
8 0.495728 0.585327 0.572998 0.616455 0.00152683
2 0.529297 0.414795 0.0214844 0.043457 0.00150299
2 0.0398407 0.737793 0.0484924 0.504883 0.00147915
9 0.449219 0.878906 0.179688 0.0722656 0.00144863
2 0.160767 0.168823 0.0517578 0.0852051 0.00142097
6 0.982178 0.893555 0.0317383 0.189453 0.0014143
2 0.963135 0.691406 0.0229492 0.0654297 0.00140476
2 0.0381317 0.262634 0.0382385 0.493286 0.00140285
1 0.0371094 0.114746 0.0515137 0.212891 0.00139236
2 0.0273438 0.929199 0.050415 0.0908203 0.00139046
2 0.976562 0.745605 0.0214844 0.194336 0.00138855
2 0.75 0.0173645 0.0273438 0.0272827 0.00136471
2 0.968506 0.276062 0.0375977 0.499634 0.00128651
3 0.0398407 0.737793 0.0484924 0.504883 0.00126362
2 0.790527 0.269775 0.0234375 0.0649414 0.00125217
6 0.0252228 0.144531 0.0301208 0.258789 0.00120831
2 0.632812 0.126587 0.0585938 0.0175781 0.00118923
2 0.423584 0.373779 0.0229492 0.0395508 0.00118256
6 0.91626 0.0151367 0.106934 0.0280762 0.00117493
2 0.965576 0.405029 0.0258789 0.117676 0.00115299
19 0.449219 0.878906 0.179688 0.0722656 0.00115204
3 0.0523987 0.955078 0.085144 0.0683594 0.00113964
2 0.982178 0.893555 0.0317383 0.189453 0.00113583
2 0.986328 0.617188 0.0273438 0.0888672 0.00112629
2 0.584961 0.0153503 0.0371094 0.0283203 0.00109768
2 0.893066 0.980713 0.202148 0.034668 0.00109673
2 0.585938 0.130127 0.107422 0.0202637 0.00109386
6 0.0402222 0.0631104 0.0565186 0.121094 0.001091
7 0.449219 0.878906 0.179688 0.0722656 0.00108624
6 0.980713 0.103851 0.0385742 0.14093 0.00108242
13 0.0395966 0.852051 0.0572815 0.282227 0.00108147
6 0.0316772 0.828125 0.0423584 0.3125 0.00106239
19 0.399536 0.689087 0.493896 0.516357 0.00105858
8 0.700562 0.753662 0.552002 0.445801 0.00105667
4 0.0314331 0.162231 0.0350342 0.289795 0.00104523
16 0.449219 0.878906 0.179688 0.0722656 0.00104523
2 0.0420074 0.899902 0.0690613 0.168945 0.00103951
18 0.449219 0.878906 0.179688 0.0722656 0.0010128
2 0.122681 0.546875 0.0231934 0.078125 0.00100613
