2 0.958252 0.855957 0.0522461 0.167969 0.648438
2 0.973633 0.418579 0.0253906 0.229248 0.323486
2 0.967773 0.273438 0.0351562 0.50293 0.310547
3 0.0428467 0.490845 0.0626221 0.908936 0.0964355
2 0.570801 0.0119629 0.0214844 0.0227661 0.0448914
3 0.951904 0.511475 0.0727539 0.977051 0.04422
4 0.96875 0.277222 0.0410156 0.521729 0.0338135
2 0.968506 0.400146 0.027832 0.253418 0.0294952
1 0.0289307 0.946533 0.038208 0.0776367 0.0247345
6 0.0248413 0.940674 0.0379639 0.0874023 0.0242462
2 0.423828 0.402588 0.0151367 0.0507812 0.0206757
3 0.0433197 0.672974 0.0642395 0.654053 0.0202942
2 0.566895 0.0153656 0.0283203 0.0307312 0.0186615
2 0.623047 0.0120239 0.0273438 0.0230713 0.0180511
3 0.0661926 0.509521 0.0912476 0.965332 0.015976
2 0.957764 0.864746 0.0473633 0.09375 0.0156708
3 0.947266 0.646484 0.0722656 0.646484 0.0113602
2 0.454346 0.0113525 0.0258789 0.0216675 0.0106277
3 0.96875 0.277222 0.0410156 0.521729 0.0103531
3 0.041748 0.353271 0.0496826 0.608887 0.00982666
1 0.0282745 0.922852 0.0457458 0.111328 0.00911713
2 0.973389 0.322021 0.0258789 0.435059 0.00884247
2 0.322754 0.010025 0.0185547 0.02005 0.00814819
3 0.0381012 0.773438 0.0517273 0.441406 0.00798035
3 0.0282745 0.922852 0.0457458 0.111328 0.00770569
2 0.958252 0.512695 0.065918 0.939453 0.00747299
2 0.955811 0.825195 0.0493164 0.120117 0.00725555
2 0.299316 0.0392303 0.0830078 0.0187073 0.00595856
2 0.957764 0.782715 0.0571289 0.302734 0.00593948
6 0.0263824 0.893555 0.0439148 0.171875 0.00569153
1 0.95752 0.851074 0.0556641 0.166992 0.00561142
13 0.0255127 0.118134 0.0239258 0.146545 0.00511551
3 0.031311 0.888184 0.0501709 0.182617 0.00457764
3 0.964844 0.415527 0.0605469 0.78418 0.00358963
6 0.980225 0.954834 0.0317383 0.0688477 0.00358772
2 0.805176 0.0120544 0.03125 0.0234985 0.00358391
2 0.664551 0.0118866 0.0273438 0.0237732 0.00349045
2 0.977295 0.276001 0.0375977 0.510498 0.00320244
2 0.960205 0.8125 0.0541992 0.177734 0.00319672
3 0.0317383 0.335938 0.0461426 0.671875 0.00317955
2 0.653809 0.0119629 0.0341797 0.0236816 0.00317764
3 0.0302887 0.816895 0.0441589 0.350586 0.00317383
2 0.968506 0.876953 0.0454102 0.180664 0.00317001
2 0.967285 0.374268 0.0400391 0.365723 0.00314903
1 0.0432739 0.5 0.0769043 0.960938 0.00313187
2 0.498535 0.0107727 0.0361328 0.0209961 0.00309563
6 0.0341797 0.174683 0.0369873 0.290283 0.0030899
2 0.317139 0.00994873 0.0239258 0.0192261 0.00304985
3 0.0494995 0.503906 0.0687256 0.630859 0.00303459
3 0.0299835 0.173401 0.0364685 0.310425 0.002985
2 0.305908 0.0341187 0.0571289 0.0250244 0.00292587
3 0.0405273 0.569336 0.0483398 0.645508 0.00277519
2 0.0393677 0.360352 0.0471191 0.663086 0.00276947
2 0.0302734 0.947021 0.0369873 0.0805664 0.00275993
2 0.970703 0.420044 0.0566406 0.810303 0.00271606
1 0.0374146 0.776367 0.0480957 0.4375 0.00264931
3 0.0462341 0.507202 0.0924683 0.948486 0.00256538
2 0.972656 0.411743 0.0390625 0.64917 0.00242043
2 0.62207 0.012146 0.0488281 0.0238037 0.00237274
6 0.0281982 0.858643 0.0411377 0.270996 0.00232697
3 0.041626 0.356506 0.0389404 0.450073 0.00230789
13 0.0292358 0.151428 0.0327148 0.259644 0.00226974
13 0.956787 0.851074 0.0551758 0.165039 0.00224495
2 0.43042 0.416016 0.0136719 0.0439453 0.00214958
2 0.736816 0.011795 0.0273438 0.0235901 0.00213242
2 0.958496 0.849121 0.0830078 0.166016 0.00201607
6 0.0302429 0.924561 0.0377808 0.111816 0.00197601
2 0.974609 0.37085 0.0332031 0.307129 0.00189304
2 0.470703 0.011322 0.0380859 0.0219727 0.00187492
2 0.630371 0.0124512 0.0283203 0.0249023 0.00187302
2 0.96167 0.754395 0.0532227 0.491211 0.00185108
1 0.96875 0.277222 0.0410156 0.521729 0.00179958
2 0.0266113 0.927246 0.0400391 0.112305 0.00177765
4 0.959473 0.852051 0.0537109 0.166992 0.0017271
6 0.0372314 0.232178 0.0413818 0.416504 0.00164032
2 0.0369873 0.702637 0.0400391 0.594727 0.00163174
2 0.568848 0.017395 0.0488281 0.03479 0.00161171
2 0.967529 0.360962 0.0219727 0.215576 0.0014925
6 0.96875 0.277222 0.0410156 0.521729 0.00148678
2 0.624023 0.0178833 0.0273438 0.0279541 0.00147247
14 0.570801 0.0119629 0.0214844 0.0227661 0.00143909
2 0.673828 0.0124207 0.0458984 0.0241089 0.00140095
2 0.565918 0.0223389 0.0341797 0.0446777 0.0013895
1 0.0371094 0.936279 0.0455322 0.0942383 0.00135326
2 0.662109 0.0145874 0.0371094 0.0253296 0.00130558
2 0.608887 0.012207 0.0556641 0.0237427 0.00130081
14 0.956055 0.85498 0.0546875 0.166992 0.00127697
6 0.0432739 0.5 0.0769043 0.960938 0.0012579
13 0.973877 0.419556 0.0268555 0.229248 0.00122452
2 0.481934 0.438721 0.0175781 0.0585938 0.00121403
3 0.928711 0.518311 0.0878906 0.963379 0.00110149
2 0.0423431 0.459839 0.0613098 0.88501 0.00109863
2 0.322021 0.0132141 0.0263672 0.0264282 0.00109577
2 0.508789 0.0150146 0.0332031 0.0265503 0.00108814
2 0.287109 0.0375366 0.115234 0.036377 0.00107479
2 0.966309 0.631348 0.0458984 0.631836 0.00106525
3 0.0263977 0.942627 0.0331421 0.0874023 0.00105858
1 0.0302887 0.816895 0.0441589 0.350586 0.00100613
