2 0.63623 0.207947 0.237305 0.380005 0.78125
2 0.0336304 0.214478 0.0402832 0.398193 0.707031
14 0.89209 0.0602417 0.0273438 0.026001 0.464844
1 0.0333862 0.934326 0.0539551 0.10791 0.138794
6 0.0289612 0.929199 0.0515747 0.110352 0.127808
2 0.0322266 0.280334 0.0288086 0.264526 0.125244
2 0.205566 0.128418 0.020752 0.0549316 0.0913696
2 0.577637 0.266602 0.12793 0.244629 0.0718994
2 0.0252686 0.377686 0.0167236 0.0712891 0.0698242
1 0.96875 0.893555 0.0410156 0.189453 0.0386353
6 0.0340576 0.919922 0.0577393 0.158203 0.0318604
2 0.608398 0.247803 0.182617 0.273926 0.0241547
3 0.0361328 0.207275 0.0629883 0.40332 0.0221863
1 0.0302734 0.930176 0.0408936 0.0830078 0.0217896
1 0.638184 0.212952 0.249023 0.390503 0.0214386
14 0.887695 0.0646973 0.0292969 0.0283203 0.0183563
2 0.0355225 0.342651 0.0358887 0.611572 0.0172729
4 0.032608 0.211853 0.0385437 0.394653 0.0169373
3 0.968994 0.903076 0.050293 0.150879 0.0144196
2 0.0411377 0.265747 0.0443115 0.499756 0.0138168
6 0.0469971 0.940918 0.0766602 0.0966797 0.0121384
2 0.0318604 0.929199 0.036377 0.0810547 0.0115356
6 0.975586 0.899902 0.0449219 0.18457 0.0107803
1 0.976562 0.882812 0.0351562 0.224609 0.0105362
1 0.0531616 0.937988 0.0911865 0.0947266 0.0104828
2 0.0292969 0.272705 0.0389404 0.333008 0.0104828
3 0.967773 0.265137 0.0527344 0.50293 0.0094986
1 0.0339203 0.901367 0.0520325 0.177734 0.00906372
3 0.950195 0.332031 0.0644531 0.664062 0.00898743
4 0.636719 0.212708 0.250977 0.389038 0.00863647
2 0.026062 0.356201 0.0209961 0.103516 0.00854492
3 0.949219 0.461426 0.0917969 0.918945 0.008461
6 0.0327759 0.930664 0.0410156 0.0800781 0.00831604
3 0.0340576 0.919922 0.0577393 0.158203 0.0080719
14 0.889648 0.062439 0.0429688 0.0311279 0.00753784
6 0.0361938 0.874023 0.0517578 0.25 0.00746918
2 0.0272522 0.329102 0.0222778 0.157227 0.00679016
2 0.206543 0.128662 0.0327148 0.0500488 0.00621033
6 0.636719 0.212708 0.250977 0.389038 0.00593948
3 0.0285645 0.929199 0.0463867 0.110352 0.0057373
14 0.894043 0.0539551 0.0253906 0.0229492 0.00555801
2 0.0302734 0.226318 0.0247803 0.245117 0.00527573
2 0.0273438 0.129517 0.0317383 0.252686 0.00507736
2 0.0333862 0.934326 0.0539551 0.10791 0.00496674
13 0.638184 0.212952 0.249023 0.390503 0.00477982
1 0.100098 0.952637 0.177002 0.0927734 0.00474548
19 0.636719 0.212708 0.250977 0.389038 0.00417709
14 0.638184 0.212952 0.249023 0.390503 0.00409317
9 0.636719 0.212708 0.250977 0.389038 0.0037365
3 0.967285 0.878662 0.0380859 0.223145 0.00371933
11 0.638184 0.212952 0.249023 0.390503 0.00356102
18 0.636719 0.212708 0.250977 0.389038 0.00345612
16 0.636719 0.212708 0.250977 0.389038 0.00344276
7 0.636719 0.212708 0.250977 0.389038 0.00318527
2 0.0342865 0.57373 0.0212708 0.120117 0.00318146
1 0.0351562 0.252258 0.0396729 0.473022 0.00316811
8 0.636719 0.212708 0.250977 0.389038 0.003088
17 0.636719 0.212708 0.250977 0.389038 0.00305176
10 0.636719 0.212708 0.250977 0.389038 0.00305176
14 0.899414 0.0599976 0.0332031 0.0245361 0.00292778
3 0.638184 0.212952 0.249023 0.390503 0.00289917
5 0.638184 0.212952 0.249023 0.390503 0.00286484
15 0.636719 0.212708 0.250977 0.389038 0.00278091
0 0.636719 0.212708 0.250977 0.389038 0.00268555
12 0.638184 0.212952 0.249023 0.390503 0.0025425
6 0.972656 0.941406 0.0488281 0.0878906 0.00248528
3 0.0351715 0.307007 0.0365906 0.565674 0.00228691
2 0.658203 0.300049 0.351562 0.45166 0.00224686
13 0.0289612 0.929199 0.0515747 0.110352 0.00223923
2 0.0252838 0.889404 0.0351257 0.187988 0.00221443
19 0.456421 0.464233 0.759033 0.637939 0.00207329
1 0.89209 0.0602417 0.0273438 0.026001 0.00199509
2 0.89209 0.0602417 0.0273438 0.026001 0.00193405
6 0.0358124 0.266479 0.0379944 0.498291 0.0019331
2 0.0260162 0.379883 0.0334167 0.0683594 0.00190926
2 0.0263367 0.397461 0.0186157 0.0927734 0.0019083
2 0.0283203 0.375 0.0144043 0.0825195 0.00186348
6 0.0330811 0.153687 0.0435791 0.286865 0.00183678
2 0.0506134 0.210632 0.0711365 0.401001 0.00175858
3 0.0361938 0.874023 0.0517578 0.25 0.00172329
19 0.89209 0.0595703 0.0283203 0.0250244 0.00165462
13 0.89209 0.0602417 0.0273438 0.026001 0.00163555
6 0.0254517 0.9021 0.0358887 0.184082 0.00156403
2 0.0218506 0.370361 0.0187988 0.0737305 0.00156212
4 0.0321045 0.929932 0.052124 0.112793 0.00154114
6 0.0211639 0.914307 0.0343323 0.128418 0.00151443
1 0.0821228 0.933594 0.1297 0.119141 0.00149918
3 0.0429688 0.319336 0.0546875 0.638672 0.00145912
6 0.0821228 0.933594 0.1297 0.119141 0.00137138
13 0.0254822 0.378174 0.0164185 0.0703125 0.00136948
4 0.89209 0.0595093 0.0273438 0.0253906 0.00133038
1 0.0252533 0.906006 0.0368958 0.152832 0.00126171
3 0.946289 0.570801 0.0683594 0.834961 0.00120258
19 0.682617 0.455322 0.570312 0.706543 0.00118732
6 0.967285 0.878662 0.0380859 0.223145 0.00118637
1 0.0224609 0.935791 0.0305176 0.0854492 0.0011797
1 0.932861 0.964844 0.112793 0.0664062 0.00112534
2 0.967773 0.904297 0.0449219 0.160156 0.00110722
1 0.943848 0.949707 0.0947266 0.0947266 0.00109768
1 0.911621 0.970459 0.15332 0.0493164 0.00108624
9 0.892578 0.0603638 0.0283203 0.026001 0.00106621
13 0.0318604 0.929199 0.036377 0.0810547 0.00103283
3 0.0372925 0.932617 0.074585 0.113281 0.00101757
3 0.0302887 0.210266 0.0307312 0.400757 0.00100327
