2 0.512207 0.40686 0.121094 0.199951 0.850586
2 0.0264587 0.645508 0.0266724 0.0957031 0.51123
6 0.980713 0.902832 0.0385742 0.176758 0.206177
2 0.0275269 0.673828 0.0292969 0.166016 0.153809
6 0.0366821 0.0773926 0.0484619 0.154785 0.137085
6 0.975342 0.939697 0.0454102 0.0932617 0.0665894
6 0.034668 0.924316 0.0588379 0.0947266 0.0608521
2 0.526001 0.386719 0.182373 0.271484 0.0545349
1 0.978516 0.918945 0.0429688 0.132812 0.0385742
2 0.0312347 0.652344 0.0210266 0.105469 0.0346375
2 0.0220337 0.635254 0.022583 0.0810547 0.0302124
1 0.973633 0.95166 0.0507812 0.0751953 0.0219879
2 0.0359497 0.770508 0.0180664 0.0654297 0.020401
6 0.0283508 0.914795 0.0411987 0.135254 0.0184174
2 0.0350952 0.762207 0.022583 0.210938 0.0172272
3 0.979492 0.902344 0.0371094 0.183594 0.0154877
6 0.983398 0.885498 0.0234375 0.193848 0.0151291
1 0.969482 0.927734 0.0415039 0.113281 0.0151138
6 0.0865479 0.954102 0.172119 0.0878906 0.0148315
3 0.0355835 0.842773 0.071167 0.253906 0.0148315
6 0.028183 0.892578 0.0515442 0.15625 0.0146179
3 0.0380859 0.0822449 0.0517578 0.16217 0.0127411
6 0.0386963 0.915771 0.0606689 0.158691 0.0124512
2 0.0333862 0.75 0.0234375 0.112305 0.0123749
6 0.983154 0.92749 0.0317383 0.115723 0.0116348
13 0.0302734 0.650391 0.0218506 0.102539 0.0116119
6 0.0493622 0.941406 0.0780334 0.0839844 0.0112228
2 0.0218506 0.663086 0.0234375 0.142578 0.0110397
6 0.0725098 0.942871 0.130127 0.0810547 0.0106659
2 0.0356445 0.780762 0.0273438 0.311523 0.010498
6 0.958008 0.94751 0.0722656 0.097168 0.00995636
3 0.983398 0.885498 0.0234375 0.193848 0.00889587
2 0.979736 0.915039 0.0405273 0.140625 0.00834656
6 0.981445 0.945312 0.0351562 0.0722656 0.00830078
6 0.037735 0.847656 0.0683289 0.269531 0.00801849
6 0.96875 0.932129 0.0546875 0.135742 0.00764084
2 0.0303955 0.0942383 0.0369873 0.173828 0.00750732
3 0.969727 0.91748 0.0488281 0.118164 0.00730515
1 0.0380859 0.0822449 0.0517578 0.16217 0.00712967
4 0.51062 0.399414 0.12915 0.192383 0.00710297
3 0.960938 0.330444 0.0683594 0.649658 0.00708771
3 0.0240479 0.885742 0.0412598 0.181641 0.00688553
2 0.975342 0.939697 0.0454102 0.0932617 0.00638962
2 0.546875 0.424438 0.262695 0.465576 0.00631332
3 0.0342865 0.918701 0.0505676 0.127441 0.00629425
2 0.0283203 0.632812 0.0203857 0.0888672 0.00624466
6 0.974609 0.958008 0.0488281 0.0664062 0.00622177
13 0.512329 0.408691 0.126709 0.198242 0.0060463
3 0.981445 0.93042 0.0351562 0.117676 0.0055809
6 0.0315552 0.935059 0.0393066 0.0849609 0.00549698
2 0.0283203 0.927246 0.0300293 0.0625 0.00533676
13 0.980713 0.902832 0.0385742 0.176758 0.00533676
1 0.51123 0.406738 0.121094 0.208008 0.00520706
3 0.951904 0.422119 0.0629883 0.844238 0.00495529
3 0.0374146 0.794678 0.0623779 0.391113 0.00494003
6 0.03125 0.117065 0.0313721 0.166748 0.00477982
2 0.495117 0.406006 0.307617 0.290527 0.00462723
1 0.910156 0.944824 0.154297 0.108398 0.00437546
2 0.0374756 0.500977 0.0168457 0.0927734 0.00431061
1 0.940674 0.934814 0.103027 0.114746 0.00427246
2 0.0302277 0.744141 0.0210876 0.0820312 0.00424957
2 0.0335083 0.755371 0.0209961 0.0751953 0.00391006
3 0.953613 0.49585 0.0927734 0.953613 0.00378036
14 0.509277 0.398682 0.132812 0.193848 0.00367355
9 0.512329 0.408691 0.126709 0.198242 0.00359726
6 0.124268 0.954346 0.235352 0.0913086 0.00359154
2 0.036026 0.788574 0.019989 0.0986328 0.00349808
1 0.967773 0.9021 0.0527344 0.158691 0.00339508
2 0.0278931 0.674805 0.0247803 0.0908203 0.00333023
2 0.0357056 0.0775757 0.0567627 0.148071 0.0032959
2 0.981445 0.841553 0.0332031 0.307129 0.00320053
13 0.0275269 0.673828 0.0292969 0.166016 0.00318718
3 0.0394745 0.937012 0.0519104 0.0888672 0.0030365
3 0.972656 0.952148 0.0507812 0.0761719 0.00299835
6 0.0185699 0.883301 0.0361023 0.186523 0.00296593
6 0.916748 0.961426 0.146973 0.0771484 0.00282478
6 0.980713 0.110962 0.0249023 0.158691 0.00279808
3 0.979248 0.13092 0.0317383 0.238159 0.00271416
2 0.0302734 0.740723 0.0357666 0.432617 0.00264168
6 0.0562134 0.929932 0.101196 0.112793 0.00256348
19 0.32373 0.523438 0.53125 0.78125 0.00251579
3 0.0300598 0.928467 0.0387573 0.0981445 0.00244904
13 0.0306091 0.121338 0.0291138 0.179199 0.00242233
2 0.19928 0.281982 0.0819092 0.216797 0.00241089
7 0.512329 0.408691 0.126709 0.198242 0.00223923
6 0.512329 0.408691 0.126709 0.198242 0.00220299
13 0.0352173 0.761719 0.019165 0.0683594 0.00219917
19 0.512329 0.408691 0.126709 0.198242 0.0021534
4 0.32373 0.523438 0.53125 0.78125 0.00213623
2 0.0291748 0.629395 0.0336914 0.0849609 0.00212669
5 0.512329 0.408691 0.126709 0.198242 0.00208664
2 0.0247955 0.61377 0.0225525 0.115234 0.00207329
1 0.129669 0.949219 0.239197 0.0917969 0.00207138
8 0.512329 0.408691 0.126709 0.198242 0.00206184
16 0.512329 0.408691 0.126709 0.198242 0.00205612
2 0.981445 0.945312 0.0351562 0.0722656 0.00201607
2 0.739746 0.409424 0.0546875 0.0981445 0.00196457
13 0.0343018 0.0769043 0.0531006 0.147705 0.00195503
2 0.034668 0.924316 0.0588379 0.0947266 0.0019455
10 0.512329 0.408691 0.126709 0.198242 0.00193024
17 0.509277 0.398682 0.132812 0.193848 0.00190449
18 0.512329 0.408691 0.126709 0.198242 0.00187111
12 0.512329 0.408691 0.126709 0.198242 0.00181389
15 0.512329 0.408691 0.126709 0.198242 0.00181389
11 0.512329 0.408691 0.126709 0.198242 0.00180721
3 0.965576 0.911865 0.0610352 0.17627 0.00179005
2 0.520996 0.396973 0.102539 0.140137 0.00177288
2 0.0366211 0.654297 0.024292 0.102539 0.00177288
4 0.526001 0.386719 0.182373 0.271484 0.00176144
3 0.980713 0.110962 0.0249023 0.158691 0.00175667
6 0.976318 0.132904 0.0356445 0.198547 0.0017271
6 0.0352173 0.162476 0.0343018 0.261475 0.00171852
1 0.0283203 0.927246 0.0321045 0.0683594 0.00170708
1 0.978516 0.879639 0.0332031 0.219238 0.00170326
0 0.512329 0.408691 0.126709 0.198242 0.00169182
6 0.94751 0.957031 0.0854492 0.0664062 0.00163841
2 0.983398 0.87207 0.0234375 0.208984 0.00162411
2 0.969971 0.919189 0.0444336 0.122559 0.00161552
3 0.514038 0.406494 0.127197 0.196777 0.00156403
3 0.958008 0.94751 0.0722656 0.097168 0.00154018
1 0.928223 0.957031 0.131836 0.0722656 0.00152779
1 0.0357666 0.931152 0.0498047 0.0947266 0.00152493
13 0.02742 0.652832 0.0345154 0.109375 0.00150299
6 0.052948 0.0784302 0.081604 0.150513 0.00149918
19 0.46875 0.619751 0.723633 0.674561 0.00146961
2 0.0327148 0.708008 0.024292 0.236328 0.0014677
1 0.94751 0.957031 0.0854492 0.0664062 0.00144291
2 0.0438843 0.324097 0.045166 0.62915 0.00140285
2 0.027771 0.583984 0.0247803 0.196289 0.0014019
13 0.0303955 0.0942383 0.0369873 0.173828 0.00139999
6 0.0317383 0.0596619 0.0479736 0.111633 0.00139999
4 0.979492 0.902344 0.0371094 0.183594 0.00139236
19 0.602417 0.671631 0.576416 0.648926 0.00138187
1 0.0285492 0.109131 0.0315247 0.19873 0.00136662
2 0.0362549 0.824219 0.039917 0.291016 0.00131798
2 0.0400391 0.771484 0.0153809 0.0546875 0.0013113
3 0.0339966 0.899414 0.060791 0.195312 0.00129795
6 0.0296021 0.789551 0.0592041 0.370117 0.00128269
2 0.0282745 0.709473 0.0225525 0.12793 0.00126266
2 0.0275421 0.733887 0.0193787 0.0664062 0.00125027
1 0.959229 0.93457 0.0541992 0.103516 0.00124264
2 0.0302734 0.646484 0.0405273 0.105469 0.00123692
3 0.085083 0.944092 0.165527 0.0883789 0.00123596
13 0.0262756 0.63623 0.0244751 0.0859375 0.00123501
1 0.906982 0.967285 0.164551 0.0615234 0.00123405
4 0.0391235 0.164551 0.0496826 0.325195 0.0012064
3 0.0246582 0.841553 0.0493164 0.281738 0.00119114
3 0.966553 0.293579 0.0473633 0.539795 0.00115681
6 0.984863 0.861816 0.0302734 0.237305 0.00113297
4 0.0366821 0.0773926 0.0484619 0.154785 0.00111961
3 0.0503387 0.93457 0.0775452 0.109375 0.00110054
1 0.0264587 0.645508 0.0266724 0.0957031 0.00108624
2 0.0256348 0.899414 0.0412598 0.162109 0.00107288
1 0.526001 0.386719 0.182373 0.271484 0.00106621
6 0.0302887 0.0718079 0.0282898 0.114685 0.00106525
6 0.0372925 0.124176 0.0522461 0.237 0.00106525
6 0.0246582 0.841553 0.0493164 0.281738 0.00106239
3 0.0324707 0.788574 0.0343018 0.34375 0.00104141
2 0.0327911 0.1604 0.0332947 0.29834 0.00102901
2 0.0300293 0.734375 0.0338135 0.258789 0.00101948
2 0.0306091 0.121338 0.0291138 0.179199 0.00100899
