2 0.33374 0.948975 0.195312 0.0512695 0.682617
4 0.236816 0.495972 0.137207 0.87915 0.487061
14 0.720703 0.306152 0.0175781 0.0234375 0.334717
3 0.0437012 0.5 0.0765381 1 0.255371
2 0.979492 0.777832 0.0332031 0.43457 0.208252
2 0.29834 0.945312 0.164551 0.0429688 0.129028
13 0.0272827 0.096283 0.0239258 0.102844 0.113647
6 0.0289917 0.0756836 0.036499 0.110352 0.0895386
3 0.962158 0.496094 0.0678711 0.992188 0.0401611
3 0.0275269 0.478027 0.0550537 0.956055 0.0288544
4 0.442993 0.526367 0.141357 0.78125 0.0227814
2 0.102417 0.151733 0.117676 0.0187988 0.0196075
3 0.034668 0.391602 0.0625 0.783203 0.0178375
2 0.327148 0.944824 0.109375 0.0537109 0.0177307
6 0.0374146 0.0669098 0.0477295 0.113007 0.0155029
2 0.0289917 0.0756836 0.036499 0.110352 0.0130692
14 0.718262 0.302979 0.0175781 0.0229492 0.0130234
3 0.0323334 0.172119 0.0393372 0.321289 0.0127716
2 0.393555 0.943115 0.327148 0.059082 0.0122986
13 0.0256348 0.122772 0.0211182 0.132385 0.012291
6 0.0322266 0.107788 0.0335693 0.189697 0.0121231
2 0.330322 0.937988 0.179199 0.0947266 0.011673
2 0.0270691 0.0932617 0.0267944 0.0979004 0.0108948
4 0.0474854 0.496338 0.0922852 0.952637 0.0100098
2 0.0383911 0.425659 0.0582275 0.82251 0.00974274
14 0.717773 0.310547 0.0166016 0.0253906 0.00892639
6 0.982666 0.950439 0.0327148 0.0678711 0.00875092
3 0.0615234 0.512207 0.0766602 0.875977 0.00865936
2 0.328125 0.935059 0.175293 0.0576172 0.00832367
3 0.962646 0.341675 0.0629883 0.63501 0.00826263
6 0.0367889 0.170776 0.0399475 0.298584 0.00818634
3 0.969971 0.618652 0.0522461 0.762695 0.00802612
13 0.0289917 0.0756836 0.036499 0.110352 0.00741196
2 0.981689 0.67627 0.0366211 0.503906 0.00607681
3 0.0307007 0.0716248 0.038208 0.115051 0.00596619
3 0.0454102 0.447388 0.0697021 0.618896 0.00580978
1 0.0289917 0.0756836 0.036499 0.110352 0.00558853
2 0.039978 0.49707 0.0799561 0.994141 0.00553894
3 0.034668 0.106079 0.0373535 0.178223 0.00550842
2 0.973389 0.7229 0.0356445 0.51123 0.00548935
2 0.031723 0.164001 0.0329895 0.261841 0.00527573
3 0.043457 0.642944 0.0644531 0.714111 0.00506973
3 0.978516 0.120117 0.0429688 0.175537 0.00471878
3 0.978516 0.845215 0.0273438 0.266602 0.00466156
2 0.976562 0.74707 0.0273438 0.246094 0.00465393
6 0.970703 0.844727 0.0410156 0.269531 0.00458908
14 0.727539 0.306641 0.0185547 0.0258789 0.00453186
4 0.23584 0.492065 0.24707 0.865479 0.00449753
4 0.979492 0.777832 0.0332031 0.43457 0.00443649
1 0.332031 0.950439 0.196777 0.0522461 0.00422668
4 0.289307 0.509277 0.210449 0.911133 0.0041275
2 0.303711 0.945312 0.0878906 0.0439453 0.00403214
6 0.150269 0.952881 0.250244 0.0766602 0.00382996
14 0.719238 0.305664 0.0322266 0.0292969 0.00359344
2 0.30658 0.954834 0.194458 0.0766602 0.00356674
2 0.0253906 0.929199 0.0358887 0.0693359 0.00338745
2 0.976562 0.79541 0.0214844 0.147461 0.00302124
6 0.0848694 0.959961 0.144714 0.046875 0.00294876
2 0.333008 0.962402 0.175781 0.0517578 0.00280571
2 0.720703 0.306152 0.0175781 0.0234375 0.00278664
6 0.0283966 0.0941162 0.0296326 0.0991211 0.00276566
3 0.0421753 0.283936 0.0545654 0.539551 0.00260925
2 0.969971 0.618652 0.0522461 0.762695 0.00253105
13 0.0222168 0.10022 0.0186768 0.0888672 0.0025177
3 0.970703 0.84082 0.0488281 0.259766 0.00251198
1 0.447632 0.950195 0.403564 0.0703125 0.00248909
2 0.217773 0.943359 0.353516 0.0703125 0.00243759
2 0.982422 0.742676 0.0292969 0.209961 0.0024128
6 0.981689 0.125885 0.0366211 0.19989 0.00234604
13 0.0322266 0.107788 0.0335693 0.189697 0.00231171
1 0.0273285 0.931152 0.0259094 0.0625 0.00219154
3 0.969727 0.140198 0.0546875 0.222534 0.00218201
3 0.974365 0.513916 0.0512695 0.929199 0.00217819
3 0.973389 0.7229 0.0356445 0.51123 0.00211906
6 0.0273438 0.930176 0.0288086 0.0693359 0.00202942
2 0.448486 0.958252 0.408691 0.050293 0.00194359
3 0.0357819 0.914062 0.0605164 0.115234 0.00194073
3 0.966309 0.263123 0.0517578 0.45813 0.00193024
6 0.11792 0.952881 0.197998 0.0610352 0.00187874
3 0.0253906 0.929199 0.0358887 0.0693359 0.00178909
3 0.0344849 0.151703 0.0539551 0.241516 0.00177765
3 0.0298462 0.640503 0.0596924 0.695557 0.00173759
1 0.0437012 0.5 0.0765381 1 0.00173187
13 0.0253296 0.123077 0.0184326 0.0829468 0.00172424
1 0.0270691 0.0932617 0.0267944 0.0979004 0.00170422
6 0.0375977 0.0982666 0.0522461 0.15918 0.00168133
2 0.91748 0.872559 0.0888672 0.0205078 0.00163174
6 0.980225 0.886963 0.0336914 0.200684 0.00162983
2 0.36084 0.957764 0.166992 0.0375977 0.00158405
1 0.453125 0.0610046 0.80957 0.0703735 0.00156498
3 0.967773 0.913574 0.0488281 0.118164 0.00155354
2 0.335938 0.948486 0.0732422 0.0444336 0.00154972
2 0.98584 0.731445 0.0283203 0.288086 0.00149632
2 0.982422 0.94873 0.0273438 0.0693359 0.00149345
4 0.44458 0.330994 0.117676 0.388794 0.00148201
13 0.0270996 0.11853 0.0339355 0.110352 0.00144672
4 0.234863 0.619507 0.107422 0.66333 0.00144291
2 0.970703 0.729492 0.0292969 0.301758 0.00141239
1 0.207703 0.949463 0.366821 0.081543 0.00139809
2 0.862305 0.802734 0.0742188 0.130859 0.00136375
4 0.33252 0.949951 0.193848 0.0532227 0.00135422
2 0.978516 0.845215 0.0273438 0.266602 0.00131798
3 0.0313416 0.476196 0.0626831 0.543701 0.00130939
6 0.0435791 0.501221 0.0871582 0.966309 0.00128174
3 0.980469 0.141571 0.03125 0.189514 0.00123501
13 0.326172 0.94458 0.179688 0.050293 0.00122547
2 0.981445 0.682129 0.0253906 0.176758 0.0012188
13 0.720703 0.306641 0.0175781 0.0244141 0.00119591
19 0.720703 0.305664 0.0166016 0.0229492 0.00117874
4 0.720215 0.30542 0.0166016 0.0234375 0.0011673
6 0.0471954 0.0773315 0.0686951 0.144409 0.00115776
13 0.0449219 0.494629 0.0765381 0.989258 0.00114727
2 0.451172 0.965088 0.225586 0.0385742 0.00113392
14 0.71875 0.304932 0.0214844 0.0405273 0.00111675
3 0.981201 0.952148 0.027832 0.0625 0.00110722
3 0.0468903 0.0703125 0.0690613 0.126953 0.00110531
1 0.296387 0.946289 0.170898 0.0410156 0.00110435
2 0.493652 0.945801 0.487305 0.0751953 0.00109863
2 0.978516 0.709961 0.0371094 0.279297 0.00109386
6 0.0277405 0.919678 0.048645 0.119629 0.00106716
6 0.981934 0.930908 0.0361328 0.112793 0.00105762
2 0.954346 0.483398 0.0834961 0.966797 0.00105476
3 0.0274658 0.914307 0.0423584 0.149902 0.00103951
3 0.0434113 0.866699 0.0745544 0.199219 0.00102139
3 0.0344238 0.208679 0.02771 0.322876 0.0010128
2 0.441406 0.952637 0.333984 0.0771484 0.00101185
