2 0.6875 0.945312 0.204102 0.0507812 0.597168
4 0.770996 0.484741 0.118164 0.887939 0.479248
3 0.961426 0.484863 0.0771484 0.969727 0.408447
14 0.283447 0.306885 0.0175781 0.0229492 0.298096
2 0.0240021 0.786377 0.0308533 0.380371 0.147827
2 0.0224304 0.762207 0.0232544 0.193359 0.0749512
6 0.948486 0.0486145 0.0639648 0.093689 0.0595398
3 0.0483856 0.449707 0.0758362 0.899414 0.0565796
2 0.902344 0.152222 0.102539 0.0197754 0.0516052
14 0.280762 0.303955 0.0180664 0.0234375 0.0510864
6 0.940674 0.036972 0.0874023 0.0735168 0.0444336
3 0.0227051 0.121063 0.0428467 0.200256 0.0391235
4 0.580078 0.510864 0.195312 0.83374 0.0352783
2 0.0243988 0.79834 0.021759 0.129883 0.0328064
3 0.97168 0.387939 0.0546875 0.775879 0.0314026
3 0.948975 0.558472 0.0786133 0.883057 0.0296631
2 0.95752 0.481812 0.0712891 0.893799 0.0240021
6 0.959473 0.0714417 0.0556641 0.123718 0.0236053
4 0.953857 0.492432 0.0922852 0.952637 0.01548
2 0.703125 0.948242 0.145508 0.0380859 0.0147324
6 0.932373 0.02771 0.0922852 0.0460205 0.0130081
2 0.0198212 0.740234 0.028595 0.307617 0.0127945
3 0.0279541 0.577759 0.0507812 0.791748 0.0125427
6 0.0205383 0.116943 0.0358276 0.185059 0.011528
3 0.0361633 0.530273 0.0723267 0.939453 0.0107651
3 0.0243683 0.202148 0.0398865 0.34668 0.0101929
1 0.368713 0.0451813 0.421753 0.0346375 0.00971985
2 0.686523 0.939453 0.204102 0.09375 0.00966644
3 0.966797 0.625366 0.046875 0.749268 0.00960541
2 0.971924 0.623657 0.0444336 0.752686 0.00895691
4 0.558105 0.335022 0.129883 0.485229 0.00769043
1 0.6875 0.945312 0.204102 0.0507812 0.00725555
3 0.954346 0.0651245 0.0678711 0.109253 0.00677872
2 0.019043 0.694336 0.0209961 0.0664062 0.00650024
4 0.764648 0.486694 0.204102 0.885986 0.0064621
2 0.0279541 0.577759 0.0507812 0.791748 0.00642776
4 0.677246 0.526733 0.262695 0.829346 0.00633621
6 0.968262 0.0819702 0.0361328 0.153198 0.00627518
3 0.77832 0.494507 0.118164 0.928955 0.00622177
6 0.0245209 0.946289 0.0332336 0.0800781 0.00577164
14 0.290283 0.307617 0.0195312 0.0253906 0.00553894
2 0.679688 0.944824 0.0878906 0.0478516 0.00547028
2 0.692383 0.955078 0.19043 0.0371094 0.00538254
2 0.672363 0.950439 0.121094 0.0424805 0.00521088
3 0.966064 0.169983 0.0444336 0.317261 0.00502777
3 0.0378418 0.366943 0.0581055 0.733887 0.00488281
6 0.975342 0.91748 0.0356445 0.110352 0.00485611
3 0.970703 0.503174 0.0585938 0.993652 0.00480652
3 0.0405426 0.636963 0.0717468 0.726074 0.00455475
6 0.940186 0.0658875 0.0883789 0.119202 0.00455093
3 0.958984 0.44873 0.0683594 0.632812 0.00454712
2 0.097168 0.870605 0.121338 0.0224609 0.00450516
2 0.657715 0.954346 0.182617 0.0444336 0.00422287
3 0.0282593 0.278442 0.0458984 0.515381 0.00419617
3 0.0166931 0.103302 0.0302124 0.164001 0.00402832
6 0.954346 0.0274811 0.0561523 0.0441589 0.00400543
2 0.0224457 0.84082 0.0249329 0.25 0.0039711
6 0.957031 0.0423584 0.0566406 0.0687256 0.00392151
2 0.623047 0.945801 0.321289 0.0556641 0.00382233
3 0.96582 0.107513 0.0429688 0.176086 0.00380516
3 0.0250244 0.881104 0.0279541 0.20459 0.00375938
3 0.0401611 0.83252 0.0600586 0.30957 0.00350571
4 0.542969 0.511841 0.142578 0.767334 0.00343704
3 0.932129 0.483765 0.0966797 0.948486 0.00339699
3 0.966064 0.883301 0.0600586 0.161133 0.00308609
6 0.977539 0.894287 0.0390625 0.174316 0.00299263
6 0.94458 0.0189514 0.0776367 0.0379028 0.00287819
3 0.948242 0.0390015 0.0742188 0.0648193 0.00286865
2 0.901855 0.150757 0.0878906 0.0322266 0.00277901
6 0.966309 0.151001 0.0439453 0.276611 0.00276184
1 0.911133 0.036087 0.150391 0.0660095 0.0027256
14 0.285156 0.306396 0.03125 0.0292969 0.0026226
6 0.0181274 0.943848 0.0227051 0.0810547 0.00254822
1 0.0206146 0.130341 0.0354309 0.220764 0.00247765
4 0.552734 0.328857 0.104492 0.316895 0.0024662
3 0.967529 0.658691 0.0649414 0.585938 0.00245476
2 0.019928 0.666016 0.022522 0.130859 0.00242996
3 0.963379 0.311768 0.0595703 0.585449 0.00242233
2 0.0197906 0.731934 0.0243835 0.143555 0.00239182
4 0.56543 0.407471 0.169922 0.574707 0.00235748
1 0.961426 0.484863 0.0771484 0.969727 0.00235558
2 0.969727 0.412598 0.0566406 0.825195 0.00228119
3 0.0224457 0.918945 0.0405579 0.101562 0.0022583
1 0.955078 0.0647278 0.0664062 0.115173 0.00224876
2 0.695312 0.936523 0.163086 0.0488281 0.00222206
2 0.283447 0.306885 0.0175781 0.0229492 0.00218582
13 0.968506 0.0982666 0.0336914 0.176514 0.00204468
2 0.0202637 0.706909 0.0327148 0.482666 0.00202179
6 0.976318 0.853516 0.027832 0.213867 0.00200462
13 0.961426 0.484863 0.0771484 0.969727 0.00198555
1 0.485352 0.0647125 0.641602 0.0717468 0.00194931
6 0.0250244 0.881104 0.0279541 0.20459 0.00193024
2 0.719727 0.943359 0.197266 0.0410156 0.00192738
3 0.968506 0.535156 0.0629883 0.651367 0.00180054
3 0.0249023 0.945557 0.0273438 0.0834961 0.001791
6 0.921631 0.0444336 0.119629 0.067627 0.00177097
4 0.805664 0.462891 0.137695 0.856445 0.00175858
6 0.962402 0.5 0.0751953 1 0.00173569
2 0.0224609 0.781738 0.0385742 0.248047 0.00173473
2 0.0143738 0.766602 0.0287476 0.294922 0.00171185
1 0.940674 0.036972 0.0874023 0.0735168 0.00166512
2 0.0236053 0.773926 0.0194397 0.0888672 0.00163364
3 0.976318 0.853516 0.027832 0.213867 0.00162601
6 0.02771 0.844727 0.0340576 0.291016 0.00158215
2 0.683105 0.963379 0.208984 0.0615234 0.00156021
3 0.0349731 0.943604 0.0549316 0.0756836 0.00153732
6 0.0336304 0.957031 0.0496826 0.0566406 0.00148678
2 0.0419312 0.665283 0.0661621 0.669434 0.00148106
4 0.753418 0.484009 0.334961 0.908936 0.00145054
3 0.0275116 0.825684 0.0399475 0.307617 0.001441
1 0.273438 0.0429077 0.244629 0.0325928 0.00143147
3 0.975342 0.881592 0.043457 0.205566 0.00143147
1 0.0273285 0.930664 0.0272522 0.0957031 0.00143051
3 0.0442505 0.29126 0.0722656 0.536621 0.00141811
2 0.576172 0.953369 0.362305 0.0561523 0.0014019
2 0.0864258 0.865234 0.0910645 0.0322266 0.00135612
13 0.940674 0.036972 0.0874023 0.0735168 0.0013237
14 0.282715 0.310303 0.0234375 0.0288086 0.00129128
6 0.912109 0.0281372 0.138672 0.0562744 0.0012579
6 0.026062 0.923828 0.0401611 0.123047 0.00122929
4 0.0240021 0.786377 0.0308533 0.380371 0.00118542
3 0.974609 0.92334 0.0410156 0.0966797 0.00117016
3 0.976562 0.91626 0.0332031 0.144043 0.00116634
13 0.283447 0.306885 0.0175781 0.0229492 0.00116444
14 0.280762 0.296631 0.0185547 0.0268555 0.00115204
6 0.0229034 0.163269 0.0376892 0.294556 0.00109482
2 0.949219 0.0493927 0.0722656 0.0892029 0.0010891
6 0.0544891 0.96167 0.0873108 0.0571289 0.0010891
2 0.0413513 0.509888 0.0827026 0.980225 0.00107861
1 0.961426 0.0879211 0.0556641 0.148376 0.00107479
13 0.681641 0.944824 0.179688 0.0458984 0.00107098
3 0.0385132 0.907227 0.0615234 0.150391 0.00106239
4 0.760254 0.664185 0.0869141 0.55249 0.00104046
2 0.123047 0.802734 0.117432 0.144531 0.00104046
3 0.0196838 0.895752 0.0393677 0.155762 0.00103283
2 0.683594 0.949707 0.0732422 0.0341797 0.00103283
14 0.279785 0.303223 0.0229492 0.0385742 0.00100231
