2 0.75 0.312744 0.0722656 0.0244141 0.427734
2 0.720215 0.711914 0.0478516 0.0527344 0.394775
2 0.456299 0.665527 0.0234375 0.0546875 0.185913
14 0.721191 0.712891 0.0400391 0.0537109 0.165283
3 0.042038 0.492188 0.0624084 0.984375 0.0784302
2 0.905273 0.543945 0.0595703 0.140625 0.0725708
2 0.75293 0.313232 0.0849609 0.034668 0.0648193
1 0.716309 0.713379 0.0439453 0.0498047 0.0436707
3 0.0306244 0.139648 0.0332336 0.219238 0.0420227
3 0.978516 0.59436 0.0429688 0.811279 0.0383606
1 0.0334625 0.13562 0.0253601 0.121094 0.0355225
1 0.0332642 0.140808 0.0322266 0.200806 0.0291138
3 0.96875 0.5 0.0546875 1 0.0203552
3 0.0302734 0.440918 0.0579834 0.881836 0.0189056
2 0.75293 0.318115 0.0644531 0.0200195 0.0186157
2 0.782715 0.311523 0.12793 0.0253906 0.0166779
1 0.0302734 0.162476 0.0327148 0.289795 0.0114136
6 0.0226898 0.950928 0.0283508 0.0571289 0.0111923
3 0.966797 0.30481 0.0527344 0.595459 0.00998688
3 0.973633 0.109589 0.0527344 0.175842 0.00990295
1 0.0286865 0.104889 0.0379639 0.183777 0.00908661
2 0.748535 0.305908 0.0742188 0.0224609 0.0089035
3 0.0292206 0.212402 0.035553 0.395508 0.00745392
3 0.965088 0.681519 0.0561523 0.609619 0.00744629
2 0.740234 0.315918 0.0683594 0.0209961 0.00718307
1 0.0322113 0.144653 0.0257874 0.0761719 0.00712967
9 0.717773 0.713867 0.0419922 0.0498047 0.00711441
13 0.71875 0.711426 0.0458984 0.0566406 0.00671005
2 0.976807 0.675781 0.0463867 0.648438 0.00644302
2 0.033432 0.500977 0.058136 0.964844 0.00628662
2 0.461792 0.664551 0.020752 0.0556641 0.00610352
2 0.246094 0.570801 0.0322266 0.0634766 0.00602722
2 0.976318 0.483276 0.0375977 0.812744 0.00572586
2 0.750488 0.321777 0.0712891 0.0493164 0.00543213
13 0.982422 0.11264 0.0234375 0.188782 0.00542831
4 0.042038 0.492188 0.0624084 0.984375 0.00526428
6 0.0288391 0.112793 0.0388794 0.188232 0.00507355
2 0.975586 0.387207 0.0136719 0.059082 0.00481415
3 0.982422 0.11264 0.0234375 0.188782 0.00469971
6 0.981201 0.110352 0.0336914 0.186768 0.00463104
6 0.0265198 0.952637 0.0464478 0.0615234 0.00462723
3 0.034729 0.277832 0.0437012 0.555664 0.00446701
3 0.97998 0.88501 0.0400391 0.175293 0.00430679
3 0.959229 0.507568 0.081543 0.977051 0.00413513
2 0.965576 0.424805 0.0454102 0.849609 0.00410461
3 0.97876 0.421753 0.0385742 0.812744 0.0039444
3 0.0267944 0.0963135 0.0476074 0.152344 0.00363922
19 0.717773 0.713867 0.0419922 0.0498047 0.00346947
2 0.72168 0.705078 0.0517578 0.0966797 0.00320816
1 0.0338135 0.214844 0.0360107 0.402832 0.00304794
6 0.0302734 0.162476 0.0327148 0.289795 0.00295258
2 0.939697 0.547852 0.0581055 0.483398 0.00294495
3 0.972656 0.12738 0.0410156 0.250122 0.00293732
2 0.0384521 0.360352 0.0443115 0.663086 0.00287819
2 0.974609 0.425171 0.0195312 0.13501 0.00268936
3 0.0334625 0.13562 0.0253601 0.121094 0.00265884
2 0.0286865 0.104889 0.0379639 0.183777 0.00261497
6 0.0234985 0.924561 0.0408936 0.11377 0.00261497
2 0.974854 0.372803 0.0170898 0.114258 0.00258446
3 0.0371552 0.184814 0.0401917 0.314941 0.00258064
13 0.0286865 0.104889 0.0379639 0.183777 0.0022831
2 0.975586 0.398682 0.0175781 0.0668945 0.00226593
7 0.717773 0.713867 0.0419922 0.0498047 0.00224686
8 0.71875 0.713867 0.0419922 0.0537109 0.00222969
11 0.717773 0.713867 0.0419922 0.0498047 0.00221252
3 0.039978 0.368408 0.050415 0.736816 0.00210762
2 0.0226898 0.950928 0.0283508 0.0571289 0.00208473
13 0.906738 0.542969 0.0585938 0.132812 0.00206757
3 0.0489502 0.501709 0.0979004 0.941895 0.00204086
2 0.977295 0.450439 0.0258789 0.377441 0.0020237
12 0.717773 0.713867 0.0419922 0.0498047 0.00199127
6 0.0571747 0.958984 0.0970764 0.0507812 0.00196648
3 0.0225372 0.918701 0.0437927 0.111816 0.00195122
3 0.97998 0.0879517 0.0400391 0.146606 0.00193691
18 0.71875 0.713867 0.0419922 0.0537109 0.00191689
15 0.717773 0.713867 0.0419922 0.0498047 0.0019083
5 0.71875 0.713867 0.0419922 0.0537109 0.00187969
3 0.0310669 0.132355 0.024292 0.174744 0.00186729
6 0.716309 0.713379 0.0439453 0.0498047 0.00183201
16 0.716309 0.713379 0.0439453 0.0498047 0.00180435
6 0.971924 0.129486 0.0444336 0.234192 0.00171852
0 0.716309 0.713379 0.0439453 0.0498047 0.00168896
6 0.977783 0.0874023 0.0444336 0.140625 0.001647
17 0.717773 0.713867 0.0419922 0.0498047 0.00158978
10 0.717773 0.713867 0.0419922 0.0498047 0.00155926
6 0.0334625 0.13562 0.0253601 0.121094 0.00152779
2 0.0332642 0.498047 0.0469971 0.637695 0.00149632
2 0.959229 0.507568 0.081543 0.977051 0.00143814
13 0.032547 0.145996 0.0223083 0.119873 0.00139046
1 0.0325775 0.171112 0.0242004 0.170959 0.00131607
2 0.803711 0.311523 0.1875 0.0361328 0.00130939
3 0.716309 0.713379 0.0439453 0.0498047 0.00128555
14 0.75 0.312744 0.0751953 0.0249023 0.00121498
2 0.909668 0.537109 0.0615234 0.0947266 0.00121212
3 0.026947 0.814697 0.0436401 0.341309 0.00120831
3 0.982422 0.164246 0.0351562 0.309204 0.00119781
14 0.457031 0.665039 0.0224609 0.0537109 0.0011692
2 0.032547 0.145996 0.0223083 0.119873 0.00114727
3 0.0231323 0.883789 0.0333252 0.199219 0.00114632
3 0.0227203 0.938232 0.032196 0.0883789 0.00110722
13 0.456543 0.666016 0.0229492 0.0585938 0.00109005
2 0.982422 0.11264 0.0234375 0.188782 0.00106144
2 0.975586 0.357666 0.0214844 0.168457 0.00101948
6 0.0231018 0.892578 0.0447388 0.166016 0.00101662
