2 0.510742 0.746582 0.189453 0.40332 0.802734
1 0.0328979 0.14624 0.0426025 0.235352 0.104492
6 0.0354614 0.947021 0.0539551 0.074707 0.0922241
6 0.979736 0.91626 0.0405273 0.132324 0.065918
3 0.0355835 0.801025 0.0600586 0.397949 0.0292664
1 0.036499 0.949219 0.0563965 0.0742188 0.027771
6 0.977783 0.942871 0.0444336 0.0810547 0.0238953
4 0.506836 0.746582 0.195312 0.375977 0.0173645
6 0.0849304 0.95874 0.154846 0.0766602 0.0163269
6 0.0303497 0.929443 0.0552673 0.102051 0.0160217
2 0.032959 0.947021 0.0505371 0.074707 0.0154572
2 0.100342 0.950195 0.189941 0.0878906 0.0130234
6 0.0355835 0.801025 0.0600586 0.397949 0.0129623
6 0.0475464 0.953125 0.0783691 0.0761719 0.0127563
2 0.079834 0.0111694 0.0267334 0.0219727 0.0126953
1 0.038269 0.202271 0.041626 0.364014 0.0118713
3 0.979492 0.916504 0.0410156 0.137695 0.0112076
1 0.038208 0.82251 0.0537109 0.341309 0.0110092
1 0.972656 0.937988 0.0507812 0.104492 0.0108032
2 0.039566 0.281494 0.0210876 0.0893555 0.00835419
6 0.0377045 0.889404 0.0571594 0.221191 0.00823212
2 0.0228424 0.62793 0.0173035 0.0478516 0.00715256
2 0.468506 0.25708 0.0170898 0.0415039 0.00672913
6 0.0338745 0.150208 0.0405273 0.240601 0.00609589
6 0.981689 0.953125 0.0366211 0.0625 0.00529099
6 0.984863 0.93335 0.0302734 0.104004 0.00514221
2 0.979736 0.91626 0.0405273 0.132324 0.00511932
1 0.499023 0.752441 0.213867 0.418945 0.00494385
4 0.038269 0.202271 0.041626 0.364014 0.00474548
2 0.977783 0.942871 0.0444336 0.0810547 0.00434875
6 0.981445 0.887939 0.0351562 0.181152 0.00400162
2 0.285645 0.0145874 0.0234375 0.0249023 0.00380898
2 0.546875 0.678223 0.109375 0.288086 0.00374031
2 0.281738 0.01828 0.0375977 0.0280151 0.00370979
1 0.975586 0.951416 0.0429688 0.0737305 0.00370598
1 0.0849304 0.95874 0.154846 0.0766602 0.00354385
13 0.506836 0.746582 0.195312 0.375977 0.00351715
2 0.0366211 0.257568 0.027832 0.375977 0.00342751
14 0.262207 0.344482 0.012207 0.0131836 0.00342751
1 0.0322266 0.120239 0.0413818 0.133545 0.00338364
2 0.465332 0.262939 0.0166016 0.0351562 0.00335884
2 0.0375977 0.281494 0.0235596 0.171875 0.00329399
3 0.0377045 0.889404 0.0571594 0.221191 0.0032711
14 0.678711 0.76416 0.0146484 0.0166016 0.0032196
3 0.0372162 0.952637 0.0583801 0.0771484 0.00307655
6 0.499023 0.752441 0.213867 0.418945 0.00303078
2 0.125122 0.012085 0.0463867 0.0216064 0.00300407
2 0.100464 0.012207 0.050293 0.0224609 0.00299263
6 0.0287933 0.958008 0.0569153 0.0683594 0.00290489
1 0.123413 0.95459 0.239014 0.0810547 0.00285339
3 0.984863 0.93335 0.0302734 0.104004 0.00284576
19 0.499023 0.752441 0.213867 0.418945 0.00281525
14 0.099884 0.650391 0.0697632 0.0947266 0.00274277
13 0.0989075 0.652832 0.0575562 0.0800781 0.00263405
3 0.984375 0.886719 0.03125 0.1875 0.00244904
2 0.0460205 0.950195 0.0794678 0.0800781 0.0024395
6 0.9729 0.930664 0.0541992 0.138672 0.00242805
14 0.506836 0.746582 0.195312 0.375977 0.00237465
11 0.499023 0.752441 0.213867 0.418945 0.0023365
9 0.506836 0.746582 0.195312 0.375977 0.00231934
18 0.499023 0.752441 0.213867 0.418945 0.0023098
1 0.93457 0.952637 0.119141 0.0888672 0.00224686
2 0.085968 0.0126343 0.0453491 0.0252686 0.00224495
16 0.499023 0.752441 0.213867 0.418945 0.00221252
13 0.0366211 0.949951 0.057251 0.0727539 0.00217247
17 0.499023 0.752441 0.213867 0.418945 0.00208855
2 0.550781 0.250977 0.0175781 0.050293 0.00207901
4 0.581055 0.566284 0.397461 0.654541 0.00206947
1 0.953125 0.94165 0.0859375 0.101074 0.00203323
8 0.499023 0.752441 0.213867 0.418945 0.00203323
6 0.038269 0.202271 0.041626 0.364014 0.00200653
2 0.0341644 0.165649 0.04422 0.295166 0.00200462
7 0.499023 0.752441 0.213867 0.418945 0.00197029
15 0.499023 0.752441 0.213867 0.418945 0.00195503
3 0.499023 0.752441 0.213867 0.418945 0.0019474
10 0.499023 0.752441 0.213867 0.418945 0.00190258
13 0.979736 0.901123 0.0405273 0.17627 0.00186157
0 0.499023 0.752441 0.213867 0.418945 0.00184536
2 0.038559 0.224854 0.0259094 0.237305 0.00180435
1 0.905273 0.957764 0.181641 0.0844727 0.00172234
5 0.499023 0.752441 0.213867 0.418945 0.00169277
2 0.534058 0.630371 0.183838 0.433594 0.00166321
12 0.499023 0.752441 0.213867 0.418945 0.00161648
2 0.884277 0.874023 0.102539 0.0273438 0.00161362
2 0.768555 0.223206 0.0253906 0.0672607 0.00159836
13 0.0349731 0.146698 0.043457 0.236389 0.00157166
19 0.498657 0.495483 0.676514 0.745361 0.00156307
3 0.0352783 0.166382 0.0410156 0.283447 0.00154781
3 0.969727 0.924561 0.0585938 0.0942383 0.00146389
3 0.0348969 0.709961 0.0491028 0.441406 0.00139713
19 0.448608 0.558594 0.387939 0.637695 0.00139523
19 0.699707 0.514648 0.375 0.567383 0.00134277
2 0.826172 0.45874 0.0273438 0.0629883 0.00133038
2 0.551758 0.737305 0.168945 0.382812 0.0012846
3 0.979492 0.949219 0.0390625 0.0742188 0.0012722
2 0.0368042 0.91626 0.0648193 0.161621 0.0012579
3 0.969971 0.893066 0.0600586 0.157227 0.00125599
2 0.0449219 0.280518 0.0205078 0.0893555 0.00125504
2 0.0366058 0.127167 0.0349426 0.206604 0.00124264
4 0.38208 0.553223 0.574707 0.728516 0.0012188
1 0.979736 0.91626 0.0405273 0.132324 0.00119877
8 0.368164 0.540039 0.527344 0.654297 0.0011797
8 0.498657 0.495483 0.676514 0.745361 0.00115108
2 0.47229 0.245911 0.017334 0.0604248 0.00114536
6 0.9646 0.946777 0.059082 0.0947266 0.00114059
19 0.308594 0.601074 0.49707 0.685547 0.00113583
2 0.0317383 0.283447 0.0279541 0.21875 0.00108242
6 0.96875 0.957031 0.0566406 0.0625 0.00106525
2 0.0740356 0.0128174 0.0438232 0.0256348 0.00105762
1 0.0746765 0.942627 0.125061 0.11084 0.00105572
3 0.0292969 0.914062 0.0509033 0.158203 0.00104618
14 0.678223 0.759277 0.015625 0.0214844 0.00104523
2 0.126587 0.0153809 0.0629883 0.0270386 0.00104237
6 0.911621 0.95166 0.15918 0.0966797 0.00103951
2 0.908203 0.874023 0.108398 0.0507812 0.00102615
3 0.979492 0.878174 0.0390625 0.231934 0.00102139
1 0.95459 0.954346 0.0732422 0.0698242 0.00101089
