2 0.513672 0.339844 0.0800781 0.136719 0.778809
2 0.785645 0.957764 0.0273438 0.0551758 0.477295
3 0.0350342 0.484009 0.0446777 0.510498 0.187012
2 0.0308838 0.838379 0.0270996 0.09375 0.148071
2 0.0350342 0.484009 0.0446777 0.510498 0.12262
3 0.979248 0.132324 0.0415039 0.251465 0.0453186
3 0.963379 0.407227 0.0654297 0.814453 0.041626
3 0.0443268 0.42334 0.0697937 0.84668 0.0413513
3 0.0302582 0.390381 0.0586243 0.750488 0.0342712
6 0.979248 0.132324 0.0415039 0.251465 0.0231628
13 0.0282288 0.845215 0.0264282 0.0966797 0.0231323
2 0.0284882 0.465576 0.0348206 0.424316 0.0136566
6 0.0382233 0.0628357 0.0553894 0.116028 0.0113525
2 0.0296631 0.821289 0.0230713 0.0839844 0.00857544
2 0.0302734 0.50354 0.0465088 0.830811 0.00791931
3 0.0380249 0.0640869 0.0644531 0.109375 0.00723267
3 0.979492 0.143341 0.0292969 0.198669 0.00695419
2 0.784668 0.956299 0.0429688 0.0483398 0.00688934
13 0.976562 0.135132 0.0429688 0.253174 0.00628662
3 0.973877 0.0894775 0.0522461 0.153076 0.00577545
2 0.0293121 0.938965 0.0348816 0.0615234 0.00553131
2 0.0275269 0.86377 0.0256348 0.105469 0.00533676
3 0.970703 0.273315 0.0566406 0.5354 0.00501633
13 0.511108 0.343018 0.0891113 0.13916 0.00487137
2 0.506836 0.347168 0.192383 0.189453 0.00479889
3 0.0327148 0.275024 0.0482178 0.500732 0.00476074
2 0.0257263 0.359619 0.0265503 0.1875 0.00370789
3 0.0564423 0.483643 0.109772 0.967285 0.00318146
2 0.0297852 0.324219 0.0411377 0.648438 0.00308609
4 0.510132 0.342529 0.0910645 0.138184 0.00306129
2 0.507812 0.354736 0.111328 0.152344 0.00297737
2 0.0247345 0.902832 0.0262146 0.157227 0.00292587
3 0.952881 0.46167 0.0942383 0.914551 0.00290871
6 0.974365 0.0897827 0.0473633 0.169556 0.002882
6 0.97998 0.951904 0.0400391 0.0649414 0.00280762
2 0.0276489 0.363281 0.0349121 0.457031 0.00263214
14 0.511108 0.343018 0.0891113 0.13916 0.00258827
3 0.0438843 0.442261 0.0578613 0.638916 0.00258064
9 0.511108 0.343018 0.0891113 0.13916 0.00254822
2 0.0327301 0.833984 0.0191345 0.078125 0.0024395
3 0.0388794 0.100311 0.0679932 0.174377 0.0024395
3 0.0273438 0.508179 0.0450439 0.768799 0.00242996
1 0.979248 0.132324 0.0415039 0.251465 0.00214005
13 0.979492 0.143341 0.0292969 0.198669 0.00214005
1 0.511108 0.343018 0.0891113 0.13916 0.00201797
13 0.0247345 0.902832 0.0262146 0.157227 0.00195885
1 0.37793 0.956787 0.203125 0.043457 0.00188828
6 0.0302734 0.0534515 0.0509033 0.0915833 0.00177383
7 0.511108 0.343018 0.0891113 0.13916 0.00177383
13 0.785645 0.956787 0.0253906 0.0551758 0.00176811
2 0.799805 0.958496 0.0478516 0.0498047 0.00174713
2 0.0326691 0.266785 0.044281 0.462524 0.00172806
6 0.511108 0.343018 0.0891113 0.13916 0.00170612
3 0.0244141 0.428345 0.0450439 0.510498 0.00162125
2 0.503418 0.358398 0.0800781 0.120605 0.00160885
6 0.0483398 0.0485687 0.0750732 0.0854797 0.00157356
3 0.967041 0.928711 0.065918 0.0820312 0.00154781
19 0.511108 0.343018 0.0891113 0.13916 0.00153542
10 0.511108 0.343018 0.0891113 0.13916 0.00152969
5 0.511108 0.343018 0.0891113 0.13916 0.00152969
6 0.979492 0.143341 0.0292969 0.198669 0.00150681
6 0.0380707 0.0441895 0.0542297 0.065918 0.00150108
8 0.511108 0.343018 0.0891113 0.13916 0.00149441
3 0.511108 0.343018 0.0891113 0.13916 0.00147152
3 0.0273438 0.111115 0.0413818 0.184021 0.00145054
17 0.511108 0.343018 0.0891113 0.13916 0.00144863
15 0.511108 0.343018 0.0891113 0.13916 0.00144863
18 0.511108 0.343018 0.0891113 0.13916 0.00144863
6 0.0325317 0.101562 0.0510254 0.191895 0.00144768
16 0.511108 0.343018 0.0891113 0.13916 0.00142574
12 0.511108 0.343018 0.0891113 0.13916 0.00139904
11 0.511108 0.343018 0.0891113 0.13916 0.00138283
2 0.793457 0.965088 0.0273438 0.0424805 0.00137806
0 0.511108 0.343018 0.0891113 0.13916 0.00134563
1 0.0249634 0.915771 0.0319824 0.168457 0.0013361
1 0.0283203 0.93457 0.0300293 0.0683594 0.00129128
2 0.0222015 0.837402 0.0215149 0.0878906 0.00128555
19 0.569336 0.684814 0.644531 0.599121 0.00127983
14 0.785645 0.956787 0.0253906 0.0551758 0.00127411
6 0.0839233 0.969727 0.16687 0.0605469 0.00124168
3 0.0273743 0.906738 0.0464478 0.145508 0.00121403
4 0.0371094 0.924316 0.0510254 0.129883 0.001194
2 0.0317535 0.403809 0.0627136 0.807617 0.00119305
2 0.0312195 0.888184 0.0368042 0.180664 0.00118351
2 0.0244446 0.398438 0.0488892 0.550781 0.0011673
6 0.0350342 0.484009 0.0446777 0.510498 0.00115871
3 0.981689 0.192749 0.0366211 0.374756 0.00111198
2 0.0294189 0.393555 0.0302734 0.301758 0.00107193
19 0.376831 0.517578 0.457275 0.580078 0.00106716
2 0.77002 0.958496 0.0488281 0.0517578 0.00103474
6 0.0302734 0.0818787 0.0435791 0.133606 0.00101757
