2 0.204651 0.319336 0.343628 0.146484 0.822266
2 0.224854 0.708496 0.397949 0.0732422 0.796387
6 0.975342 0.951416 0.0493164 0.0737305 0.142944
2 0.257141 0.26416 0.244507 0.0380859 0.119873
2 0.131409 0.326416 0.219604 0.162598 0.0906372
3 0.0397339 0.16156 0.0535889 0.286255 0.0543518
6 0.95459 0.957275 0.0810547 0.0795898 0.0418396
6 0.038269 0.940674 0.053833 0.0776367 0.0363464
2 0.220642 0.697266 0.39856 0.12207 0.0292206
2 0.206604 0.328857 0.361206 0.240234 0.0276337
1 0.20282 0.327881 0.361938 0.189941 0.0275574
2 0.225342 0.292725 0.331543 0.0986328 0.0231171
6 0.0314941 0.926758 0.0539551 0.103516 0.0218048
3 0.0502777 0.537964 0.0752258 0.845947 0.0216217
6 0.923584 0.961182 0.13916 0.0776367 0.0196075
3 0.0423126 0.852295 0.0701599 0.244629 0.0193634
1 0.972168 0.954102 0.0556641 0.0722656 0.0184174
14 0.174561 0.944824 0.0134277 0.0214844 0.0181122
2 0.222107 0.272217 0.332153 0.0527344 0.015358
2 0.599243 0.734863 0.389404 0.0537109 0.0148773
2 0.975342 0.951416 0.0493164 0.0737305 0.0132065
1 0.219238 0.708984 0.395508 0.0820312 0.012085
3 0.037674 0.931152 0.0630798 0.0849609 0.0107422
3 0.97168 0.110565 0.0566406 0.175842 0.00965881
6 0.0401459 0.915283 0.0571594 0.16748 0.00944519
3 0.9729 0.955322 0.050293 0.0737305 0.00824738
6 0.0446167 0.855225 0.0666504 0.254395 0.00791168
6 0.0505219 0.946045 0.0715637 0.0766602 0.00771713
3 0.0407562 0.120148 0.0671692 0.186951 0.00740051
3 0.972656 0.933594 0.0546875 0.109375 0.00729752
13 0.0397339 0.16156 0.0535889 0.286255 0.0072403
3 0.973633 0.896973 0.0527344 0.15918 0.00662613
3 0.0389404 0.945068 0.052124 0.0786133 0.00644302
6 0.983154 0.951904 0.0336914 0.0766602 0.0063591
3 0.969727 0.169678 0.0507812 0.305664 0.00613022
4 0.202881 0.32959 0.341797 0.183594 0.0059967
6 0.977783 0.935303 0.0444336 0.090332 0.00573349
6 0.0341949 0.172913 0.0470886 0.290894 0.00568008
6 0.0640564 0.946777 0.112122 0.0693359 0.00502014
13 0.972168 0.954102 0.0556641 0.0722656 0.00473404
3 0.0541687 0.5 0.106995 1 0.00465012
6 0.0349579 0.0693512 0.0589905 0.100311 0.00461578
1 0.0371246 0.0671082 0.0570984 0.0967407 0.00440979
1 0.0341949 0.172913 0.0470886 0.290894 0.00440979
3 0.975586 0.0673981 0.0488281 0.1091 0.00430298
6 0.974854 0.0452881 0.0424805 0.0821533 0.00403595
13 0.93335 0.95874 0.129395 0.0727539 0.00387192
3 0.0381927 0.0659332 0.0637512 0.099823 0.00361061
13 0.20459 0.320312 0.339355 0.142578 0.00356293
3 0.039917 0.896484 0.0582275 0.173828 0.00339317
6 0.20282 0.327881 0.361938 0.189941 0.00333405
1 0.0390015 0.935059 0.0631104 0.0869141 0.00326347
3 0.95459 0.957275 0.0810547 0.0795898 0.0031929
1 0.978516 0.944824 0.0390625 0.0830078 0.00313377
19 0.20282 0.327881 0.361938 0.189941 0.00306129
2 0.204834 0.329346 0.216797 0.169434 0.00273514
2 0.228027 0.713379 0.21875 0.078125 0.00257492
3 0.0388641 0.825684 0.0504456 0.313477 0.00254822
9 0.20282 0.327881 0.361938 0.189941 0.00248337
3 0.0395508 0.4552 0.0568848 0.755615 0.0024662
2 0.229431 0.71875 0.399536 0.212891 0.00246048
6 0.0435028 0.92041 0.0531311 0.108398 0.00243759
3 0.0300293 0.914551 0.0422363 0.143555 0.00243759
8 0.20282 0.327881 0.361938 0.189941 0.00240707
6 0.978271 0.891113 0.043457 0.180664 0.00240326
2 0.586304 0.726074 0.403564 0.0898438 0.00239754
2 0.0536499 0.60498 0.0750732 0.600586 0.00238228
16 0.20282 0.327881 0.361938 0.189941 0.00220299
18 0.20282 0.327881 0.361938 0.189941 0.00214386
11 0.20282 0.327881 0.361938 0.189941 0.00214386
14 0.20282 0.327881 0.361938 0.189941 0.00212669
7 0.20282 0.327881 0.361938 0.189941 0.00209427
2 0.0436401 0.86084 0.0661621 0.231445 0.00205803
17 0.20282 0.327881 0.361938 0.189941 0.00204468
10 0.20282 0.327881 0.361938 0.189941 0.00202942
19 0.458862 0.531128 0.650635 0.582275 0.00200272
3 0.0234528 0.92334 0.0429382 0.0830078 0.00196838
2 0.0523682 0.507324 0.0947266 0.914062 0.00195217
3 0.977539 0.0492706 0.0390625 0.0882263 0.00189972
15 0.20282 0.327881 0.361938 0.189941 0.00189304
3 0.20282 0.327881 0.361938 0.189941 0.00181293
0 0.20282 0.327881 0.361938 0.189941 0.00179291
2 0.207031 0.397949 0.351074 0.306641 0.00178814
2 0.241638 0.714844 0.300903 0.0517578 0.00174809
5 0.20282 0.327881 0.361938 0.189941 0.00173759
6 0.977539 0.0647583 0.0449219 0.109985 0.00172138
2 0.0374756 0.940186 0.0625 0.0708008 0.00165653
12 0.20282 0.327881 0.361938 0.189941 0.00163269
6 0.97876 0.137146 0.0424805 0.238403 0.00162315
2 0.524048 0.726074 0.528076 0.0517578 0.00160789
13 0.979248 0.945068 0.0415039 0.0864258 0.0015974
2 0.102783 0.502441 0.189209 0.59082 0.00159454
3 0.965088 0.239685 0.0405273 0.437622 0.00156403
2 0.473145 0.71582 0.610352 0.0595703 0.00154114
14 0.171875 0.942383 0.0187988 0.0253906 0.00152111
1 0.0459595 0.869629 0.0692139 0.217773 0.00150871
3 0.0371094 0.925781 0.0407715 0.0976562 0.00149536
2 0.174561 0.944824 0.0134277 0.0214844 0.00148869
3 0.0397339 0.268066 0.0611572 0.507812 0.00146389
8 0.529907 0.53125 0.625732 0.587891 0.00145245
19 0.44873 0.313049 0.341797 0.481323 0.00144005
6 0.986816 0.938965 0.0263672 0.0888672 0.00141621
4 0.226074 0.709961 0.383789 0.0800781 0.0013895
13 0.226562 0.706055 0.391113 0.0839844 0.00135708
13 0.977295 0.128052 0.0454102 0.235596 0.00135231
1 0.975586 0.934082 0.0488281 0.0888672 0.0013485
3 0.0321655 0.218811 0.0476074 0.381714 0.00133514
1 0.923584 0.961182 0.13916 0.0776367 0.00131035
1 0.95459 0.957275 0.0810547 0.0795898 0.00122833
2 0.0397339 0.16156 0.0535889 0.286255 0.001194
13 0.0446167 0.855225 0.0666504 0.254395 0.00117874
3 0.034729 0.553101 0.069458 0.893799 0.00116539
3 0.981445 0.855469 0.0371094 0.273438 0.0011425
2 0.49939 0.731934 0.608643 0.124023 0.00113487
13 0.981445 0.855469 0.0371094 0.273438 0.00113392
19 0.474487 0.830078 0.799072 0.339844 0.00113392
2 0.293457 0.270508 0.32373 0.0908203 0.00112152
2 0.103149 0.955811 0.181641 0.0708008 0.00111675
3 0.963379 0.303223 0.0576172 0.606445 0.00110722
13 0.969727 0.169678 0.0507812 0.305664 0.00110531
19 0.59729 0.527832 0.477295 0.579102 0.00109959
2 0.0406647 0.904053 0.0612488 0.133301 0.00109768
19 0.5 0.512573 0.37793 0.508057 0.00109768
14 0.174927 0.948242 0.0185547 0.0234375 0.00108719
2 0.30011 0.709473 0.253296 0.0664062 0.00108624
19 0.508667 0.375366 0.342041 0.495361 0.00107479
2 0.0393066 0.481812 0.0584717 0.813721 0.00107002
3 0.981445 0.939209 0.0371094 0.0942383 0.00105953
2 0.127716 0.326172 0.122498 0.162109 0.00105667
8 0.450928 0.311279 0.371582 0.481934 0.00105
1 0.0377808 0.0969238 0.0582275 0.170166 0.00104809
2 0.0854492 0.348022 0.140625 0.323486 0.00103951
1 0.103149 0.955811 0.181641 0.0708008 0.00101185
