2 0.588867 0.644531 0.120117 0.114258 0.662598
6 0.979248 0.956787 0.0395508 0.0629883 0.151733
1 0.978271 0.957275 0.043457 0.065918 0.12323
6 0.0316162 0.947754 0.0548096 0.0673828 0.122559
2 0.979492 0.272461 0.0195312 0.0546875 0.102173
2 0.980225 0.953857 0.0395508 0.0629883 0.0719604
6 0.0293274 0.928955 0.0463257 0.106934 0.0386353
1 0.0368042 0.950928 0.0532227 0.0688477 0.0336304
6 0.0485687 0.952148 0.072052 0.0722656 0.0257568
2 0.0360718 0.95166 0.0526123 0.0712891 0.0174866
2 0.0302734 0.94165 0.0361328 0.065918 0.0146255
1 0.0312347 0.939209 0.042511 0.0649414 0.0144958
3 0.980713 0.946045 0.0385742 0.074707 0.0131073
6 0.0643311 0.954102 0.116211 0.0664062 0.0122604
1 0.10376 0.957764 0.178711 0.0844727 0.0111465
1 0.977539 0.943359 0.0332031 0.0859375 0.00914001
1 0.0612183 0.94043 0.110474 0.0996094 0.00908661
13 0.979492 0.272461 0.0195312 0.0546875 0.00901794
6 0.0314331 0.0737 0.0546875 0.128967 0.00892639
3 0.978516 0.958252 0.0429688 0.065918 0.00881958
2 0.0275269 0.742188 0.0155029 0.0478516 0.00818634
13 0.587891 0.645508 0.116211 0.115234 0.00774002
3 0.974365 0.147583 0.0512695 0.260986 0.00762558
6 0.98291 0.949219 0.0341797 0.0664062 0.00748062
6 0.0365143 0.89624 0.0502625 0.178223 0.00744629
1 0.98291 0.949219 0.0341797 0.0664062 0.00738907
6 0.0405884 0.920166 0.0738525 0.114746 0.00727844
2 0.981445 0.261719 0.0234375 0.0610352 0.00720215
2 0.606934 0.636719 0.194336 0.167969 0.00696945
3 0.976074 0.931885 0.0478516 0.0991211 0.00696564
3 0.974609 0.893555 0.0507812 0.160156 0.00661087
13 0.979248 0.956787 0.0395508 0.0629883 0.00618744
4 0.587891 0.645508 0.116211 0.115234 0.006073
3 0.0399323 0.890137 0.0785828 0.178711 0.00579453
2 0.986328 0.269531 0.0214844 0.0522461 0.00485611
6 0.974365 0.0637665 0.0473633 0.104156 0.00474548
6 0.980225 0.932373 0.0395508 0.0961914 0.00431061
3 0.0381012 0.952393 0.0602722 0.0717773 0.0042038
14 0.587891 0.645508 0.116211 0.115234 0.0040741
13 0.036087 0.95166 0.0523376 0.0693359 0.00391769
13 0.983398 0.279053 0.0175781 0.059082 0.00387764
2 0.983398 0.279053 0.0175781 0.059082 0.00358391
6 0.0873718 0.954834 0.147522 0.0805664 0.00350189
6 0.0323486 0.147888 0.0483398 0.247192 0.00346756
9 0.587891 0.645508 0.116211 0.115234 0.00335503
6 0.963379 0.959229 0.0673828 0.0737305 0.00332069
2 0.0343018 0.83374 0.0341797 0.305176 0.00326538
2 0.867676 0.0116882 0.0322266 0.0233765 0.00316429
1 0.587891 0.645508 0.116211 0.115234 0.00315475
2 0.320312 0.358398 0.0214844 0.0537109 0.00312424
6 0.098999 0.967773 0.185303 0.0644531 0.00311089
2 0.0298462 0.928223 0.0513916 0.106445 0.00299644
3 0.0390625 0.1474 0.0610352 0.250122 0.00299263
2 0.979492 0.270752 0.03125 0.0546875 0.00286484
13 0.98291 0.949219 0.0341797 0.0664062 0.00278282
6 0.0606537 0.917969 0.114044 0.164062 0.00269127
2 0.975586 0.942139 0.0410156 0.0961914 0.00258827
6 0.962891 0.048584 0.0683594 0.0897217 0.00245476
3 0.0267639 0.916748 0.0418091 0.152832 0.00242805
2 0.678711 0.0153503 0.0205078 0.0263672 0.00230217
6 0.587891 0.645508 0.116211 0.115234 0.002285
19 0.383301 0.619629 0.56543 0.624023 0.00224876
7 0.587891 0.645508 0.116211 0.115234 0.00217819
3 0.039566 0.349609 0.0629578 0.699219 0.00210571
1 0.974854 0.938232 0.050293 0.105957 0.00210381
1 0.029129 0.0957947 0.0396423 0.170715 0.0020771
6 0.975098 0.146057 0.0498047 0.268433 0.0019083
8 0.587891 0.645508 0.116211 0.115234 0.00190163
8 0.383301 0.619629 0.56543 0.624023 0.0018959
2 0.0993958 0.960205 0.187927 0.0717773 0.0018692
2 0.886719 0.289551 0.0273438 0.0883789 0.00180626
19 0.588379 0.645508 0.117188 0.112305 0.00179672
18 0.587891 0.645508 0.116211 0.115234 0.00178719
2 0.884766 0.242737 0.0537109 0.184448 0.00178337
5 0.588379 0.645508 0.117188 0.112305 0.00178242
17 0.587891 0.645508 0.116211 0.115234 0.00178051
10 0.587891 0.645508 0.116211 0.115234 0.00175381
16 0.587891 0.645508 0.116211 0.115234 0.00174618
15 0.587891 0.645508 0.116211 0.115234 0.00171185
12 0.587891 0.645508 0.116211 0.115234 0.00169945
2 0.880371 0.0119324 0.0400391 0.0223389 0.00169373
2 0.122101 0.946533 0.208435 0.106934 0.00167561
11 0.587891 0.645508 0.116211 0.115234 0.00166035
1 0.961426 0.942139 0.0654297 0.102051 0.00160694
0 0.587891 0.645508 0.116211 0.115234 0.00160313
2 0.0283051 0.756836 0.0202942 0.0722656 0.00159073
6 0.0302734 0.935791 0.0377197 0.0678711 0.00153923
6 0.97876 0.892578 0.0424805 0.173828 0.00153351
2 0.0245361 0.90332 0.03479 0.185547 0.00152588
19 0.463379 0.811523 0.790039 0.376953 0.0014801
1 0.0606537 0.917969 0.114044 0.164062 0.00147915
6 0.02005 0.912598 0.0372925 0.155273 0.00146484
1 0.0411377 0.894775 0.0765381 0.183105 0.00144005
2 0.0311584 0.163269 0.0459595 0.293579 0.00142956
2 0.0281219 0.795898 0.0240784 0.151367 0.00141239
1 0.0298462 0.928223 0.0513916 0.106445 0.00139236
3 0.585938 0.643555 0.119141 0.114258 0.00138378
1 0.0441895 0.944824 0.0610352 0.0908203 0.00135517
1 0.175415 0.953613 0.347412 0.0927734 0.0013504
3 0.971924 0.207764 0.0405273 0.394043 0.00133324
4 0.971924 0.207764 0.0405273 0.394043 0.001297
1 0.137024 0.944092 0.230835 0.111816 0.00128746
3 0.0352173 0.0712891 0.0507812 0.134521 0.00128365
13 0.0368652 0.868408 0.0428467 0.245605 0.00128174
2 0.895508 0.294434 0.0332031 0.0961914 0.00127983
3 0.041626 0.927979 0.0651855 0.112793 0.00126171
19 0.444824 0.562012 0.34375 0.637695 0.00119781
4 0.753418 0.552246 0.341797 0.647461 0.00119495
1 0.96875 0.0611572 0.0566406 0.104736 0.00118828
2 0.693359 0.251953 0.0302734 0.0625 0.00118542
1 0.979492 0.107544 0.0410156 0.172607 0.00118256
1 0.137573 0.965576 0.254639 0.0688477 0.00116253
6 0.0210266 0.943848 0.0386353 0.0693359 0.00113869
19 0.473022 0.489258 0.552002 0.737305 0.00111294
6 0.0397186 0.85791 0.0694885 0.268555 0.00110149
13 0.0245361 0.90332 0.03479 0.185547 0.00109959
1 0.9729 0.169128 0.0444336 0.311157 0.00108814
19 0.390503 0.485352 0.390869 0.615234 0.00108528
14 0.980225 0.953857 0.0395508 0.0629883 0.00108242
6 0.0517578 0.939209 0.103516 0.115723 0.00106335
2 0.0304108 0.0691986 0.04245 0.1138 0.00105572
2 0.606445 0.654785 0.267578 0.21582 0.00104618
6 0.973877 0.042038 0.0424805 0.0711975 0.0010376
13 0.0276031 0.742676 0.016449 0.0498047 0.0010252
2 0.0441895 0.944824 0.0610352 0.0908203 0.00102329
7 0.379883 0.55481 0.530273 0.599365 0.00100517
