4 0.496582 0.509521 0.120117 0.977051 0.80957
2 0.339355 0.373047 0.0996094 0.185547 0.581543
4 0.318604 0.547363 0.133301 0.856445 0.49585
6 0.972412 0.0594788 0.0493164 0.111511 0.299805
3 0.0467529 0.635742 0.0810547 0.701172 0.222412
2 0.338867 0.339844 0.0952148 0.11377 0.193481
2 0.347168 0.387695 0.0668945 0.18457 0.120911
6 0.0356445 0.109009 0.0576172 0.218018 0.0775146
6 0.0244446 0.920166 0.0484009 0.13623 0.0696411
3 0.0463715 0.5 0.0774231 1 0.0667114
6 0.0322876 0.941162 0.050415 0.0961914 0.044281
6 0.955322 0.0546265 0.0756836 0.109253 0.0305176
4 0.319336 0.609131 0.0932617 0.73877 0.0236664
3 0.975342 0.0601807 0.043457 0.108887 0.0213318
2 0.379395 0.323975 0.0415039 0.15625 0.020752
2 0.358887 0.335449 0.0712891 0.13623 0.0203247
3 0.0393066 0.0874023 0.0600586 0.174805 0.0198212
2 0.967041 0.0549011 0.0620117 0.102112 0.0144806
2 0.325439 0.507935 0.108887 0.759521 0.0144653
3 0.0342407 0.537842 0.0684814 0.924316 0.014122
1 0.0244293 0.933838 0.035614 0.0893555 0.0125885
3 0.954834 0.502686 0.090332 0.994629 0.0117569
6 0.0512695 0.948486 0.083374 0.081543 0.0110321
3 0.0332031 0.125488 0.0541992 0.250977 0.0107727
6 0.976807 0.0872498 0.0424805 0.156067 0.0107574
6 0.0407257 0.0445557 0.0596619 0.0891113 0.0104904
4 0.334473 0.385986 0.105469 0.242676 0.00971222
3 0.966309 0.75293 0.0498047 0.476562 0.00959015
6 0.0838623 0.947266 0.151611 0.09375 0.00949097
6 0.938965 0.050354 0.120117 0.0987549 0.00905609
6 0.0295868 0.891846 0.0499573 0.20459 0.00875854
2 0.0290375 0.93457 0.0295715 0.0917969 0.00834656
4 0.493652 0.503906 0.0898438 0.625977 0.00832367
1 0.96875 0.0598145 0.0585938 0.11084 0.00827026
6 0.0311279 0.0846252 0.0452881 0.162292 0.00708008
6 0.0173492 0.898438 0.0341492 0.189453 0.00701904
13 0.974609 0.0607758 0.0488281 0.105011 0.00665283
3 0.030365 0.92334 0.0516968 0.129883 0.00660324
3 0.0294189 0.88916 0.0567627 0.192383 0.00612259
6 0.0395508 0.939697 0.0697021 0.116699 0.00610733
2 0.326904 0.374146 0.185547 0.224365 0.00594711
3 0.0346069 0.945312 0.052002 0.0898438 0.00582123
4 0.526733 0.502197 0.128174 0.995605 0.00572205
2 0.231995 0.207764 0.0535889 0.0185547 0.00540161
3 0.962891 0.0551605 0.0644531 0.109894 0.00501633
1 0.339111 0.374268 0.0996094 0.185547 0.0045166
6 0.971924 0.102051 0.0561523 0.181885 0.00421906
6 0.984375 0.0795288 0.0234375 0.0985107 0.00419617
3 0.0575562 0.516724 0.115112 0.960693 0.00418854
4 0.328613 0.455688 0.0996094 0.61792 0.00407791
4 0.494751 0.498169 0.315186 0.937256 0.00397491
6 0.902832 0.0482178 0.192383 0.0964355 0.00389862
3 0.0173492 0.898438 0.0341492 0.189453 0.00382423
3 0.965332 0.312744 0.0673828 0.625488 0.00370216
3 0.0407257 0.0445557 0.0596619 0.0891113 0.00364494
6 0.0205078 0.938721 0.0334473 0.0952148 0.00360107
2 0.373535 0.348389 0.0498047 0.17627 0.00347328
13 0.34082 0.372314 0.101562 0.192383 0.00344849
2 0.332031 0.327148 0.0722656 0.0878906 0.00327682
1 0.121216 0.957764 0.21167 0.0844727 0.00307465
4 0.312256 0.459473 0.0922852 0.814453 0.00307083
6 0.0273438 0.931641 0.0335693 0.0898438 0.00271988
2 0.0247803 0.919922 0.0495605 0.126953 0.0026207
3 0.980469 0.108734 0.0371094 0.176575 0.0025959
4 0.339111 0.358643 0.103027 0.150879 0.00253868
1 0.0346069 0.945312 0.052002 0.0898438 0.00251579
3 0.0512085 0.948242 0.0831299 0.0859375 0.00240326
3 0.971924 0.102051 0.0561523 0.181885 0.00236511
3 0.0428925 0.349854 0.075592 0.699707 0.00231552
2 0.341064 0.441345 0.0952148 0.449341 0.00230408
2 0.321777 0.331787 0.0908203 0.250977 0.00218773
3 0.964111 0.639526 0.0600586 0.720947 0.00217056
4 0.481323 0.484253 0.0812988 0.842041 0.00215149
1 0.0356445 0.109009 0.0576172 0.218018 0.00214005
2 0.0315094 0.940918 0.0578308 0.0888672 0.00212288
3 0.0340729 0.822266 0.0551453 0.328125 0.00204659
2 0.347412 0.317383 0.101562 0.120605 0.00201988
9 0.339111 0.374268 0.0996094 0.185547 0.00181961
1 0.0304871 0.92334 0.057312 0.125977 0.0018177
2 0.360107 0.340088 0.191895 0.211914 0.00180626
13 0.986328 0.0913696 0.0195312 0.103149 0.0018034
6 0.0367126 0.903076 0.0734253 0.189941 0.0017128
2 0.331787 0.382812 0.129883 0.307617 0.00171089
1 0.0725708 0.94165 0.124146 0.101074 0.00158691
14 0.968506 0.055191 0.0551758 0.103729 0.00157547
2 0.048111 0.641357 0.0739441 0.697754 0.00154495
13 0.0467529 0.635742 0.0810547 0.701172 0.00153923
14 0.339111 0.374268 0.0996094 0.185547 0.00152779
4 0.0354614 0.109497 0.0534668 0.218994 0.00146294
4 0.309082 0.552612 0.3125 0.8479 0.00145531
6 0.0841675 0.966797 0.168335 0.0664062 0.00145149
2 0.980469 0.0628967 0.0332031 0.10614 0.00145149
1 0.0470123 0.643677 0.0758972 0.687256 0.00142193
1 0.338867 0.337402 0.0986328 0.114258 0.00142097
6 0.983398 0.0687103 0.0332031 0.117462 0.00142002
4 0.962891 0.0551605 0.0644531 0.109894 0.00136948
6 0.339111 0.374268 0.0996094 0.185547 0.00135803
6 0.981689 0.110992 0.0307617 0.188171 0.00133801
3 0.0244293 0.933838 0.035614 0.0893555 0.00130081
4 0.319336 0.54541 0.134277 0.444336 0.0012989
7 0.974609 0.0585785 0.046875 0.116974 0.001297
4 0.343506 0.38623 0.0776367 0.19043 0.00129414
6 0.965332 0.0333099 0.0498047 0.0610657 0.00128746
3 0.938965 0.0487061 0.106445 0.0974121 0.0012846
4 0.492188 0.6604 0.0810547 0.644043 0.00126839
6 0.0263367 0.956787 0.0471802 0.0825195 0.0012455
7 0.339111 0.374268 0.0996094 0.185547 0.00123787
13 0.0356445 0.109009 0.0576172 0.218018 0.00123787
3 0.969238 0.218506 0.0615234 0.419922 0.00123119
6 0.041626 0.956787 0.057373 0.0786133 0.00122356
13 0.982422 0.870117 0.0195312 0.0800781 0.00121593
6 0.141632 0.956055 0.238708 0.0878906 0.00120354
11 0.968506 0.055191 0.0551758 0.103729 0.00119019
13 0.955322 0.0546265 0.0756836 0.109253 0.00117588
6 0.0467529 0.635742 0.0810547 0.701172 0.00114155
4 0.499146 0.508667 0.126709 0.394775 0.00113964
13 0.028595 0.941406 0.043396 0.0917969 0.00113487
8 0.339111 0.374268 0.0996094 0.185547 0.00112629
19 0.339111 0.374268 0.0996094 0.185547 0.00112247
3 0.0395508 0.939697 0.0697021 0.116699 0.00111771
6 0.972656 0.164307 0.0507812 0.328613 0.00111389
1 0.0841675 0.966797 0.168335 0.0664062 0.00111389
3 0.0270081 0.110626 0.0359497 0.206482 0.00109005
2 0.0546875 0.47998 0.09375 0.959961 0.00107384
3 0.341797 0.374878 0.101562 0.189697 0.00107384
6 0.0588684 0.0413208 0.0863647 0.0826416 0.00107193
4 0.322266 0.286255 0.102539 0.400146 0.00107002
18 0.339111 0.374268 0.0996094 0.185547 0.00106335
15 0.339111 0.374268 0.0996094 0.185547 0.00106335
10 0.339111 0.374268 0.0996094 0.185547 0.00105
5 0.339111 0.374268 0.0996094 0.185547 0.00104237
4 0.486694 0.360229 0.110596 0.668213 0.00102234
11 0.339111 0.374268 0.0996094 0.185547 0.00102139
12 0.339111 0.374268 0.0996094 0.185547 0.00101757
17 0.339111 0.374268 0.0996094 0.185547 0.00101757
6 0.0458984 0.0820007 0.076416 0.158752 0.00100136
