2 0.478027 0.212891 0.261719 0.0756836 0.864258
2 0.0232697 0.854492 0.0186462 0.0742188 0.234619
6 0.0254364 0.917725 0.0423889 0.133301 0.152466
2 0.026062 0.835938 0.022583 0.112305 0.1073
2 0.983398 0.600586 0.015625 0.0683594 0.106812
2 0.0273438 0.871582 0.0205078 0.12207 0.0939331
3 0.0448608 0.450806 0.0692139 0.889404 0.0650635
6 0.0334473 0.899658 0.0471191 0.153809 0.0633545
2 0.027359 0.886719 0.0264587 0.162109 0.0626831
13 0.982422 0.600586 0.0175781 0.0644531 0.0533142
6 0.969727 0.0718689 0.0507812 0.142883 0.0523071
6 0.963135 0.048111 0.0639648 0.0942078 0.0380859
6 0.0304871 0.94043 0.0498657 0.0878906 0.0352173
2 0.475586 0.207092 0.180664 0.0721436 0.0292053
2 0.0248108 0.807129 0.0220337 0.133789 0.0289764
2 0.863281 0.796875 0.0292969 0.152344 0.0261841
13 0.0232697 0.854492 0.0186462 0.0742188 0.0239105
2 0.86377 0.828125 0.0273438 0.0869141 0.0222931
2 0.981445 0.547485 0.0195312 0.161865 0.0197754
13 0.0286255 0.100098 0.0284424 0.145752 0.0193024
13 0.0252075 0.130859 0.0202637 0.134521 0.0148926
3 0.039917 0.190063 0.0474854 0.317627 0.0131912
1 0.973633 0.955811 0.0527344 0.0668945 0.0131378
6 0.975586 0.953125 0.0488281 0.0664062 0.0130844
13 0.0240326 0.886475 0.0265198 0.184082 0.012619
2 0.981445 0.586426 0.0175781 0.0820312 0.0126114
6 0.970459 0.0387878 0.0454102 0.0775757 0.0119705
3 0.0433502 0.275513 0.052948 0.505615 0.0118942
6 0.0240326 0.886475 0.0265198 0.184082 0.0116348
3 0.0252075 0.916748 0.0377197 0.135254 0.0107117
3 0.967285 0.0692139 0.0537109 0.134766 0.0104675
2 0.023819 0.774902 0.0187683 0.0673828 0.00925446
13 0.985352 0.605957 0.0136719 0.0664062 0.00924683
3 0.0527344 0.501099 0.105469 0.960693 0.00872803
1 0.0273285 0.891113 0.0322571 0.15332 0.00830841
6 0.0361938 0.924316 0.0375977 0.110352 0.00811768
2 0.0298767 0.895508 0.0403442 0.183594 0.00767136
1 0.856445 0.504883 0.0888672 0.0869141 0.00733948
6 0.0301819 0.103546 0.036438 0.150818 0.00696182
3 0.0371246 0.88916 0.0517273 0.186523 0.00647736
3 0.968262 0.727051 0.0458984 0.473633 0.00640106
1 0.0371246 0.88916 0.0517273 0.186523 0.00625992
6 0.083252 0.949219 0.152832 0.0820312 0.00623322
6 0.95459 0.0353394 0.0634766 0.0682373 0.0062027
6 0.938965 0.0394897 0.0986328 0.0789795 0.00587463
2 0.0260315 0.831543 0.0338745 0.141602 0.00574493
6 0.0368652 0.852295 0.0462646 0.262207 0.00571442
6 0.977539 0.0889893 0.0449219 0.155273 0.00566864
2 0.0231323 0.76709 0.0146484 0.0498047 0.00562286
1 0.478027 0.213135 0.259766 0.0727539 0.00560379
2 0.479004 0.204895 0.108398 0.0618896 0.0053978
2 0.470215 0.197083 0.285156 0.166382 0.0052681
3 0.976562 0.0817871 0.0449219 0.15918 0.0046196
6 0.976562 0.178955 0.0410156 0.312988 0.00436401
2 0.625977 0.180298 0.0966797 0.0192871 0.00418091
3 0.968262 0.614258 0.0537109 0.633789 0.00417328
2 0.0243988 0.838379 0.0239563 0.209961 0.00389099
2 0.0209351 0.896484 0.027832 0.179688 0.00360107
3 0.972656 0.0512695 0.046875 0.102539 0.00344467
1 0.0276947 0.936768 0.0351868 0.0913086 0.00342369
2 0.0248413 0.916748 0.0445557 0.123535 0.00341225
2 0.986328 0.587402 0.0214844 0.0771484 0.00338364
13 0.026062 0.835938 0.022583 0.112305 0.00325203
6 0.0498047 0.943604 0.0766602 0.0874023 0.00314903
6 0.940186 0.0627747 0.104004 0.124451 0.00314903
1 0.78418 0.0344849 0.431641 0.0565186 0.00314331
3 0.0240326 0.886475 0.0265198 0.184082 0.00304985
2 0.0224762 0.865723 0.0195007 0.141602 0.00299454
3 0.031662 0.93335 0.0440979 0.100098 0.002985
6 0.0263519 0.115387 0.0228577 0.155945 0.00292206
2 0.975586 0.953125 0.0488281 0.0664062 0.00287628
3 0.036438 0.908203 0.0388184 0.146484 0.00284195
6 0.0331421 0.932373 0.0612793 0.127441 0.00282288
3 0.0331421 0.0992126 0.041748 0.153137 0.00272942
2 0.982178 0.779297 0.0336914 0.431641 0.00264931
3 0.967041 0.037384 0.050293 0.0747681 0.00257683
2 0.970947 0.32605 0.0366211 0.552979 0.00255775
2 0.507812 0.202698 0.178711 0.0565186 0.00255203
3 0.976807 0.152039 0.0463867 0.246704 0.00252342
2 0.0209961 0.841797 0.0176392 0.0869141 0.00246429
6 0.963623 0.033493 0.043457 0.0594788 0.00244904
1 0.968262 0.727051 0.0458984 0.473633 0.00239754
6 0.0454712 0.918457 0.0715332 0.129883 0.00238991
6 0.987305 0.115234 0.0175781 0.0969238 0.0023613
2 0.519531 0.198486 0.270508 0.0561523 0.00235558
2 0.569336 0.185425 0.09375 0.0170898 0.00231743
6 0.0292816 0.929199 0.0371399 0.0869141 0.00231171
13 0.968018 0.0698547 0.0620117 0.13324 0.00228882
6 0.961182 0.957764 0.0698242 0.0708008 0.00227356
13 0.0244751 0.812012 0.0233154 0.128906 0.00214386
6 0.0366211 0.0895386 0.0522461 0.139526 0.00214195
2 0.0210571 0.820312 0.0195312 0.136719 0.00213432
1 0.0938416 0.958984 0.186829 0.0644531 0.00208855
14 0.481079 0.211487 0.262451 0.0750732 0.00196838
13 0.481079 0.211487 0.262451 0.0750732 0.00193787
13 0.987305 0.115234 0.0175781 0.0969238 0.00193119
2 0.983398 0.598633 0.0292969 0.0742188 0.00191212
1 0.94873 0.960205 0.0908203 0.0678711 0.00190926
2 0.987305 0.521484 0.0253906 0.194336 0.00186729
3 0.982666 0.111694 0.0307617 0.145264 0.00182343
3 0.0292969 0.892578 0.043335 0.149414 0.00180721
4 0.477051 0.207825 0.28125 0.0760498 0.00179672
3 0.967041 0.333374 0.050293 0.591064 0.00179482
13 0.0273438 0.871582 0.0205078 0.12207 0.00176144
13 0.0371246 0.88916 0.0517273 0.186523 0.00171089
13 0.963623 0.033493 0.043457 0.0594788 0.00170994
2 0.621094 0.183594 0.141602 0.0212402 0.00169468
13 0.963135 0.048111 0.0639648 0.0942078 0.00168419
3 0.0349121 0.36853 0.0605469 0.647705 0.00167179
6 0.0334473 0.181702 0.0401611 0.283081 0.00161362
2 0.036438 0.908203 0.0388184 0.146484 0.00161171
3 0.973389 0.259888 0.0415039 0.456787 0.0015974
2 0.969727 0.623047 0.0390625 0.547852 0.0015831
6 0.0202179 0.938477 0.0297546 0.09375 0.00156593
6 0.982666 0.111694 0.0307617 0.145264 0.00154209
13 0.0253448 0.130859 0.0190125 0.0800781 0.00152588
1 0.0302734 0.902344 0.0484619 0.134766 0.00152206
6 0.983887 0.952637 0.0322266 0.0654297 0.00149632
3 0.0285797 0.82373 0.0317078 0.301758 0.00149345
1 0.039917 0.190063 0.0474854 0.317627 0.00148201
2 0.0304565 0.940674 0.052124 0.0834961 0.00146198
3 0.0320435 0.151062 0.0373535 0.254517 0.00144768
13 0.0254364 0.917725 0.0423889 0.133301 0.0014143
2 0.983398 0.499512 0.0234375 0.254883 0.00138664
2 0.0292816 0.929199 0.0371399 0.0869141 0.00135708
2 0.0246887 0.74707 0.0182495 0.102539 0.00132942
1 0.98291 0.950684 0.0341797 0.0673828 0.00132847
3 0.965088 0.457886 0.065918 0.8479 0.00132084
2 0.0343018 0.456177 0.0634766 0.837646 0.00122166
2 0.0254059 0.895508 0.0314636 0.108398 0.00121975
1 0.968018 0.0698547 0.0620117 0.13324 0.00121784
6 0.905518 0.041626 0.188965 0.083252 0.00119877
3 0.0331421 0.932373 0.0612793 0.127441 0.00118637
6 0.118347 0.955322 0.234985 0.0893555 0.00117874
13 0.0279236 0.153046 0.0283813 0.207581 0.0011692
3 0.0422363 0.487427 0.0550537 0.630615 0.00112915
9 0.481079 0.211487 0.262451 0.0750732 0.00112724
6 0.0301208 0.911621 0.0602417 0.176758 0.00112152
2 0.0286255 0.100098 0.0284424 0.145752 0.00109768
2 0.0283356 0.861328 0.0402527 0.125977 0.00109768
2 0.0326538 0.568848 0.0157471 0.0927734 0.00109005
4 0.0252075 0.916748 0.0377197 0.135254 0.0010891
13 0.0232239 0.788574 0.0197144 0.0917969 0.00107956
1 0.0234833 0.854004 0.0190735 0.0732422 0.00106621
13 0.0218811 0.131927 0.0174561 0.100891 0.00106525
2 0.0245361 0.681641 0.0150146 0.0605469 0.00103855
