2 0.157288 0.612793 0.147339 0.291016 0.888672
6 0.973633 0.124664 0.0371094 0.230652 0.281494
2 0.158081 0.729004 0.127686 0.0625 0.0853271
2 0.1586 0.68457 0.138367 0.126953 0.0404968
13 0.972412 0.12616 0.0375977 0.232056 0.0222931
6 0.969727 0.0826721 0.0449219 0.142761 0.0190125
3 0.972412 0.12616 0.0375977 0.232056 0.0178375
1 0.0244141 0.921387 0.0419922 0.0888672 0.0139313
13 0.0123291 0.101166 0.0204468 0.184875 0.0121918
6 0.967285 0.865723 0.0439453 0.202148 0.0112228
6 0.0142212 0.101562 0.0264893 0.169189 0.0108185
1 0.966797 0.93335 0.0449219 0.0786133 0.0105057
6 0.970703 0.933105 0.0410156 0.0791016 0.0104294
2 0.191406 0.608521 0.281738 0.320068 0.0104218
6 0.96582 0.0410309 0.0488281 0.0690613 0.00984955
6 0.0253906 0.919434 0.0466309 0.0927734 0.00912476
13 0.0116882 0.085144 0.0167236 0.122925 0.00776672
4 0.16156 0.614258 0.143677 0.283203 0.00692368
1 0.157196 0.615723 0.146057 0.286133 0.0068779
6 0.976807 0.0986328 0.0249023 0.165039 0.00615311
6 0.973633 0.0487213 0.0351562 0.0832214 0.00584793
13 0.15802 0.616211 0.140991 0.277344 0.00562286
3 0.968018 0.865723 0.0405273 0.22168 0.0052948
2 0.973633 0.124664 0.0371094 0.230652 0.00512314
1 0.97168 0.127258 0.0410156 0.231812 0.00468063
6 0.96167 0.837402 0.0493164 0.28418 0.00431061
6 0.961914 0.119385 0.0566406 0.23877 0.00423431
1 0.0283813 0.907227 0.0567627 0.109375 0.00395203
3 0.0123291 0.101166 0.0204468 0.184875 0.00388336
1 0.494141 0.999023 0.988281 0.00195312 0.00384903
3 0.0283813 0.907227 0.0567627 0.109375 0.00362015
2 0.20929 0.587402 0.0570068 0.211914 0.00361061
3 0.964844 0.717529 0.0449219 0.521973 0.00335312
6 0.953613 0.0493011 0.0654297 0.0730286 0.00319481
9 0.15802 0.616211 0.140991 0.277344 0.00314903
3 0.965088 0.0773926 0.0561523 0.131348 0.00299644
14 0.15802 0.616211 0.140991 0.277344 0.00293922
1 0.968018 0.865723 0.0405273 0.22168 0.00287056
6 0.0116882 0.085144 0.0167236 0.122925 0.00256729
1 0.0410156 0.92334 0.0726318 0.0898438 0.00253868
6 0.0302734 0.864746 0.053833 0.211914 0.00250053
2 0.163696 0.732422 0.107178 0.0390625 0.00246429
2 0.0273438 0.916016 0.0501709 0.0947266 0.00239563
1 0.126892 0.944824 0.250122 0.0693359 0.00226212
3 0.964844 0.0496063 0.046875 0.0821838 0.00207138
7 0.15802 0.616211 0.140991 0.277344 0.00204468
2 0.0170288 0.92334 0.0220947 0.0830078 0.00197411
6 0.95752 0.906738 0.0556641 0.135742 0.00197411
6 0.16156 0.614258 0.143677 0.283203 0.00196457
1 0.171753 0.946533 0.343506 0.0522461 0.00193977
5 0.15802 0.616211 0.140991 0.277344 0.00189304
16 0.15802 0.616211 0.140991 0.277344 0.00187778
2 0.968018 0.875488 0.0424805 0.171875 0.0018549
19 0.15802 0.616211 0.140991 0.277344 0.00184822
2 0.970947 0.931152 0.0385742 0.0810547 0.00184345
6 0.97168 0.823975 0.0371094 0.289551 0.00184059
10 0.15802 0.616211 0.140991 0.277344 0.00180626
3 0.0321655 0.859863 0.0546875 0.231445 0.00175381
3 0.963135 0.118683 0.0600586 0.229919 0.00174904
2 0.161621 0.744629 0.132812 0.0361328 0.00173283
18 0.15802 0.616211 0.140991 0.277344 0.00172329
15 0.15802 0.616211 0.140991 0.277344 0.00172329
17 0.15802 0.616211 0.140991 0.277344 0.00172329
12 0.15802 0.616211 0.140991 0.277344 0.00170994
3 0.15802 0.616211 0.140991 0.277344 0.00169754
11 0.15802 0.616211 0.140991 0.277344 0.00166416
0 0.15802 0.616211 0.140991 0.277344 0.00163078
4 0.973389 0.124146 0.0375977 0.220459 0.00161171
13 0.976807 0.0986328 0.0249023 0.165039 0.00161076
6 0.0264282 0.895996 0.0528564 0.132812 0.00159645
8 0.15802 0.616211 0.140991 0.277344 0.00159359
6 0.0170288 0.92334 0.0220947 0.0830078 0.00154018
1 0.5 0.980713 1 0.0385742 0.00154018
6 0.970459 0.908691 0.0375977 0.0976562 0.00151348
3 0.976807 0.0986328 0.0249023 0.165039 0.0015049
3 0.973877 0.0394897 0.0405273 0.0662842 0.00144196
2 0.199463 0.605957 0.0639648 0.260742 0.00139046
2 0.0230408 0.925781 0.0352173 0.0898438 0.00133705
2 0.184021 0.597168 0.102661 0.243164 0.0013361
6 0.971436 0.075119 0.027832 0.121246 0.00118923
13 0.0157166 0.0863647 0.0267944 0.133423 0.00115871
3 0.967285 0.929199 0.0498047 0.078125 0.00115871
1 0.0753174 0.938965 0.140381 0.0732422 0.00115871
1 0.913086 0.937988 0.138672 0.0986328 0.00112438
1 0.255615 0.936035 0.51123 0.0732422 0.00107861
6 0.913086 0.937988 0.138672 0.0986328 0.00107002
6 0.038559 0.920166 0.0764465 0.10498 0.00106335
6 0.943359 0.92627 0.0839844 0.108398 0.00104141
13 0.965088 0.0773926 0.0561523 0.131348 0.00103951
3 0.0350952 0.325073 0.0565186 0.613525 0.00101471
