2 0.314209 0.427979 0.114258 0.244629 0.860352
6 0.0307159 0.92334 0.0577087 0.108398 0.179565
3 0.0361786 0.234131 0.0492249 0.394531 0.0536194
6 0.973389 0.931641 0.0473633 0.107422 0.0531006
6 0.0355225 0.919678 0.0595703 0.156738 0.0402832
3 0.0374146 0.162476 0.0611572 0.277588 0.0248108
2 0.318604 0.421143 0.185059 0.279785 0.0243683
6 0.97168 0.867188 0.0507812 0.214844 0.0196381
6 0.0824585 0.944092 0.164917 0.0922852 0.0160675
6 0.0477295 0.932373 0.0812988 0.105957 0.0153427
2 0.806641 0.0157471 0.0244141 0.0284424 0.0137482
2 0.314209 0.423584 0.103027 0.138184 0.0128555
6 0.0333252 0.148071 0.0552979 0.237061 0.012291
1 0.0345459 0.930908 0.055542 0.112793 0.0115051
3 0.0316162 0.924072 0.0505371 0.116699 0.0106659
1 0.0333252 0.148071 0.0552979 0.237061 0.00989532
2 0.699219 0.457886 0.0224609 0.0559082 0.00962067
4 0.311768 0.42688 0.12207 0.240967 0.00961304
3 0.955811 0.47644 0.0571289 0.94751 0.0088501
1 0.970703 0.944092 0.0585938 0.0883789 0.00880432
3 0.041687 0.31958 0.0550537 0.604004 0.00826263
6 0.0243225 0.888184 0.0359497 0.194336 0.00814819
2 0.35199 0.417725 0.283325 0.307129 0.00663376
13 0.314209 0.424805 0.120605 0.248047 0.00628281
2 0.80957 0.0209961 0.0302734 0.0361328 0.00604248
3 0.963135 0.349121 0.0463867 0.698242 0.00511169
2 0.0307159 0.92334 0.0577087 0.108398 0.00504303
1 0.0383911 0.222168 0.0526123 0.393555 0.00492096
6 0.028656 0.868896 0.0509644 0.240723 0.00469971
6 0.979004 0.933594 0.0419922 0.0917969 0.00466919
3 0.968262 0.824951 0.0517578 0.299316 0.00458527
1 0.978516 0.126923 0.0332031 0.222717 0.0045433
2 0.333008 0.402344 0.0952148 0.208984 0.00450134
2 0.804688 0.0228577 0.0302734 0.0447388 0.00440216
2 0.693359 0.222412 0.0214844 0.0825195 0.00431824
3 0.973145 0.876465 0.0537109 0.172852 0.00419998
6 0.976074 0.885254 0.0478516 0.161133 0.00358582
2 0.97168 0.937256 0.0566406 0.0864258 0.0035305
3 0.975586 0.935791 0.0488281 0.0991211 0.00339699
1 0.170288 0.953613 0.340576 0.0849609 0.0032692
14 0.311768 0.42688 0.12207 0.240967 0.0032444
6 0.969727 0.0695648 0.0488281 0.102814 0.00320244
6 0.972656 0.908203 0.0546875 0.106445 0.00312996
1 0.313721 0.425171 0.12207 0.246338 0.00312042
2 0.702637 0.450928 0.0195312 0.0493164 0.00311279
9 0.31543 0.428223 0.123047 0.250977 0.00306511
1 0.978027 0.881104 0.0439453 0.206543 0.0030365
4 0.0305176 0.218933 0.0456543 0.385376 0.00299644
3 0.977539 0.848633 0.0410156 0.253906 0.00299644
6 0.0432739 0.921387 0.0557861 0.118164 0.00299263
3 0.0243225 0.888184 0.0359497 0.194336 0.00287628
6 0.978516 0.126923 0.0332031 0.222717 0.00287437
1 0.966309 0.0656738 0.0537109 0.0957031 0.00286865
6 0.972412 0.948486 0.0551758 0.0776367 0.0028553
3 0.0510559 0.498657 0.0961304 0.983154 0.00279045
6 0.0408325 0.840576 0.0616455 0.291504 0.00278091
6 0.314209 0.424805 0.120605 0.248047 0.00251007
4 0.969971 0.263611 0.0385742 0.482544 0.00246239
6 0.119781 0.95459 0.236511 0.0908203 0.00242424
13 0.0288391 0.924316 0.053894 0.116211 0.00236893
3 0.0472412 0.932129 0.0821533 0.110352 0.00236511
3 0.039566 0.874023 0.0678406 0.201172 0.00231171
3 0.0427704 0.78418 0.0582581 0.404297 0.00224304
3 0.978516 0.126923 0.0332031 0.222717 0.00217819
6 0.0341797 0.22998 0.0472412 0.404785 0.00217438
7 0.31543 0.428223 0.123047 0.250977 0.00210762
6 0.961914 0.913086 0.0566406 0.134766 0.00205421
1 0.97168 0.0879517 0.0449219 0.131958 0.00200462
1 0.026413 0.903564 0.0428772 0.171387 0.00198364
6 0.0273438 0.918457 0.0418701 0.0888672 0.00187683
16 0.31543 0.428223 0.123047 0.250977 0.00186825
10 0.31543 0.428223 0.123047 0.250977 0.00184059
5 0.31543 0.428223 0.123047 0.250977 0.00184059
2 0.646484 0.0184021 0.0234375 0.0212402 0.00183487
19 0.31543 0.428223 0.123047 0.250977 0.00182533
6 0.953125 0.945557 0.0917969 0.101074 0.00181961
18 0.31543 0.428223 0.123047 0.250977 0.00180435
2 0.0333252 0.228943 0.0450439 0.399536 0.00176334
2 0.80127 0.0140991 0.0273438 0.0268555 0.00175667
17 0.31543 0.428223 0.123047 0.250977 0.00174332
19 0.587402 0.488892 0.602539 0.821045 0.00174141
11 0.31543 0.428223 0.123047 0.250977 0.00171471
15 0.31543 0.428223 0.123047 0.250977 0.00171471
1 0.495117 1 0.990234 0 0.00170135
1 0.0273438 0.918457 0.0418701 0.0888672 0.00169373
8 0.311768 0.42688 0.12207 0.240967 0.00166798
12 0.31543 0.428223 0.123047 0.250977 0.00164986
0 0.31543 0.428223 0.123047 0.250977 0.00164986
2 0.967285 0.290039 0.0361328 0.533203 0.00164986
3 0.963379 0.321899 0.0341797 0.528076 0.001647
3 0.316406 0.427734 0.124512 0.25 0.00151539
2 0.0273438 0.918457 0.0418701 0.0888672 0.00150681
19 0.433594 0.624512 0.645508 0.666016 0.00141621
4 0.0316162 0.924072 0.0505371 0.116699 0.0013485
6 0.973633 0.111572 0.0488281 0.176025 0.00134182
19 0.566895 0.560547 0.431641 0.698242 0.00127125
6 0.97876 0.0803528 0.034668 0.115662 0.00122452
6 0.0557251 0.949951 0.0882568 0.0883789 0.00117874
8 0.589966 0.48877 0.654053 0.873047 0.00116348
6 0.95874 0.0604095 0.0727539 0.0898743 0.00113297
3 0.0294495 0.369141 0.0588989 0.738281 0.00111771
4 0.570312 0.505859 0.397461 0.675781 0.00110817
1 0.123657 0.943115 0.221924 0.11377 0.00110054
2 0.655762 0.0189209 0.0332031 0.0222168 0.00106335
1 0.0354004 0.871338 0.0534668 0.249512 0.00104618
13 0.973633 0.943359 0.0527344 0.0859375 0.00103378
2 0.102051 0.955322 0.204102 0.0854492 0.00102997
2 0.972656 0.879639 0.0527344 0.182129 0.00102615
13 0.97583 0.866699 0.0483398 0.237305 0.00101948
1 0.953369 0.927246 0.0717773 0.118164 0.00101662
3 0.0270996 0.870361 0.0489502 0.249512 0.00101376
1 0.969727 0.883301 0.0605469 0.167969 0.00100136
