2 0.607422 0.72168 0.382812 0.197266 0.893066
2 0.972656 0.102295 0.0273438 0.123047 0.4646
6 0.97168 0.0994873 0.03125 0.105713 0.109436
1 0.0262146 0.902588 0.0370483 0.185059 0.0514832
13 0.974365 0.120728 0.027832 0.138184 0.037384
6 0.0266266 0.905762 0.0409851 0.15918 0.027832
2 0.790039 0.0137634 0.0253906 0.0275269 0.0239258
1 0.0317383 0.870605 0.0441895 0.239258 0.0169678
4 0.609497 0.724121 0.376709 0.206055 0.0161438
1 0.607788 0.720215 0.378174 0.204102 0.0160675
2 0.616211 0.722656 0.211914 0.192383 0.0159454
13 0.975342 0.0925903 0.0239258 0.100464 0.0108795
13 0.977539 0.121246 0.0292969 0.192566 0.0103226
3 0.0400238 0.278931 0.0513 0.514404 0.00984192
2 0.895508 0.0164185 0.0253906 0.0328369 0.00970459
1 0.972656 0.0906982 0.0273438 0.108154 0.00955963
6 0.0332642 0.16571 0.0424805 0.277954 0.00934601
3 0.0413818 0.730957 0.0477295 0.512695 0.00868988
2 0.686523 0.708984 0.206055 0.168945 0.00806427
2 0.657227 0.0124207 0.03125 0.0248413 0.00777817
3 0.0266113 0.911621 0.0397949 0.168945 0.00704575
6 0.607788 0.720215 0.378174 0.204102 0.00659943
13 0.609497 0.724121 0.376709 0.206055 0.0062294
2 0.523926 0.0141907 0.0410156 0.0283813 0.00599289
2 0.974854 0.083374 0.0268555 0.0671387 0.0057373
19 0.607788 0.720215 0.378174 0.204102 0.00493622
2 0.664551 0.0123596 0.0292969 0.0247192 0.00485611
2 0.531738 0.0120239 0.0341797 0.0240479 0.00481415
13 0.029953 0.142303 0.0384827 0.236389 0.00479507
14 0.609497 0.724121 0.376709 0.206055 0.00476837
9 0.607788 0.720215 0.378174 0.204102 0.00444412
3 0.0441895 0.512939 0.0883789 0.974121 0.0043869
1 0.952148 0.953369 0.0839844 0.0834961 0.00435257
16 0.609497 0.724121 0.376709 0.206055 0.00415039
2 0.9729 0.122681 0.034668 0.141846 0.00411987
2 0.558594 0.747559 0.291016 0.146484 0.00407028
18 0.607788 0.720215 0.378174 0.204102 0.00398636
2 0.514648 0.0124359 0.03125 0.0248718 0.00397491
2 0.30835 0.597656 0.0180664 0.0527344 0.00391769
2 0.786133 0.0167542 0.0263672 0.0308228 0.00390244
11 0.609497 0.724121 0.376709 0.206055 0.00385284
8 0.607788 0.720215 0.378174 0.204102 0.00374794
2 0.969482 0.080719 0.0317383 0.128601 0.00371361
1 0.141174 0.116577 0.279175 0.181641 0.00369644
7 0.607788 0.720215 0.378174 0.204102 0.00361824
6 0.0368652 0.237061 0.0476074 0.435059 0.00358391
6 0.976562 0.11441 0.0292969 0.14325 0.00349808
17 0.609497 0.724121 0.376709 0.206055 0.00329971
3 0.609497 0.724121 0.376709 0.206055 0.00321007
15 0.609497 0.724121 0.376709 0.206055 0.00318527
3 0.0327148 0.888184 0.0581055 0.223633 0.00317383
3 0.029953 0.142303 0.0384827 0.236389 0.00317001
3 0.969727 0.672852 0.0605469 0.654297 0.00317001
10 0.607788 0.720215 0.378174 0.204102 0.00315857
2 0.65918 0.0182495 0.0361328 0.036499 0.0031395
19 0.388672 0.545898 0.635742 0.587891 0.00310326
3 0.0434723 0.363281 0.0629578 0.712891 0.00309944
6 0.9729 0.070694 0.0385742 0.111053 0.00308418
0 0.609497 0.724121 0.376709 0.206055 0.00301743
5 0.609497 0.724121 0.376709 0.206055 0.00301743
2 0.806641 0.0136871 0.0693359 0.0273743 0.00294304
2 0.519531 0.801758 0.189453 0.0449219 0.00292587
12 0.609497 0.724121 0.376709 0.206055 0.00282478
6 0.02771 0.129547 0.0421143 0.239929 0.00261497
13 0.97583 0.0831909 0.0307617 0.0672607 0.00258064
2 0.834473 0.0141296 0.124023 0.0282593 0.00243568
2 0.977539 0.0877686 0.0292969 0.113037 0.0023613
2 0.887695 0.972656 0.216797 0.0546875 0.00233269
19 0.316895 0.608765 0.442383 0.602783 0.0022583
2 0.492188 0.806152 0.154297 0.0380859 0.00223732
13 0.894043 0.0198212 0.03125 0.035553 0.00214958
8 0.388672 0.545898 0.635742 0.587891 0.00214577
6 0.978271 0.0866241 0.0317383 0.117523 0.0020752
13 0.975586 0.103363 0.0390625 0.133606 0.00205803
14 0.657227 0.0124207 0.03125 0.0248413 0.00190639
3 0.0407104 0.627808 0.0616455 0.724854 0.00185966
3 0.97168 0.0994873 0.03125 0.105713 0.00185394
3 0.0391846 0.821289 0.0471191 0.335938 0.00184155
2 0.680664 0.657227 0.250977 0.21875 0.00178623
1 0.0245209 0.132935 0.0315247 0.205322 0.00177002
14 0.519531 0.0129395 0.0478516 0.0258789 0.00175095
2 0.606445 0.657715 0.405273 0.344727 0.001544
14 0.666992 0.0195007 0.0292969 0.0390015 0.00149345
4 0.313477 0.605591 0.49707 0.661865 0.0014782
2 0.975586 0.122559 0.0253906 0.0942383 0.00147533
2 0.887207 0.0177002 0.0361328 0.0354004 0.00144577
2 0.666992 0.0195007 0.0292969 0.0390015 0.001441
6 0.0355835 0.119507 0.0516357 0.183105 0.00137901
1 0.0250854 0.856934 0.0294189 0.1875 0.00135994
1 0.0391846 0.821289 0.0471191 0.335938 0.00135326
19 0.438599 0.61377 0.423584 0.563477 0.00134182
7 0.388672 0.545898 0.635742 0.587891 0.00130749
2 0.86792 0.962646 0.250488 0.074707 0.0012989
1 0.887695 0.972656 0.216797 0.0546875 0.00129223
14 0.51709 0.0137634 0.03125 0.0275269 0.00127792
12 0.388672 0.545898 0.635742 0.587891 0.00126457
1 0.976562 0.11441 0.0292969 0.14325 0.00123978
1 0.929199 0.957275 0.131836 0.081543 0.00121498
2 0.754883 0.744629 0.253906 0.148438 0.00121307
1 0.0413818 0.730957 0.0477295 0.512695 0.00120068
2 0.0319824 0.9104 0.0517578 0.175293 0.00118732
6 0.0327148 0.888184 0.0581055 0.223633 0.00118732
2 0.575195 0.618164 0.19043 0.115234 0.00116634
2 0.541382 0.581543 0.528564 0.535156 0.00116253
14 0.664551 0.0123596 0.0292969 0.0247192 0.00114346
3 0.02948 0.839844 0.0419922 0.304688 0.00111961
6 0.969727 0.945312 0.0507812 0.0898438 0.00108528
17 0.388672 0.545898 0.635742 0.587891 0.00106812
13 0.0368652 0.237061 0.0476074 0.435059 0.00106812
16 0.388672 0.545898 0.635742 0.587891 0.00106525
15 0.388672 0.545898 0.635742 0.587891 0.00104618
2 0.976562 0.150879 0.0273438 0.210449 0.00100327
8 0.320984 0.571655 0.407837 0.536377 0.00100231
