2 0.517578 0.236328 0.172852 0.331543 0.83252
2 0.986328 0.526367 0.0214844 0.0830078 0.128296
6 0.0349884 0.07724 0.0469666 0.145325 0.098877
3 0.971924 0.507935 0.0561523 0.818115 0.0829468
6 0.976807 0.916992 0.0463867 0.134766 0.0571899
6 0.036026 0.92627 0.0673523 0.104492 0.0520935
2 0.984375 0.343994 0.0234375 0.15918 0.0373535
6 0.0379791 0.94751 0.0639343 0.0776367 0.0370789
2 0.539551 0.232178 0.268555 0.35791 0.0324097
2 0.0299988 0.774902 0.0230103 0.0859375 0.0301208
6 0.0376587 0.900879 0.0595703 0.198242 0.0267792
6 0.0838318 0.959229 0.160461 0.0737305 0.0252686
3 0.0426025 0.33667 0.0518799 0.650879 0.0199738
13 0.986328 0.52832 0.0195312 0.0839844 0.0180969
13 0.0296478 0.785156 0.02005 0.0742188 0.0171661
3 0.962891 0.602295 0.0605469 0.79541 0.0161591
3 0.959229 0.506104 0.081543 0.952637 0.0157166
6 0.950684 0.0466919 0.0869141 0.0703125 0.015007
6 0.0269775 0.913574 0.0455322 0.161133 0.0149765
6 0.935547 0.0355225 0.111328 0.0552979 0.0146179
2 0.533325 0.190399 0.136475 0.247131 0.0137024
3 0.0376587 0.0810547 0.0491943 0.145508 0.0135498
3 0.972168 0.675659 0.0556641 0.57251 0.0120621
6 0.0678711 0.947266 0.127686 0.0761719 0.0116959
1 0.5177 0.229004 0.189209 0.316895 0.0115433
3 0.977539 0.918457 0.0410156 0.147461 0.0114288
2 0.983398 0.338318 0.0253906 0.257935 0.0111237
2 0.983154 0.253296 0.0336914 0.448486 0.00989532
4 0.523804 0.23291 0.202393 0.350586 0.00976562
3 0.0464935 0.421387 0.066925 0.842773 0.0094223
2 0.988281 0.508301 0.0195312 0.105469 0.00886536
6 0.0439301 0.0690918 0.0664368 0.113281 0.00763321
4 0.983154 0.253296 0.0336914 0.448486 0.00690842
6 0.0514984 0.947754 0.0805969 0.0908203 0.00666428
6 0.977539 0.947266 0.0449219 0.0878906 0.00640488
2 0.987793 0.393311 0.0244141 0.343262 0.00610733
3 0.0375824 0.91333 0.0661926 0.16748 0.00597
6 0.0318604 0.128784 0.0449219 0.25415 0.00579071
2 0.984375 0.525879 0.03125 0.0898438 0.0057869
3 0.974365 0.23114 0.0512695 0.398071 0.00529099
1 0.801758 0.0363159 0.396484 0.0576172 0.0049057
3 0.03862 0.86084 0.0502014 0.266602 0.00461197
6 0.521606 0.232422 0.202881 0.34668 0.00443268
3 0.970947 0.54248 0.0463867 0.535156 0.00431442
1 0.0387573 0.947266 0.0625 0.0820312 0.00424957
3 0.0387573 0.947266 0.0625 0.0820312 0.00390625
13 0.521606 0.232422 0.202881 0.34668 0.00388908
1 0.118683 0.9646 0.215759 0.0708008 0.00384331
1 0.976318 0.922852 0.0454102 0.132812 0.00382996
13 0.0286865 0.76709 0.0216064 0.0878906 0.00371742
1 0.905029 0.0388336 0.182129 0.0680847 0.00363922
13 0.0327911 0.0786133 0.0528259 0.13623 0.00354195
6 0.912598 0.0436859 0.172852 0.0801086 0.00352287
19 0.523804 0.23291 0.202393 0.350586 0.00344467
6 0.0996094 0.967773 0.199219 0.0644531 0.00337219
9 0.521606 0.232422 0.202881 0.34668 0.00335884
2 0.0316315 0.797363 0.0210876 0.0908203 0.00325584
6 0.978516 0.875 0.0410156 0.244141 0.00309944
14 0.521606 0.232422 0.202881 0.34668 0.00307274
6 0.0454559 0.0987549 0.0702209 0.19458 0.00304222
13 0.0325317 0.785156 0.0263672 0.101562 0.00303078
18 0.521606 0.232422 0.202881 0.34668 0.00300217
11 0.521606 0.232422 0.202881 0.34668 0.00298882
1 0.0838318 0.959229 0.160461 0.0737305 0.002985
16 0.521606 0.232422 0.202881 0.34668 0.00293159
7 0.521606 0.232422 0.202881 0.34668 0.00278664
2 0.0323486 0.523438 0.0183105 0.143555 0.0027771
6 0.969482 0.0485077 0.0512695 0.080719 0.00264359
8 0.523804 0.23291 0.202393 0.350586 0.00263596
17 0.523804 0.23291 0.202393 0.350586 0.00262642
6 0.039856 0.846436 0.0587158 0.287598 0.00262451
2 0.978516 0.353516 0.0390625 0.291016 0.00261688
2 0.864258 0.673828 0.0517578 0.126953 0.00259209
10 0.523804 0.23291 0.202393 0.350586 0.00258636
1 0.0283051 0.936035 0.0273743 0.0615234 0.00257111
3 0.521606 0.232422 0.202881 0.34668 0.00255013
15 0.521606 0.232422 0.202881 0.34668 0.00254059
0 0.521606 0.232422 0.202881 0.34668 0.00246239
2 0.0303955 0.553223 0.019165 0.165039 0.00245667
2 0.0291748 0.383545 0.0209961 0.154297 0.00244713
2 0.981445 0.534668 0.0214844 0.0869141 0.00244331
2 0.988281 0.342529 0.0175781 0.216309 0.00240135
3 0.0309143 0.92041 0.0510864 0.125977 0.00232124
2 0.977539 0.340942 0.0410156 0.585693 0.0022831
5 0.523804 0.23291 0.202393 0.350586 0.0022831
6 0.96875 0.931152 0.0546875 0.137695 0.00226212
2 0.987305 0.450684 0.0253906 0.239258 0.0022049
2 0.977539 0.93335 0.0449219 0.109863 0.00219536
12 0.521606 0.232422 0.202881 0.34668 0.00215721
6 0.966797 0.960938 0.0605469 0.0585938 0.0021553
1 0.0688324 0.931885 0.118683 0.118652 0.00212097
1 0.163513 0.959229 0.325317 0.0717773 0.00211525
3 0.0559082 0.486816 0.102783 0.973633 0.00207901
2 0.985352 0.410461 0.0292969 0.435913 0.00204659
2 0.0354156 0.941162 0.0656433 0.0786133 0.00204086
1 0.036026 0.92627 0.0673523 0.104492 0.00202942
6 0.958252 0.947021 0.0737305 0.102051 0.00198174
4 0.0388184 0.84082 0.043335 0.300781 0.00196266
3 0.03479 0.147278 0.0511475 0.259155 0.00196075
6 0.127411 0.951904 0.225647 0.0961914 0.00194645
6 0.948486 0.962891 0.0874023 0.0605469 0.00193024
13 0.0302582 0.127625 0.0359192 0.254517 0.00191784
6 0.0336761 0.939209 0.0439758 0.0649414 0.00190735
6 0.983398 0.921387 0.0332031 0.137695 0.00189209
2 0.0342407 0.0781555 0.0552979 0.135193 0.00188541
2 0.0388184 0.84082 0.043335 0.300781 0.00186825
6 0.0357056 0.915527 0.0472412 0.131836 0.00176144
3 0.978271 0.945557 0.0395508 0.0913086 0.00174427
2 0.92334 0.833008 0.0205078 0.0585938 0.00168991
2 0.0283051 0.936035 0.0273743 0.0615234 0.00168037
3 0.0302734 0.110352 0.0358887 0.205078 0.00167942
2 0.980469 0.400635 0.0273438 0.316895 0.00166607
6 0.935547 0.0552673 0.107422 0.086731 0.00161362
3 0.0193329 0.912598 0.0370178 0.155273 0.00157833
2 0.0282593 0.36377 0.0200195 0.0849609 0.00154018
2 0.473999 0.228027 0.176025 0.33252 0.00152969
2 0.0330811 0.754395 0.0241699 0.110352 0.00152302
1 0.0376587 0.0810547 0.0491943 0.145508 0.00147438
2 0.0311279 0.773926 0.0338135 0.105469 0.00146008
13 0.978516 0.905273 0.0429688 0.179688 0.00144577
2 0.0366058 0.844238 0.0296936 0.220703 0.00144005
6 0.973633 0.230225 0.0507812 0.405273 0.00142384
4 0.038147 0.894531 0.0581055 0.1875 0.00142384
1 0.692139 0.0404968 0.615723 0.0809937 0.00139809
6 0.971924 0.507935 0.0561523 0.818115 0.00138378
3 0.0499878 0.937012 0.0863037 0.102539 0.00135708
6 0.0426025 0.33667 0.0518799 0.650879 0.00133514
6 0.966553 0.0650635 0.059082 0.0947266 0.00131702
3 0.973145 0.143799 0.0537109 0.225586 0.00131226
3 0.0429535 0.0592499 0.0630188 0.0965881 0.00131035
1 0.935547 0.0355225 0.111328 0.0552979 0.00130844
1 0.038147 0.894531 0.0581055 0.1875 0.0012846
1 0.96875 0.569458 0.0546875 0.861084 0.00123882
6 0.0197144 0.92627 0.0389404 0.110352 0.00121307
3 0.983154 0.253296 0.0336914 0.448486 0.00120354
2 0.9729 0.47522 0.0541992 0.942139 0.00119877
19 0.567993 0.431152 0.516357 0.654297 0.00112915
6 0.0301514 0.959961 0.0532227 0.0703125 0.00109768
3 0.0454559 0.0987549 0.0702209 0.19458 0.00109291
2 0.950684 0.825195 0.0332031 0.1875 0.0010767
2 0.0309906 0.920166 0.0588684 0.116699 0.00107479
3 0.0282898 0.889893 0.0393677 0.202637 0.00107193
4 0.977539 0.918457 0.0410156 0.147461 0.00103951
6 0.140503 0.974365 0.256592 0.0512695 0.00103664
2 0.0346069 0.784668 0.0351562 0.205078 0.00100613
