2 0.436279 0.643555 0.0883789 0.193359 0.862793
2 0.989258 0.524902 0.0214844 0.263672 0.519043
6 0.981445 0.938477 0.0371094 0.0742188 0.17688
2 0.989258 0.567383 0.0214844 0.169922 0.0574341
6 0.0361786 0.103882 0.0475159 0.197998 0.0536194
1 0.0325317 0.103149 0.0402832 0.190186 0.0371704
2 0.801758 0.013916 0.0224609 0.027832 0.0299683
2 0.434204 0.637207 0.0778809 0.111328 0.0285797
2 0.982422 0.523438 0.0253906 0.249023 0.0216522
6 0.032608 0.912109 0.0566101 0.110352 0.0209656
4 0.43811 0.641602 0.0827637 0.183594 0.0128708
6 0.0353546 0.159241 0.0393982 0.279175 0.0126724
3 0.9646 0.336426 0.0610352 0.672852 0.0116425
2 0.980713 0.936768 0.0385742 0.0776367 0.0115509
6 0.0281677 0.896484 0.0449829 0.162109 0.0112305
2 0.97168 0.681763 0.0429688 0.513428 0.00975037
3 0.0337677 0.110809 0.0406189 0.19928 0.00936127
1 0.0356445 0.145996 0.0428467 0.259277 0.00920105
2 0.44165 0.641602 0.195801 0.227539 0.00865936
2 0.807129 0.013092 0.0283203 0.0254517 0.00657272
13 0.0337677 0.110809 0.0406189 0.19928 0.00637436
13 0.435547 0.645996 0.0908203 0.19043 0.00606537
3 0.981201 0.938721 0.0356445 0.0776367 0.00581741
1 0.980713 0.932861 0.0385742 0.0795898 0.00515366
2 0.988281 0.611816 0.015625 0.0966797 0.00506592
1 0.435547 0.645996 0.0908203 0.19043 0.0045166
6 0.965576 0.94165 0.0688477 0.0834961 0.00449753
1 0.098999 0.945068 0.155273 0.0727539 0.00440216
1 0.0265503 0.900391 0.0407715 0.169922 0.00435257
6 0.9729 0.876953 0.050293 0.177734 0.00434875
3 0.0447998 0.32251 0.0495605 0.606934 0.00395966
6 0.036377 0.934326 0.0523682 0.0864258 0.00393295
3 0.968506 0.717285 0.043457 0.486328 0.00385094
2 0.989258 0.452515 0.0195312 0.118408 0.00355148
3 0.03302 0.914307 0.0498047 0.120605 0.00348854
14 0.435547 0.645996 0.0908203 0.19043 0.00323296
9 0.435547 0.645996 0.0908203 0.19043 0.00318527
13 0.981445 0.938477 0.0371094 0.0742188 0.00312424
6 0.0349731 0.873291 0.0491943 0.22998 0.00301552
2 0.420166 0.618652 0.0703125 0.150391 0.00299644
3 0.032959 0.90332 0.0576172 0.175781 0.00285339
3 0.9729 0.875488 0.0541992 0.171875 0.00277138
1 0.121918 0.95459 0.215637 0.0712891 0.00248146
2 0.989258 0.483887 0.0195312 0.200195 0.00239944
2 0.971924 0.945068 0.0561523 0.0688477 0.00237274
2 0.982178 0.833984 0.0297852 0.287109 0.00236702
6 0.039917 0.229248 0.045166 0.432617 0.00235939
1 0.913086 0.940918 0.144531 0.0849609 0.00232697
6 0.982666 0.905762 0.034668 0.135742 0.00226974
19 0.695801 0.759277 0.455078 0.481445 0.00216103
7 0.435547 0.645996 0.0908203 0.19043 0.00211525
2 0.801758 0.0158081 0.0341797 0.0297241 0.00210953
3 0.039917 0.229248 0.045166 0.432617 0.00210953
3 0.0301056 0.202515 0.0433044 0.376709 0.00208282
6 0.0848694 0.956543 0.149597 0.0498047 0.00206757
6 0.435547 0.645996 0.0908203 0.19043 0.00204277
4 0.989258 0.524902 0.0214844 0.263672 0.00198364
19 0.315796 0.501465 0.335205 0.530273 0.00192928
2 0.428589 0.660645 0.134033 0.238281 0.00192642
6 0.986328 0.92334 0.0273438 0.0927734 0.00190926
2 0.793945 0.0153809 0.03125 0.0307617 0.00189018
5 0.435547 0.645996 0.0908203 0.19043 0.00186062
1 0.0354004 0.873047 0.0532227 0.222656 0.00184345
10 0.435547 0.645996 0.0908203 0.19043 0.00183773
16 0.435547 0.645996 0.0908203 0.19043 0.00181675
18 0.435547 0.645996 0.0908203 0.19043 0.00176144
13 0.98877 0.524536 0.0224609 0.265381 0.00176144
6 0.973633 0.911621 0.0488281 0.107422 0.00175762
17 0.435547 0.645996 0.0908203 0.19043 0.00174809
15 0.435547 0.645996 0.0908203 0.19043 0.00174809
12 0.435547 0.645996 0.0908203 0.19043 0.00173473
19 0.435547 0.645996 0.0908203 0.19043 0.00173473
11 0.435547 0.645996 0.0908203 0.19043 0.00172043
6 0.0500336 0.945801 0.077179 0.0693359 0.001647
2 0.0447998 0.32251 0.0495605 0.606934 0.00163078
0 0.435547 0.645996 0.0908203 0.19043 0.00162888
3 0.435547 0.645996 0.0908203 0.19043 0.00161076
2 0.416992 0.594727 0.0566406 0.108398 0.00160408
8 0.435547 0.645996 0.0908203 0.19043 0.00160313
4 0.695801 0.759277 0.455078 0.481445 0.00157452
3 0.976318 0.862305 0.0415039 0.234375 0.00151443
6 0.0366211 0.900635 0.0732422 0.165527 0.00150681
2 0.0965271 0.957275 0.179504 0.0483398 0.00150394
13 0.036438 0.162964 0.0447998 0.312256 0.00147724
1 0.039917 0.229248 0.045166 0.432617 0.00145721
1 0.0700989 0.942139 0.108337 0.0727539 0.00145435
1 0.968018 0.918701 0.0483398 0.109863 0.00144005
8 0.695801 0.759277 0.455078 0.481445 0.00142574
2 0.235352 0.238953 0.0385742 0.117798 0.00140381
3 0.0383759 0.867188 0.0670471 0.198242 0.00138569
4 0.0426636 0.274414 0.0484619 0.522461 0.00136948
1 0.0537262 0.878418 0.0954285 0.194336 0.00133228
2 0.0316162 0.205261 0.0444336 0.390259 0.00133038
1 0.0836182 0.922607 0.13916 0.10791 0.00131702
6 0.0710449 0.946045 0.125732 0.0649414 0.00131607
3 0.981201 0.110626 0.0375977 0.151306 0.00129032
2 0.586426 0.0118103 0.0361328 0.0236206 0.00125408
1 0.940674 0.932373 0.101074 0.0961914 0.00123501
2 0.983398 0.57666 0.0234375 0.188477 0.00120926
2 0.187012 0.434937 0.0373535 0.0959473 0.00116253
8 0.318604 0.500488 0.362793 0.538086 0.00115776
2 0.990234 0.568848 0.0175781 0.0917969 0.00115108
6 0.980469 0.109741 0.0390625 0.148926 0.00109673
6 0.980469 0.955811 0.0390625 0.0825195 0.00108814
2 0.0373535 0.101318 0.0523682 0.188477 0.00108624
14 0.981445 0.938477 0.0371094 0.0742188 0.00108242
2 0.980225 0.691406 0.0395508 0.50293 0.00105381
1 0.972656 0.881348 0.046875 0.186523 0.00104046
