2 0.491211 0.729004 0.102539 0.0888672 0.817871
6 0.0387421 0.929932 0.0628967 0.0952148 0.243896
2 0.485474 0.703613 0.111084 0.133789 0.172729
6 0.9729 0.928223 0.0463867 0.106445 0.0880127
2 0.261475 0.911133 0.127441 0.114258 0.0723877
2 0.0398407 0.931885 0.059967 0.10498 0.0585022
1 0.0398407 0.931885 0.059967 0.10498 0.0568848
2 0.0317383 0.924316 0.0372314 0.0712891 0.0381775
6 0.972656 0.895508 0.0527344 0.164062 0.0370789
6 0.138916 0.949951 0.233887 0.0961914 0.036438
6 0.0699005 0.931641 0.11557 0.0898438 0.0293579
6 0.177856 0.924072 0.292725 0.11084 0.0252838
1 0.969971 0.944824 0.0541992 0.0771484 0.0225677
1 0.23877 0.918945 0.149902 0.105469 0.0219269
3 0.0427856 0.320923 0.0494385 0.582764 0.021698
2 0.242371 0.92334 0.104614 0.0927734 0.0182037
6 0.0465851 0.875977 0.0784607 0.177734 0.0160675
2 0.473755 0.666016 0.147217 0.210938 0.0158386
3 0.945801 0.497681 0.0908203 0.916748 0.0149689
3 0.969727 0.877441 0.0566406 0.217773 0.0138016
6 0.0985413 0.942139 0.169128 0.090332 0.0116501
3 0.0423126 0.931152 0.0601501 0.110352 0.0109558
2 0.969971 0.944824 0.0541992 0.0771484 0.009552
6 0.0740356 0.915527 0.120239 0.15332 0.00917816
6 0.0448608 0.841309 0.0684814 0.27832 0.00850677
1 0.140228 0.940186 0.221985 0.100098 0.00843048
14 0.489258 0.723633 0.108398 0.09375 0.00822449
2 0.15448 0.939453 0.264282 0.0917969 0.00813293
1 0.0302734 0.925781 0.0352783 0.0722656 0.00746536
2 0.211304 0.949707 0.0690918 0.0537109 0.00725937
1 0.0699005 0.931641 0.11557 0.0898438 0.00681305
3 0.972656 0.928955 0.0546875 0.0991211 0.00657272
2 0.0427856 0.320923 0.0494385 0.582764 0.0063324
2 0.503906 0.735352 0.110352 0.15332 0.00589752
1 0.941895 0.9375 0.0986328 0.0957031 0.00580597
1 0.177856 0.924072 0.292725 0.11084 0.00555038
6 0.956055 0.914307 0.0683594 0.124512 0.00549698
6 0.937988 0.930664 0.104492 0.107422 0.00510788
1 0.914795 0.943359 0.13916 0.09375 0.00498199
13 0.039917 0.931641 0.0587158 0.103516 0.00490189
13 0.492798 0.728516 0.101318 0.0849609 0.00488663
6 0.916748 0.942871 0.143066 0.114258 0.00470352
4 0.487915 0.696289 0.113037 0.155273 0.00455475
2 0.105835 0.956299 0.21167 0.0874023 0.00455093
6 0.96875 0.830322 0.0488281 0.288574 0.00445938
6 0.0393066 0.227722 0.0430908 0.405884 0.00431442
4 0.489258 0.723633 0.108398 0.09375 0.00403214
1 0.956055 0.885498 0.0742188 0.189941 0.00390625
1 0.489258 0.725098 0.106445 0.0898438 0.00383186
3 0.0393066 0.227722 0.0430908 0.405884 0.0034523
1 0.0360565 0.187744 0.0433655 0.316406 0.00344849
3 0.0488281 0.746582 0.0767822 0.477539 0.00339508
1 0.96875 0.866943 0.0546875 0.219238 0.00337601
6 0.0488281 0.942139 0.0845947 0.100098 0.00328064
6 0.039978 0.912354 0.0603027 0.16748 0.00307083
3 0.970703 0.725098 0.0449219 0.49707 0.00304413
3 0.0483398 0.864014 0.0773926 0.271973 0.00288582
13 0.487915 0.696289 0.113037 0.155273 0.00277519
1 0.963623 0.93042 0.0649414 0.090332 0.00258255
6 0.938721 0.911865 0.0932617 0.17627 0.00257874
9 0.492798 0.728516 0.101318 0.0849609 0.00249481
6 0.964844 0.934082 0.0527344 0.0830078 0.00233841
1 0.0420532 0.288208 0.0476074 0.529053 0.00227737
2 0.70459 0.0259399 0.0224609 0.0301514 0.00213623
6 0.03125 0.921875 0.0404053 0.0742188 0.00211906
6 0.977539 0.94165 0.0449219 0.0776367 0.00210953
1 0.105835 0.956299 0.21167 0.0874023 0.00207901
1 0.0309601 0.149139 0.0393982 0.231018 0.00202179
2 0.48877 0.70752 0.0976562 0.0800781 0.00201416
6 0.908447 0.967285 0.163574 0.0556641 0.0019455
19 0.681641 0.685425 0.423828 0.552979 0.00189972
3 0.94751 0.386963 0.0698242 0.773926 0.00186443
3 0.967041 0.324341 0.0581055 0.622803 0.00185585
1 0.893555 0.959961 0.195312 0.0742188 0.00182724
2 0.499512 0.708984 0.228516 0.178711 0.00180817
6 0.961914 0.882812 0.0625 0.195312 0.00174904
6 0.978516 0.0644379 0.0292969 0.110138 0.00172806
7 0.489258 0.723633 0.108398 0.09375 0.0017271
19 0.376831 0.533691 0.568604 0.552734 0.00171852
6 0.978516 0.868652 0.0429688 0.241211 0.00171566
4 0.681641 0.685425 0.423828 0.552979 0.00170898
14 0.473755 0.666016 0.147217 0.210938 0.0017004
19 0.584106 0.552856 0.650146 0.599365 0.00169277
6 0.952637 0.946289 0.0830078 0.0761719 0.00166893
19 0.489258 0.723633 0.108398 0.09375 0.00166035
16 0.489258 0.723633 0.108398 0.09375 0.00165367
12 0.489258 0.723633 0.108398 0.09375 0.0015974
3 0.981445 0.848633 0.0351562 0.253906 0.00159454
2 0.469238 0.736328 0.210938 0.171875 0.00158596
2 0.970703 0.725098 0.0449219 0.49707 0.00157547
4 0.043335 0.931641 0.060791 0.109375 0.00155449
8 0.584106 0.552856 0.650146 0.599365 0.00152206
14 0.487915 0.696289 0.113037 0.155273 0.00151634
18 0.489258 0.723633 0.108398 0.09375 0.00151157
11 0.489258 0.723633 0.108398 0.09375 0.0014782
2 0.0259857 0.554199 0.0201721 0.104492 0.00146866
10 0.489258 0.723633 0.108398 0.09375 0.0014658
8 0.376831 0.533691 0.568604 0.552734 0.00143337
2 0.466675 0.724609 0.0969238 0.0976562 0.00143242
14 0.0387421 0.929932 0.0628967 0.0952148 0.00142574
2 0.236328 0.922119 0.148926 0.114746 0.0014143
5 0.489258 0.723633 0.108398 0.09375 0.00139427
13 0.473755 0.666016 0.147217 0.210938 0.00136757
2 0.188721 0.94873 0.0854492 0.0537109 0.00135803
15 0.489258 0.723633 0.108398 0.09375 0.00135612
17 0.489258 0.723633 0.108398 0.09375 0.00134563
0 0.489258 0.723633 0.108398 0.09375 0.00133514
8 0.682495 0.685791 0.449463 0.593262 0.00130558
9 0.487915 0.696289 0.113037 0.155273 0.00130081
3 0.0319977 0.170654 0.0409851 0.286133 0.00129795
6 0.0427856 0.320923 0.0494385 0.582764 0.00128651
8 0.489258 0.723633 0.108398 0.09375 0.00128365
1 0.256836 0.0677643 0.510742 0.094696 0.00127506
1 0.207031 0.94873 0.0639648 0.0576172 0.00127411
11 0.0387421 0.929932 0.0628967 0.0952148 0.00126362
6 0.108643 0.924561 0.184326 0.148926 0.00125599
19 0.316406 0.627075 0.510742 0.577881 0.00125504
13 0.969971 0.944824 0.0541992 0.0771484 0.00125217
4 0.0420532 0.288208 0.0476074 0.529053 0.00124741
4 0.36145 0.595337 0.509521 0.541748 0.00123215
2 0.515137 0.681641 0.295898 0.245117 0.00122833
3 0.0707855 0.931641 0.104279 0.09375 0.00122166
2 0.0493164 0.933105 0.0603027 0.0693359 0.0012064
8 0.316406 0.627075 0.510742 0.577881 0.00118542
6 0.973389 0.956055 0.0493164 0.0800781 0.00117874
4 0.532104 0.59021 0.57251 0.532471 0.00117588
6 0.492798 0.728027 0.101318 0.0957031 0.00117397
13 0.0259857 0.554199 0.0201721 0.104492 0.0011673
2 0.507324 0.676758 0.139648 0.345703 0.00116539
2 0.0410156 0.904785 0.0498047 0.108398 0.00115585
3 0.0740356 0.915527 0.120239 0.15332 0.00113678
2 0.0282898 0.576172 0.0233765 0.104492 0.00113583
1 0.26416 0.907227 0.140137 0.123047 0.00113297
8 0.487915 0.696289 0.113037 0.155273 0.00112247
1 0.182129 0.0797119 0.329102 0.0927734 0.00110817
2 0.0352783 0.462646 0.0229492 0.196777 0.00110722
9 0.473755 0.666016 0.147217 0.210938 0.00109863
4 0.473755 0.666016 0.147217 0.210938 0.00108624
1 0.0985413 0.942139 0.169128 0.090332 0.00108337
1 0.0263672 0.113312 0.0339355 0.188904 0.00107002
13 0.96875 0.866943 0.0546875 0.219238 0.00106525
16 0.0387421 0.929932 0.0628967 0.0952148 0.00106049
3 0.489258 0.723633 0.108398 0.09375 0.00104809
19 0.487915 0.696289 0.113037 0.155273 0.00103092
3 0.946289 0.545898 0.0683594 0.649414 0.00102615
19 0.473755 0.666016 0.147217 0.210938 0.00102615
6 0.104492 0.962646 0.155273 0.074707 0.00100231
