2 0.618164 0.652344 0.588867 0.259766 0.890137
1 0.625977 0.655273 0.625977 0.274414 0.0849609
6 0.0355835 0.159607 0.0379639 0.277466 0.0663452
13 0.0339966 0.148865 0.0405273 0.257935 0.0423889
2 0.776367 0.622559 0.264648 0.201172 0.0264435
4 0.617188 0.65332 0.59375 0.292969 0.0142212
3 0.0339966 0.148865 0.0405273 0.257935 0.0137863
2 0.619629 0.652832 0.321289 0.270508 0.0137177
6 0.978027 0.911377 0.0439453 0.155762 0.0123215
3 0.0402222 0.723145 0.0496826 0.510742 0.0092926
2 0.506348 0.702637 0.361328 0.161133 0.0069809
13 0.0327301 0.109589 0.0278015 0.169983 0.00697708
19 0.610229 0.641113 0.590088 0.286133 0.00658417
6 0.619507 0.652344 0.585205 0.286133 0.00641251
2 0.603394 0.554688 0.586182 0.456055 0.00638199
13 0.61438 0.657715 0.591553 0.290039 0.00632858
2 0.0346069 0.164246 0.0389404 0.301392 0.00623703
2 0.503418 0.746582 0.357422 0.0859375 0.00603867
3 0.979248 0.913086 0.0395508 0.167969 0.00566101
2 0.59668 0.719238 0.566406 0.139648 0.0055275
2 0.572144 0.73584 0.449463 0.0849609 0.00530624
2 0.689453 0.624512 0.431641 0.241211 0.00521851
14 0.61438 0.657715 0.591553 0.290039 0.00471115
9 0.619507 0.652344 0.585205 0.286133 0.00453949
16 0.619507 0.652344 0.585205 0.286133 0.00413513
18 0.619507 0.652344 0.585205 0.286133 0.00403976
11 0.61438 0.657715 0.591553 0.290039 0.00375938
7 0.619507 0.652344 0.585205 0.286133 0.00374031
8 0.619507 0.652344 0.585205 0.286133 0.00365448
3 0.61438 0.657715 0.591553 0.290039 0.00342369
17 0.61438 0.657715 0.591553 0.290039 0.00341225
15 0.61438 0.657715 0.591553 0.290039 0.0032959
1 0.0400238 0.687378 0.0466614 0.56665 0.00325584
5 0.61438 0.657715 0.591553 0.290039 0.0032444
10 0.619507 0.652344 0.585205 0.286133 0.00304222
1 0.0355835 0.159607 0.0379639 0.277466 0.00304222
0 0.617188 0.65332 0.59375 0.292969 0.00303459
12 0.61438 0.657715 0.591553 0.290039 0.00279808
2 0.0394897 0.263245 0.0418701 0.497925 0.00249863
14 0.642578 0.011261 0.0302734 0.022522 0.00238228
1 0.117096 0.95752 0.172546 0.0712891 0.00231934
1 0.976074 0.917969 0.0478516 0.140625 0.00227165
6 0.0352173 0.121796 0.0488281 0.191467 0.00210381
2 0.555664 0.685059 0.446289 0.217773 0.00194454
6 0.0370026 0.212036 0.0463562 0.418213 0.00187016
2 0.46875 0.755859 0.27832 0.0615234 0.00174809
13 0.0254517 0.100372 0.0306396 0.188416 0.00168705
1 0.910156 0.94165 0.164062 0.116699 0.00167847
2 0.647461 0.0111389 0.0322266 0.0222778 0.00164127
3 0.0377808 0.213623 0.0367432 0.395996 0.00160599
1 0.143311 0.962891 0.258789 0.0664062 0.00134945
1 0.183228 0.957764 0.342041 0.0844727 0.00131512
13 0.0377808 0.213623 0.0367432 0.395996 0.00125027
2 0.308594 0.0101624 0.03125 0.0203247 0.00124836
3 0.0411377 0.590698 0.0631104 0.761963 0.00120831
3 0.0321503 0.75293 0.0416565 0.318359 0.0012064
2 0.614136 0.753418 0.545166 0.0986328 0.00119591
1 0.0780792 0.954346 0.124847 0.0678711 0.00115871
2 0.196533 0.824219 0.0402832 0.118164 0.00115681
6 0.0402222 0.723145 0.0496826 0.510742 0.00101471
