2 0.637207 0.751953 0.0625 0.253906 0.834473
6 0.0352783 0.931152 0.0548096 0.0966797 0.0915527
6 0.0316772 0.131622 0.0336914 0.194275 0.039978
2 0.638184 0.75 0.0537109 0.140625 0.0365601
2 0.0336304 0.159729 0.0366211 0.284058 0.032074
6 0.974609 0.0736389 0.0449219 0.12616 0.0258789
6 0.0333405 0.916992 0.0585632 0.158203 0.0236053
1 0.104126 0.956055 0.17749 0.0878906 0.0226898
6 0.0388184 0.948242 0.0587158 0.0703125 0.0224152
6 0.0857849 0.956543 0.165833 0.0693359 0.0217285
6 0.978271 0.890381 0.0395508 0.20166 0.0216064
13 0.032608 0.140717 0.0348816 0.235657 0.0202026
6 0.0327148 0.933594 0.0457764 0.0615234 0.0166168
6 0.120697 0.956543 0.222961 0.0869141 0.0149384
6 0.977783 0.109344 0.0327148 0.169983 0.010231
6 0.0660706 0.946777 0.107605 0.0732422 0.0078125
6 0.0891418 0.932373 0.145935 0.135254 0.00735855
1 0.0864258 0.94043 0.15332 0.0976562 0.0073204
1 0.032608 0.140717 0.0348816 0.235657 0.00725174
2 0.03125 0.93457 0.0371094 0.0566406 0.00707245
1 0.0349731 0.902344 0.059082 0.160156 0.0068779
6 0.0482483 0.94458 0.0910034 0.0893555 0.0067482
1 0.0302734 0.933105 0.0415039 0.0625 0.00650406
6 0.043335 0.920166 0.0772705 0.11084 0.00634003
1 0.913818 0.943848 0.13916 0.100586 0.00627518
6 0.977539 0.139526 0.0371094 0.256592 0.00577545
2 0.039978 0.318604 0.0396729 0.608887 0.00532532
3 0.0352783 0.931152 0.0548096 0.0966797 0.00509644
6 0.97583 0.0501709 0.0405273 0.0905762 0.00482178
4 0.637695 0.751953 0.0605469 0.255859 0.00453568
2 0.0234375 0.547852 0.0186768 0.0605469 0.00430298
2 0.0285645 0.212158 0.0361328 0.414062 0.00419617
13 0.977783 0.109344 0.0327148 0.169983 0.00416946
2 0.0983276 0.958496 0.196655 0.0693359 0.00392532
6 0.0340424 0.151581 0.0473938 0.246643 0.00391769
3 0.977539 0.88916 0.0371094 0.206055 0.00388336
1 0.0375977 0.943115 0.0562744 0.0786133 0.00385475
2 0.642578 0.719238 0.0488281 0.185547 0.00368881
3 0.980469 0.113556 0.0292969 0.201111 0.00355911
6 0.0399933 0.88501 0.0662537 0.19873 0.00346947
2 0.0373535 0.830566 0.0428467 0.321289 0.00324059
3 0.977295 0.0830078 0.0395508 0.165527 0.00317383
3 0.0333405 0.916992 0.0585632 0.158203 0.00305939
13 0.0258484 0.129547 0.0204468 0.167175 0.00302124
3 0.032608 0.140717 0.0348816 0.235657 0.0030098
1 0.125092 0.952148 0.241028 0.0683594 0.00274277
1 0.968506 0.864746 0.0415039 0.231445 0.00248528
6 0.978516 0.932861 0.0371094 0.097168 0.00247002
1 0.135437 0.944336 0.218384 0.111328 0.00246429
2 0.592773 0.26416 0.0224609 0.059082 0.00222397
1 0.932373 0.957031 0.109863 0.0683594 0.0022068
2 0.0346222 0.94043 0.0628357 0.0722656 0.00215721
2 0.677246 0.318359 0.0195312 0.03125 0.00214958
1 0.728516 0.942139 0.160156 0.0922852 0.00211716
19 0.481079 0.583008 0.645264 0.641602 0.00206184
2 0.121765 0.950195 0.201782 0.0996094 0.00202751
6 0.982178 0.084137 0.0356445 0.158386 0.00199509
6 0.0369873 0.0883484 0.0477295 0.167542 0.00191784
2 0.167236 0.360352 0.027832 0.0800781 0.00190067
2 0.0338135 0.131866 0.0332031 0.180603 0.00188732
3 0.968506 0.864746 0.0415039 0.231445 0.00188541
1 0.972412 0.0656586 0.0297852 0.0879211 0.00184536
13 0.637207 0.751953 0.0625 0.253906 0.00180244
2 0.325928 0.208008 0.0371094 0.0825195 0.0017767
3 0.0388184 0.948242 0.0587158 0.0703125 0.0017662
2 0.0324707 0.901611 0.050415 0.185059 0.00173855
2 0.978516 0.837891 0.03125 0.3125 0.00168514
8 0.481079 0.583008 0.645264 0.641602 0.00164032
4 0.977783 0.171875 0.0405273 0.331055 0.00162888
3 0.0369873 0.0883484 0.0477295 0.167542 0.00154018
2 0.0255737 0.16275 0.0245361 0.166687 0.00153065
3 0.97583 0.0501709 0.0405273 0.0905762 0.00151348
6 0.0390015 0.231445 0.0402832 0.423828 0.00149345
3 0.972412 0.0708008 0.0493164 0.115234 0.00147724
6 0.0213318 0.910645 0.0426636 0.149414 0.00147247
1 0.912598 0.969727 0.15332 0.0507812 0.00143909
6 0.967041 0.0432739 0.0561523 0.0620117 0.00136757
13 0.0308685 0.108795 0.0294495 0.144226 0.0012598
3 0.976562 0.136719 0.0371094 0.27002 0.00125313
1 0.977783 0.109344 0.0327148 0.169983 0.00121212
2 0.0303955 0.921875 0.0568848 0.103516 0.00119305
1 0.94873 0.92627 0.0791016 0.124023 0.00117207
1 0.0576782 0.884766 0.100952 0.212891 0.00116444
2 0.742676 0.423706 0.0498047 0.114502 0.00113106
2 0.0478668 0.939941 0.0558777 0.0595703 0.00108433
12 0.481079 0.583008 0.645264 0.641602 0.00105667
1 0.637207 0.75293 0.0625 0.256836 0.00104332
2 0.0258484 0.129547 0.0204468 0.167175 0.00102234
7 0.481079 0.583008 0.645264 0.641602 0.00100899
13 0.0367432 0.943848 0.0583496 0.0751953 0.00100517
