2 0.331787 0.0852966 0.0913086 0.150696 0.795898
2 0.497925 0.167358 0.252197 0.0925293 0.680176
6 0.0284271 0.882568 0.0476379 0.191895 0.380127
2 0.422607 0.190796 0.104004 0.0344238 0.145874
3 0.0284271 0.882568 0.0476379 0.191895 0.130615
2 0.539673 0.162231 0.151123 0.0883789 0.106201
1 0.0253906 0.878418 0.0373535 0.176758 0.0888672
2 0.0238495 0.388062 0.0246887 0.177979 0.0787354
3 0.0480347 0.452881 0.0777588 0.905762 0.0682373
2 0.0204773 0.813965 0.0203247 0.0507812 0.0317078
2 0.316406 0.0986023 0.142578 0.169983 0.0240784
3 0.0299683 0.269165 0.0482178 0.496826 0.0234985
2 0.426025 0.118744 0.29248 0.196106 0.0227661
3 0.0302734 0.5 0.0578613 1 0.0192871
6 0.978516 0.922852 0.0429688 0.109375 0.0178375
2 0.492065 0.140503 0.273682 0.154053 0.0171661
1 0.979492 0.135071 0.0390625 0.24353 0.0162354
2 0.024231 0.394287 0.0318604 0.272949 0.0124664
2 0.0283203 0.5 0.0507812 1 0.0119553
2 0.443115 0.184814 0.193848 0.0532227 0.0110397
2 0.565918 0.154419 0.101562 0.0761719 0.0103302
2 0.0263672 0.399048 0.0375977 0.729248 0.0102615
2 0.0253906 0.875977 0.0396729 0.175781 0.00827026
1 0.328857 0.0831909 0.0830078 0.150024 0.00792694
6 0.972656 0.858398 0.046875 0.234375 0.00778961
3 0.972412 0.878906 0.0532227 0.178711 0.00750351
2 0.321045 0.0578308 0.0717773 0.1026 0.00750351
2 0.0243225 0.357666 0.0216675 0.106445 0.00732803
3 0.0368652 0.852539 0.0494385 0.238281 0.00732422
13 0.328613 0.0847168 0.0771484 0.151367 0.00720596
2 0.356445 0.0872192 0.19043 0.174438 0.00671768
3 0.0283203 0.35498 0.0515137 0.709961 0.00655365
3 0.0214386 0.861328 0.0315857 0.149414 0.00640488
2 0.277344 0.085083 0.220703 0.168213 0.00624084
1 0.0189819 0.856445 0.0272217 0.15625 0.0060997
13 0.0284271 0.882568 0.0476379 0.191895 0.00599289
1 0.499023 0.167603 0.233398 0.0898438 0.005867
3 0.971924 0.823486 0.0463867 0.302246 0.0058136
6 0.0214386 0.861328 0.0315857 0.149414 0.00559998
3 0.0443878 0.341187 0.0672302 0.657471 0.00545883
3 0.976562 0.922852 0.046875 0.105469 0.00503922
6 0.973877 0.945068 0.050293 0.0727539 0.0050354
2 0.0252991 0.416565 0.0349731 0.453979 0.00460815
6 0.979248 0.11731 0.0415039 0.200439 0.00460434
2 0.515625 0.168427 0.208008 0.155334 0.0041008
6 0.0368652 0.852539 0.0494385 0.238281 0.00407791
6 0.973877 0.0495605 0.0483398 0.0822754 0.00377083
6 0.0269012 0.072525 0.0440979 0.119843 0.00362587
4 0.330811 0.0852966 0.0917969 0.148254 0.00362396
3 0.0448456 0.87207 0.0704651 0.185547 0.0033989
6 0.97583 0.895264 0.0483398 0.154785 0.00333595
2 0.0480347 0.452881 0.0777588 0.905762 0.00328064
3 0.0372314 0.470215 0.0744629 0.930664 0.00324059
2 0.0243988 0.4375 0.0221252 0.169922 0.00323105
2 0.418579 0.17981 0.102295 0.0734863 0.00315475
2 0.0245361 0.336304 0.02771 0.290283 0.00314331
4 0.0310059 0.881104 0.0478516 0.194824 0.0031147
2 0.0370483 0.868164 0.050415 0.201172 0.00311279
1 0.0370483 0.868164 0.050415 0.201172 0.00308037
2 0.315918 0.0416718 0.0581055 0.0812073 0.00307655
3 0.977295 0.904053 0.0415039 0.162598 0.0030365
7 0.0252075 0.878906 0.0412598 0.191406 0.00300598
2 0.481812 0.188904 0.253174 0.0670166 0.00299644
13 0.498413 0.166992 0.246338 0.101318 0.00269318
6 0.98291 0.940918 0.0341797 0.0654297 0.00257683
1 0.0299683 0.269165 0.0482178 0.496826 0.00251198
9 0.329102 0.0853577 0.0966797 0.146667 0.00250244
6 0.327393 0.0804138 0.078125 0.147766 0.00247574
2 0.441528 0.196533 0.143311 0.0605469 0.00247383
13 0.0196228 0.81543 0.020874 0.0527344 0.00243759
1 0.542358 0.160278 0.149658 0.0895996 0.00238419
6 0.0283203 0.0523529 0.0279541 0.0762024 0.00234032
1 0.976562 0.922852 0.046875 0.107422 0.00228882
6 0.0291138 0.0480957 0.0484619 0.0804443 0.00219154
3 0.0291443 0.824219 0.0352173 0.283203 0.00218964
2 0.0283203 0.322571 0.0302734 0.474976 0.0021534
2 0.0247498 0.442261 0.0241089 0.32251 0.00214958
2 0.0263672 0.327881 0.0177002 0.0927734 0.0021286
6 0.0356293 0.934082 0.0532532 0.0927734 0.00212288
1 0.0246887 0.835449 0.0353394 0.123047 0.00208664
14 0.329102 0.0853577 0.0966797 0.146667 0.00198174
2 0.977783 0.936523 0.0444336 0.0800781 0.00196266
3 0.0391235 0.56604 0.0490723 0.842529 0.00191784
1 0.426025 0.118744 0.29248 0.196106 0.00191116
3 0.980469 0.935547 0.0371094 0.0800781 0.0018568
4 0.968994 0.804688 0.0541992 0.367188 0.00184631
2 0.0263672 0.35498 0.0198975 0.154297 0.00181961
4 0.498413 0.166992 0.246338 0.101318 0.00177002
1 0.980469 0.0965576 0.0351562 0.161621 0.0017643
3 0.977783 0.863037 0.0366211 0.229004 0.00169277
2 0.987305 0.760254 0.0136719 0.0605469 0.00166035
2 0.0253906 0.90625 0.0352783 0.116211 0.00165367
2 0.308594 0.0643005 0.119141 0.124329 0.00162506
2 0.403076 0.0877991 0.252441 0.154968 0.0016222
3 0.329102 0.0853577 0.0966797 0.146667 0.00159264
1 0.0273438 0.933838 0.0336914 0.081543 0.00159168
6 0.0278625 0.103851 0.0415649 0.195129 0.00157928
2 0.497559 0.192078 0.286133 0.12561 0.00157452
14 0.02742 0.881104 0.0498962 0.183105 0.00153446
2 0.33374 0.0838928 0.0727539 0.0934448 0.00152779
1 0.0196228 0.81543 0.0202026 0.0527344 0.00152302
19 0.329102 0.0853577 0.0966797 0.146667 0.00149727
2 0.504028 0.166748 0.107178 0.081543 0.00149441
2 0.0218353 0.807129 0.025177 0.0722656 0.00149345
7 0.330811 0.0852966 0.0917969 0.148254 0.00146389
11 0.02742 0.881104 0.0498962 0.183105 0.00144196
6 0.0486603 0.487915 0.0916443 0.969482 0.00143051
15 0.329102 0.0853577 0.0966797 0.146667 0.00140667
2 0.366699 0.120941 0.187988 0.16925 0.00139999
2 0.0263672 0.273438 0.0472412 0.546875 0.00139904
3 0.0396118 0.795898 0.0585938 0.325195 0.00139236
6 0.962402 0.936523 0.0693359 0.103516 0.00139046
6 0.0290527 0.913086 0.0394287 0.119141 0.00138664
2 0.76709 0.54834 0.0332031 0.0722656 0.00133991
2 0.567383 0.164062 0.143555 0.106201 0.00133514
17 0.329102 0.0853577 0.0966797 0.146667 0.00133228
12 0.329102 0.0853577 0.0966797 0.146667 0.00133228
5 0.332275 0.0856934 0.0927734 0.148682 0.00131989
9 0.0278015 0.881348 0.0431519 0.192383 0.00131607
11 0.329102 0.0853577 0.0966797 0.146667 0.00131607
10 0.329102 0.0853577 0.0966797 0.146667 0.0013113
16 0.332275 0.0856934 0.0927734 0.148682 0.00131035
8 0.329102 0.0853577 0.0966797 0.146667 0.00130081
2 0.0362396 0.515015 0.0451965 0.841064 0.00128174
19 0.630859 0.802002 0.599609 0.395996 0.00126743
18 0.329102 0.0853577 0.0966797 0.146667 0.00124168
2 0.424194 0.156006 0.218018 0.122559 0.00123596
2 0.49646 0.162231 0.16626 0.0866699 0.00123024
1 0.0893555 0.958252 0.178711 0.0678711 0.00122261
2 0.0209351 0.845215 0.026123 0.12207 0.00120449
0 0.329102 0.0853577 0.0966797 0.146667 0.001194
2 0.0285034 0.0486908 0.03479 0.0759583 0.00117779
1 0.972656 0.858398 0.046875 0.234375 0.00117302
6 0.103394 0.99707 0.194092 0.00585938 0.00116634
1 0.419189 0.189209 0.102051 0.0388184 0.00116539
17 0.0252075 0.878906 0.0412598 0.191406 0.00115776
6 0.0474854 0.943848 0.0754395 0.0791016 0.00115681
16 0.02742 0.881104 0.0498962 0.183105 0.00113583
2 0.0273438 0.933838 0.0336914 0.081543 0.00110817
6 0.0386353 0.913818 0.0405273 0.109863 0.00110435
2 0.0247192 0.382812 0.0217285 0.0922852 0.00110149
2 0.03479 0.355347 0.0614014 0.662354 0.00109196
6 0.9646 0.910645 0.0668945 0.170898 0.00109005
6 0.499878 0.167114 0.238525 0.0883789 0.00107956
2 0.187988 0.808594 0.0285645 0.115234 0.00105572
6 0.0291443 0.824219 0.0352173 0.283203 0.00104523
10 0.0278015 0.881348 0.0431519 0.192383 0.00103664
3 0.972656 0.726074 0.046875 0.493164 0.00102615
9 0.498413 0.166992 0.246338 0.101318 0.00100327
