2 0.5625 0.753906 0.316406 0.106445 0.90332
2 0.652832 0.613281 0.0566406 0.157227 0.687988
2 0.664062 0.604492 0.0732422 0.186523 0.536133
6 0.0388031 0.135193 0.0549622 0.260864 0.233032
6 0.96875 0.107727 0.0449219 0.215454 0.0579224
6 0.967285 0.0822449 0.0537109 0.147522 0.052002
3 0.0496063 0.49939 0.092926 0.989502 0.036499
3 0.0437012 0.135742 0.0605469 0.271484 0.0346069
3 0.0443726 0.618652 0.0692139 0.725586 0.0242462
2 0.561035 0.709961 0.319336 0.18457 0.0213013
3 0.0328827 0.141541 0.0445862 0.250122 0.0209198
2 0.651367 0.60498 0.0507812 0.0947266 0.0208435
13 0.0325928 0.159119 0.043457 0.275513 0.0151291
3 0.955811 0.47998 0.0883789 0.919922 0.014946
2 0.280762 0.669434 0.0244141 0.0830078 0.0144424
3 0.972656 0.111816 0.0429688 0.215332 0.0138321
2 0.658691 0.638184 0.0566406 0.134766 0.0125885
2 0.559692 0.750488 0.18335 0.104492 0.0124512
3 0.968018 0.265381 0.0424805 0.509277 0.012352
2 0.567383 0.753906 0.327148 0.182617 0.0113831
3 0.95459 0.363281 0.0654297 0.726562 0.0107651
1 0.561523 0.751953 0.314453 0.109375 0.00953674
2 0.594727 0.739258 0.244141 0.09375 0.00907898
3 0.967041 0.0819397 0.050293 0.154968 0.00868988
13 0.0410614 0.125519 0.0594788 0.237244 0.00861359
2 0.625 0.670898 0.172852 0.140625 0.00757217
6 0.0273132 0.890625 0.0425415 0.183594 0.00578308
6 0.961914 0.0595245 0.0546875 0.110687 0.00556564
6 0.969727 0.17926 0.0410156 0.334839 0.00537491
3 0.0324707 0.821289 0.045166 0.333984 0.00527954
1 0.655273 0.609375 0.0615234 0.15918 0.00517273
13 0.967285 0.105682 0.0458984 0.204163 0.00481415
4 0.65332 0.608887 0.0585938 0.157227 0.00477982
3 0.0445099 0.37854 0.0655212 0.721436 0.00398254
1 0.0388031 0.135193 0.0549622 0.260864 0.00375748
6 0.0334473 0.127655 0.0397949 0.215393 0.00375175
2 0.286621 0.671387 0.0258789 0.0849609 0.00339317
2 0.0324707 0.232422 0.0324707 0.432617 0.00332642
2 0.0402832 0.343262 0.0496826 0.664062 0.00324249
13 0.562012 0.752441 0.31543 0.104492 0.00305176
4 0.562012 0.752441 0.31543 0.104492 0.00284386
6 0.975586 0.145264 0.0371094 0.254883 0.00283813
2 0.647461 0.581055 0.0527344 0.166992 0.0028019
3 0.0263062 0.897461 0.0391846 0.191406 0.00259972
1 0.0302887 0.823242 0.0414734 0.330078 0.00258827
4 0.0389404 0.135864 0.052124 0.269775 0.002388
2 0.0325928 0.159119 0.043457 0.275513 0.0023613
6 0.97998 0.0865479 0.0400391 0.173096 0.00234795
1 0.887695 0.95752 0.207031 0.0771484 0.0021286
2 0.567383 0.748535 0.109375 0.0947266 0.00206375
2 0.646484 0.611328 0.115234 0.211914 0.00201225
4 0.96875 0.107727 0.0449219 0.215454 0.00197411
13 0.654297 0.608887 0.0615234 0.158203 0.0019722
3 0.0414886 0.0908508 0.0525208 0.173279 0.00193977
2 0.626465 0.73291 0.173828 0.0712891 0.00193691
6 0.0367432 0.0874023 0.0601807 0.167725 0.00185394
6 0.0498047 0.11145 0.0627441 0.211182 0.00185013
4 0.968018 0.265381 0.0424805 0.509277 0.00183487
1 0.122192 0.960693 0.220947 0.0786133 0.0016489
2 0.884766 0.945068 0.210938 0.0981445 0.00161457
1 0.908936 0.944824 0.154785 0.0869141 0.0015707
3 0.0309448 0.911865 0.0501709 0.133301 0.00156784
1 0.968018 0.265381 0.0424805 0.509277 0.00148773
2 0.0444946 0.627075 0.0600586 0.693115 0.00145721
2 0.666992 0.599609 0.0722656 0.114258 0.00144291
6 0.0429688 0.0443573 0.0620117 0.0743713 0.00143623
2 0.661133 0.641113 0.0859375 0.179688 0.00141907
9 0.562012 0.752441 0.31543 0.104492 0.00141716
14 0.655273 0.609375 0.0615234 0.15918 0.00135803
2 0.666016 0.491211 0.124023 0.519531 0.00133133
3 0.964111 0.508911 0.0600586 0.9646 0.00131416
14 0.562012 0.752441 0.31543 0.104492 0.00130558
3 0.0449677 0.865234 0.0716858 0.230469 0.0012846
1 0.0260925 0.855957 0.0283813 0.194336 0.00128365
6 0.0327759 0.860352 0.045166 0.251953 0.00122738
1 0.5625 0.739258 0.333008 0.194336 0.00119305
2 0.500488 0.250732 0.0214844 0.059082 0.00118637
2 0.558105 0.652832 0.300781 0.295898 0.00118065
6 0.97168 0.0444336 0.046875 0.0871582 0.00117397
1 0.967285 0.105682 0.0458984 0.204163 0.0011549
2 0.416992 0.381592 0.0395508 0.0952148 0.00115299
9 0.655273 0.609375 0.0615234 0.15918 0.00112629
6 0.562012 0.752441 0.31543 0.104492 0.00112152
6 0.050354 0.0507812 0.0622559 0.101562 0.00107193
2 0.540039 0.0102539 0.0488281 0.0194092 0.00105667
3 0.0336304 0.768311 0.0637207 0.455566 0.00103855
2 0.967285 0.0822449 0.0537109 0.147522 0.00101757
19 0.562012 0.752441 0.31543 0.104492 0.0010128
