2 0.448975 0.773438 0.35498 0.105469 0.898438
6 0.978271 0.944092 0.043457 0.0805664 0.0634155
6 0.036377 0.0863647 0.0412598 0.16687 0.0633545
2 0.726074 0.0162048 0.0195312 0.0324097 0.0406494
3 0.0448151 0.358643 0.0695496 0.692871 0.0377502
1 0.0348053 0.938721 0.0509949 0.0834961 0.0364075
3 0.036377 0.0863647 0.0412598 0.16687 0.0353699
2 0.03302 0.943115 0.0471191 0.0766602 0.0343933
2 0.456299 0.777832 0.215332 0.09375 0.0213013
3 0.0437622 0.739746 0.067749 0.491211 0.0204773
3 0.0414276 0.831543 0.0743713 0.263672 0.0194092
3 0.0488739 0.498291 0.0914612 0.987793 0.0155792
2 0.820312 0.877441 0.0927734 0.0214844 0.0143509
1 0.455078 0.776367 0.359375 0.0947266 0.011879
6 0.980713 0.894043 0.0385742 0.188477 0.0110321
13 0.0306091 0.0969543 0.0346069 0.186951 0.010498
6 0.0369263 0.127441 0.0471191 0.248535 0.010025
6 0.0321045 0.944092 0.0529785 0.0727539 0.00934601
2 0.978271 0.944092 0.043457 0.0805664 0.0089798
2 0.442871 0.853027 0.0229492 0.0507812 0.00730896
1 0.976562 0.949219 0.046875 0.0742188 0.00712585
2 0.720703 0.256592 0.0283203 0.0620117 0.00683212
2 0.757812 0.877441 0.217773 0.0371094 0.00677109
2 0.455078 0.785156 0.354492 0.193359 0.00598145
3 0.0310516 0.131042 0.0421448 0.259399 0.00549698
2 0.0649414 0.0143433 0.0238037 0.0275879 0.00524902
1 0.0355225 0.884277 0.0581055 0.186523 0.00518417
2 0.726074 0.0170898 0.0341797 0.0341797 0.00498962
6 0.985352 0.936523 0.0292969 0.0878906 0.00496292
3 0.0344238 0.906738 0.0567627 0.186523 0.00495148
3 0.957275 0.71814 0.0717773 0.518799 0.00489807
3 0.980713 0.894043 0.0385742 0.188477 0.0047493
2 0.455811 0.800293 0.338379 0.0839844 0.0044899
1 0.0317993 0.142548 0.0397949 0.236389 0.00445175
6 0.0288239 0.11084 0.0319519 0.198975 0.00431061
6 0.97168 0.925293 0.046875 0.102539 0.00426483
6 0.960205 0.950195 0.0717773 0.0859375 0.0042038
2 0.687988 0.305908 0.0205078 0.0610352 0.00391006
6 0.0344238 0.906738 0.0567627 0.186523 0.00387001
3 0.979492 0.937256 0.0390625 0.0981445 0.00383186
6 0.0442963 0.0365601 0.0549622 0.0731201 0.00367355
2 0.983398 0.830078 0.0332031 0.326172 0.00365448
3 0.974609 0.92334 0.0507812 0.129883 0.00364494
3 0.032959 0.788574 0.0643311 0.370117 0.00364494
2 0.558594 0.0227661 0.0332031 0.0455322 0.00361443
3 0.0336304 0.634399 0.0672607 0.696045 0.003582
1 0.026886 0.901855 0.0422974 0.18457 0.00354576
3 0.0325928 0.414062 0.0651855 0.828125 0.00335121
13 0.452393 0.776855 0.347168 0.0986328 0.0030899
2 0.0320435 0.085907 0.034668 0.1651 0.00281906
6 0.0409088 0.835938 0.0683289 0.291016 0.00271988
6 0.979492 0.0440063 0.0351562 0.0717773 0.00264359
6 0.971436 0.94458 0.0551758 0.106934 0.00263023
19 0.674438 0.562988 0.522217 0.695312 0.00262642
3 0.0335999 0.874023 0.0671997 0.201172 0.00238228
3 0.0288239 0.11084 0.0319519 0.198975 0.0023632
3 0.0328979 0.27356 0.0488281 0.515381 0.00235558
3 0.0447998 0.116699 0.0606689 0.233398 0.0022831
8 0.674438 0.562988 0.522217 0.695312 0.00226784
1 0.0306091 0.0969543 0.0346069 0.186951 0.00224876
2 0.804199 0.875977 0.121094 0.0292969 0.00224113
13 0.981934 0.859863 0.0361328 0.264648 0.00221634
4 0.451538 0.776367 0.343018 0.100586 0.0021553
2 0.442383 0.854004 0.0498047 0.0517578 0.00213432
19 0.463379 0.541016 0.614258 0.588867 0.00212479
6 0.0335999 0.874023 0.0671997 0.201172 0.00204468
14 0.452393 0.776855 0.347168 0.0986328 0.00197601
3 0.0368652 0.947266 0.0567627 0.0878906 0.00190449
6 0.0464478 0.0715942 0.0605469 0.130005 0.00188541
3 0.953857 0.51001 0.0922852 0.972168 0.0018301
2 0.728516 0.0214844 0.0214844 0.0395508 0.00182819
13 0.986328 0.743164 0.0136719 0.0576172 0.00177574
13 0.979736 0.950195 0.0405273 0.0761719 0.00177383
2 0.97168 0.925293 0.046875 0.102539 0.00176716
9 0.452393 0.776855 0.347168 0.0986328 0.00176525
1 0.974609 0.92334 0.0507812 0.129883 0.0017643
2 0.06604 0.0149078 0.0383301 0.0298157 0.00173569
6 0.0437622 0.739746 0.067749 0.491211 0.001688
6 0.912109 0.94873 0.175781 0.0869141 0.00168514
2 0.717773 0.878906 0.15332 0.0302734 0.00168514
2 0.514648 0.803223 0.244141 0.0537109 0.00154305
3 0.969727 0.894531 0.0546875 0.15625 0.00149632
2 0.446533 0.745605 0.367676 0.120117 0.00149155
8 0.463379 0.541016 0.614258 0.588867 0.00148296
2 0.450439 0.727051 0.353027 0.213867 0.00147343
2 0.0383453 0.955811 0.0527039 0.0766602 0.00147343
2 0.773438 0.881836 0.202148 0.0244141 0.00145912
3 0.0302734 0.918457 0.055542 0.0849609 0.00145435
19 0.306641 0.540039 0.454102 0.595703 0.00144196
3 0.948242 0.640015 0.0664062 0.719971 0.0014143
6 0.925781 0.961182 0.140625 0.0717773 0.0014019
2 0.0289917 0.916748 0.0457764 0.143066 0.00139236
6 0.452393 0.776855 0.347168 0.0986328 0.00135899
13 0.0317993 0.142548 0.0397949 0.236389 0.00135231
19 0.578979 0.619751 0.449463 0.487061 0.00134087
19 0.452393 0.776855 0.347168 0.0986328 0.00131798
7 0.674438 0.562988 0.522217 0.695312 0.00131512
2 0.986328 0.743164 0.0136719 0.0566406 0.00127697
5 0.452393 0.776855 0.347168 0.0986328 0.0012579
3 0.967041 0.928711 0.0561523 0.0917969 0.00124454
19 0.693359 0.683594 0.427734 0.458984 0.00121498
6 0.947998 0.957031 0.0942383 0.0644531 0.00118256
13 0.0649414 0.0143433 0.0238037 0.0275879 0.00117016
19 0.444336 0.614258 0.438477 0.454102 0.00115776
17 0.452393 0.776855 0.347168 0.0986328 0.0011549
4 0.390198 0.580444 0.477417 0.532471 0.00115395
12 0.674438 0.562988 0.522217 0.695312 0.00115204
7 0.452393 0.776855 0.347168 0.0986328 0.00114536
4 0.668945 0.509277 0.499023 0.74707 0.0011301
1 0.974365 0.939453 0.0336914 0.0996094 0.00112629
3 0.971924 0.939209 0.0405273 0.0805664 0.00111389
3 0.970703 0.950195 0.0566406 0.0761719 0.00108624
11 0.452393 0.776855 0.347168 0.0986328 0.00108433
12 0.452393 0.776855 0.347168 0.0986328 0.00108433
10 0.452393 0.776855 0.347168 0.0986328 0.00108433
13 0.0385895 0.0921936 0.0561218 0.177429 0.00108147
3 0.0521698 0.636841 0.0743713 0.726318 0.00107002
6 0.982666 0.924072 0.034668 0.11084 0.00107002
15 0.452393 0.776855 0.347168 0.0986328 0.00106812
2 0.0385895 0.0921936 0.0561218 0.177429 0.00106716
2 0.0283203 0.924316 0.0531006 0.0810547 0.0010519
16 0.452393 0.776855 0.347168 0.0986328 0.00105095
6 0.03302 0.0557556 0.052002 0.0964966 0.00104904
8 0.452393 0.776855 0.347168 0.0986328 0.00104237
1 0.0547943 0.948486 0.092804 0.0776367 0.00103664
18 0.452393 0.776855 0.347168 0.0986328 0.00103474
16 0.674438 0.562988 0.522217 0.695312 0.00101948
17 0.674438 0.562988 0.522217 0.695312 0.00101948
9 0.674438 0.562988 0.522217 0.695312 0.00100231
