14 0.714844 0.546387 0.0859375 0.107422 0.748535
2 0.713379 0.535156 0.0800781 0.0791016 0.216919
2 0.0251312 0.333984 0.0232239 0.0898438 0.11261
2 0.0266266 0.394409 0.0270691 0.22583 0.0327454
1 0.397583 0.052002 0.765381 0.0684814 0.0256348
13 0.710938 0.541016 0.0703125 0.0839844 0.0133591
3 0.0476074 0.657104 0.0722656 0.638916 0.0132599
3 0.0454712 0.509033 0.0909424 0.978027 0.0108948
2 0.0263214 0.459717 0.0220642 0.104004 0.0102158
14 0.712891 0.52832 0.0664062 0.0810547 0.00997925
3 0.0456543 0.743164 0.0595703 0.455078 0.00978851
2 0.974365 0.911865 0.027832 0.150879 0.00973511
2 0.0263672 0.362305 0.0228271 0.140625 0.0096283
4 0.714844 0.54541 0.0859375 0.109375 0.00959015
2 0.228027 0.969727 0.0400391 0.0390625 0.00950623
3 0.969482 0.113647 0.0473633 0.197021 0.00919342
9 0.71582 0.539062 0.078125 0.0927734 0.00762177
2 0.0283051 0.479126 0.0210266 0.0769043 0.00525284
2 0.026123 0.315674 0.0194092 0.0649414 0.00509644
1 0.71582 0.541504 0.0751953 0.0957031 0.00490189
1 0.477661 0.0432129 0.534912 0.0480957 0.00454712
6 0.969482 0.113647 0.0473633 0.197021 0.00412369
3 0.956299 0.367676 0.0561523 0.735352 0.00387573
13 0.0261688 0.335449 0.0226135 0.0908203 0.00383568
3 0.0244141 0.918945 0.0473633 0.126953 0.00320816
2 0.027771 0.347168 0.0330811 0.10498 0.00306702
8 0.714844 0.541016 0.0761719 0.0878906 0.00296211
2 0.975586 0.865723 0.0253906 0.196289 0.00278473
4 0.466309 0.609253 0.479492 0.664307 0.00269508
1 0.603516 0.0403442 0.299805 0.0374756 0.00263405
7 0.714844 0.540527 0.0742188 0.0820312 0.00259209
1 0.969482 0.12265 0.043457 0.238586 0.00243568
2 0.940918 0.490723 0.046875 0.0224609 0.00234222
19 0.71582 0.539062 0.078125 0.0927734 0.00221634
16 0.714844 0.540527 0.0742188 0.0820312 0.00219345
13 0.717285 0.544434 0.0908203 0.108398 0.00218773
17 0.714844 0.541016 0.0761719 0.0878906 0.00209808
0 0.714844 0.541016 0.0761719 0.0878906 0.00196457
6 0.71582 0.539062 0.078125 0.0927734 0.00194931
3 0.0273438 0.859619 0.050293 0.253418 0.0019455
3 0.0485687 0.348999 0.0759583 0.657471 0.00192833
12 0.714844 0.541016 0.0761719 0.0878906 0.00191975
11 0.714844 0.541016 0.0761719 0.0878906 0.00191212
1 0.812988 0.876953 0.0751953 0.0986328 0.00190639
2 0.973389 0.890137 0.0219727 0.134766 0.00190639
3 0.962646 0.27124 0.0493164 0.515137 0.00181293
10 0.714844 0.540527 0.0742188 0.0820312 0.00180721
5 0.714844 0.541016 0.0761719 0.0878906 0.00180435
18 0.714844 0.541016 0.0761719 0.0878906 0.00173569
15 0.714844 0.540527 0.0742188 0.0820312 0.001647
1 0.529541 0.0439911 0.890137 0.0555725 0.00162315
3 0.0433807 0.863525 0.0690002 0.245605 0.00161362
3 0.026825 0.0764008 0.0496216 0.11673 0.00153255
3 0.714844 0.541016 0.0761719 0.0878906 0.00145721
2 0.0219116 0.322998 0.0183105 0.0766602 0.00145626
14 0.71582 0.550781 0.106445 0.162109 0.0013895
6 0.0268555 0.914062 0.0458984 0.169922 0.00124836
2 0.0257568 0.361816 0.0209961 0.0771484 0.0012331
3 0.0332031 0.814209 0.0543213 0.352051 0.00121021
6 0.0283813 0.952881 0.0341797 0.0727539 0.0011673
19 0.5625 0.691895 0.374023 0.520508 0.00112152
2 0.977539 0.828369 0.0273438 0.312012 0.00111866
19 0.466309 0.609253 0.479492 0.664307 0.00103474
