2 0.621582 0.380981 0.167969 0.216553 0.829102
2 0.0246124 0.727051 0.0258484 0.0966797 0.626953
6 0.0314331 0.101654 0.0505371 0.187805 0.14978
2 0.0292969 0.73584 0.0223389 0.0966797 0.146606
6 0.0270691 0.923828 0.0488892 0.125 0.139771
2 0.0228577 0.703125 0.0244751 0.124023 0.09552
1 0.0292969 0.933838 0.0479736 0.0874023 0.0638428
2 0.18335 0.0136108 0.0270996 0.0270996 0.046051
2 0.638672 0.378906 0.236328 0.259766 0.0299377
6 0.03479 0.940186 0.0563965 0.0883789 0.0281525
1 0.0312042 0.100128 0.0462341 0.179138 0.0279236
1 0.0236206 0.905762 0.036499 0.182617 0.0237732
2 0.0351562 0.730469 0.02771 0.0878906 0.0234375
6 0.0360107 0.917236 0.0611572 0.165527 0.0208893
6 0.046875 0.936035 0.0787354 0.120117 0.0190735
3 0.03479 0.0914612 0.052002 0.17157 0.0170898
1 0.620605 0.374146 0.166992 0.231201 0.012291
1 0.980225 0.12384 0.0375977 0.217163 0.0121536
3 0.0305786 0.923584 0.0501709 0.123535 0.0115738
6 0.0717163 0.94751 0.135376 0.0893555 0.0115662
2 0.0298462 0.825195 0.0366211 0.326172 0.0114594
3 0.0372314 0.834473 0.05896 0.313477 0.0113068
2 0.60791 0.409058 0.243164 0.35376 0.0104828
2 0.0245361 0.765625 0.0247803 0.171875 0.0103989
3 0.0349731 0.878662 0.0684814 0.189941 0.0103912
2 0.182129 0.0186768 0.032959 0.0373535 0.0100174
2 0.0292969 0.933838 0.0479736 0.0874023 0.00932312
3 0.950684 0.499146 0.0986328 0.968506 0.0091095
2 0.0366821 0.120911 0.0587158 0.208374 0.0088501
2 0.0263672 0.685059 0.026123 0.176758 0.00878143
6 0.0422974 0.123352 0.0727539 0.209351 0.00841522
2 0.0263519 0.741211 0.0342102 0.112305 0.00822449
2 0.0273438 0.708984 0.0230713 0.0976562 0.00807953
2 0.0292969 0.71582 0.0375977 0.101562 0.00772476
1 0.045105 0.115692 0.0765381 0.191467 0.00738907
13 0.0245209 0.746582 0.0254211 0.128906 0.00705719
6 0.976318 0.895752 0.043457 0.200684 0.00687027
13 0.0283813 0.825195 0.0388184 0.322266 0.00622177
2 0.0302734 0.761719 0.0216064 0.154297 0.00597
3 0.0360107 0.917236 0.0611572 0.165527 0.00577164
6 0.0549164 0.951416 0.0901184 0.0756836 0.0053978
13 0.618652 0.379395 0.165039 0.207031 0.00533676
4 0.618652 0.379395 0.165039 0.207031 0.00527573
3 0.964844 0.333984 0.0664062 0.667969 0.00522614
3 0.970459 0.894043 0.0571289 0.172852 0.00511169
1 0.100098 0.954102 0.181885 0.0917969 0.00507355
1 0.0363159 0.887451 0.0651855 0.191895 0.00505829
1 0.0543976 0.938965 0.103363 0.100586 0.00435638
6 0.0380859 0.0542755 0.0577393 0.0931091 0.00422287
3 0.0293579 0.166504 0.0488281 0.329102 0.00419998
3 0.946289 0.425293 0.0683594 0.850586 0.00418472
2 0.0333862 0.19812 0.0511475 0.367432 0.00389481
6 0.975342 0.945801 0.0454102 0.0771484 0.00377655
13 0.0283203 0.726562 0.0249023 0.09375 0.00353813
6 0.0273285 0.931152 0.0359192 0.0966797 0.00322151
19 0.458008 0.546265 0.723633 0.809814 0.00311661
14 0.618652 0.379395 0.165039 0.207031 0.00307465
2 0.0311737 0.0897217 0.0455627 0.160645 0.00298309
9 0.621094 0.380493 0.169922 0.204834 0.00290489
3 0.0429688 0.124237 0.072998 0.210022 0.00284958
2 0.0211945 0.668945 0.0226746 0.188477 0.00280952
6 0.0989075 0.967285 0.190369 0.0654297 0.00279236
3 0.0491943 0.943848 0.0870361 0.0927734 0.00277328
2 0.0250244 0.74707 0.0229492 0.0878906 0.00265884
13 0.0312042 0.100128 0.0462341 0.179138 0.0026474
2 0.0463257 0.325928 0.0540771 0.618652 0.00259209
3 0.0206604 0.914307 0.0366821 0.155762 0.00247955
1 0.96875 0.949707 0.0488281 0.0888672 0.00229836
6 0.625977 0.377197 0.182617 0.22998 0.00227928
6 0.0269165 0.857666 0.0435791 0.280762 0.00227928
13 0.0240173 0.715332 0.0255737 0.101562 0.00220108
13 0.0292969 0.933838 0.0479736 0.0874023 0.00217628
3 0.0244141 0.830078 0.0378418 0.300781 0.00216675
3 0.0302887 0.938477 0.0400085 0.0839844 0.00216484
6 0.0652771 0.923828 0.114075 0.152344 0.00216103
2 0.819336 0.345459 0.0185547 0.0527344 0.00214767
2 0.602051 0.360107 0.115234 0.184082 0.0021286
2 0.618164 0.375488 0.109375 0.137207 0.00205231
4 0.0313721 0.101044 0.0461426 0.190002 0.00200272
1 0.0359039 0.929199 0.0688171 0.104492 0.00199127
1 0.0224457 0.92334 0.0329895 0.104492 0.00197411
13 0.0422974 0.123352 0.0727539 0.209351 0.00195694
2 0.0227661 0.887939 0.0303955 0.200684 0.00190353
6 0.0236206 0.905762 0.036499 0.182617 0.00183964
1 0.945801 0.958984 0.0908203 0.0722656 0.00180435
7 0.618652 0.379395 0.165039 0.207031 0.00177574
19 0.618164 0.377686 0.171875 0.220215 0.00170517
6 0.0372314 0.834473 0.05896 0.313477 0.00168324
5 0.621094 0.380493 0.169922 0.204834 0.00161266
1 0.0292969 0.727051 0.0257568 0.0966797 0.00157642
15 0.621094 0.380493 0.169922 0.204834 0.00156975
16 0.621094 0.380493 0.169922 0.204834 0.00152683
18 0.618652 0.379395 0.165039 0.207031 0.00152493
2 0.026001 0.918213 0.0415039 0.157715 0.00152302
10 0.621094 0.380493 0.169922 0.204834 0.00151539
2 0.0501709 0.161835 0.0695801 0.185608 0.00150585
17 0.621094 0.380493 0.169922 0.204834 0.00150299
2 0.0359039 0.929199 0.0688171 0.104492 0.00149822
1 0.969727 0.9104 0.0527344 0.144043 0.00149727
12 0.621094 0.380493 0.169922 0.204834 0.00149727
8 0.618652 0.379395 0.165039 0.207031 0.0014782
11 0.612305 0.377075 0.199219 0.241943 0.00146961
1 0.975342 0.0949707 0.043457 0.139404 0.0014267
3 0.038208 0.948242 0.0571289 0.078125 0.00142002
1 0.182861 0.0163574 0.0307617 0.0327148 0.00141144
6 0.966064 0.953125 0.0522461 0.0820312 0.00140667
2 0.578613 0.386963 0.189453 0.228027 0.00140572
6 0.916016 0.0222168 0.150391 0.0397949 0.00138664
0 0.621094 0.380493 0.169922 0.204834 0.00138474
6 0.981445 0.945801 0.0351562 0.0556641 0.00137901
2 0.970703 0.955566 0.0449219 0.0712891 0.00137901
2 0.708984 0.981201 0.234375 0.027832 0.00137806
2 0.192871 0.0140839 0.0480957 0.0281677 0.00137711
3 0.621094 0.380493 0.169922 0.204834 0.00137424
3 0.975586 0.914062 0.0429688 0.148438 0.00134087
19 0.373718 0.565918 0.448853 0.635742 0.00132656
2 0.580566 0.36792 0.103516 0.219238 0.00128269
13 0.026001 0.918213 0.0415039 0.157715 0.00125027
4 0.0305786 0.923584 0.0501709 0.123535 0.00121117
6 0.0289001 0.0689545 0.0542603 0.11795 0.00120926
1 0.123535 0.965088 0.24707 0.0698242 0.00119305
2 0.0969238 0.948486 0.193848 0.0913086 0.0011816
1 0.043457 0.0503082 0.0638428 0.0895691 0.00117493
2 0.0317535 0.757812 0.0198669 0.0996094 0.00115967
6 0.97876 0.113922 0.0405273 0.161804 0.00113583
1 0.956055 0.944824 0.0742188 0.0966797 0.00113297
2 0.0273438 0.751953 0.0422363 0.155273 0.0011158
4 0.0333862 0.19812 0.0511475 0.367432 0.00111389
2 0.0484467 0.174316 0.0683899 0.0996094 0.00110626
1 0.0293579 0.166504 0.0488281 0.329102 0.00109863
2 0.678711 0.303955 0.28125 0.425293 0.00109768
19 0.684326 0.565063 0.604004 0.684326 0.00108051
4 0.382935 0.495117 0.605225 0.830078 0.00107479
2 0.0273438 0.646484 0.0301514 0.234375 0.00104046
