2 0.442139 0.691895 0.284668 0.483398 0.838379
6 0.974609 0.93042 0.0449219 0.11377 0.0786133
6 0.0388641 0.946533 0.0660706 0.0756836 0.0463562
1 0.0273438 0.11499 0.03479 0.206055 0.0450134
4 0.440674 0.693359 0.289551 0.493164 0.042572
1 0.0377808 0.939209 0.0648193 0.0922852 0.0320435
6 0.976318 0.902588 0.043457 0.179199 0.0274048
6 0.0685425 0.94873 0.127075 0.0830078 0.0257416
6 0.0316772 0.143738 0.0357666 0.244751 0.0249481
6 0.0295715 0.927246 0.0570679 0.106445 0.022522
6 0.0505219 0.945557 0.0847473 0.0991211 0.0201263
2 0.494629 0.65332 0.211914 0.427734 0.015358
2 0.67041 0.0128632 0.0253906 0.0257263 0.0151367
1 0.439453 0.694946 0.288086 0.502686 0.0136871
6 0.969727 0.949951 0.0488281 0.0786133 0.0132675
6 0.111572 0.950684 0.203369 0.0986328 0.0124512
1 0.122498 0.952881 0.220825 0.090332 0.0120087
13 0.0316772 0.143738 0.0357666 0.244751 0.0115128
6 0.0405273 0.916504 0.0693359 0.166992 0.0110168
1 0.0273438 0.936523 0.0300293 0.0566406 0.00975037
1 0.164429 0.960205 0.328857 0.0795898 0.00895691
1 0.067627 0.938232 0.128662 0.100098 0.00888824
6 0.915283 0.950928 0.161621 0.0844727 0.00879669
2 0.0316772 0.15918 0.0372314 0.29834 0.00727844
2 0.660156 0.0127563 0.0361328 0.0255127 0.0067482
6 0.102905 0.965576 0.205811 0.0688477 0.00667572
2 0.972412 0.941406 0.0493164 0.0839844 0.00660706
3 0.0331421 0.118683 0.0454102 0.22406 0.00658417
6 0.949707 0.945801 0.0830078 0.0986328 0.0061264
3 0.953125 0.334473 0.0605469 0.668945 0.0058136
6 0.979248 0.943848 0.0395508 0.0791016 0.0055275
1 0.96875 0.133301 0.0429688 0.25293 0.00508881
6 0.442871 0.689941 0.270508 0.49707 0.00507355
1 0.100861 0.963867 0.174744 0.0722656 0.00493622
2 0.636719 0.275879 0.0332031 0.174805 0.00489044
1 0.914551 0.94458 0.147461 0.108887 0.00476074
13 0.438477 0.687012 0.295898 0.496094 0.00463104
3 0.9646 0.277222 0.0551758 0.533447 0.00457764
19 0.439453 0.694946 0.288086 0.502686 0.00456619
6 0.0294495 0.897949 0.0514526 0.174805 0.00434494
1 0.969971 0.949707 0.0483398 0.0791016 0.00430679
1 0.0522766 0.951416 0.0966187 0.0776367 0.00411224
1 0.0338745 0.919922 0.0615234 0.144531 0.00403595
6 0.0390625 0.869629 0.0610352 0.24707 0.00398254
6 0.10141 0.919434 0.173157 0.161133 0.00392914
3 0.94043 0.496338 0.103516 0.960449 0.00383377
3 0.974609 0.929932 0.0410156 0.118652 0.00379372
1 0.0334473 0.151733 0.0339355 0.25708 0.00359154
9 0.438477 0.687012 0.295898 0.496094 0.00348854
18 0.438477 0.687012 0.295898 0.496094 0.00342369
6 0.167175 0.956055 0.312134 0.0878906 0.00333023
14 0.442871 0.689941 0.270508 0.49707 0.00328827
11 0.438477 0.687012 0.295898 0.496094 0.00322914
16 0.442871 0.689941 0.270508 0.49707 0.00317383
1 0.0784302 0.955811 0.135132 0.0825195 0.00314903
17 0.438477 0.687012 0.295898 0.496094 0.0030365
7 0.438477 0.687012 0.295898 0.496094 0.00294304
1 0.0671387 0.88623 0.129395 0.206055 0.00294113
8 0.442871 0.689941 0.270508 0.49707 0.00283813
15 0.442871 0.689941 0.270508 0.49707 0.00283813
3 0.438477 0.687012 0.295898 0.496094 0.00278664
0 0.438477 0.687012 0.295898 0.496094 0.00270081
10 0.442871 0.689941 0.270508 0.49707 0.00268745
5 0.442871 0.689941 0.270508 0.49707 0.00261497
6 0.93042 0.936035 0.119629 0.110352 0.00255394
2 0.0263824 0.931152 0.0343933 0.0654297 0.00251198
12 0.442871 0.689941 0.270508 0.49707 0.00240135
3 0.0390625 0.946777 0.0664062 0.0791016 0.00233078
2 0.506348 0.601562 0.137695 0.269531 0.00226593
1 0.10141 0.919434 0.173157 0.161133 0.00223923
6 0.957275 0.922607 0.0717773 0.129395 0.00206566
6 0.0317993 0.100067 0.0371094 0.139709 0.00205612
4 0.302246 0.52002 0.504883 0.694336 0.00204468
2 0.0377808 0.267456 0.0428467 0.506104 0.00203514
6 0.0198212 0.913574 0.0360413 0.145508 0.00203514
2 0.0325928 0.943115 0.0537109 0.074707 0.0020256
2 0.66748 0.0184326 0.0244141 0.0368652 0.00195694
1 0.974609 0.927246 0.0488281 0.116211 0.00191784
3 0.0400391 0.869385 0.067749 0.239746 0.00187683
19 0.306641 0.520142 0.479492 0.651123 0.00185299
1 0.0361786 0.0872192 0.0484924 0.165405 0.00184917
2 0.535156 0.693359 0.453125 0.483398 0.00183105
2 0.101685 0.95874 0.203369 0.0825195 0.00174618
1 0.892334 0.960205 0.197754 0.0795898 0.00170803
2 0.780762 0.223877 0.0488281 0.171387 0.00167656
1 0.0393677 0.883301 0.0682373 0.204102 0.00162411
6 0.97168 0.0516357 0.0390625 0.102295 0.0015564
6 0.960205 0.958008 0.065918 0.0820312 0.00152969
3 0.0294495 0.927002 0.0512085 0.106934 0.00152588
3 0.973389 0.897461 0.0512695 0.179688 0.00152493
2 0.426025 0.611206 0.35791 0.531494 0.00152302
13 0.027771 0.143311 0.0316162 0.181641 0.00150299
6 0.0354004 0.0933838 0.0474854 0.183105 0.00142097
3 0.0505219 0.945557 0.0847473 0.0991211 0.00136185
2 0.513062 0.556152 0.174072 0.390625 0.00135994
3 0.0334473 0.151733 0.0339355 0.25708 0.00134754
1 0.856445 0.94873 0.287109 0.0986328 0.00134182
6 0.880127 0.954102 0.222168 0.0917969 0.0012579
3 0.944092 0.451904 0.0629883 0.903809 0.00125217
6 0.891602 0.925293 0.191406 0.149414 0.00118065
1 0.162964 0.941895 0.276123 0.116211 0.00117874
8 0.300354 0.488281 0.488159 0.895508 0.00117683
6 0.935059 0.915283 0.102539 0.169434 0.00117683
6 0.137024 0.941895 0.251343 0.116211 0.00112057
13 0.97168 0.946289 0.0488281 0.0839844 0.0011034
2 0.0273438 0.132019 0.0332031 0.209595 0.001091
1 0.030426 0.100098 0.02948 0.141602 0.00107574
2 0.683594 0.0123901 0.0380859 0.0237427 0.00106716
1 0.958984 0.940918 0.0625 0.102539 0.00106144
2 0.629883 0.259216 0.0371094 0.21106 0.00105572
1 0.0283203 0.924805 0.0418701 0.0751953 0.0010519
13 0.0388641 0.946533 0.0660706 0.0756836 0.00105095
6 0.0288086 0.958984 0.0527344 0.0703125 0.00103855
6 0.0203552 0.929443 0.0365601 0.0883789 0.00103092
3 0.967529 0.909668 0.0571289 0.124023 0.00102806
19 0.38739 0.452759 0.407837 0.647217 0.00101471
