2 0.55957 0.355835 0.248047 0.327393 0.699707
2 0.982422 0.412476 0.0253906 0.130127 0.553223
2 0.580078 0.366211 0.155273 0.280273 0.226562
2 0.983398 0.343445 0.0253906 0.260376 0.149536
6 0.0356598 0.0747681 0.0487976 0.149536 0.122437
2 0.984375 0.256592 0.0175781 0.081543 0.109192
6 0.0261536 0.927002 0.046814 0.103027 0.0577393
13 0.984375 0.256592 0.0175781 0.081543 0.0420227
6 0.0338745 0.937256 0.0490723 0.0864258 0.0285492
2 0.986328 0.29248 0.0214844 0.15332 0.0267792
1 0.981934 0.086853 0.0361328 0.109009 0.0239105
2 0.505737 0.355469 0.269775 0.363281 0.023468
3 0.0383453 0.0812988 0.056366 0.162598 0.0210266
2 0.987305 0.875977 0.0195312 0.0820312 0.0145798
1 0.552734 0.356995 0.257812 0.350464 0.0116043
4 0.55603 0.35791 0.247314 0.345703 0.0100555
6 0.0367889 0.0472412 0.0572815 0.0827637 0.00849915
6 0.0542145 0.942139 0.084198 0.0864258 0.00828552
6 0.0731812 0.947266 0.130493 0.0820312 0.00754929
3 0.0310059 0.927734 0.0473633 0.0957031 0.00647736
2 0.975342 0.414062 0.027832 0.129883 0.0062561
6 0.0333252 0.135101 0.0471191 0.238586 0.00613785
6 0.554321 0.354919 0.250732 0.338989 0.00595856
6 0.982178 0.0908813 0.0356445 0.123169 0.00582886
13 0.554321 0.354919 0.250732 0.338989 0.00573349
2 0.492188 0.289246 0.398438 0.47522 0.00561905
6 0.0209351 0.911377 0.0369873 0.144043 0.00522995
2 0.985352 0.256287 0.0292969 0.0909424 0.00503159
6 0.0450439 0.0532227 0.0715332 0.106445 0.00498962
6 0.0312195 0.900635 0.0534058 0.153809 0.00495529
13 0.0299377 0.0947266 0.0454712 0.189453 0.00485611
2 0.976562 0.354126 0.0234375 0.247803 0.00473404
1 0.981201 0.12146 0.0356445 0.186768 0.00444031
6 0.0310669 0.0914307 0.032959 0.141602 0.00438309
19 0.554321 0.354919 0.250732 0.338989 0.00437164
11 0.554321 0.354919 0.250732 0.338989 0.00386429
2 0.981445 0.354248 0.0175781 0.219727 0.00384903
14 0.554321 0.354919 0.250732 0.338989 0.00380707
3 0.0274658 0.91626 0.0405273 0.145996 0.00373268
2 0.985352 0.435303 0.0214844 0.111816 0.00372887
16 0.554321 0.354919 0.250732 0.338989 0.00370216
3 0.036499 0.0525055 0.0560303 0.104706 0.00366402
2 0.978516 0.391357 0.0234375 0.141113 0.00363731
9 0.554321 0.354919 0.250732 0.338989 0.00360298
1 0.115601 0.952637 0.220459 0.0947266 0.00348473
2 0.0392456 0.580566 0.0435791 0.645508 0.00346756
18 0.55603 0.35791 0.247314 0.345703 0.00341988
3 0.0332642 0.147766 0.0450439 0.259155 0.00340271
17 0.554321 0.354919 0.250732 0.338989 0.00336075
6 0.978516 0.914795 0.0429688 0.135254 0.00330353
13 0.0357056 0.066925 0.0544434 0.131287 0.00327492
3 0.969971 0.722168 0.0541992 0.510742 0.0032177
2 0.986328 0.280518 0.015625 0.111816 0.00318146
3 0.554321 0.354919 0.250732 0.338989 0.00315857
8 0.554321 0.354919 0.250732 0.338989 0.00310898
2 0.982422 0.242432 0.0234375 0.106934 0.00307465
7 0.554321 0.354919 0.250732 0.338989 0.00303841
15 0.554321 0.354919 0.250732 0.338989 0.00299072
6 0.0283203 0.109283 0.0352783 0.206726 0.00291443
10 0.554321 0.354919 0.250732 0.338989 0.00286674
5 0.554321 0.354919 0.250732 0.338989 0.0028553
6 0.0325928 0.0677032 0.0407715 0.0892029 0.00282288
0 0.554321 0.354919 0.250732 0.338989 0.0028019
2 0.367676 0.311096 0.5625 0.44812 0.00272369
2 0.978516 0.275146 0.0273438 0.477051 0.00268364
12 0.554321 0.354919 0.250732 0.338989 0.00268364
2 0.0350342 0.074646 0.057251 0.142212 0.00266266
2 0.984375 0.190369 0.0273438 0.287231 0.00263596
2 0.5177 0.314026 0.179443 0.317261 0.0026207
6 0.0379639 0.925293 0.0615234 0.141602 0.0025177
6 0.974365 0.936523 0.0473633 0.0917969 0.00236893
2 0.528809 0.27594 0.234375 0.442261 0.0022831
6 0.980957 0.120483 0.0380859 0.19458 0.00227547
3 0.0283203 0.109283 0.0352783 0.206726 0.00213623
2 0.0257874 0.925781 0.0484009 0.0976562 0.00212669
2 0.984375 0.830322 0.0292969 0.288574 0.00204468
2 0.033493 0.9375 0.0570374 0.0800781 0.00201607
6 0.0404816 0.924561 0.0506287 0.0942383 0.00201035
2 0.0939941 0.956299 0.187988 0.0756836 0.00199509
4 0.0330811 0.0749512 0.0489502 0.149902 0.0019474
6 0.0323486 0.918701 0.0321045 0.102051 0.00190353
1 0.0282898 0.935303 0.0354614 0.0844727 0.00188255
19 0.68335 0.559082 0.586426 0.689453 0.00184536
2 0.983154 0.88208 0.0336914 0.202637 0.00178528
2 0.54541 0.419312 0.333008 0.552002 0.00173092
3 0.0494385 0.937012 0.0805664 0.0947266 0.00172806
3 0.979004 0.917725 0.0419922 0.148926 0.00166035
3 0.0392456 0.580566 0.0435791 0.645508 0.00165653
2 0.610352 0.344666 0.198242 0.345825 0.00162411
13 0.982422 0.411133 0.0253906 0.126953 0.00160027
6 0.0338745 0.830078 0.0386963 0.314453 0.00156498
19 0.440063 0.554565 0.530029 0.677979 0.00155163
13 0.983154 0.101288 0.0336914 0.13385 0.00154209
3 0.969727 0.381714 0.0605469 0.734619 0.00152302
2 0.0331421 0.773438 0.032959 0.283203 0.00146961
6 0.962158 0.951416 0.0717773 0.0717773 0.00145245
2 0.985352 0.294434 0.0292969 0.181641 0.00144672
1 0.0360107 0.0744934 0.0548096 0.146912 0.00142574
13 0.0311279 0.927734 0.0518799 0.09375 0.00140667
3 0.968262 0.544556 0.0595703 0.910889 0.00138187
6 0.115601 0.952637 0.220459 0.0947266 0.00137901
19 0.322449 0.498413 0.498657 0.544189 0.00133133
2 0.0355225 0.728271 0.0358887 0.512207 0.00131798
19 0.753174 0.437012 0.45459 0.601562 0.0012722
1 0.0311279 0.927734 0.0518799 0.09375 0.00124359
6 0.0349121 0.0988159 0.059082 0.197632 0.00119972
19 0.745117 0.315369 0.421875 0.482544 0.0011673
13 0.986328 0.29248 0.0214844 0.15332 0.00116444
3 0.0436401 0.536499 0.0622559 0.800049 0.00113201
2 0.61084 0.415894 0.118164 0.205322 0.00111961
8 0.324951 0.493652 0.541504 0.55957 0.00107861
2 0.507812 0.276917 0.126953 0.151245 0.00101662
19 0.569336 0.623657 0.6875 0.670654 0.00100708
6 0.0203857 0.937744 0.0322266 0.0795898 0.00100422
