2 0.394043 0.18158 0.0498047 0.209106 0.785645
2 0.688965 0.196014 0.0263672 0.228088 0.54541
2 0.0224304 0.603027 0.0222778 0.0644531 0.177246
2 0.681152 0.113739 0.0214844 0.0559692 0.11676
6 0.0340576 0.918701 0.0612793 0.13916 0.104126
3 0.956543 0.331177 0.0615234 0.611084 0.0922241
6 0.03125 0.940186 0.045166 0.074707 0.0562439
6 0.0388641 0.944092 0.0638733 0.090332 0.0516663
2 0.678711 0.193573 0.0332031 0.231018 0.0474243
3 0.94458 0.409424 0.065918 0.818848 0.045929
2 0.783691 0.0166626 0.0244141 0.0333252 0.0455933
2 0.681641 0.12146 0.0273438 0.0749512 0.0421448
13 0.0224304 0.603027 0.0222778 0.0644531 0.0414429
6 0.0840454 0.947266 0.16394 0.09375 0.0396729
1 0.0373993 0.934326 0.0631409 0.117676 0.0395508
2 0.0322266 0.941895 0.0456543 0.0791016 0.0318604
1 0.03125 0.940186 0.045166 0.074707 0.0290833
3 0.969482 0.304932 0.0571289 0.601074 0.0289917
6 0.028595 0.104156 0.0460815 0.183289 0.0266724
2 0.0246277 0.617676 0.0253296 0.0869141 0.0211334
3 0.039856 0.356445 0.0471191 0.668945 0.0192566
1 0.0986328 0.947998 0.188477 0.0922852 0.0184174
6 0.041214 0.88208 0.0696716 0.224121 0.016449
2 0.685547 0.189697 0.0322266 0.132812 0.0158997
2 0.393066 0.182251 0.0410156 0.112061 0.0145645
2 0.777832 0.700195 0.0253906 0.0693359 0.0122452
3 0.0417328 0.87915 0.0788879 0.210449 0.00980377
1 0.170166 0.95752 0.340332 0.0810547 0.00965118
6 0.10144 0.964355 0.202881 0.0712891 0.00886536
2 0.689941 0.260742 0.0214844 0.0952148 0.00857544
1 0.0635071 0.932373 0.114197 0.121582 0.00808716
13 0.777832 0.700195 0.0253906 0.0693359 0.0072937
3 0.0388184 0.913086 0.0637207 0.173828 0.00682831
1 0.0669708 0.956787 0.110443 0.0864258 0.00665283
2 0.677734 0.108368 0.0146484 0.0427856 0.00650406
1 0.101074 0.964355 0.17627 0.0712891 0.00648117
6 0.0531921 0.947266 0.0967407 0.101562 0.00588989
1 0.0264282 0.904541 0.043457 0.190918 0.00585556
2 0.574219 0.0203247 0.0292969 0.0406494 0.00539017
3 0.0384979 0.938232 0.0592346 0.100098 0.00510406
2 0.683594 0.148224 0.0283203 0.13031 0.00504303
4 0.394287 0.1828 0.0463867 0.214478 0.00479126
6 0.0346069 0.156433 0.0412598 0.261353 0.0045433
1 0.0488739 0.945801 0.084137 0.0908203 0.00442505
1 0.0300903 0.0964355 0.0411377 0.169678 0.00439072
3 0.0307312 0.146362 0.0402222 0.250244 0.0043335
6 0.020752 0.912842 0.0400391 0.162598 0.00431061
2 0.773926 0.0176086 0.0322266 0.0352173 0.0042305
2 0.689941 0.272705 0.0166016 0.0791016 0.00415039
2 0.0302734 0.769043 0.0426025 0.416992 0.00396347
6 0.902588 0.0286865 0.179199 0.057373 0.00394821
2 0.0340576 0.918945 0.0615234 0.130859 0.00370407
6 0.928955 0.0326538 0.114746 0.0653076 0.00356293
2 0.789062 0.0182495 0.0224609 0.0355225 0.00338936
6 0.952393 0.0363007 0.0795898 0.0707092 0.00319099
2 0.397461 0.158997 0.0405273 0.153687 0.003088
6 0.155396 0.951172 0.283936 0.0976562 0.00307846
13 0.0246277 0.617676 0.0253296 0.0869141 0.00307465
2 0.039856 0.356445 0.0471191 0.668945 0.00291824
6 0.0482788 0.909668 0.0965576 0.180664 0.00290871
2 0.0273285 0.662598 0.0299377 0.172852 0.00290298
3 0.0501709 0.294067 0.0576172 0.58374 0.00285721
4 0.685547 0.19519 0.0292969 0.228271 0.00283051
1 0.981201 0.149597 0.0375977 0.251587 0.00278473
6 0.0352631 0.837891 0.0661926 0.324219 0.00277901
3 0.0321655 0.862793 0.0587158 0.274414 0.00273895
4 0.0378418 0.926758 0.0620117 0.126953 0.00269508
1 0.505371 1 0.989258 0 0.00268745
3 0.953125 0.50415 0.09375 0.991699 0.00261879
1 0.0431671 0.881348 0.07724 0.22168 0.00258636
2 0.0230865 0.581543 0.0208435 0.105469 0.0024929
2 0.785156 0.0185852 0.0429688 0.0371704 0.0024929
6 0.0302734 0.861816 0.0466309 0.231445 0.00245285
2 0.692871 0.220459 0.0214844 0.187012 0.00226212
3 0.0323486 0.106476 0.0496826 0.190857 0.00211525
2 0.399414 0.119629 0.0375977 0.0852051 0.00209999
3 0.03125 0.940186 0.045166 0.074707 0.00209236
2 0.693848 0.194702 0.0507812 0.217041 0.00209236
3 0.0443573 0.786377 0.0638733 0.427246 0.00206947
2 0.682617 0.124359 0.0400391 0.086731 0.00206566
13 0.688965 0.195923 0.0263672 0.229736 0.00201035
6 0.963379 0.327637 0.0634766 0.611328 0.00200081
13 0.03125 0.944336 0.0405273 0.0742188 0.00198364
2 0.0986328 0.947998 0.188477 0.0922852 0.00197411
13 0.0372467 0.93457 0.0607605 0.115234 0.00196075
3 0.0466309 0.929199 0.0864258 0.12793 0.00189304
2 0.389648 0.181793 0.0791016 0.228699 0.00187588
13 0.393555 0.183289 0.0527344 0.207642 0.00184727
2 0.692383 0.282227 0.0126953 0.0634766 0.00181198
13 0.0300903 0.0964355 0.0411377 0.169678 0.00179863
2 0.684082 0.186035 0.0224609 0.109375 0.0017643
2 0.0345917 0.0960693 0.0543518 0.178467 0.00174332
2 0.0256348 0.630371 0.0330811 0.102539 0.0017271
4 0.0635071 0.932373 0.114197 0.121582 0.00171947
6 0.967285 0.0353241 0.0498047 0.0597229 0.00170326
3 0.0463867 0.450928 0.0501709 0.692871 0.00168228
3 0.975342 0.21637 0.043457 0.41394 0.00160503
14 0.681152 0.112457 0.0175781 0.0568237 0.00154972
6 0.0508881 0.964844 0.0762024 0.0703125 0.00153255
2 0.0230103 0.590332 0.0321045 0.0849609 0.00149155
3 0.0528717 0.410645 0.0900574 0.821289 0.00146866
2 0.567383 0.021698 0.046875 0.0411987 0.00146389
6 0.0884399 0.918213 0.170776 0.163574 0.0014534
6 0.973389 0.046936 0.0454102 0.0800781 0.00140953
2 0.688477 0.243164 0.0273438 0.132324 0.00139427
2 0.378418 0.26001 0.0214844 0.0625 0.00136948
1 0.139587 0.949219 0.252075 0.101562 0.00134659
1 0.0267944 0.125549 0.0330811 0.186401 0.00132561
3 0.0334473 0.273315 0.043335 0.500244 0.00129318
1 0.963379 0.327637 0.0634766 0.611328 0.00126076
2 0.67627 0.107666 0.0263672 0.0490723 0.00122356
2 0.0871582 0.727539 0.0551758 0.325195 0.00119591
6 0.039856 0.356445 0.0471191 0.668945 0.00118256
6 0.977783 0.176514 0.0366211 0.296875 0.00113487
1 0.902588 0.0286865 0.179199 0.057373 0.0010767
2 0.0507965 0.944336 0.0749207 0.078125 0.00103569
6 0.923828 0.972412 0.138672 0.0532227 0.00103569
2 0.727539 0.0169067 0.0429688 0.0338135 0.00101757
2 0.803711 0.017334 0.0556641 0.0344238 0.00101089
