2 0.434082 0.27832 0.375977 0.131836 0.858398
14 0.651367 0.312012 0.0244141 0.0429688 0.706543
14 0.655762 0.316406 0.0273438 0.0390625 0.371826
6 0.955322 0.0329437 0.0737305 0.0622864 0.0436707
2 0.969727 0.203979 0.0214844 0.0588379 0.0260315
14 0.644531 0.313965 0.0214844 0.0458984 0.0187073
14 0.654785 0.314453 0.0449219 0.0507812 0.0121231
1 0.968018 0.946533 0.0444336 0.0698242 0.0120697
2 0.651367 0.3125 0.0263672 0.0419922 0.0116577
2 0.472656 0.30957 0.391602 0.179199 0.0107651
2 0.530273 0.231201 0.203125 0.0429688 0.0105438
13 0.971924 0.204834 0.0170898 0.0581055 0.00895691
2 0.0124512 0.695801 0.0181885 0.126953 0.00812531
6 0.93335 0.0299377 0.121582 0.0598755 0.00782776
6 0.971924 0.927002 0.0444336 0.103027 0.00775909
6 0.0224762 0.851074 0.0365906 0.237305 0.00727844
2 0.455078 0.275635 0.216797 0.12793 0.0069809
2 0.974365 0.20752 0.0180664 0.0546875 0.00596237
14 0.65625 0.30542 0.0234375 0.0400391 0.00578308
1 0.0740356 0.941406 0.143921 0.0644531 0.00542831
6 0.0207062 0.930176 0.0340271 0.0605469 0.00537491
1 0.970947 0.930176 0.0483398 0.0947266 0.00532532
2 0.446533 0.260742 0.39502 0.231445 0.00527191
3 0.969482 0.928711 0.0493164 0.09375 0.00524902
6 0.972412 0.898193 0.0473633 0.152832 0.00506592
6 0.0159912 0.925781 0.0229492 0.0585938 0.00493622
2 0.968994 0.182861 0.0268555 0.0961914 0.00458145
2 0.0205688 0.786621 0.0344238 0.352539 0.00449371
6 0.901367 0.0310364 0.197266 0.0620728 0.00448608
14 0.657227 0.319092 0.03125 0.0688477 0.00440979
2 0.470825 0.247864 0.341553 0.0736084 0.00436783
1 0.443359 0.275635 0.395508 0.127441 0.00431061
2 0.561035 0.220276 0.157227 0.0252686 0.0042572
6 0.0122681 0.0993652 0.0231934 0.172119 0.00421143
13 0.425781 0.276367 0.306641 0.128418 0.00413513
6 0.0111084 0.0814209 0.0179443 0.0996094 0.0041008
13 0.973877 0.147675 0.0288086 0.164612 0.00336647
2 0.011322 0.72168 0.0144043 0.123047 0.00328255
3 0.970703 0.898438 0.0527344 0.139648 0.00325394
3 0.0122681 0.0993652 0.0231934 0.172119 0.00315475
4 0.425781 0.276367 0.306641 0.128418 0.00311279
2 0.658203 0.22168 0.165039 0.0307617 0.00305748
2 0.502319 0.23761 0.284424 0.0531006 0.00294304
13 0.0111084 0.0814209 0.0179443 0.0996094 0.00287247
3 0.0358276 0.341553 0.0639648 0.683105 0.00278473
2 0.507324 0.247559 0.47168 0.0913086 0.00270462
6 0.966309 0.119812 0.0517578 0.21936 0.00269127
6 0.0195312 0.886719 0.0354004 0.15332 0.00268936
1 0.0474854 0.938232 0.0914307 0.0649414 0.0026226
1 0.654785 0.314941 0.0263672 0.0390625 0.00252151
3 0.0111084 0.0814209 0.0179443 0.0996094 0.00245857
6 0.960693 0.0637054 0.0629883 0.116241 0.00237846
1 0.496704 0.923828 0.949951 0.152344 0.0022316
3 0.962402 0.0427856 0.0615234 0.0731201 0.00221634
2 0.143188 0.987793 0.0288086 0.0244141 0.00221252
6 0.937012 0.0438232 0.102539 0.0683594 0.00216293
4 0.441895 0.280029 0.40625 0.164551 0.00214958
2 0.0719604 0.945312 0.143921 0.0566406 0.00214767
3 0.967285 0.119232 0.0556641 0.214661 0.00212288
3 0.0214844 0.849609 0.0383301 0.233398 0.00211906
2 0.551758 0.223389 0.314453 0.0332031 0.00209999
19 0.651367 0.3125 0.0253906 0.0424805 0.00200844
13 0.654785 0.314941 0.0263672 0.0390625 0.00199127
9 0.425781 0.276367 0.306641 0.128418 0.00196457
2 0.585938 0.222412 0.148438 0.0195312 0.00196075
6 0.968994 0.0285034 0.050293 0.050415 0.00191402
19 0.268066 0.463501 0.536133 0.828857 0.00190067
13 0.974609 0.215149 0.015625 0.0618896 0.00185204
2 0.657227 0.314209 0.0253906 0.0405273 0.00183582
2 0.0159912 0.925781 0.0229492 0.0585938 0.0018034
14 0.425781 0.276367 0.306641 0.128418 0.00177002
13 0.442383 0.274902 0.408203 0.163574 0.00158596
9 0.651367 0.3125 0.0253906 0.0424805 0.00154209
6 0.443604 0.276123 0.393066 0.127441 0.00153923
1 0.973389 0.930176 0.0317383 0.0742188 0.00152683
1 0.0301666 0.928711 0.0597839 0.0703125 0.00149155
2 0.0363159 0.795898 0.0469971 0.301758 0.0014782
19 0.443604 0.276123 0.393066 0.127441 0.00146866
2 0.975342 0.131439 0.0239258 0.184875 0.00146103
1 0.967285 0.904053 0.0517578 0.141113 0.00139999
2 0.0184021 0.69873 0.026062 0.111328 0.00138569
4 0.650391 0.312012 0.0253906 0.0410156 0.00138474
6 0.0110474 0.0661621 0.0153809 0.0610352 0.00135517
2 0.518188 0.262695 0.547607 0.131836 0.00135326
1 0.915527 0.940918 0.137695 0.102539 0.00134945
6 0.972412 0.950439 0.043457 0.0717773 0.00130653
2 0.970459 0.945312 0.0415039 0.0742188 0.00127983
1 0.942383 0.938232 0.0878906 0.100098 0.00126171
2 0.381958 0.291504 0.24585 0.119629 0.0012598
2 0.334839 0.294434 0.375244 0.289551 0.00124836
6 0.0132141 0.0675964 0.0245972 0.0674438 0.0012455
13 0.951416 0.0339355 0.081543 0.0579834 0.00124454
13 0.0122681 0.0993652 0.0231934 0.172119 0.00121975
16 0.651367 0.3125 0.0253906 0.0424805 0.00121021
19 0.657227 0.313721 0.0263672 0.0390625 0.00120926
5 0.443604 0.276123 0.393066 0.127441 0.00120831
14 0.442383 0.274902 0.408203 0.163574 0.0012064
14 0.650391 0.318115 0.0351562 0.0820312 0.001194
1 0.955322 0.0329437 0.0737305 0.0622864 0.001194
3 0.961426 0.0638885 0.0712891 0.110992 0.0011797
17 0.425781 0.276367 0.306641 0.128418 0.00117493
4 0.024231 0.788574 0.0393066 0.356445 0.00115776
10 0.651367 0.3125 0.0253906 0.0424805 0.0011549
3 0.940918 0.0315857 0.0947266 0.0631714 0.00114346
15 0.425781 0.276367 0.306641 0.128418 0.00114346
16 0.442383 0.274902 0.408203 0.163574 0.0011425
11 0.443604 0.276123 0.393066 0.127441 0.00112629
1 0.5 0.937988 1 0.124023 0.00112343
7 0.443604 0.276123 0.393066 0.127441 0.00112247
2 0.0241699 0.891602 0.0256348 0.136719 0.00111103
2 0.338318 0.292297 0.3927 0.150757 0.00110531
12 0.425781 0.276367 0.306641 0.128418 0.00110435
6 0.837402 0.0327148 0.311523 0.0654297 0.00110149
18 0.425781 0.276367 0.306641 0.128418 0.00110054
8 0.425781 0.276367 0.306641 0.128418 0.00110054
9 0.441895 0.280029 0.40625 0.164551 0.00109959
6 0.0146942 0.0840607 0.0293884 0.116302 0.001091
10 0.443604 0.276123 0.393066 0.127441 0.00108337
2 0.0258789 0.865479 0.0283203 0.241699 0.00107956
13 0.0110474 0.0661621 0.0153809 0.0610352 0.0010767
2 0.966309 0.122345 0.0458984 0.22406 0.0010643
8 0.441895 0.280029 0.40625 0.164551 0.00106144
14 0.665039 0.314453 0.0322266 0.0498047 0.00105762
15 0.651367 0.3125 0.0253906 0.0424805 0.00105095
6 0.96167 0.920654 0.0610352 0.143066 0.00104713
4 0.655762 0.315186 0.0273438 0.0371094 0.00104427
5 0.655273 0.31543 0.0263672 0.0395508 0.00103855
1 0.5 0.875977 1 0.248047 0.00102425
2 0.0253906 0.810059 0.0289307 0.220703 0.00101662
17 0.651367 0.3125 0.0253906 0.0424805 0.00101089
