2 0.497681 0.719238 0.230225 0.188477 0.802734
2 0.911621 0.103027 0.0185547 0.0556641 0.606934
2 0.639648 0.204895 0.0302734 0.136108 0.373779
2 0.633301 0.207642 0.0253906 0.126221 0.336182
2 0.0259857 0.672363 0.0191956 0.0771484 0.0914307
6 0.976318 0.946289 0.043457 0.078125 0.0714722
6 0.0428467 0.947998 0.05896 0.0668945 0.0681152
3 0.0333862 0.304565 0.0667725 0.599854 0.0502625
6 0.0847778 0.958008 0.149536 0.0683594 0.04422
2 0.911621 0.102051 0.0322266 0.0585938 0.0415649
3 0.0336914 0.515625 0.0600586 0.96875 0.0249481
6 0.0668793 0.952148 0.101349 0.0664062 0.0249481
3 0.969727 0.850098 0.0585938 0.241211 0.0182648
3 0.0432129 0.474976 0.0864258 0.940674 0.0180359
2 0.638672 0.21228 0.0214844 0.111084 0.0160675
2 0.0264893 0.688965 0.0198975 0.144531 0.015213
2 0.976318 0.946289 0.043457 0.078125 0.0149994
1 0.498169 0.718262 0.234131 0.202148 0.0131073
3 0.0415039 0.950684 0.0556641 0.0712891 0.0122147
4 0.497559 0.72168 0.230469 0.206055 0.0117722
3 0.0469971 0.340088 0.0645752 0.657715 0.011322
1 0.974609 0.950928 0.0449219 0.0727539 0.0107574
3 0.0410767 0.779541 0.0568848 0.429199 0.0087204
2 0.83252 0.18335 0.0400391 0.0996094 0.00821686
2 0.0264282 0.400635 0.0227051 0.215332 0.00805664
6 0.97998 0.900635 0.0400391 0.179199 0.00762558
6 0.978271 0.108521 0.0395508 0.138428 0.00761032
6 0.498169 0.718262 0.234131 0.202148 0.00759506
2 0.634277 0.219238 0.0195312 0.0913086 0.00632477
13 0.497559 0.72168 0.230469 0.206055 0.00630569
2 0.0976562 0.956787 0.174316 0.0708008 0.00628662
14 0.497559 0.72168 0.230469 0.206055 0.0058136
6 0.984375 0.935059 0.0292969 0.0927734 0.00543213
3 0.96875 0.908203 0.0546875 0.123047 0.00540161
3 0.0489044 0.819824 0.0694275 0.301758 0.00532532
3 0.0645752 0.51001 0.09375 0.97998 0.00527954
9 0.498169 0.718262 0.234131 0.202148 0.00519943
3 0.053894 0.727783 0.0725098 0.501465 0.00510025
1 0.0429077 0.950195 0.0583496 0.0664062 0.00502396
19 0.498169 0.718262 0.234131 0.202148 0.00500488
13 0.977295 0.121552 0.0336914 0.181702 0.004879
3 0.0260315 0.405762 0.052063 0.811523 0.00470734
16 0.498169 0.718262 0.234131 0.202148 0.00465012
1 0.120728 0.953369 0.218994 0.0932617 0.00463867
18 0.498169 0.718262 0.234131 0.202148 0.0045433
2 0.789551 0.200195 0.0214844 0.0581055 0.00444412
11 0.498169 0.718262 0.234131 0.202148 0.00440216
7 0.498169 0.718262 0.234131 0.202148 0.0043869
1 0.978516 0.108612 0.0351562 0.143127 0.00436783
6 0.955078 0.951904 0.0761719 0.0825195 0.00430679
8 0.498169 0.718262 0.234131 0.202148 0.00417328
10 0.498169 0.718262 0.234131 0.202148 0.00412369
2 0.0327148 0.932129 0.0344238 0.0625 0.00399399
3 0.498169 0.718262 0.234131 0.202148 0.00389099
15 0.498169 0.718262 0.234131 0.202148 0.0038166
13 0.0259857 0.672363 0.0191956 0.0771484 0.00378227
3 0.977295 0.121552 0.0336914 0.181702 0.00369644
0 0.498169 0.718262 0.234131 0.202148 0.00361443
13 0.640625 0.204041 0.0322266 0.143677 0.0036068
17 0.498169 0.718262 0.234131 0.202148 0.00358772
2 0.0219727 0.666504 0.0169678 0.0712891 0.00357628
13 0.912109 0.103363 0.0224609 0.0564575 0.00356865
2 0.764648 0.183777 0.0302734 0.0933838 0.00349998
12 0.497559 0.72168 0.230469 0.206055 0.00348854
5 0.498169 0.718262 0.234131 0.202148 0.00335693
6 0.0331573 0.925293 0.0569763 0.108398 0.00331497
2 0.521851 0.727539 0.145752 0.189453 0.00321198
13 0.9729 0.115448 0.0327148 0.134338 0.00319672
2 0.0344238 0.946777 0.0471191 0.0673828 0.0031662
2 0.635254 0.237061 0.0166016 0.074707 0.00314903
13 0.974609 0.950928 0.0449219 0.0727539 0.00307655
6 0.0426025 0.900879 0.0600586 0.198242 0.00298309
6 0.983643 0.948242 0.0327148 0.0761719 0.00296211
2 0.512207 0.70752 0.27832 0.261719 0.00294876
1 0.911621 0.102783 0.0205078 0.0585938 0.00288582
6 0.0489044 0.819824 0.0694275 0.301758 0.00287628
2 0.0276031 0.657227 0.0210876 0.0878906 0.00280571
3 0.041748 0.881836 0.0697021 0.172852 0.00267982
3 0.977783 0.108185 0.0444336 0.125916 0.00261497
13 0.0264893 0.688965 0.0198975 0.144531 0.00257492
2 0.647461 0.192871 0.0292969 0.14209 0.00253868
3 0.974609 0.950928 0.0449219 0.0727539 0.00242996
2 0.783203 0.194702 0.0322266 0.0686035 0.00232315
6 0.120728 0.953369 0.218994 0.0932617 0.00222206
3 0.966797 0.783691 0.046875 0.399414 0.00222015
3 0.0424805 0.446289 0.0611572 0.892578 0.00220871
3 0.976318 0.929443 0.0454102 0.105957 0.00215721
14 0.911621 0.102539 0.0185547 0.0559082 0.00214386
1 0.0327148 0.932129 0.0344238 0.0625 0.00206184
2 0.916016 0.107452 0.0175781 0.0643921 0.00203705
13 0.969727 0.157135 0.0292969 0.229675 0.00201988
2 0.0259705 0.669922 0.0322876 0.0722656 0.00201035
2 0.0296631 0.322693 0.0314941 0.428833 0.00181293
3 0.0847778 0.958008 0.149536 0.0683594 0.00176907
6 0.924805 0.960449 0.138672 0.0693359 0.00176525
6 0.0561523 0.942383 0.095459 0.0976562 0.00165939
2 0.939453 0.119507 0.0410156 0.105957 0.00161934
13 0.633789 0.210083 0.0234375 0.12085 0.00161648
3 0.0381622 0.0706635 0.059906 0.11673 0.00156975
13 0.0403595 0.950439 0.0579529 0.065918 0.00153446
6 0.969727 0.819824 0.0507812 0.34082 0.00152779
3 0.0311279 0.31543 0.0411377 0.578125 0.00148487
3 0.0580902 0.952148 0.0835266 0.0703125 0.00146961
6 0.0327148 0.927246 0.0423584 0.0712891 0.00144672
2 0.631836 0.191528 0.0439453 0.124268 0.00142097
3 0.978271 0.900391 0.0375977 0.185547 0.00141239
2 0.0352173 0.289795 0.0469971 0.557129 0.00140095
1 0.0847778 0.958008 0.149536 0.0683594 0.00139904
2 0.763672 0.163696 0.0214844 0.048584 0.00139427
3 0.0302429 0.116333 0.0355835 0.166504 0.00136185
2 0.933594 0.102051 0.0507812 0.0686035 0.00135231
3 0.968018 0.939697 0.0366211 0.0932617 0.00134945
19 0.615356 0.546997 0.509521 0.603271 0.00132561
2 0.0297546 0.419067 0.0355835 0.700928 0.00131512
2 0.163025 0.960449 0.311646 0.0693359 0.00131512
2 0.0288696 0.518066 0.0577393 0.963867 0.0013113
2 0.642578 0.177002 0.03125 0.11084 0.00125885
2 0.0275421 0.640625 0.0221863 0.142578 0.00123787
3 0.978027 0.819092 0.0439453 0.312988 0.00119305
13 0.0847778 0.958008 0.149536 0.0683594 0.00118828
6 0.0333405 0.072403 0.054657 0.120087 0.0011692
2 0.0488434 0.952881 0.0737 0.0668945 0.00116253
2 0.908691 0.116455 0.0244141 0.0761719 0.00112343
7 0.0415039 0.950684 0.0556641 0.0712891 0.00105858
2 0.777344 0.187805 0.0449219 0.0926514 0.00105095
2 0.0271912 0.733398 0.0281372 0.333984 0.00105
2 0.984375 0.935059 0.0292969 0.0927734 0.00103474
14 0.261963 0.3479 0.0131836 0.0161133 0.00102901
2 0.0247192 0.350342 0.0159912 0.112793 0.00102043
