2 0.1073 0.941406 0.0646973 0.0625 0.82959
14 0.744141 0.168945 0.015625 0.0200195 0.562988
14 0.745605 0.168579 0.0234375 0.0280762 0.239868
14 0.741211 0.167603 0.0185547 0.0246582 0.155396
14 0.601562 0.482544 0.0146484 0.0358887 0.0964966
2 0.803711 0.825195 0.03125 0.100586 0.0499573
2 0.102539 0.941162 0.078125 0.090332 0.0495911
1 0.108398 0.936035 0.0666504 0.0625 0.0405579
2 0.0813599 0.940186 0.0965576 0.0610352 0.0224152
2 0.119659 0.936523 0.0619507 0.0566406 0.0146179
14 0.740723 0.172363 0.015625 0.0187988 0.0143814
2 0.108398 0.927734 0.072998 0.0605469 0.0136185
14 0.751465 0.170044 0.0214844 0.0310059 0.0133362
2 0.603516 0.482544 0.0185547 0.0388184 0.0110321
2 0.530273 0.820801 0.03125 0.0800781 0.00938416
3 0.0206757 0.0819397 0.0279846 0.142273 0.00839233
14 0.744141 0.163452 0.0136719 0.0192871 0.00737762
14 0.740723 0.171387 0.0253906 0.0366211 0.00630951
2 0.974854 0.757812 0.034668 0.416016 0.00494003
3 0.968018 0.844482 0.0424805 0.256348 0.004879
14 0.743652 0.174072 0.0166016 0.0332031 0.0046196
6 0.0206757 0.0819397 0.0279846 0.142273 0.00460434
13 0.0206757 0.0819397 0.0279846 0.142273 0.00448227
14 0.745605 0.16748 0.0263672 0.052002 0.00367546
6 0.975342 0.865234 0.0375977 0.232422 0.00358391
3 0.0227661 0.0695496 0.0421143 0.114319 0.00348663
2 0.723145 0.474121 0.0136719 0.0371094 0.00326538
6 0.023941 0.0625153 0.0402527 0.104218 0.00317764
14 0.109863 0.937012 0.0700684 0.0605469 0.00305939
2 0.600098 0.480957 0.0136719 0.0302734 0.00284004
6 0.976318 0.917725 0.0415039 0.115723 0.00272751
13 0.106689 0.941162 0.0661621 0.0610352 0.00269699
2 0.743164 0.169556 0.015625 0.0192871 0.00269318
3 0.964111 0.723633 0.0424805 0.505859 0.00265312
14 0.601562 0.475464 0.0126953 0.0266113 0.00254822
2 0.745605 0.168823 0.0224609 0.0300293 0.00238609
2 0.725098 0.486328 0.0205078 0.0683594 0.00238037
19 0.743652 0.168457 0.015625 0.0197754 0.00235748
3 0.975586 0.886719 0.0449219 0.167969 0.00232887
3 0.973877 0.921387 0.0444336 0.102539 0.00226021
14 0.602539 0.482422 0.0332031 0.0380859 0.00218582
6 0.964355 0.036438 0.0458984 0.0693359 0.0020237
2 0.0595093 0.943604 0.105347 0.0639648 0.00192928
6 0.966064 0.807861 0.0444336 0.32959 0.00188541
3 0.0186157 0.0706024 0.024292 0.0992737 0.00184155
3 0.0234528 0.059967 0.0301208 0.0949097 0.00176907
19 0.390198 0.745605 0.494019 0.508789 0.00173092
4 0.743652 0.168457 0.015625 0.0197754 0.0017128
6 0.974854 0.0459595 0.0366211 0.0803223 0.00165462
14 0.745605 0.167114 0.0498047 0.0424805 0.00153446
2 0.376465 0.0549164 0.0419922 0.0793762 0.00148869
2 0.976562 0.566406 0.0136719 0.0644531 0.00147152
6 0.0186157 0.0706024 0.024292 0.0992737 0.00146198
9 0.108063 0.941162 0.0646362 0.0629883 0.00145531
2 0.802246 0.824219 0.0537109 0.0996094 0.00143433
19 0.461914 0.787842 0.473633 0.424316 0.00142288
13 0.0186157 0.0706024 0.024292 0.0992737 0.00137138
1 0.744141 0.168945 0.015625 0.0200195 0.00132275
2 0.975586 0.604004 0.0195312 0.131836 0.00131416
13 0.744141 0.169189 0.0166016 0.0209961 0.00130272
14 0.741211 0.163208 0.0273438 0.032959 0.00129223
10 0.744141 0.169189 0.0166016 0.0209961 0.00128269
4 0.107422 0.941162 0.0649414 0.0610352 0.00122452
19 0.534668 0.73999 0.446289 0.52002 0.00120449
19 0.108887 0.937012 0.0673828 0.0605469 0.00115204
6 0.975342 0.0473022 0.0258789 0.0666504 0.00113297
8 0.39856 0.732056 0.640381 0.535889 0.0011301
2 0.074585 0.95166 0.112061 0.0556641 0.00110817
5 0.744141 0.168945 0.015625 0.0200195 0.00110531
19 0.390625 0.831299 0.567383 0.337402 0.00109005
19 0.310852 0.795654 0.471069 0.408691 0.00107574
3 0.9729 0.784668 0.0424805 0.374023 0.00106907
2 0.601562 0.475464 0.0126953 0.0266113 0.00105762
6 0.97168 0.0670319 0.0371094 0.106171 0.00105286
6 0.108887 0.937012 0.0673828 0.0605469 0.00104046
3 0.976562 0.928223 0.0214844 0.0722656 0.00101662
