2 0.313477 0.22406 0.0688477 0.0362549 0.743164
14 0.256592 0.330078 0.130859 0.176758 0.511719
2 0.205383 0.257568 0.05896 0.110352 0.420654
6 0.0335236 0.945068 0.0513611 0.090332 0.396484
14 0.263916 0.355713 0.119629 0.111328 0.372803
1 0.263184 0.352539 0.12207 0.129883 0.33667
2 0.979492 0.528809 0.0332031 0.454102 0.279541
2 0.2276 0.225647 0.0467529 0.143433 0.257812
6 0.978516 0.13913 0.0429688 0.243225 0.205444
14 0.312256 0.222168 0.065918 0.0341797 0.179688
2 0.247986 0.275085 0.137817 0.242798 0.160034
2 0.205811 0.246155 0.0712891 0.152222 0.144409
1 0.25293 0.317871 0.144531 0.209473 0.127441
2 0.22168 0.224304 0.0678711 0.165649 0.119446
6 0.977539 0.958984 0.0410156 0.0644531 0.0760498
2 0.23291 0.240479 0.0996094 0.166016 0.0725708
2 0.286865 0.221741 0.0981445 0.0755615 0.0712891
2 0.0336761 0.939941 0.0422668 0.0908203 0.0682373
1 0.0366211 0.947998 0.0490723 0.090332 0.0628052
2 0.200806 0.253174 0.0554199 0.0756836 0.0541687
2 0.975586 0.39624 0.0390625 0.664551 0.0541687
1 0.979492 0.147644 0.0410156 0.245728 0.0513916
2 0.976318 0.407837 0.027832 0.235107 0.0493164
2 0.271973 0.248535 0.131348 0.176758 0.0476074
6 0.0455322 0.948242 0.0633545 0.0996094 0.0465393
6 0.0377808 0.880127 0.0540771 0.222168 0.04422
14 0.253601 0.286438 0.136353 0.283569 0.0435486
6 0.041748 0.0730896 0.0568848 0.14386 0.0379639
1 0.975586 0.95752 0.046875 0.0673828 0.0288239
1 0.205688 0.258789 0.060791 0.11377 0.0257568
2 0.263184 0.352539 0.12207 0.129883 0.0240326
2 0.980469 0.689453 0.0214844 0.204102 0.0218048
6 0.0584869 0.948242 0.103241 0.0839844 0.0216522
2 0.315186 0.211609 0.0600586 0.0714111 0.020874
2 0.97168 0.509277 0.0332031 0.460938 0.019577
2 0.314941 0.216248 0.0668945 0.109985 0.019516
13 0.0248413 0.741211 0.0187988 0.0810547 0.0169067
3 0.978516 0.13913 0.0429688 0.243225 0.0166931
6 0.084137 0.957275 0.159851 0.0854492 0.0161133
2 0.0244598 0.737305 0.0211487 0.0742188 0.0160675
6 0.980469 0.936035 0.0390625 0.106445 0.0158997
6 0.0406494 0.104706 0.0679932 0.193909 0.0156708
2 0.314941 0.227539 0.0634766 0.0668945 0.0150833
2 0.986328 0.539673 0.0273438 0.453857 0.0146103
3 0.0412598 0.0811157 0.0581055 0.149292 0.0129471
2 0.977539 0.955566 0.0429688 0.0673828 0.012413
2 0.288086 0.221436 0.0976562 0.15332 0.0121002
2 0.984375 0.647461 0.0253906 0.232422 0.0119705
6 0.976807 0.0808105 0.0424805 0.143799 0.0116653
3 0.0377808 0.880127 0.0540771 0.222168 0.0111465
3 0.03302 0.944824 0.0456543 0.0888672 0.0103073
2 0.237 0.208252 0.0372314 0.0957031 0.0100937
2 0.227051 0.263916 0.10791 0.103516 0.00989532
2 0.30127 0.230042 0.0869141 0.0496826 0.00989532
2 0.237732 0.227783 0.0450439 0.12793 0.00978851
6 0.0293579 0.915039 0.041748 0.158203 0.00976562
2 0.036377 0.834961 0.0383301 0.316406 0.00948334
6 0.979004 0.896973 0.0419922 0.19043 0.0089798
14 0.315918 0.222656 0.0610352 0.0541992 0.00896454
2 0.976807 0.654297 0.0288086 0.137695 0.00875854
3 0.0327301 0.109497 0.0397644 0.201904 0.0086441
9 0.260681 0.34375 0.119751 0.136719 0.00807953
2 0.0268402 0.90332 0.0351868 0.193359 0.00775146
6 0.0327301 0.109497 0.0397644 0.201904 0.00769424
13 0.979492 0.147644 0.0410156 0.245728 0.00759888
2 0.310059 0.239258 0.0693359 0.250977 0.00754547
13 0.256592 0.330078 0.130859 0.176758 0.00746918
2 0.979492 0.668945 0.0195312 0.117188 0.00683212
14 0.286865 0.221741 0.0981445 0.0755615 0.00681305
6 0.984131 0.954834 0.0317383 0.0649414 0.00664139
13 0.0335236 0.945068 0.0513611 0.090332 0.0066185
9 0.254883 0.314392 0.131836 0.210083 0.00652695
2 0.228516 0.197754 0.03125 0.0917969 0.00638199
2 0.0352783 0.92334 0.0554199 0.124023 0.00627899
4 0.252686 0.293762 0.133789 0.24939 0.00622177
2 0.97583 0.34668 0.0268555 0.120117 0.00614929
4 0.973877 0.37854 0.0424805 0.674561 0.00614166
3 0.976807 0.0808105 0.0424805 0.143799 0.00611877
13 0.0360107 0.171875 0.0534668 0.325195 0.00593185
2 0.96582 0.353271 0.0351562 0.10791 0.00576401
2 0.0267944 0.756348 0.0222168 0.0908203 0.00566483
6 0.960449 0.959717 0.0673828 0.0727539 0.00565338
1 0.0377808 0.880127 0.0540771 0.222168 0.00548172
13 0.263916 0.355713 0.119629 0.111328 0.00540161
14 0.318604 0.229065 0.0454102 0.0506592 0.00529861
2 0.976074 0.515991 0.0478516 0.419189 0.00505447
2 0.863281 0.02005 0.0263672 0.0401001 0.00479889
1 0.258362 0.351562 0.213745 0.177734 0.00452042
1 0.313721 0.2229 0.0649414 0.0307617 0.00448608
2 0.236877 0.214966 0.0594482 0.184326 0.00445938
2 0.980469 0.606934 0.0253906 0.249023 0.00435638
6 0.969727 0.0699463 0.0566406 0.106445 0.00429153
2 0.232178 0.224365 0.0395508 0.0922852 0.0039978
1 0.2276 0.225647 0.0467529 0.143433 0.00392151
1 0.046936 0.935791 0.0722656 0.11084 0.00392151
7 0.256592 0.330078 0.130859 0.176758 0.00390053
2 0.0444946 0.948486 0.0671387 0.0913086 0.00383949
2 0.0377808 0.880127 0.0540771 0.222168 0.00364113
3 0.0455322 0.948242 0.0633545 0.0996094 0.00345612
1 0.084137 0.957275 0.159851 0.0854492 0.00325775
8 0.254883 0.314392 0.131836 0.210083 0.00322342
1 0.271973 0.248535 0.131348 0.176758 0.00317955
6 0.117279 0.949707 0.198059 0.0986328 0.00314331
16 0.256592 0.330078 0.130859 0.176758 0.0031395
13 0.025116 0.771973 0.0206909 0.124023 0.00308037
3 0.979736 0.936279 0.0405273 0.109863 0.00307274
1 0.241699 0.306213 0.230469 0.262573 0.00302887
8 0.260681 0.34375 0.119751 0.136719 0.00302696
1 0.05867 0.949951 0.0975037 0.100098 0.00296021
1 0.949219 0.961182 0.0878906 0.065918 0.00292778
6 0.25293 0.317871 0.144531 0.209473 0.00292778
2 0.974365 0.376709 0.0375977 0.161621 0.00292397
2 0.962891 0.356812 0.0488281 0.653564 0.00290108
2 0.0262451 0.303711 0.020874 0.0654297 0.00289726
12 0.254883 0.314392 0.131836 0.210083 0.00288391
13 0.0317383 0.125244 0.0400391 0.250488 0.002882
1 0.200012 0.253418 0.0565186 0.0737305 0.00286293
1 0.0326996 0.912598 0.0439758 0.133789 0.00275993
10 0.254883 0.314392 0.131836 0.210083 0.00275421
6 0.0393066 0.918701 0.0441895 0.14502 0.00273132
2 0.244629 0.27179 0.238281 0.293335 0.00272369
1 0.307129 0.224792 0.0727539 0.0675049 0.00263977
0 0.254883 0.314392 0.131836 0.210083 0.00263977
2 0.790527 0.541016 0.0195312 0.0722656 0.00257874
13 0.977539 0.958984 0.0410156 0.0644531 0.00257874
0 0.260681 0.34375 0.119751 0.136719 0.00257301
11 0.254883 0.314392 0.131836 0.210083 0.00251007
3 0.970459 0.920166 0.0493164 0.130371 0.00250816
6 0.263184 0.352539 0.12207 0.129883 0.00249481
17 0.260681 0.34375 0.119751 0.136719 0.00247383
2 0.973633 0.244141 0.0371094 0.455078 0.00245857
2 0.97583 0.440796 0.0424805 0.325439 0.00245667
3 0.974854 0.958008 0.0483398 0.0683594 0.00243187
11 0.260681 0.34375 0.119751 0.136719 0.00241852
3 0.978271 0.896973 0.0395508 0.196289 0.00239754
18 0.254883 0.314392 0.131836 0.210083 0.00236893
14 0.0328369 0.946045 0.0523682 0.0844727 0.0023613
2 0.0280457 0.791992 0.0274048 0.288086 0.00235367
1 0.208191 0.247314 0.0797119 0.168457 0.00233269
4 0.980469 0.52832 0.0390625 0.472656 0.00232887
3 0.0396881 0.134766 0.0573425 0.26709 0.00231934
7 0.263916 0.355713 0.119629 0.111328 0.00231552
5 0.254883 0.314392 0.131836 0.210083 0.00231361
19 0.260681 0.34375 0.119751 0.136719 0.00230789
1 0.23291 0.240479 0.0996094 0.166016 0.00225258
2 0.922363 0.304932 0.0400391 0.159668 0.00224686
2 0.24115 0.21283 0.081665 0.122681 0.00224113
1 0.818848 0.772461 0.0654297 0.101562 0.00219536
12 0.260681 0.34375 0.119751 0.136719 0.00219345
2 0.920898 0.319824 0.0283203 0.125 0.00218582
5 0.260681 0.34375 0.119751 0.136719 0.00216675
13 0.0262451 0.303711 0.020874 0.0654297 0.00212097
13 0.0401459 0.0982056 0.0625305 0.196411 0.00209236
3 0.0293579 0.915039 0.041748 0.158203 0.00209236
6 0.0414886 0.916992 0.077179 0.166016 0.0020771
10 0.260681 0.34375 0.119751 0.136719 0.0020771
15 0.254883 0.314392 0.131836 0.210083 0.00203705
17 0.254883 0.314392 0.131836 0.210083 0.00201988
2 0.193115 0.269043 0.0510254 0.0991211 0.00201035
1 0.967285 0.148865 0.0498047 0.271606 0.00200462
16 0.263916 0.355713 0.119629 0.111328 0.00198936
4 0.260681 0.34375 0.119751 0.136719 0.00197411
18 0.260681 0.34375 0.119751 0.136719 0.00197411
3 0.256592 0.330078 0.130859 0.176758 0.00196075
15 0.260681 0.34375 0.119751 0.136719 0.00195217
2 0.978516 0.739258 0.0195312 0.144531 0.00195122
19 0.25293 0.317871 0.144531 0.209473 0.0019455
2 0.94873 0.33374 0.0341797 0.0952148 0.00189686
11 0.034729 0.944336 0.0544434 0.0859375 0.00186729
6 0.048584 0.0598145 0.0760498 0.105225 0.00185966
2 0.982422 0.692383 0.0195312 0.0976562 0.00185585
13 0.249512 0.277588 0.139648 0.249023 0.00182152
13 0.975342 0.0958252 0.0454102 0.19165 0.00180054
2 0.97998 0.158997 0.0400391 0.256226 0.00175858
2 0.0261841 0.788086 0.0224609 0.125977 0.00173664
4 0.0371094 0.944092 0.050415 0.0961914 0.00173664
3 0.0328979 0.828613 0.0432129 0.301758 0.00171947
1 0.286865 0.221741 0.0981445 0.0755615 0.00170803
2 0.192383 0.247131 0.0388184 0.0604248 0.00170326
2 0.974609 0.538208 0.0292969 0.329834 0.00169086
3 0.973877 0.37854 0.0424805 0.674561 0.00165081
2 0.937012 0.303711 0.0361328 0.178223 0.0016489
6 0.0564117 0.898438 0.101532 0.203125 0.0016489
2 0.980469 0.936035 0.0390625 0.106445 0.00164032
2 0.983643 0.964111 0.0307617 0.0561523 0.00161171
7 0.0366211 0.947998 0.0490723 0.090332 0.0015974
4 0.979492 0.147644 0.0410156 0.245728 0.0015974
2 0.0302734 0.859375 0.0378418 0.224609 0.00155926
19 0.373779 0.515015 0.477051 0.678955 0.00153732
2 0.677734 0.125977 0.137695 0.0217285 0.00153637
14 0.288086 0.221436 0.0976562 0.15332 0.00149727
1 0.161621 0.957275 0.323242 0.0776367 0.0014925
9 0.0366211 0.947998 0.0490723 0.090332 0.00143814
1 0.975098 0.922607 0.0498047 0.131348 0.00143147
2 0.0704651 0.95459 0.119812 0.0888672 0.00143051
16 0.034729 0.944336 0.0544434 0.0859375 0.00139523
6 0.941162 0.960938 0.100098 0.0664062 0.00139427
13 0.209839 0.245911 0.0661621 0.132202 0.00138092
2 0.0244751 0.711914 0.0220947 0.110352 0.0013752
13 0.0455322 0.948242 0.0633545 0.0996094 0.00133133
3 0.977539 0.52832 0.0390625 0.472656 0.00132656
3 0.0453949 0.0552216 0.0554504 0.098053 0.00131702
2 0.97876 0.369141 0.0229492 0.15625 0.00130653
3 0.263916 0.355713 0.119629 0.111328 0.00129604
3 0.969727 0.0699463 0.0566406 0.106445 0.00129414
2 0.971924 0.581421 0.0424805 0.647705 0.00128269
13 0.0377808 0.880127 0.0540771 0.222168 0.00127125
13 0.036377 0.834961 0.0383301 0.316406 0.00126934
13 0.2276 0.225647 0.0467529 0.143433 0.00125122
2 0.0987854 0.95874 0.18573 0.0825195 0.00124836
13 0.0987854 0.95874 0.18573 0.0825195 0.00122261
13 0.313477 0.223389 0.0644531 0.0336914 0.00117397
6 0.0317535 0.0922241 0.0282898 0.150757 0.00115204
19 0.442627 0.307861 0.413574 0.515137 0.00114441
1 0.984863 0.95459 0.0302734 0.0673828 0.00114059
2 0.855469 0.0196228 0.0351562 0.0392456 0.00113964
13 0.866699 0.050827 0.0537109 0.0860901 0.00113869
1 0.388611 0.382935 0.49231 0.642334 0.00113297
2 0.984375 0.661621 0.0214844 0.109375 0.00110149
4 0.313232 0.223145 0.0673828 0.0322266 0.00109959
3 0.0317535 0.0922241 0.0282898 0.150757 0.00108719
19 0.512817 0.257324 0.413818 0.514648 0.00106716
2 0.274414 0.294922 0.144043 0.228027 0.00106144
6 0.0328979 0.828613 0.0432129 0.301758 0.00103664
2 0.328125 0.236084 0.100098 0.17334 0.00101948
