2 0.487305 0.277771 0.204102 0.33606 0.886719
2 0.980469 0.515503 0.0292969 0.336182 0.645996
2 0.291016 0.0158386 0.0258789 0.0316772 0.187744
2 0.294189 0.012146 0.0200195 0.024292 0.111572
2 0.97168 0.514648 0.03125 0.328125 0.0942383
2 0.969727 0.383423 0.0410156 0.645264 0.0464478
2 0.976807 0.453857 0.0307617 0.275879 0.0449524
1 0.484375 0.281494 0.216797 0.344727 0.0271912
2 0.975586 0.404297 0.0273438 0.146484 0.0249939
6 0.0279694 0.11084 0.0448914 0.199463 0.0249176
2 0.979492 0.432617 0.0253906 0.163086 0.0235748
2 0.290527 0.0169067 0.0400391 0.0338135 0.0183105
2 0.980713 0.612793 0.0249023 0.135742 0.0141602
4 0.484375 0.281494 0.216797 0.344727 0.0123215
2 0.982422 0.579102 0.0214844 0.211914 0.0121994
6 0.0401611 0.94873 0.0610352 0.0751953 0.0121994
3 0.0333252 0.145264 0.0479736 0.245605 0.00998688
3 0.0413208 0.78833 0.0510254 0.403809 0.00983429
2 0.973877 0.404297 0.0307617 0.412109 0.00939941
6 0.0278778 0.919434 0.046051 0.129883 0.00921631
2 0.978516 0.405273 0.0214844 0.109375 0.00892639
1 0.978516 0.142639 0.0371094 0.214722 0.0088501
2 0.896973 0.0161438 0.0302734 0.0309448 0.00875092
3 0.0391235 0.859863 0.0640869 0.249023 0.00857544
6 0.0333252 0.145264 0.0479736 0.245605 0.0085144
2 0.49231 0.342285 0.189209 0.202637 0.00785065
6 0.484375 0.281494 0.216797 0.344727 0.00761795
1 0.0371094 0.951172 0.0563965 0.0722656 0.00746155
1 0.291016 0.0158386 0.0258789 0.0316772 0.00721359
13 0.0235748 0.899902 0.0264587 0.19043 0.00659943
2 0.0235748 0.899902 0.0264587 0.19043 0.00593185
4 0.969727 0.383423 0.0410156 0.645264 0.00572205
13 0.484375 0.282654 0.213867 0.346802 0.00568008
2 0.299805 0.0170288 0.0351562 0.0340576 0.00556946
1 0.294189 0.0124664 0.0209961 0.0249329 0.00550461
6 0.0399017 0.835938 0.0534973 0.314453 0.00546265
1 0.0845337 0.960938 0.16272 0.0664062 0.00546265
13 0.0276489 0.11264 0.0349121 0.199524 0.00539398
19 0.484375 0.281494 0.216797 0.344727 0.00507736
3 0.031723 0.824219 0.0410461 0.3125 0.00501251
2 0.29541 0.0136414 0.0361328 0.0272827 0.00485992
13 0.0256958 0.847168 0.0252686 0.125 0.00484085
2 0.0404053 0.626831 0.0457764 0.668213 0.00455475
9 0.484375 0.281494 0.216797 0.344727 0.0045166
14 0.484375 0.282654 0.213867 0.346802 0.00443268
6 0.0692444 0.955566 0.122742 0.0693359 0.00439072
11 0.484375 0.282654 0.213867 0.346802 0.00416946
18 0.484375 0.281494 0.216797 0.344727 0.00416565
3 0.0249023 0.916992 0.03479 0.166016 0.00415039
16 0.484375 0.281494 0.216797 0.344727 0.00399017
2 0.902832 0.0187378 0.046875 0.0325928 0.0037899
7 0.484375 0.281494 0.216797 0.344727 0.00370598
17 0.484375 0.281494 0.216797 0.344727 0.00369263
10 0.484375 0.281494 0.216797 0.344727 0.0036068
8 0.484375 0.281494 0.216797 0.344727 0.00355148
6 0.0271149 0.0670166 0.0490417 0.105469 0.00352859
3 0.484375 0.282654 0.213867 0.346802 0.00345993
2 0.286621 0.0126343 0.0307617 0.0252686 0.00341415
15 0.484375 0.282654 0.213867 0.346802 0.00328827
5 0.484375 0.282654 0.213867 0.346802 0.00317574
0 0.484375 0.281494 0.216797 0.344727 0.00317192
2 0.974121 0.516602 0.0517578 0.323242 0.00317001
12 0.484375 0.282654 0.213867 0.346802 0.00301933
2 0.974609 0.405029 0.0390625 0.291504 0.00296593
2 0.978516 0.663086 0.0195312 0.117188 0.00293541
2 0.0256958 0.847168 0.0252686 0.125 0.00291252
1 0.132507 0.958252 0.252563 0.0717773 0.002882
6 0.978516 0.142639 0.0371094 0.214722 0.00285721
14 0.294189 0.012146 0.0200195 0.024292 0.00267029
3 0.0279694 0.11084 0.0448914 0.199463 0.00259209
2 0.452759 0.213501 0.114014 0.184326 0.00255966
6 0.0355225 0.889404 0.0511475 0.20166 0.00255203
2 0.976562 0.558716 0.0273438 0.255615 0.00250816
3 0.0508881 0.530884 0.0730286 0.938232 0.0022831
2 0.971924 0.438721 0.0268555 0.182129 0.0021801
1 0.0519409 0.955811 0.0814209 0.0668945 0.00216866
6 0.0848389 0.967529 0.169678 0.0629883 0.00204277
3 0.0404053 0.626831 0.0457764 0.668213 0.00203323
6 0.977783 0.902588 0.0444336 0.187012 0.00199127
2 0.977539 0.37793 0.0195312 0.0756836 0.00191784
4 0.979492 0.515137 0.0292969 0.338867 0.00187969
4 0.230957 0.617065 0.0966797 0.69165 0.00187302
3 0.0366821 0.924316 0.0616455 0.114258 0.00183868
14 0.290527 0.0154724 0.0244141 0.0309448 0.00183868
6 0.0195618 0.914062 0.0299683 0.162109 0.00178623
13 0.0333252 0.145264 0.0479736 0.245605 0.00177956
19 0.685547 0.435791 0.463867 0.543457 0.00175571
4 0.0280304 0.152161 0.0374451 0.291382 0.00174618
13 0.0280151 0.822266 0.0217285 0.139648 0.00171757
1 0.0371094 0.927246 0.0609131 0.116211 0.00162601
2 0.986328 0.609375 0.0195312 0.133789 0.00161362
2 0.0284424 0.100922 0.0401611 0.186829 0.00154495
2 0.977783 0.620117 0.0307617 0.5 0.00152493
1 0.0399017 0.835938 0.0534973 0.314453 0.00152302
3 0.0401611 0.94873 0.0610352 0.0751953 0.00145721
2 0.980469 0.634277 0.0195312 0.103516 0.00138092
6 0.977539 0.942627 0.0449219 0.0932617 0.00137901
13 0.0293884 0.865234 0.0355835 0.232422 0.00135612
13 0.976562 0.505859 0.0332031 0.348633 0.00132084
2 0.0359497 0.869141 0.0432129 0.248047 0.00126648
2 0.978516 0.42749 0.0234375 0.0932617 0.00123787
1 0.295898 0.0177612 0.027832 0.0352783 0.00123024
2 0.979492 0.65332 0.0175781 0.0771484 0.00121307
2 0.472168 0.24707 0.160156 0.246094 0.00120449
2 0.0308228 0.946533 0.0412598 0.0737305 0.00117397
2 0.584961 0.605957 0.0234375 0.0664062 0.00115395
6 0.0282898 0.959229 0.0525513 0.0678711 0.00112534
3 0.979248 0.516235 0.0317383 0.340576 0.00108528
2 0.441895 0.172241 0.106445 0.0993652 0.00107956
3 0.976807 0.916504 0.0463867 0.141602 0.00107288
13 0.0239563 0.872559 0.022522 0.133789 0.00106621
