2 0.126221 0.462402 0.170166 0.0449219 0.683594
3 0.0365601 0.226074 0.0522461 0.421387 0.155518
1 0.126099 0.463623 0.161133 0.0483398 0.155273
6 0.0391235 0.219727 0.0437012 0.412109 0.153931
3 0.0322266 0.172852 0.0405273 0.318359 0.0460205
2 0.0938721 0.463745 0.101318 0.0246582 0.0370178
2 0.0343628 0.224426 0.0444336 0.416382 0.0356445
2 0.182739 0.473145 0.0681152 0.0185547 0.0336914
3 0.97168 0.266052 0.0488281 0.499146 0.0332947
2 0.108887 0.465088 0.118652 0.0356445 0.03302
6 0.0360107 0.150696 0.0457764 0.262085 0.0278015
4 0.0373688 0.224365 0.0497742 0.431641 0.0259247
1 0.0380859 0.107819 0.0378418 0.192078 0.0213623
4 0.422485 0.500854 0.150146 0.9729 0.0200043
3 0.0380249 0.0854187 0.0491943 0.170471 0.0192566
6 0.0380249 0.0854187 0.0491943 0.170471 0.0187378
13 0.0391235 0.219727 0.0437012 0.412109 0.0157471
1 0.0391235 0.219727 0.0437012 0.412109 0.0153122
6 0.148651 0.959473 0.249573 0.0810547 0.0139389
2 0.122803 0.46228 0.109375 0.0539551 0.0138779
3 0.0315552 0.111176 0.0379639 0.213684 0.0134354
6 0.0877075 0.960693 0.156372 0.0629883 0.0133743
2 0.147339 0.777832 0.0195312 0.0341797 0.0123062
2 0.134247 0.471191 0.165588 0.078125 0.0112381
6 0.0371094 0.118286 0.0358887 0.198975 0.0103683
1 0.0293884 0.101837 0.0363159 0.198181 0.0100708
2 0.133026 0.472656 0.174866 0.046875 0.00819397
6 0.0483551 0.0715027 0.0697937 0.130432 0.00806427
6 0.027832 0.111786 0.0349121 0.21051 0.00761414
2 0.12085 0.463257 0.0725098 0.0422363 0.00720215
6 0.0367889 0.914795 0.0589905 0.125488 0.00648117
6 0.115356 0.968018 0.191162 0.0561523 0.00614929
13 0.0322266 0.172852 0.0405273 0.318359 0.00582886
4 0.970703 0.263733 0.0429688 0.499878 0.0054512
6 0.0286865 0.915039 0.043457 0.167969 0.00530624
1 0.15625 0.958496 0.26123 0.0830078 0.00523376
3 0.0443115 0.718872 0.0578613 0.519287 0.00435638
3 0.0483551 0.0715027 0.0697937 0.130432 0.00434494
1 0.0244904 0.456909 0.0204773 0.124268 0.00418091
2 0.983398 0.524414 0.015625 0.108398 0.00388527
6 0.0394897 0.859863 0.0512695 0.270508 0.00379562
2 0.0371094 0.122925 0.03479 0.219482 0.0037365
3 0.972412 0.190247 0.0415039 0.352905 0.0037365
4 0.374023 0.508667 0.183105 0.927979 0.00367737
3 0.0286865 0.915039 0.043457 0.167969 0.00358963
13 0.981445 0.558105 0.0175781 0.126953 0.00351143
3 0.974365 0.845703 0.0356445 0.267578 0.00325012
6 0.970703 0.263733 0.0429688 0.499878 0.00323677
6 0.0414886 0.941895 0.0674133 0.0830078 0.00322914
4 0.333496 0.485352 0.154297 0.730469 0.00320816
2 0.147095 0.466064 0.141357 0.034668 0.00315094
2 0.981445 0.558105 0.0175781 0.126953 0.00314331
6 0.0538635 0.957764 0.0836792 0.0571289 0.00310898
2 0.0256348 0.450684 0.0241699 0.0810547 0.00297356
1 0.0360107 0.150696 0.0457764 0.262085 0.00295258
2 0.983398 0.780273 0.03125 0.433594 0.00281143
2 0.974854 0.71521 0.0385742 0.518799 0.00276947
2 0.97876 0.581055 0.0209961 0.15918 0.00271225
2 0.978271 0.554199 0.027832 0.148438 0.00269127
2 0.982422 0.621094 0.0136719 0.0791016 0.00262451
6 0.105194 0.947021 0.16217 0.0961914 0.00247002
1 0.978516 0.862061 0.03125 0.236816 0.00245667
13 0.974854 0.71521 0.0385742 0.518799 0.00237656
2 0.169189 0.472168 0.0957031 0.0263672 0.00234795
2 0.079895 0.462769 0.0684814 0.0187988 0.00232315
13 0.983398 0.536133 0.015625 0.106445 0.00231934
3 0.0367889 0.914795 0.0589905 0.125488 0.00219345
2 0.0281677 0.32251 0.0266724 0.219727 0.00218582
6 0.148804 0.981201 0.266357 0.0375977 0.0021534
2 0.02742 0.418945 0.0125427 0.0351562 0.00214195
2 0.0391693 0.306641 0.039093 0.599609 0.0020504
6 0.0443115 0.718872 0.0578613 0.519287 0.00199509
6 0.974365 0.845703 0.0356445 0.267578 0.00196075
6 0.135986 0.970459 0.239258 0.059082 0.00190449
3 0.972656 0.71228 0.046875 0.503174 0.00190258
2 0.041626 0.678345 0.0501709 0.571045 0.00189686
1 0.0263519 0.445679 0.02005 0.0861816 0.00187302
2 0.106354 0.452515 0.146667 0.0646973 0.00177956
3 0.0502167 0.225342 0.0621643 0.435547 0.0017662
1 0.130371 0.959961 0.234863 0.0625 0.00173664
6 0.20459 0.971436 0.40918 0.0571289 0.00173283
2 0.983398 0.524902 0.0136719 0.0732422 0.00169754
3 0.0391693 0.306641 0.039093 0.599609 0.00168419
1 0.970703 0.263733 0.0429688 0.499878 0.00167084
2 0.979492 0.523926 0.0253906 0.254883 0.00162888
2 0.981445 0.498413 0.0195312 0.149658 0.00161743
2 0.981445 0.643555 0.0175781 0.109375 0.00159359
1 0.0383911 0.0762939 0.050293 0.140869 0.00152111
13 0.0272675 0.419678 0.0123596 0.0356445 0.00150394
2 0.0269775 0.420654 0.0174561 0.0532227 0.00149632
6 0.045105 0.869629 0.0795898 0.209961 0.00149536
3 0.0394897 0.859863 0.0512695 0.270508 0.0014534
2 0.145508 0.466064 0.0898438 0.0415039 0.00142097
6 0.0953674 0.925049 0.158386 0.120605 0.00135136
6 0.02771 0.940186 0.0462646 0.0883789 0.00132847
1 0.0483398 0.0866089 0.0527344 0.124634 0.00128078
6 0.0305023 0.0881653 0.0349426 0.13324 0.00126362
1 0.130737 0.463379 0.0722656 0.0429688 0.00126362
6 0.110992 0.906738 0.175476 0.186523 0.00122452
1 0.20459 0.971436 0.40918 0.0571289 0.00114822
4 0.314453 0.310669 0.461914 0.501709 0.00114727
4 0.437134 0.322998 0.110107 0.628418 0.0011282
3 0.045105 0.869629 0.0795898 0.209961 0.00112152
14 0.13327 0.465576 0.166077 0.043457 0.00111961
6 0.182922 0.953613 0.309937 0.0927734 0.00111294
1 0.131622 0.94165 0.220642 0.10498 0.0010643
1 0.974365 0.822021 0.0336914 0.312988 0.00105476
13 0.125977 0.462891 0.169922 0.0439453 0.0010128
