2 0.817383 0.947266 0.116211 0.0585938 0.563965
2 0.0749512 0.437744 0.026001 0.11377 0.481689
2 0.0734863 0.505249 0.0388184 0.22583 0.218872
3 0.0457306 0.221191 0.0516052 0.408203 0.117859
1 0.813477 0.942139 0.118164 0.0571289 0.058136
3 0.0372162 0.171753 0.0454407 0.300537 0.0557861
3 0.0493774 0.317383 0.0532227 0.575195 0.0492554
3 0.954834 0.486328 0.0649414 0.972656 0.0407715
2 0.974854 0.57373 0.0249023 0.0917969 0.0360107
2 0.976807 0.947998 0.0170898 0.0610352 0.0353088
2 0.831543 0.938232 0.134766 0.0825195 0.0340576
2 0.806641 0.957031 0.0947266 0.0410156 0.0223694
2 0.0690308 0.445435 0.0255127 0.130615 0.0144196
6 0.039917 0.172791 0.0488281 0.30481 0.0125427
2 0.708008 0.0369263 0.544922 0.0446777 0.0112076
2 0.787598 0.9646 0.0625 0.0317383 0.0106888
1 0.713135 0.0344849 0.546387 0.0439453 0.00951385
13 0.0734863 0.505249 0.0388184 0.22583 0.00868988
13 0.039917 0.172791 0.0488281 0.30481 0.00827026
2 0.799316 0.940918 0.131836 0.0810547 0.00723267
2 0.866211 0.933105 0.21875 0.0947266 0.00665283
3 0.0374298 0.116119 0.0503845 0.204773 0.00623322
3 0.0341339 0.264465 0.0474548 0.474976 0.00601578
2 0.0731201 0.465942 0.0286865 0.194092 0.00572586
2 0.0492554 0.339966 0.046875 0.654053 0.00510788
1 0.0432739 0.177917 0.0537109 0.31897 0.0050354
2 0.82959 0.936523 0.105469 0.0625 0.00452805
2 0.970459 0.947266 0.0180664 0.0664062 0.00447845
3 0.972656 0.123138 0.0410156 0.205383 0.00439072
2 0.0743103 0.494141 0.0388794 0.139648 0.0042572
2 0.787598 0.957031 0.09375 0.046875 0.00385284
1 0.979492 0.0847473 0.03125 0.102966 0.00369263
1 0.97876 0.109985 0.034668 0.157471 0.00354576
6 0.976318 0.104004 0.0375977 0.139893 0.00348282
4 0.039917 0.172791 0.0488281 0.30481 0.00322723
2 0.817871 0.928223 0.120117 0.12793 0.00295448
2 0.0787354 0.424316 0.0270996 0.0908203 0.00290298
2 0.922363 0.974854 0.0273438 0.0249023 0.00284386
2 0.967041 0.937012 0.0385742 0.0947266 0.00281715
1 0.0338745 0.222656 0.0440674 0.391602 0.00271606
3 0.0543976 0.173279 0.0684509 0.29895 0.00232887
4 0.400391 0.531738 0.328125 0.751953 0.00227928
1 0.0479126 0.268555 0.0546875 0.5 0.00225258
2 0.97583 0.939697 0.0229492 0.0698242 0.00219154
2 0.8125 0.947021 0.0732422 0.0551758 0.00218964
2 0.767578 0.948242 0.222656 0.0683594 0.00218391
1 0.835449 0.038147 0.272461 0.0380859 0.00216103
6 0.0479126 0.268555 0.0546875 0.5 0.00212669
6 0.976562 0.946045 0.0195312 0.0649414 0.00211525
2 0.0878296 0.504395 0.0445557 0.222656 0.00211525
3 0.029129 0.915771 0.0550232 0.123535 0.00211143
3 0.976318 0.393555 0.0473633 0.787109 0.00204086
4 0.819336 0.945557 0.118164 0.065918 0.00201416
2 0.818848 0.965088 0.105469 0.0268555 0.00201416
6 0.972656 0.123138 0.0410156 0.205383 0.00200272
2 0.977783 0.503784 0.0366211 0.668213 0.00194263
1 0.976807 0.94751 0.0229492 0.0620117 0.00179291
3 0.0391083 0.894775 0.0677795 0.165527 0.00177002
3 0.963867 0.319336 0.0644531 0.638672 0.00175285
2 0.0432739 0.177917 0.0537109 0.31897 0.00168133
4 0.418945 0.468384 0.097168 0.910889 0.00167942
2 0.865723 0.956055 0.196289 0.0566406 0.00166512
3 0.0391235 0.838867 0.0570068 0.302734 0.00161839
13 0.0493774 0.317383 0.0532227 0.575195 0.001544
13 0.0756226 0.437378 0.0257568 0.111572 0.00152111
3 0.0449829 0.200684 0.036377 0.32959 0.00148964
2 0.973389 0.508789 0.0219727 0.207031 0.00148582
2 0.848145 0.916016 0.166016 0.121094 0.00131798
2 0.976318 0.507812 0.0239258 0.274414 0.00128937
13 0.819336 0.945557 0.118164 0.065918 0.00126648
3 0.97876 0.109985 0.034668 0.157471 0.00120544
3 0.0214844 0.939209 0.0394287 0.0844727 0.00118065
2 0.976562 0.59082 0.03125 0.138672 0.00117016
3 0.0387115 0.0898132 0.063446 0.143616 0.0011425
6 0.0334473 0.222656 0.0509033 0.406738 0.00111198
13 0.977539 0.948242 0.0175781 0.0585938 0.00110149
6 0.979492 0.0846863 0.0351562 0.097229 0.0010767
3 0.966553 0.5 0.0668945 1 0.00105476
7 0.039917 0.172791 0.0488281 0.30481 0.0010519
4 0.487793 0.512695 0.6875 0.902344 0.00105
6 0.0374298 0.116119 0.0503845 0.204773 0.00105
2 0.527832 0.39624 0.0205078 0.0258789 0.00103092
4 0.0734863 0.505249 0.0388184 0.22583 0.00101852
