2 0.460327 0.691406 0.149658 0.0791016 0.899414
2 0.442871 0.799316 0.0322266 0.136719 0.625488
2 0.439941 0.801758 0.0541992 0.130859 0.152222
6 0.0384521 0.913818 0.0581055 0.143066 0.142578
2 0.0289001 0.236816 0.0302124 0.436523 0.0631104
6 0.0415802 0.943359 0.0550232 0.0839844 0.0583496
2 0.0246887 0.329163 0.0249634 0.26062 0.0404053
6 0.0870056 0.95874 0.156555 0.074707 0.0335388
3 0.0449677 0.31958 0.0445862 0.600098 0.0301361
6 0.974609 0.927002 0.0449219 0.118652 0.0219727
6 0.97583 0.892578 0.0463867 0.199219 0.0190125
2 0.918945 0.410156 0.0166016 0.034668 0.0175781
2 0.45459 0.790527 0.0761719 0.130859 0.0175476
2 0.459473 0.694336 0.148438 0.142578 0.0168762
6 0.0406494 0.957275 0.06604 0.0620117 0.0160828
3 0.0458374 0.879639 0.0831299 0.205566 0.014267
2 0.0336914 0.119019 0.0263672 0.180176 0.0132065
2 0.510742 0.0708008 0.0302734 0.0661621 0.0128784
2 0.459106 0.687988 0.0895996 0.0800781 0.0119247
1 0.0327148 0.109955 0.0317383 0.168762 0.011879
6 0.041626 0.876709 0.052002 0.225098 0.0113449
3 0.0393066 0.914795 0.0571289 0.164551 0.0110321
2 0.0273895 0.431641 0.0167542 0.125977 0.01091
6 0.97168 0.947021 0.0527344 0.0786133 0.010849
6 0.057724 0.952637 0.0818176 0.0771484 0.0102692
2 0.514648 0.856934 0.0742188 0.0439453 0.0100784
6 0.1138 0.96582 0.193298 0.0683594 0.00933075
2 0.441895 0.789551 0.0268555 0.0927734 0.00922394
1 0.977295 0.110352 0.0336914 0.193115 0.00798798
4 0.0289001 0.236816 0.0302124 0.436523 0.00740051
3 0.971924 0.888916 0.0561523 0.181152 0.00736618
2 0.0256348 0.329041 0.0318604 0.349731 0.007061
2 0.0293579 0.903076 0.0349121 0.193848 0.00702667
2 0.0385132 0.914551 0.0583496 0.137695 0.00692368
2 0.398193 0.307373 0.0249023 0.065918 0.00690842
3 0.973877 0.927246 0.0522461 0.108398 0.00571823
6 0.0489655 0.91333 0.0739441 0.17334 0.00557709
2 0.448242 0.779297 0.0449219 0.15918 0.00540924
1 0.126373 0.957031 0.223816 0.0683594 0.004879
6 0.91333 0.958008 0.169434 0.0761719 0.00481033
1 0.0437012 0.95166 0.0583496 0.0693359 0.0044136
3 0.974609 0.865723 0.0449219 0.262695 0.00433731
13 0.0293579 0.903076 0.0349121 0.193848 0.0040741
6 0.0553284 0.917725 0.0968628 0.129395 0.0039711
1 0.0404663 0.916016 0.060791 0.136719 0.00387001
3 0.0264282 0.250488 0.0267334 0.410645 0.00372696
4 0.462891 0.688965 0.15625 0.078125 0.00368118
2 0.45459 0.755859 0.104492 0.220703 0.00358009
2 0.218994 0.0113525 0.0302734 0.0216064 0.00356293
3 0.0423584 0.949463 0.0551758 0.0756836 0.00355148
2 0.040451 0.942383 0.0636292 0.0761719 0.00349808
13 0.0418091 0.909668 0.0612793 0.157227 0.00344467
14 0.462158 0.689453 0.154785 0.0830078 0.00333786
4 0.59668 0.467407 0.556641 0.74292 0.00333405
6 0.977295 0.110352 0.0336914 0.193115 0.0032692
2 0.0270233 0.417236 0.0145569 0.081543 0.00312424
1 0.460327 0.691406 0.149658 0.0791016 0.00312042
2 0.973389 0.94165 0.0493164 0.0854492 0.0030365
6 0.0327148 0.109955 0.0317383 0.168762 0.00294876
19 0.59668 0.467407 0.556641 0.74292 0.00292778
13 0.459106 0.685547 0.138428 0.078125 0.00278854
2 0.468872 0.793457 0.126709 0.144531 0.00273514
6 0.0293579 0.903076 0.0349121 0.193848 0.00267601
2 0.0292358 0.458984 0.0186768 0.176758 0.00263977
1 0.071106 0.954834 0.122681 0.0668945 0.00257874
1 0.97168 0.947021 0.0527344 0.0786133 0.00246811
2 0.0260162 0.884766 0.0219421 0.150391 0.00241661
2 0.506836 0.0771484 0.0439453 0.0776367 0.00234795
2 0.401611 0.312988 0.0195312 0.0473633 0.00234795
6 0.982178 0.932373 0.0356445 0.104004 0.00230598
2 0.456055 0.736328 0.123047 0.139648 0.00230408
2 0.0268555 0.38916 0.0178223 0.134277 0.0022316
13 0.440186 0.803711 0.0458984 0.132812 0.0022316
8 0.59668 0.467407 0.556641 0.74292 0.00219154
2 0.847656 0.125488 0.0253906 0.0766602 0.00218391
2 0.0213013 0.320618 0.019104 0.211304 0.00217438
6 0.948242 0.946777 0.0859375 0.100586 0.00217247
2 0.540039 0.300781 0.0292969 0.0610352 0.00215912
2 0.452148 0.676758 0.135742 0.0654297 0.00212288
2 0.447021 0.80127 0.0302734 0.0947266 0.00210571
13 0.0337067 0.110107 0.0302429 0.162354 0.00209808
4 0.703125 0.82373 0.0800781 0.311523 0.00200462
2 0.0253906 0.875 0.0194092 0.0869141 0.00192451
6 0.0449829 0.85376 0.0686035 0.284668 0.00184155
2 0.385498 0.656738 0.0131836 0.0302734 0.0018158
2 0.0453491 0.339355 0.0426025 0.648438 0.00174427
6 0.960449 0.924805 0.0693359 0.128906 0.00171566
6 0.105225 0.945557 0.189209 0.10498 0.00169945
3 0.0353394 0.868164 0.0578613 0.263672 0.00169659
6 0.964355 0.889893 0.0634766 0.220215 0.00165462
1 0.0449677 0.31958 0.0445862 0.600098 0.00164223
6 0.153198 0.95752 0.250732 0.0849609 0.00163078
2 0.357178 0.0129395 0.0253906 0.0214233 0.00157261
6 0.980469 0.914062 0.0390625 0.160156 0.00156498
2 0.549316 0.296875 0.0195312 0.0532227 0.00153542
7 0.59668 0.467407 0.556641 0.74292 0.00150871
3 0.956055 0.927979 0.0703125 0.0952148 0.00148582
1 0.896484 0.955566 0.1875 0.0888672 0.00148201
12 0.59668 0.467407 0.556641 0.74292 0.00147533
13 0.0260162 0.884766 0.0219421 0.150391 0.00147533
2 0.541016 0.342041 0.0205078 0.0214844 0.00147057
2 0.0356445 0.94043 0.041748 0.0664062 0.00143242
9 0.462524 0.69043 0.157959 0.0839844 0.00143051
2 0.214905 0.0187683 0.0340576 0.0375366 0.00141525
1 0.100098 0.967529 0.166748 0.0649414 0.00140953
3 0.050293 0.931152 0.072876 0.129883 0.00138569
3 0.0346832 0.312134 0.0417175 0.574951 0.00138092
3 0.971436 0.94751 0.0532227 0.0776367 0.00135708
17 0.59668 0.467407 0.556641 0.74292 0.00133514
3 0.0480499 0.788574 0.0686951 0.405273 0.00130463
13 0.979492 0.748047 0.0136719 0.0449219 0.00128269
3 0.0870056 0.95874 0.156555 0.074707 0.00127697
1 0.440918 0.800781 0.0400391 0.132812 0.00127125
2 0.362549 0.0148621 0.0317383 0.0231323 0.00125694
6 0.975586 0.0455322 0.0332031 0.085083 0.0012455
13 0.975586 0.865479 0.0488281 0.253418 0.00123692
2 0.0362701 0.159973 0.0307312 0.294312 0.00120068
3 0.0293579 0.903076 0.0349121 0.193848 0.00120068
19 0.678223 0.621094 0.407227 0.601562 0.00119209
6 0.878418 0.955566 0.219727 0.0888672 0.00119019
15 0.59668 0.467407 0.556641 0.74292 0.00118542
18 0.59668 0.467407 0.556641 0.74292 0.00117874
2 0.0243683 0.352295 0.0231628 0.161621 0.00116253
6 0.0351562 0.94165 0.0449219 0.0620117 0.00114822
9 0.59668 0.467407 0.556641 0.74292 0.00113201
16 0.59668 0.467407 0.556641 0.74292 0.00112152
2 0.472778 0.65918 0.21167 0.137695 0.00109673
19 0.392944 0.462769 0.657471 0.765869 0.00108337
6 0.0217896 0.912598 0.0360107 0.172852 0.00107861
5 0.59668 0.467407 0.556641 0.74292 0.00107574
1 0.0484009 0.880127 0.0811768 0.222168 0.00107002
0 0.59668 0.467407 0.556641 0.74292 0.00106812
4 0.678223 0.621094 0.407227 0.601562 0.00106335
19 0.313171 0.564453 0.425415 0.651367 0.00105667
2 0.394531 0.315186 0.0224609 0.0639648 0.00104809
11 0.59668 0.467407 0.556641 0.74292 0.00104809
2 0.221008 0.0167236 0.0296631 0.0302734 0.00103855
2 0.446167 0.669922 0.156494 0.110352 0.00100231
