2 0.990234 0.663086 0.0195312 0.0761719 0.337891
2 0.987305 0.475952 0.0214844 0.19458 0.186768
13 0.0316772 0.115234 0.0297852 0.143555 0.178589
2 0.03125 0.0917053 0.0256348 0.0968628 0.136108
2 0.0737 0.72998 0.0476685 0.110352 0.107727
2 0.0317383 0.110107 0.0317383 0.137695 0.0770874
2 0.987305 0.507812 0.0195312 0.126953 0.0587158
2 0.167969 0.39624 0.027832 0.0507812 0.0539246
6 0.0332031 0.914307 0.0535889 0.144043 0.0524292
2 0.987305 0.387268 0.0253906 0.356323 0.0429688
2 0.493164 0.830566 0.328125 0.136719 0.0403748
13 0.990234 0.662598 0.0195312 0.0751953 0.0254059
13 0.03125 0.0917053 0.0256348 0.0968628 0.0253906
2 0.987305 0.660645 0.0253906 0.0771484 0.0219116
1 0.0302734 0.0915527 0.0270996 0.102783 0.0213928
3 0.038269 0.902832 0.05896 0.163086 0.017807
2 0.983398 0.783447 0.0332031 0.399902 0.0161133
6 0.979736 0.927246 0.0405273 0.116211 0.0143738
2 0.291748 0.0131226 0.0195312 0.0247192 0.0132675
1 0.817383 0.0424347 0.121094 0.0323181 0.0122681
2 0.989746 0.61377 0.0205078 0.163086 0.0119171
6 0.0300293 0.098877 0.0307617 0.114014 0.0113449
2 0.0322113 0.155273 0.0329895 0.222656 0.0113144
2 0.982422 0.484497 0.0234375 0.176514 0.0107651
3 0.0288696 0.915771 0.0430908 0.152832 0.0106354
6 0.0384521 0.937744 0.0550537 0.0952148 0.0104599
1 0.146423 0.960205 0.24231 0.0795898 0.0103302
1 0.0383911 0.905273 0.0587158 0.167969 0.0102997
3 0.952393 0.600708 0.0776367 0.798584 0.00981903
2 0.290527 0.0157776 0.0317383 0.0315552 0.00966644
2 0.0400391 0.35376 0.0229492 0.132324 0.00930786
6 0.978516 0.12912 0.0410156 0.218323 0.00914764
13 0.0322113 0.155273 0.0329895 0.222656 0.00900269
2 0.985352 0.465942 0.0292969 0.212646 0.00894165
13 0.987305 0.259277 0.0175781 0.0776367 0.0076561
6 0.146423 0.960205 0.24231 0.0795898 0.00707245
13 0.0747375 0.727051 0.0463257 0.121094 0.00674057
13 0.0317535 0.10965 0.0485535 0.141052 0.00658417
2 0.991699 0.653809 0.0166016 0.0742188 0.00652313
2 0.0800476 0.701172 0.0557251 0.169922 0.0063591
2 0.987305 0.259033 0.0175781 0.0766602 0.00632095
3 0.966553 0.304077 0.0512695 0.565674 0.00615692
1 0.0258636 0.888428 0.0293274 0.187988 0.00541306
2 0.0410767 0.121368 0.0395508 0.159607 0.0052681
1 0.976562 0.948242 0.0449219 0.0800781 0.00523758
1 0.0997314 0.961426 0.160889 0.0771484 0.00502014
6 0.0380859 0.872559 0.0500488 0.235352 0.00482559
6 0.980469 0.901123 0.0371094 0.180176 0.00481415
6 0.0881042 0.9646 0.145569 0.0571289 0.004776
1 0.0766296 0.932129 0.126038 0.114258 0.00453186
3 0.979248 0.126984 0.0375977 0.224548 0.00434113
2 0.752441 0.0438232 0.291992 0.0522461 0.00433731
6 0.972656 0.039566 0.0488281 0.0741882 0.00401306
6 0.0423584 0.906982 0.0760498 0.172363 0.00395203
2 0.982422 0.663086 0.0214844 0.0761719 0.0039444
1 0.978271 0.927002 0.043457 0.116699 0.0038166
1 0.0509033 0.883057 0.0769043 0.212402 0.00372124
6 0.0411377 0.955078 0.0582275 0.0585938 0.00371933
2 0.987305 0.537598 0.015625 0.0771484 0.00371552
2 0.0320435 0.0970459 0.0455322 0.112549 0.00366211
2 0.988281 0.532715 0.0214844 0.207031 0.00363541
13 0.0255127 0.0979004 0.0263672 0.109131 0.00357056
1 0.0330811 0.14151 0.0323486 0.184753 0.00355148
3 0.958984 0.504028 0.0820312 0.954834 0.00351906
2 0.612793 0.363281 0.015625 0.0307617 0.00304031
1 0.90332 0.0339813 0.191406 0.063385 0.00302124
1 0.0424805 0.933105 0.059082 0.100586 0.00292015
2 0.981689 0.943115 0.0366211 0.0805664 0.00278664
2 0.567383 0.833984 0.183594 0.134766 0.00261497
2 0.0255127 0.0979004 0.0263672 0.109131 0.00260925
1 0.26123 0.960449 0.522461 0.0751953 0.0024929
2 0.817383 0.0424347 0.121094 0.0323181 0.00238037
13 0.0253296 0.139557 0.0267334 0.203796 0.00229454
6 0.97998 0.0941467 0.0400391 0.132996 0.0022068
2 0.348389 0.503418 0.0175781 0.0507812 0.0021019
2 0.286865 0.0124512 0.0224609 0.0220337 0.00200653
3 0.038269 0.872559 0.0478516 0.24707 0.00196266
1 0.128876 0.940186 0.218811 0.10791 0.00190449
3 0.967041 0.759277 0.0424805 0.43457 0.0018959
13 0.0410767 0.121368 0.0395508 0.159607 0.00183678
6 0.0213623 0.913574 0.0351562 0.15918 0.00182819
6 0.0258636 0.888428 0.0293274 0.187988 0.00177956
14 0.167969 0.39624 0.027832 0.0507812 0.00174141
6 0.0478363 0.949951 0.0693665 0.0825195 0.00171185
2 0.985352 0.524414 0.0175781 0.0908203 0.00170135
2 0.0322876 0.493164 0.0180664 0.12793 0.00168419
2 0.0288696 0.915771 0.0430908 0.152832 0.00168324
6 0.0331421 0.12326 0.0317383 0.145081 0.00167084
6 0.981201 0.0377197 0.0375977 0.0633545 0.00166225
3 0.980225 0.094635 0.0356445 0.141296 0.00164223
6 0.90332 0.0339813 0.191406 0.063385 0.00164127
6 0.097168 0.907227 0.156738 0.185547 0.00163555
2 0.870605 0.0400391 0.231445 0.0452881 0.00161934
6 0.976318 0.0617065 0.0473633 0.110474 0.00160503
2 0.03125 0.136688 0.0263672 0.151917 0.00154114
13 0.0332031 0.914307 0.0535889 0.144043 0.00152779
2 0.961182 0.587769 0.0717773 0.824463 0.00150681
2 0.0334473 0.485229 0.0168457 0.0861816 0.00150585
2 0.027832 0.663086 0.0266113 0.175781 0.00148296
2 0.986328 0.509888 0.0273438 0.337646 0.00146961
2 0.985352 0.433716 0.0195312 0.175537 0.00144672
3 0.979492 0.926514 0.0390625 0.121582 0.00142574
2 0.977539 0.469238 0.0234375 0.197266 0.00139904
2 0.985352 0.603027 0.0253906 0.202148 0.0013504
2 0.987305 0.239807 0.0195312 0.0838623 0.00133991
2 0.987305 0.280029 0.015625 0.0957031 0.00133801
1 0.097168 0.907227 0.156738 0.185547 0.00130081
3 0.0384521 0.937744 0.0550537 0.0952148 0.00128651
3 0.0258636 0.888428 0.0293274 0.187988 0.00127697
13 0.0259399 0.869629 0.0236816 0.179688 0.00127697
6 0.951416 0.0332642 0.0874023 0.0616455 0.0012579
6 0.927979 0.0289917 0.132324 0.0579834 0.00123405
6 0.978271 0.951904 0.043457 0.0727539 0.00120926
3 0.964355 0.674683 0.0634766 0.650635 0.00117016
2 0.0810547 0.723145 0.076416 0.131836 0.00114727
1 0.0371246 0.945312 0.04245 0.0742188 0.00112152
13 0.0839539 0.711914 0.0610962 0.15332 0.00110245
1 0.0478668 0.954834 0.0710144 0.0629883 0.00109863
13 0.167969 0.39624 0.027832 0.0507812 0.00108433
3 0.976562 0.0451202 0.0410156 0.0818787 0.00106239
2 0.987305 0.47644 0.0175781 0.0930176 0.00106239
6 0.0686035 0.95459 0.13208 0.0673828 0.00104523
13 0.988281 0.229553 0.0175781 0.111206 0.00104332
13 0.979248 0.126984 0.0375977 0.224548 0.00102329
2 0.982422 0.423828 0.0234375 0.261719 0.00101948
1 0.780762 0.0418091 0.198242 0.03479 0.00100994
1 0.123871 0.962891 0.217102 0.0566406 0.00100899
1 0.0721588 0.950195 0.106903 0.0839844 0.00100136
