2 0.383545 0.214569 0.120605 0.24176 0.818848
1 0.0293121 0.932861 0.040741 0.0913086 0.271973
2 0.945312 0.817871 0.03125 0.117188 0.219238
6 0.0338745 0.926025 0.0615234 0.106934 0.149658
2 0.0302734 0.936035 0.0401611 0.0927734 0.104126
3 0.0523224 0.5 0.0787048 1 0.0790405
6 0.0293579 0.938232 0.0463867 0.0922852 0.0758057
6 0.978516 0.891113 0.0351562 0.202148 0.0740967
2 0.73877 0.017334 0.0214844 0.0339355 0.0717163
2 0.629395 0.873047 0.163086 0.03125 0.0650024
3 0.952148 0.393921 0.078125 0.759033 0.052063
13 0.946777 0.819824 0.0429688 0.114258 0.0517578
6 0.0274353 0.896973 0.0494995 0.182617 0.0480347
6 0.0817871 0.957275 0.158691 0.0737305 0.0440369
6 0.0494995 0.944336 0.0836182 0.0859375 0.0357056
6 0.967773 0.133942 0.0527344 0.249207 0.0344543
3 0.978516 0.891113 0.0351562 0.202148 0.0222778
3 0.0494232 0.382324 0.0705872 0.74707 0.0196686
2 0.594238 0.869629 0.106445 0.0253906 0.0158844
2 0.365234 0.210876 0.216797 0.261841 0.0154343
2 0.968506 0.833008 0.027832 0.172852 0.0150757
6 0.951416 0.0499573 0.0756836 0.0905151 0.0141678
2 0.976807 0.865234 0.0209961 0.149414 0.012207
6 0.866699 0.0375977 0.256836 0.0751953 0.01194
6 0.930908 0.0419922 0.118652 0.0839844 0.011322
3 0.0348511 0.927734 0.0548096 0.115234 0.0111847
2 0.952881 0.830078 0.0317383 0.103516 0.0103149
13 0.953125 0.830078 0.0302734 0.100586 0.0102615
1 0.0482941 0.938232 0.0762634 0.0981445 0.0101852
2 0.739258 0.0179443 0.0332031 0.0358887 0.0100784
3 0.0458221 0.279297 0.0531311 0.523438 0.00942993
3 0.967773 0.133942 0.0527344 0.249207 0.00918579
1 0.0349121 0.927734 0.0603027 0.111328 0.00905609
13 0.976807 0.865234 0.0209961 0.149414 0.00846863
3 0.966309 0.215759 0.0517578 0.418091 0.00843048
2 0.0438843 0.942139 0.057251 0.0942383 0.00795746
3 0.0412445 0.180664 0.0500793 0.316895 0.00727463
2 0.976807 0.877197 0.0307617 0.214355 0.00649643
1 0.384277 0.215576 0.129395 0.236816 0.00640488
2 0.669434 0.877441 0.259766 0.0341797 0.0063324
13 0.976807 0.877197 0.0307617 0.214355 0.00621033
3 0.027771 0.916016 0.0446777 0.164062 0.00619888
2 0.976318 0.853027 0.0161133 0.0771484 0.00603104
6 0.0393066 0.913086 0.0786133 0.166016 0.00593948
2 0.949707 0.803711 0.0263672 0.0878906 0.00575638
2 0.388184 0.213196 0.106445 0.140015 0.00567627
6 0.0180969 0.888184 0.0325317 0.196289 0.00564957
2 0.947266 0.820801 0.0527344 0.116211 0.00561142
6 0.974854 0.947998 0.0405273 0.0766602 0.00558472
13 0.976318 0.853027 0.0161133 0.0771484 0.00544739
6 0.961914 0.0712891 0.0644531 0.119385 0.00543213
1 0.738281 0.0181274 0.0234375 0.0362549 0.00536346
6 0.0340576 0.875 0.0506592 0.248047 0.00533676
3 0.0379639 0.888428 0.0650635 0.172363 0.00516891
4 0.383301 0.212341 0.12207 0.231567 0.00503922
2 0.731445 0.0177612 0.03125 0.0355225 0.00495911
6 0.122162 0.952881 0.232727 0.0942383 0.00491714
2 0.972412 0.849121 0.0200195 0.0634766 0.00473022
13 0.382812 0.211121 0.125 0.209595 0.00460052
3 0.0220947 0.890137 0.036499 0.194336 0.00455093
2 0.608887 0.874023 0.126953 0.0244141 0.0044632
13 0.0292969 0.938477 0.0389404 0.0898438 0.00437927
1 0.032959 0.898682 0.0561523 0.181152 0.00411224
1 0.0370026 0.941895 0.0456238 0.0908203 0.00408936
13 0.946777 0.810547 0.0292969 0.104492 0.00401688
3 0.0440216 0.662598 0.0555115 0.663086 0.00395966
3 0.0343628 0.495117 0.0687256 0.990234 0.00393677
2 0.0279083 0.920898 0.0528259 0.117188 0.00366402
3 0.0391235 0.835938 0.067749 0.273438 0.00362968
1 0.866699 0.0375977 0.256836 0.0751953 0.00352859
6 0.0660248 0.934326 0.121368 0.0922852 0.00344276
14 0.383301 0.212158 0.129395 0.230469 0.00326538
2 0.57959 0.870117 0.078125 0.0166016 0.00323105
3 0.964355 0.324341 0.0478516 0.538818 0.00319862
3 0.0492554 0.944336 0.0842285 0.0878906 0.00300407
9 0.383301 0.212158 0.129395 0.230469 0.002985
6 0.974854 0.116943 0.0385742 0.194092 0.00287628
1 0.0666809 0.946777 0.11322 0.0986328 0.00268173
3 0.0636902 0.501587 0.118225 0.951904 0.00264931
3 0.0293121 0.932861 0.040741 0.0913086 0.00258255
2 0.934082 0.819824 0.0439453 0.120117 0.00255394
1 0.964355 0.140442 0.0517578 0.250366 0.00252914
3 0.041687 0.770996 0.0548096 0.426758 0.00237656
2 0.960938 0.834961 0.0214844 0.101562 0.0023613
1 0.122162 0.952881 0.232727 0.0942383 0.00232506
6 0.383301 0.212158 0.129395 0.230469 0.00229073
6 0.0212097 0.92749 0.0380249 0.119629 0.00221443
2 0.0242767 0.897705 0.0400696 0.190918 0.00217819
7 0.383301 0.212158 0.129395 0.230469 0.00213623
6 0.0432281 0.956543 0.0639343 0.0751953 0.0021286
2 0.590332 0.871094 0.134766 0.0341797 0.00208855
13 0.944336 0.830078 0.0302734 0.104492 0.00205612
13 0.934082 0.819824 0.0439453 0.120117 0.00200462
2 0.608398 0.872559 0.136719 0.0449219 0.00200081
13 0.0349121 0.927734 0.0603027 0.111328 0.00196266
2 0.639648 0.883301 0.18457 0.0449219 0.00196266
3 0.0340576 0.875 0.0506592 0.248047 0.00192642
3 0.952881 0.0493927 0.074707 0.0909119 0.00189018
10 0.383301 0.212158 0.129395 0.230469 0.00182056
19 0.383301 0.212158 0.129395 0.230469 0.00182056
6 0.0821533 0.930664 0.129395 0.138672 0.00181961
16 0.383301 0.212158 0.129395 0.230469 0.00181484
1 0.977295 0.892822 0.0336914 0.190918 0.00180531
4 0.0348511 0.927734 0.0548096 0.115234 0.00179768
6 0.900146 0.0310059 0.193848 0.0526123 0.00179291
5 0.383301 0.212158 0.129395 0.230469 0.00179291
6 0.980469 0.955322 0.03125 0.0561523 0.00178337
3 0.0336304 0.266541 0.0445557 0.484497 0.0017662
1 0.0817871 0.957275 0.158691 0.0737305 0.00175381
17 0.383301 0.212158 0.129395 0.230469 0.0017252
18 0.383301 0.212158 0.129395 0.230469 0.0017252
3 0.0829163 0.949463 0.164246 0.0834961 0.00172234
2 0.957275 0.807129 0.0268555 0.121094 0.00166988
15 0.383301 0.212158 0.129395 0.230469 0.00166416
11 0.383301 0.212158 0.129395 0.230469 0.00165176
0 0.383301 0.212158 0.129395 0.230469 0.00165176
6 0.968018 0.0551605 0.0483398 0.108673 0.00164032
13 0.972412 0.849121 0.0200195 0.0634766 0.00162506
12 0.383301 0.212158 0.129395 0.230469 0.00160122
3 0.383301 0.212158 0.129395 0.230469 0.00160122
2 0.830078 0.186951 0.0488281 0.0914307 0.00159931
8 0.382812 0.211121 0.125 0.209595 0.00158596
3 0.963135 0.0656738 0.0600586 0.114746 0.00158405
14 0.0292969 0.932373 0.0407715 0.0922852 0.00157547
19 0.453491 0.522461 0.501221 0.728516 0.00157356
2 0.97168 0.861328 0.0234375 0.118164 0.00156593
1 0.976318 0.143463 0.0356445 0.236023 0.00156498
6 0.0391235 0.835938 0.067749 0.273438 0.00153446
6 0.0332794 0.172852 0.0430603 0.311523 0.00152493
6 0.950195 0.0319824 0.0683594 0.052002 0.00150394
2 0.645508 0.873047 0.103516 0.0292969 0.00149345
6 0.966309 0.215759 0.0517578 0.418091 0.00147438
2 0.370361 0.171295 0.102051 0.165222 0.00145435
6 0.937256 0.0619965 0.11377 0.110626 0.001441
2 0.648438 0.880859 0.135742 0.0273438 0.00139332
1 0.0283203 0.899658 0.0404053 0.145996 0.00133991
19 0.615234 0.463867 0.475586 0.673828 0.00133705
3 0.967529 0.907715 0.0551758 0.161133 0.0013361
2 0.0386963 0.895996 0.0604248 0.170898 0.00131989
3 0.974854 0.116943 0.0385742 0.194092 0.00131893
13 0.959961 0.842773 0.0371094 0.115234 0.00130272
3 0.973633 0.335938 0.0527344 0.671875 0.00123405
2 0.745117 0.0164185 0.03125 0.0305176 0.00122452
2 0.959961 0.842773 0.0371094 0.115234 0.00121212
6 0.952148 0.393921 0.078125 0.759033 0.00119495
1 0.839844 0.0267639 0.320312 0.0525513 0.0011673
19 0.330688 0.468262 0.46167 0.755859 0.00116348
19 0.505981 0.490356 0.329834 0.585693 0.00116253
1 0.0412445 0.180664 0.0500793 0.316895 0.00108433
2 0.748535 0.0213318 0.0419922 0.0419312 0.00105476
13 0.0274353 0.896973 0.0494995 0.182617 0.00103664
