2 0.545898 0.219177 0.208984 0.29895 0.713379
1 0.0292969 0.934326 0.0362549 0.0786133 0.311768
6 0.0252991 0.92749 0.0414429 0.105957 0.100708
6 0.0354004 0.0471649 0.0554199 0.0936584 0.0941772
1 0.0252686 0.93457 0.0389404 0.109375 0.0514832
2 0.0267639 0.836426 0.0263062 0.0712891 0.0458679
2 0.0283356 0.941895 0.0331726 0.0712891 0.0274048
2 0.150635 0.967285 0.110596 0.0205078 0.019989
1 0.0250549 0.899658 0.0387573 0.171387 0.0166016
3 0.979004 0.88208 0.0419922 0.220215 0.0138626
6 0.0605164 0.0471191 0.0933228 0.0942383 0.0137863
1 0.0375977 0.0606537 0.0532227 0.114044 0.0124512
2 0.167725 0.878418 0.052002 0.0146484 0.0113907
2 0.024826 0.682129 0.0231018 0.145508 0.0113144
2 0.0249481 0.642578 0.0218811 0.0810547 0.0105133
13 0.977539 0.878174 0.0371094 0.228027 0.0103683
1 0.542847 0.227295 0.205322 0.309082 0.00974274
3 0.0244598 0.928467 0.0392151 0.10791 0.00958252
2 0.0292358 0.847656 0.0317383 0.101562 0.00958252
2 0.136597 0.969727 0.160156 0.0234375 0.00921631
13 0.0267944 0.836426 0.0198975 0.0664062 0.00897217
4 0.542847 0.227295 0.205322 0.309082 0.00801849
2 0.0223541 0.903809 0.0368347 0.174805 0.00763321
6 0.979004 0.88208 0.0419922 0.220215 0.00627136
6 0.036499 0.936279 0.0489502 0.0805664 0.00621414
3 0.0350342 0.0477295 0.0495605 0.0939941 0.00600815
2 0.0311584 0.928955 0.0407104 0.0795898 0.00569534
1 0.0331421 0.949951 0.0477295 0.0727539 0.00526428
2 0.813477 0.82666 0.0341797 0.12207 0.00503159
6 0.0250549 0.899658 0.0387573 0.171387 0.00498581
6 0.542847 0.227295 0.205322 0.309082 0.00473404
1 0.0210571 0.941162 0.03125 0.0825195 0.00468826
6 0.0487213 0.0631104 0.0780945 0.111084 0.00453949
1 0.969482 0.937988 0.0512695 0.106445 0.00453949
6 0.0818787 0.0504608 0.147278 0.0982971 0.00452042
2 0.176758 0.966064 0.0671387 0.0170898 0.00449753
6 0.0256958 0.948242 0.0349121 0.078125 0.0043869
1 0.0339355 0.903809 0.0532227 0.137695 0.00427246
2 0.0375519 0.050293 0.0523376 0.100586 0.00418854
6 0.0407715 0.100342 0.0559082 0.200684 0.00398254
1 0.0490265 0.936523 0.0816345 0.0917969 0.00395203
13 0.0283203 0.937256 0.0373535 0.0766602 0.0039444
19 0.542847 0.227295 0.205322 0.309082 0.00365448
3 0.0495605 0.49292 0.0991211 0.959473 0.00361633
13 0.544922 0.223633 0.212891 0.3125 0.00359535
3 0.0462036 0.0529785 0.0775146 0.103027 0.00344658
2 0.0226135 0.724609 0.0247192 0.239258 0.00316811
13 0.0267334 0.84668 0.027832 0.0986328 0.00314522
13 0.979492 0.828125 0.0175781 0.078125 0.00312042
9 0.542847 0.227295 0.205322 0.309082 0.00304794
3 0.0292969 0.934326 0.0362549 0.0786133 0.00301361
11 0.542847 0.227295 0.205322 0.309082 0.0030117
2 0.0996094 0.956055 0.168945 0.0683594 0.00289726
16 0.542847 0.227295 0.205322 0.309082 0.00285339
2 0.0252686 0.93457 0.0389404 0.109375 0.00284576
18 0.542847 0.227295 0.205322 0.309082 0.00284195
14 0.542847 0.227295 0.205322 0.309082 0.00279808
8 0.542847 0.227295 0.205322 0.309082 0.00271225
6 0.966064 0.961182 0.0581055 0.0581055 0.00270844
7 0.542847 0.227295 0.205322 0.309082 0.00268173
17 0.542847 0.227295 0.205322 0.309082 0.00262833
13 0.0373535 0.0503235 0.0545654 0.0971069 0.00260544
2 0.533691 0.276123 0.179688 0.204102 0.00260162
10 0.542847 0.227295 0.205322 0.309082 0.00259972
3 0.0237579 0.89917 0.0428162 0.17041 0.00256157
2 0.0220947 0.834961 0.0164795 0.0644531 0.00255775
6 0.934326 0.0346375 0.117676 0.0692749 0.00255203
2 0.023941 0.863281 0.0241394 0.150391 0.00236511
15 0.542847 0.227295 0.205322 0.309082 0.00233269
3 0.542847 0.227295 0.205322 0.309082 0.00232315
6 0.979736 0.956543 0.0405273 0.0595703 0.00221634
0 0.542847 0.227295 0.205322 0.309082 0.00219917
1 0.945557 0.952393 0.0932617 0.0854492 0.0021801
5 0.542847 0.227295 0.205322 0.309082 0.00214767
1 0.0664368 0.052002 0.116638 0.0986328 0.00207138
2 0.0252686 0.662109 0.0198975 0.0800781 0.00205231
2 0.0249023 0.807617 0.0229492 0.125 0.0020237
6 0.966064 0.945801 0.0522461 0.0986328 0.00199699
12 0.542847 0.227295 0.205322 0.309082 0.00198174
2 0.067337 0.951416 0.108246 0.0756836 0.00190639
6 0.916016 0.025116 0.162109 0.0502319 0.00186062
2 0.0274353 0.618164 0.0227661 0.0947266 0.00179386
2 0.0219421 0.757324 0.0193481 0.104492 0.00172901
1 0.034668 0.0406342 0.0457764 0.0757141 0.00169849
3 0.966309 0.961182 0.0576172 0.0620117 0.0016861
6 0.95166 0.0363159 0.0712891 0.0726318 0.00167942
2 0.0210571 0.567383 0.0184326 0.0683594 0.00163746
3 0.0407715 0.100342 0.0559082 0.200684 0.00161839
1 0.074585 0.945801 0.131348 0.0869141 0.00161076
2 0.97168 0.950928 0.0410156 0.0825195 0.00155544
3 0.0447845 0.331665 0.0508118 0.621826 0.00154018
2 0.0195923 0.695312 0.0209961 0.164062 0.00150871
2 0.162842 0.87793 0.0585938 0.0214844 0.0014658
2 0.0337982 0.814453 0.0300598 0.104492 0.00145912
13 0.0244141 0.918701 0.0393066 0.14502 0.00143337
2 0.122162 0.941895 0.197571 0.0947266 0.00139332
4 0.974609 0.884521 0.0429688 0.213379 0.00137043
13 0.0220947 0.834961 0.0164795 0.0644531 0.0013504
6 0.946045 0.95752 0.0844727 0.0830078 0.00127888
2 0.0476074 0.349609 0.0499268 0.669922 0.00127602
2 0.115479 0.967773 0.185791 0.0351562 0.00119209
6 0.0336914 0.0627747 0.041748 0.107361 0.00117493
2 0.180176 0.879395 0.0759277 0.0205078 0.00114059
1 0.0936279 0.0444336 0.178467 0.0888672 0.00112057
6 0.038681 0.0344238 0.0542297 0.0596924 0.00111103
6 0.928467 0.966797 0.127441 0.0625 0.00109291
2 0.503418 0.230225 0.148438 0.275391 0.00108147
3 0.0326538 0.943359 0.0567627 0.101562 0.00107479
3 0.0339355 0.903809 0.0532227 0.137695 0.00106525
2 0.0439606 0.944092 0.0583191 0.0786133 0.00106525
2 0.0490265 0.936523 0.0816345 0.0917969 0.00105381
2 0.0289764 0.885254 0.0399475 0.200195 0.0010376
1 0.0488281 0.0398102 0.06604 0.0751648 0.00102234
