2 0.750488 0.521973 0.211914 0.301758 0.502441
2 0.810059 0.444092 0.115234 0.38916 0.459961
2 0.810059 0.376465 0.108398 0.228516 0.25293
2 0.757324 0.426514 0.204102 0.509277 0.227783
6 0.976562 0.949951 0.046875 0.0786133 0.208862
2 0.791016 0.392578 0.132812 0.620117 0.10907
1 0.974854 0.952393 0.0483398 0.0776367 0.0913086
2 0.0289154 0.952393 0.0342102 0.0600586 0.0893555
6 0.0297394 0.953613 0.0440369 0.0595703 0.0775146
2 0.693359 0.448486 0.0917969 0.0776367 0.0675659
3 0.0566254 0.480957 0.0915833 0.950195 0.0381775
2 0.976562 0.949951 0.046875 0.0786133 0.03479
2 0.793945 0.34021 0.0908203 0.573486 0.0322876
2 0.733887 0.509277 0.177734 0.203125 0.0307465
13 0.741211 0.517944 0.193359 0.242432 0.0289154
6 0.956787 0.955078 0.0766602 0.0839844 0.0281067
3 0.0356445 0.351074 0.0617676 0.702148 0.0243835
2 0.107422 0.830078 0.0371094 0.132812 0.0236511
6 0.0366211 0.0993958 0.0466309 0.184509 0.0231476
2 0.0356445 0.0964661 0.045166 0.16156 0.0216522
1 0.03125 0.951904 0.0377197 0.0571289 0.020401
6 0.0317383 0.883057 0.0452881 0.192871 0.0178375
2 0.718262 0.447632 0.137695 0.137939 0.0160217
1 0.0314941 0.0987549 0.0334473 0.151611 0.013855
6 0.979492 0.148438 0.0390625 0.221191 0.0129166
2 0.11499 0.854004 0.0202637 0.0585938 0.0115814
6 0.0286102 0.932373 0.0394592 0.0961914 0.0112076
2 0.0286102 0.932373 0.0394592 0.0961914 0.0101089
2 0.789551 0.278809 0.0498047 0.175293 0.00994873
6 0.91748 0.959717 0.15332 0.0805664 0.00880432
3 0.976807 0.169006 0.0405273 0.270386 0.0087738
2 0.769531 0.502441 0.148438 0.425781 0.00841522
3 0.0317383 0.870361 0.0439453 0.228027 0.00836182
3 0.971436 0.925537 0.0532227 0.11377 0.00759506
4 0.802246 0.401001 0.114258 0.576904 0.00753784
2 0.788086 0.262207 0.0302734 0.13623 0.00643158
6 0.0608978 0.957275 0.106232 0.0620117 0.00630188
3 0.974609 0.954346 0.0488281 0.0776367 0.00569153
2 0.0301819 0.111603 0.027771 0.165466 0.00568008
2 0.11438 0.830078 0.0285645 0.117188 0.00565338
3 0.0327148 0.942871 0.0473633 0.0732422 0.00543976
2 0.713379 0.45459 0.140625 0.236328 0.00527954
2 0.0459595 0.956299 0.0722656 0.065918 0.00522232
2 0.736816 0.494141 0.293945 0.368164 0.00513458
6 0.0349121 0.144775 0.0426025 0.223145 0.00504303
3 0.0349121 0.144775 0.0426025 0.223145 0.0050087
2 0.817383 0.446533 0.224609 0.434082 0.00489807
13 0.808594 0.444092 0.119141 0.39209 0.00487137
6 0.0419922 0.956787 0.0610352 0.074707 0.00470734
2 0.816406 0.337891 0.0859375 0.212402 0.00442123
1 0.812012 0.397949 0.112305 0.271484 0.00439453
1 0.0317383 0.870361 0.0439453 0.228027 0.0043869
2 0.836914 0.426758 0.144531 0.558594 0.00431824
13 0.693359 0.448853 0.0986328 0.0866699 0.00431061
13 0.974854 0.952393 0.0483398 0.0776367 0.00421143
2 0.0316772 0.163696 0.0366211 0.280518 0.00418091
19 0.460693 0.486816 0.668457 0.853516 0.00407028
3 0.0414429 0.279785 0.050415 0.522461 0.00397873
4 0.460693 0.486816 0.668457 0.853516 0.00393677
6 0.036438 0.941406 0.0473633 0.0800781 0.00393295
1 0.751953 0.46167 0.210938 0.45459 0.00383949
2 0.800781 0.334595 0.0791016 0.272217 0.00380516
2 0.811523 0.333862 0.103516 0.443604 0.00365067
6 0.0453644 0.0875854 0.0664978 0.148071 0.00349998
2 0.768066 0.390869 0.238281 0.302246 0.00337791
13 0.03125 0.951904 0.0377197 0.0571289 0.00327873
3 0.0360107 0.0881958 0.0478516 0.148804 0.00322533
1 0.793945 0.444214 0.130859 0.468994 0.00309181
1 0.693359 0.448486 0.0917969 0.0776367 0.00288773
4 0.750488 0.521973 0.211914 0.301758 0.00282097
2 0.036438 0.941406 0.0473633 0.0800781 0.00279236
2 0.682617 0.438477 0.0673828 0.0673828 0.00278473
3 0.956787 0.955078 0.0766602 0.0839844 0.00257492
1 0.0351562 0.93335 0.0509033 0.0844727 0.00253868
1 0.0361328 0.161926 0.0397949 0.253296 0.00253677
8 0.460693 0.486816 0.668457 0.853516 0.0024929
1 0.949707 0.957764 0.0908203 0.074707 0.00245094
1 0.0366211 0.0993958 0.0466309 0.184509 0.00236702
3 0.970459 0.259644 0.0532227 0.506104 0.00234413
1 0.976807 0.169006 0.0405273 0.270386 0.00227737
13 0.0314941 0.0987549 0.0334473 0.151611 0.00221825
1 0.745605 0.535156 0.201172 0.267578 0.00218964
6 0.98584 0.938477 0.0283203 0.0957031 0.00218391
6 0.0401611 0.915527 0.0540771 0.168945 0.00216866
2 0.11438 0.839844 0.0227051 0.0800781 0.00206947
2 0.785156 0.300293 0.0478516 0.268555 0.00206375
2 0.0837402 0.813477 0.0383301 0.160156 0.00204468
6 0.036438 0.847168 0.0429688 0.295898 0.00196457
13 0.0310059 0.125732 0.0253906 0.164551 0.00195503
13 0.810547 0.383545 0.109375 0.243652 0.00190258
2 0.706543 0.59375 0.0380859 0.0966797 0.00188828
2 0.0427856 0.364014 0.0554199 0.67041 0.00182629
2 0.0214691 0.94751 0.0283508 0.0541992 0.00181198
7 0.460693 0.486816 0.668457 0.853516 0.00180149
2 0.750977 0.453735 0.188477 0.280029 0.00178051
2 0.0541992 0.477905 0.0925293 0.940674 0.00177574
4 0.757812 0.447266 0.205078 0.487305 0.00177479
3 0.0351562 0.5 0.0703125 1 0.00176811
4 0.812012 0.397949 0.112305 0.271484 0.00176239
3 0.0284729 0.790039 0.0405884 0.419922 0.00172901
9 0.750488 0.521973 0.211914 0.301758 0.00170803
12 0.460693 0.486816 0.668457 0.853516 0.00170708
2 0.832031 0.307861 0.0703125 0.115723 0.0016737
1 0.0459595 0.956299 0.0722656 0.065918 0.00167179
1 0.0310059 0.125732 0.0253906 0.164551 0.00165367
3 0.0407104 0.911865 0.0476074 0.17627 0.00156307
6 0.812012 0.397949 0.112305 0.271484 0.00155067
2 0.0366364 0.79541 0.0402527 0.399414 0.00154686
6 0.745605 0.535156 0.201172 0.267578 0.00152588
13 0.0316772 0.163696 0.0366211 0.280518 0.00152302
3 0.0274658 0.925293 0.0424805 0.100586 0.00148964
4 0.501465 0.626953 0.445312 0.65625 0.0014677
17 0.460693 0.486816 0.668457 0.853516 0.00145054
2 0.713379 0.425903 0.15918 0.456787 0.00143433
2 0.0369873 0.905762 0.0534668 0.166992 0.00142479
16 0.460693 0.486816 0.668457 0.853516 0.00142193
6 0.979736 0.918945 0.0405273 0.160156 0.00141716
2 0.700195 0.529297 0.0947266 0.306641 0.00141335
14 0.976562 0.949951 0.046875 0.0786133 0.00139332
3 0.975586 0.938477 0.0371094 0.0996094 0.00138855
2 0.0378418 0.229492 0.022583 0.35498 0.00137234
2 0.0532074 0.868652 0.0596008 0.199219 0.00136566
18 0.460693 0.486816 0.668457 0.853516 0.00136089
9 0.812012 0.397949 0.112305 0.271484 0.00133705
3 0.0259399 0.885254 0.0270996 0.18457 0.00132465
9 0.460693 0.486816 0.668457 0.853516 0.00130272
15 0.460693 0.486816 0.668457 0.853516 0.00129318
19 0.750488 0.521973 0.211914 0.301758 0.0012598
2 0.69873 0.509644 0.100586 0.188721 0.00125122
2 0.695801 0.469727 0.0878906 0.126953 0.00123882
6 0.0814209 0.964355 0.150146 0.0556641 0.00123501
3 0.979736 0.918945 0.0405273 0.160156 0.00123405
11 0.460693 0.486816 0.668457 0.853516 0.00122356
2 0.758789 0.570801 0.166992 0.149414 0.00122166
13 0.980469 0.144958 0.0371094 0.23938 0.0012207
5 0.460693 0.486816 0.668457 0.853516 0.00121307
7 0.750488 0.521973 0.211914 0.301758 0.00118923
14 0.750488 0.521973 0.211914 0.301758 0.00118923
1 0.718262 0.447632 0.137695 0.137939 0.00118732
6 0.980225 0.112671 0.0297852 0.166748 0.00118446
19 0.389526 0.64978 0.517822 0.655518 0.00118256
3 0.808594 0.444092 0.119141 0.39209 0.00117397
1 0.88916 0.963135 0.19043 0.0698242 0.00116825
0 0.460693 0.486816 0.668457 0.853516 0.00116539
8 0.745605 0.535156 0.201172 0.267578 0.00114441
1 0.983398 0.950195 0.0332031 0.0820312 0.00112343
2 0.776367 0.271057 0.0537109 0.154175 0.00111675
2 0.0662079 0.959961 0.110504 0.0644531 0.00110912
6 0.460693 0.486816 0.668457 0.853516 0.00109577
3 0.0449829 0.104004 0.060791 0.208008 0.00109005
3 0.0422974 0.958008 0.0600586 0.0722656 0.00108528
2 0.781738 0.296143 0.0488281 0.592285 0.00105381
9 0.796387 0.459961 0.144531 0.416016 0.00103664
2 0.704102 0.430176 0.125977 0.0947266 0.00102711
1 0.907959 0.948975 0.166504 0.100098 0.00102615
2 0.0371246 0.86499 0.0409851 0.211426 0.0010128
6 0.972656 0.202271 0.0449219 0.361572 0.00101089
11 0.750488 0.521973 0.211914 0.301758 0.00100517
10 0.750488 0.521973 0.211914 0.301758 0.00100136
