2 0.162109 0.931152 0.283203 0.106445 0.850586
3 0.0478363 0.428711 0.0649719 0.857422 0.086792
2 0.170624 0.929199 0.17926 0.0986328 0.0562439
2 0.261902 0.936768 0.455688 0.114746 0.0260773
2 0.739258 0.966797 0.0322266 0.0371094 0.0241089
3 0.96875 0.215576 0.0429688 0.396484 0.0193939
3 0.971191 0.886963 0.0576172 0.175293 0.0119705
3 0.0431519 0.345581 0.0510254 0.664307 0.0110779
2 0.515137 0.230957 0.0234375 0.0703125 0.0104523
2 0.513672 0.231873 0.0175781 0.0557861 0.00989532
2 0.973633 0.957031 0.0292969 0.0605469 0.00988007
2 0.16748 0.926025 0.288086 0.147949 0.00875854
2 0.34729 0.95459 0.321045 0.0908203 0.00774765
3 0.0616608 0.51001 0.0900574 0.97998 0.00742722
3 0.0341797 0.383057 0.0600586 0.766113 0.00728607
2 0.17218 0.927734 0.109253 0.09375 0.0067749
3 0.96875 0.715088 0.0527344 0.507324 0.00637436
3 0.972656 0.140472 0.0410156 0.201965 0.00558853
1 0.166748 0.932861 0.268555 0.0991211 0.00549698
3 0.0262146 0.916504 0.0453491 0.139648 0.00541687
2 0.897461 0.367676 0.0488281 0.101562 0.00494766
3 0.96875 0.299805 0.0507812 0.599609 0.0047226
1 0.975342 0.954346 0.0415039 0.0717773 0.0045929
6 0.984375 0.11377 0.0292969 0.128906 0.00416946
1 0.737793 0.0444946 0.514648 0.0477295 0.00403214
6 0.979248 0.943115 0.0395508 0.0825195 0.00400162
3 0.984375 0.11377 0.0292969 0.128906 0.00359154
3 0.980225 0.271423 0.0395508 0.49231 0.00347137
13 0.168213 0.933594 0.26416 0.0996094 0.00346756
2 0.305664 0.253906 0.0375977 0.126465 0.00346184
2 0.696289 0.151855 0.0166016 0.0402832 0.00341797
3 0.0262604 0.0968933 0.039032 0.153381 0.00329018
13 0.0302887 0.12381 0.0219421 0.177673 0.0031395
19 0.485718 0.635986 0.698486 0.728027 0.00303459
3 0.0301514 0.170288 0.0310059 0.304932 0.00300789
2 0.154236 0.953857 0.276489 0.0922852 0.00297546
1 0.34729 0.95459 0.321045 0.0908203 0.00286674
2 0.746582 0.9646 0.0302734 0.0415039 0.0027504
3 0.964111 0.503418 0.0581055 0.981445 0.00270271
2 0.977539 0.777344 0.03125 0.435547 0.00257874
3 0.979248 0.143646 0.0336914 0.247864 0.00257111
4 0.420044 0.629517 0.634521 0.740967 0.00250816
1 0.0270691 0.100342 0.0289917 0.161133 0.00249863
2 0.027832 0.131714 0.0213623 0.11499 0.00246239
4 0.161621 0.933838 0.273926 0.11084 0.00235558
3 0.0245361 0.936035 0.0457764 0.0888672 0.00231552
2 0.36084 0.467285 0.0166016 0.0361328 0.00230408
8 0.485718 0.635986 0.698486 0.728027 0.00227165
3 0.978516 0.924805 0.0429688 0.113281 0.00218773
2 0.975342 0.954346 0.0415039 0.0717773 0.00217438
2 0.0449371 0.365356 0.0544128 0.68335 0.00212288
2 0.365967 0.594727 0.0512695 0.129883 0.0020771
6 0.0262604 0.0968933 0.039032 0.153381 0.00188351
3 0.030014 0.380737 0.0447083 0.658447 0.001791
2 0.0260773 0.104126 0.0279236 0.155029 0.00176144
2 0.376953 0.931396 0.753906 0.137207 0.00170994
3 0.981201 0.095459 0.0375977 0.0996094 0.00167179
2 0.969727 0.716064 0.046875 0.528809 0.00163937
2 0.169586 0.910156 0.229675 0.0966797 0.00161457
13 0.98584 0.128387 0.0283203 0.160217 0.00161171
6 0.979736 0.95459 0.0307617 0.0673828 0.00160503
9 0.168213 0.933594 0.26416 0.0996094 0.00149727
3 0.0458374 0.492065 0.0539551 0.617432 0.00148964
1 0.295166 0.94043 0.490723 0.119141 0.00145245
13 0.979492 0.10733 0.0292969 0.107117 0.00143242
7 0.485718 0.635986 0.698486 0.728027 0.00138664
2 0.974854 0.601562 0.0209961 0.164062 0.00137043
13 0.0260773 0.104126 0.0279236 0.155029 0.00135422
3 0.980225 0.114777 0.027832 0.174255 0.00135231
3 0.0390625 0.225098 0.039917 0.385254 0.00132656
3 0.981445 0.89624 0.0371094 0.186035 0.00132561
2 0.969727 0.278809 0.0410156 0.540039 0.00129223
3 0.981689 0.950439 0.0307617 0.0717773 0.00128841
2 0.914062 0.366943 0.0498047 0.206543 0.00127983
12 0.420044 0.629517 0.634521 0.740967 0.00127697
14 0.168213 0.933594 0.26416 0.0996094 0.00126076
19 0.320679 0.751221 0.432861 0.497559 0.00124645
2 0.321045 0.960693 0.216309 0.0532227 0.00123978
3 0.0346069 0.148865 0.0386963 0.20813 0.00122452
2 0.891602 0.348877 0.0527344 0.0952148 0.00122261
3 0.0249176 0.858887 0.0414734 0.260742 0.00120163
2 0.911621 0.366943 0.0419922 0.123047 0.00119972
1 0.0272675 0.128082 0.0223694 0.110535 0.00115967
19 0.394531 0.772461 0.632812 0.455078 0.00112057
17 0.420044 0.629517 0.634521 0.740967 0.0011158
1 0.973633 0.957031 0.0292969 0.0605469 0.00110531
6 0.168213 0.933594 0.26416 0.0996094 0.00110435
16 0.485718 0.635986 0.698486 0.728027 0.00110149
6 0.979248 0.137573 0.0336914 0.188721 0.00108147
3 0.0327911 0.546997 0.0655212 0.906006 0.00105762
2 0.957031 0.958496 0.0644531 0.0673828 0.00105286
15 0.485718 0.635986 0.698486 0.728027 0.00105095
9 0.485718 0.635986 0.698486 0.728027 0.00104523
14 0.45166 0.329346 0.0107422 0.0161133 0.00104237
2 0.135498 0.956055 0.245117 0.0722656 0.00104141
2 0.407593 0.895508 0.764893 0.208984 0.00103569
19 0.168213 0.933594 0.26416 0.0996094 0.00102615
6 0.97876 0.176208 0.0366211 0.299927 0.00102615
14 0.868652 0.393311 0.0146484 0.0214844 0.00100803
